   0.0000000e+00   1.6684357e+04   7.3941400e+01   7.3841000e+01   3.2034850e+02   3.1963960e+02   0.0000000e+00   0.0000000e+00   0.0000000e+00   0.0000000e+00   2.0019829e+05   3.0505782e+01   8.6407310e+00   8.7705765e+00   1.7240510e+01   1.5433818e+01   0.0000000e+00   0.0000000e+00   0.0000000e+00   0.0000000e+00   2.4950282e+01   0.0000000e+00
   8.3333330e-02   1.6277060e+04   7.1819400e+01   7.2089400e+01   3.1639280e+02   3.1827760e+02   5.5310600e+01   5.4254600e+01   1.7265310e+02   9.7937600e+01   2.0052787e+05   6.0377730e+01   9.1986871e+00   9.2700054e+00   2.2983001e+01   2.0781495e+01   7.3551708e+00   7.4362160e+00   1.3600451e+01   1.0073900e+01   4.1515044e+01   0.0000000e+00
   1.6666666e-01   1.5839575e+04   6.7722900e+01   6.8171000e+01   3.0348020e+02   3.0995690e+02   6.0543300e+01   6.0204900e+01   2.4262290e+02   2.0722310e+02   2.0085673e+05   9.6480808e+01   9.2666878e+00   9.2527358e+00   2.5851596e+01   2.4871210e+01   7.8451055e+00   7.8645853e+00   1.5980808e+01   1.5127684e+01   5.3451714e+01   0.0000000e+00
   2.4999999e-01   1.5423322e+04   6.1920800e+01   6.2631000e+01   2.8317550e+02   2.9333310e+02   6.2335900e+01   6.2283400e+01   2.6423450e+02   2.5116170e+02   2.0118722e+05   1.3052217e+02   9.1577898e+00   8.9051541e+00   2.6618808e+01   2.6749263e+01   7.9077889e+00   7.9992302e+00   1.6930362e+01   1.6716390e+01   6.1050062e+01   0.0000000e+00
   3.3333332e-01   1.5056475e+04   5.5342500e+01   5.6090300e+01   2.5718030e+02   2.6990120e+02   6.2720500e+01   6.2813100e+01   2.6985850e+02   2.6605000e+02   2.0151775e+05   1.6508411e+02   8.7590448e+00   8.6803503e+00   2.7085032e+01   2.7313653e+01   7.9321039e+00   7.9106906e+00   1.7076189e+01   1.7266566e+01   6.8800508e+01   0.0000000e+00
   4.1666665e-01   1.4750100e+04   4.8303600e+01   4.9228100e+01   2.2784760e+02   2.4238030e+02   6.2605100e+01   6.2645800e+01   2.7135400e+02   2.7020610e+02   2.0184853e+05   1.9192444e+02   8.1317796e+00   8.1488227e+00   2.5275796e+01   2.6190389e+01   7.9909411e+00   7.8644725e+00   1.7144407e+01   1.7612502e+01   7.6898317e+01   0.0000000e+00
   4.9999998e-01   1.4506622e+04   4.1530300e+01   4.2300900e+01   1.9811630e+02   2.1264990e+02   6.2525300e+01   6.2529800e+01   2.7094200e+02   2.7059900e+02   2.0218005e+05   2.1773072e+02   7.5628170e+00   7.8202094e+00   2.4229632e+01   2.5123735e+01   7.9048978e+00   7.8984904e+00   1.7137812e+01   1.7337885e+01   8.3737494e+01   0.0000000e+00
   5.8333331e-01   1.4322004e+04   3.5250300e+01   3.6046800e+01   1.6946210e+02   1.8361150e+02   6.2378600e+01   6.2171100e+01   2.7079140e+02   2.7006680e+02   2.0251240e+05   2.3732904e+02   6.8721592e+00   7.0243394e+00   2.2236191e+01   2.3395707e+01   7.8294439e+00   7.8600638e+00   1.7273197e+01   1.7400161e+01   9.0179123e+01   0.0000000e+00
   6.6666664e-01   1.4190457e+04   2.9699600e+01   3.0295300e+01   1.4378780e+02   1.5629540e+02   6.2339000e+01   6.2177200e+01   2.6983360e+02   2.6957910e+02   2.0284496e+05   2.4925225e+02   6.4084059e+00   6.5382087e+00   2.0355707e+01   2.1382939e+01   7.8891003e+00   7.9728638e+00   1.7127984e+01   1.6916245e+01   9.4026676e+01   0.0000000e+00
   7.4999997e-01   1.4105623e+04   2.4876100e+01   2.5375800e+01   1.2042060e+02   1.3178570e+02   6.2215000e+01   6.2202400e+01   2.6957970e+02   2.6961300e+02   2.0317871e+05   2.6167867e+02   5.9887841e+00   5.9735536e+00   1.8496943e+01   1.9835708e+01   7.9034943e+00   7.9336580e+00   1.7253632e+01   1.7540542e+01   1.0211827e+02   0.0000000e+00
   8.3333330e-01   1.4060057e+04   2.0666000e+01   2.1182100e+01   1.0047190e+02   1.1053550e+02   6.2232000e+01   6.2217500e+01   2.6957170e+02   2.6925790e+02   2.0351286e+05   2.7489591e+02   5.3698722e+00   5.4102742e+00   1.6985484e+01   1.7809173e+01   7.8091917e+00   7.9882648e+00   1.6783004e+01   1.7428877e+01   1.0655028e+02   0.0000000e+00
   9.1666663e-01   1.4047853e+04   1.7114700e+01   1.7471800e+01   8.3614500e+01   9.1919800e+01   6.2267200e+01   6.2201400e+01   2.6963580e+02   2.6912890e+02   2.0384739e+05   2.7691562e+02   4.9523122e+00   4.9588168e+00   1.6086347e+01   1.6748523e+01   7.8365902e+00   7.8883116e+00   1.7379205e+01   1.7211557e+01   1.0871418e+02   0.0000000e+00
   9.9999996e-01   1.4063086e+04   1.4215400e+01   1.4453500e+01   6.9502500e+01   7.6442600e+01   6.2379600e+01   6.2292300e+01   2.6982030e+02   2.6918390e+02   2.0418230e+05   2.7887324e+02   4.5666715e+00   4.5890025e+00   1.5005076e+01   1.5667790e+01   7.8833824e+00   7.8586536e+00   1.7199238e+01   1.7191988e+01   1.1482289e+02   0.0000000e+00
   1.0833333e+00   1.4101213e+04   1.1796400e+01   1.2071300e+01   5.7535600e+01   6.3427000e+01   6.2437800e+01   6.2460000e+01   2.7024490e+02   2.6977720e+02   2.0451795e+05   2.8138695e+02   4.1928636e+00   4.3164197e+00   1.3783945e+01   1.4425550e+01   7.8956675e+00   7.8874471e+00   1.6896215e+01   1.7212205e+01   1.1873155e+02   0.0000000e+00
   1.1666666e+00   1.4157852e+04   9.8434000e+00   1.0066400e+01   4.7904200e+01   5.2704500e+01   6.2450100e+01   6.2483500e+01   2.7078600e+02   2.7012370e+02   2.0485377e+05   2.8558794e+02   3.9036394e+00   3.9756473e+00   1.2804797e+01   1.3604657e+01   7.7670550e+00   7.9497074e+00   1.7147274e+01   1.7327886e+01   1.2406352e+02   0.0000000e+00
   1.2500000e+00   1.4229087e+04   8.2730000e+00   8.3979000e+00   3.9936600e+01   4.4100500e+01   6.2746200e+01   6.2750000e+01   2.7139780e+02   2.7078250e+02   2.0519044e+05   2.8858206e+02   3.6247186e+00   3.6404809e+00   1.2141974e+01   1.2749073e+01   7.9153427e+00   7.9509133e+00   1.7113534e+01   1.7407467e+01   1.2755827e+02   0.0000000e+00
   1.3333333e+00   1.4312341e+04   6.9121000e+00   7.0680000e+00   3.3453100e+01   3.6706900e+01   6.2983200e+01   6.2898600e+01   2.7168300e+02   2.7151960e+02   2.0552749e+05   2.9150758e+02   3.3322791e+00   3.3151885e+00   1.1208326e+01   1.1880089e+01   7.8707759e+00   7.9746146e+00   1.7007776e+01   1.7422335e+01   1.3200772e+02   0.0000000e+00
   1.4166666e+00   1.4405266e+04   5.8450000e+00   5.9766000e+00   2.8224700e+01   3.0848700e+01   6.3110200e+01   6.2945200e+01   2.7265800e+02   2.7205330e+02   2.0586532e+05   3.0320905e+02   3.0275224e+00   3.0984855e+00   1.0369511e+01   1.0828164e+01   8.0349058e+00   8.0061855e+00   1.7040888e+01   1.7231574e+01   1.3296799e+02   0.0000000e+00
   1.4999999e+00   1.4506572e+04   4.9631000e+00   5.0572000e+00   2.3728200e+01   2.5932300e+01   6.3174200e+01   6.3146000e+01   2.7311030e+02   2.7259020e+02   2.0620327e+05   3.0532893e+02   2.7963048e+00   2.8356890e+00   9.5743977e+00   1.0031679e+01   7.9523442e+00   8.0833173e+00   1.7216218e+01   1.7270857e+01   1.3789866e+02   0.0000000e+00
   1.5833333e+00   1.4613624e+04   4.2432000e+00   4.3007000e+00   2.0144100e+01   2.1904600e+01   6.3485400e+01   6.3426100e+01   2.7436310e+02   2.7321820e+02   2.0654245e+05   3.0568039e+02   2.5684457e+00   2.6149117e+00   8.8510208e+00   9.2247064e+00   8.1152186e+00   8.0316119e+00   1.7382982e+01   1.7138517e+01   1.4264907e+02   0.0000000e+00
   1.6666666e+00   1.4725560e+04   3.6692000e+00   3.7246000e+00   1.7148900e+01   1.8717400e+01   6.3688100e+01   6.3656300e+01   2.7510390e+02   2.7433530e+02   2.0688213e+05   3.0795110e+02   2.3879157e+00   2.4045234e+00   8.2322601e+00   8.5970302e+00   7.9970628e+00   7.9091862e+00   1.7174440e+01   1.7695174e+01   1.4977144e+02   2.0000000e-04
   1.7499999e+00   1.4841047e+04   3.1754000e+00   3.2306000e+00   1.4855200e+01   1.6045800e+01   6.3846700e+01   6.3933600e+01   2.7627050e+02   2.7536370e+02   2.0722244e+05   3.0408047e+02   2.2055660e+00   2.2614011e+00   7.8459409e+00   8.0864480e+00   8.0883707e+00   8.1035769e+00   1.7299464e+01   1.7314953e+01   1.5256545e+02   4.9994000e-04
   1.8333333e+00   1.4958778e+04   2.8060000e+00   2.8077000e+00   1.2946500e+01   1.3924100e+01   6.4085600e+01   6.4101100e+01   2.7713620e+02   2.7653630e+02   2.0756285e+05   2.9951074e+02   2.0638774e+00   2.0455168e+00   7.3294208e+00   7.6496007e+00   7.9875060e+00   7.9098126e+00   1.7335423e+01   1.7647544e+01   1.6012044e+02   1.3994901e-03
   1.9166666e+00   1.5078380e+04   2.4603000e+00   2.5050000e+00   1.1361400e+01   1.2204100e+01   6.4176100e+01   6.4243400e+01   2.7806070e+02   2.7703740e+02   2.0790385e+05   2.9792349e+02   1.9107038e+00   1.9585603e+00   6.8280782e+00   7.1036110e+00   8.0754697e+00   8.0809707e+00   1.7616948e+01   1.7527719e+01   1.6113483e+02   4.9944519e-03
   1.9999999e+00   1.5199429e+04   2.2131000e+00   2.2378000e+00   1.0027500e+01   1.0782100e+01   6.4669200e+01   6.4570400e+01   2.7891770e+02   2.7779120e+02   2.0824584e+05   2.9463158e+02   1.7980021e+00   1.7962666e+00   6.4313669e+00   6.6403787e+00   8.0575098e+00   8.0578122e+00   1.7700047e+01   1.7842271e+01   1.6368750e+02   1.0068980e-02
   2.0833333e+00   1.5321241e+04   1.9858000e+00   2.0339000e+00   8.9909000e+00   9.5994000e+00   6.4785800e+01   6.4778700e+01   2.7993400e+02   2.7911330e+02   2.0858863e+05   2.9635885e+02   1.6632122e+00   1.6851809e+00   5.9629836e+00   6.2626386e+00   8.0860038e+00   8.1173343e+00   1.7584680e+01   1.7640266e+01   1.6720679e+02   1.5909573e-02
   2.1666666e+00   1.5442875e+04   1.8459000e+00   1.8764000e+00   8.2691000e+00   8.7537000e+00   6.5008200e+01   6.4961800e+01   2.8062030e+02   2.7992990e+02   2.0893055e+05   2.9353842e+02   1.5753099e+00   1.6215998e+00   5.6451813e+00   5.8828987e+00   8.1728338e+00   8.0368028e+00   1.7609098e+01   1.8092228e+01   1.6932670e+02   2.8702749e-02
   2.2499999e+00   1.5564231e+04   1.7774000e+00   1.7946000e+00   7.7413000e+00   8.1488000e+00   6.5376400e+01   6.5166300e+01   2.8157150e+02   2.8073760e+02   2.0927364e+05   2.9112670e+02   1.5475428e+00   1.5526918e+00   5.3973222e+00   5.4287757e+00   8.1988075e+00   8.0132307e+00   1.7705469e+01   1.7709091e+01   1.7423346e+02   5.8133055e-02
   2.3333332e+00   1.5685704e+04   1.6463000e+00   1.6544000e+00   7.1564000e+00   7.5526000e+00   6.5462900e+01   6.5468400e+01   2.8286850e+02   2.8203020e+02   2.0961842e+05   2.9004882e+02   1.4696300e+00   1.4540193e+00   5.1903596e+00   5.1826749e+00   8.2002529e+00   8.1156385e+00   1.8016683e+01   1.7495522e+01   1.7665294e+02   7.3108740e-02
   2.4166666e+00   1.5807023e+04   1.5256000e+00   1.5555000e+00   6.7274000e+00   7.0008000e+00   6.5609900e+01   6.5652400e+01   2.8372350e+02   2.8309130e+02   2.0996307e+05   2.8648689e+02   1.4296675e+00   1.4474561e+00   5.0612895e+00   5.0643029e+00   8.1596679e+00   8.1129622e+00   1.7764802e+01   1.7450084e+01   1.7588478e+02   8.6826731e-02
   2.4999999e+00   1.5928876e+04   1.4728000e+00   1.4628000e+00   6.3405000e+00   6.6657000e+00   6.5887800e+01   6.5711200e+01   2.8429810e+02   2.8401700e+02   2.1030784e+05   2.8628856e+02   1.4304072e+00   1.4157742e+00   4.9512434e+00   4.9681799e+00   7.9973750e+00   8.1498611e+00   1.7660658e+01   1.7540515e+01   1.8162213e+02   1.0335517e-01
   2.5833332e+00   1.6050648e+04   1.4314000e+00   1.4541000e+00   6.0687000e+00   6.3400000e+00   6.5962800e+01   6.5985800e+01   2.8508950e+02   2.8460490e+02   2.1065249e+05   2.8406333e+02   1.3573055e+00   1.3751663e+00   4.8497971e+00   4.9092168e+00   8.2353991e+00   8.1860552e+00   1.7896500e+01   1.7702173e+01   1.8798161e+02   1.2173639e-01
   2.6666666e+00   1.6170745e+04   1.3806000e+00   1.3949000e+00   5.8136000e+00   6.0306000e+00   6.6314400e+01   6.6157700e+01   2.8629400e+02   2.8560810e+02   2.1099850e+05   2.8830749e+02   1.3451857e+00   1.3164829e+00   4.7133297e+00   4.6900601e+00   8.2201405e+00   8.1412074e+00   1.8275381e+01   1.7909908e+01   1.9173643e+02   1.4105819e-01
   2.7499999e+00   1.6291149e+04   1.3621000e+00   1.3437000e+00   5.7030000e+00   5.8666000e+00   6.6501700e+01   6.6486600e+01   2.8717490e+02   2.8665540e+02   2.1134495e+05   2.8547763e+02   1.3305490e+00   1.3148168e+00   4.6537035e+00   4.5483044e+00   8.2619866e+00   8.0749453e+00   1.7750195e+01   1.7726936e+01   1.9026567e+02   1.6519445e-01
   2.8333332e+00   1.6411528e+04   1.3121000e+00   1.3332000e+00   5.5654000e+00   5.7404000e+00   6.6574600e+01   6.6728100e+01   2.8843880e+02   2.8748380e+02   2.1169232e+05   2.7569393e+02   1.3126560e+00   1.3285911e+00   4.5475918e+00   4.5905027e+00   8.1262069e+00   8.2070157e+00   1.7938607e+01   1.7873139e+01   1.9597287e+02   1.8815160e-01
   2.9166665e+00   1.6531205e+04   1.2830000e+00   1.3244000e+00   5.5188000e+00   5.6875000e+00   6.6991200e+01   6.7008000e+01   2.8927980e+02   2.8860310e+02   2.1204133e+05   2.7887081e+02   1.3192744e+00   1.3421419e+00   4.6512375e+00   4.6947468e+00   8.1944638e+00   8.0935707e+00   1.7999653e+01   1.7941833e+01   2.0126762e+02   2.1315653e-01
   2.9999999e+00   1.6650005e+04   1.3211000e+00   1.3159000e+00   5.4978000e+00   5.6088000e+00   6.7126900e+01   6.7208200e+01   2.9019310e+02   2.8917380e+02   2.1238889e+05   2.7927530e+02   1.3221080e+00   1.3134229e+00   4.6986597e+00   4.6518734e+00   8.1714426e+00   8.3029722e+00   1.7824971e+01   1.7894922e+01   2.0337988e+02   2.3636842e-01
   3.0833332e+00   1.6766336e+04   1.3068000e+00   1.3073000e+00   5.5175000e+00   5.6664000e+00   6.7422000e+01   6.7460300e+01   2.9142570e+02   2.9048880e+02   2.1273869e+05   2.7273906e+02   1.3417354e+00   1.3527194e+00   4.7717052e+00   4.7348868e+00   8.1055590e+00   8.2720171e+00   1.7742648e+01   1.8369557e+01   2.0749324e+02   2.6179735e-01
   3.1666665e+00   1.6882085e+04   1.3023000e+00   1.3531000e+00   5.5177000e+00   5.6791000e+00   6.7643300e+01   6.7636500e+01   2.9267450e+02   2.9158690e+02   2.1308929e+05   2.7142531e+02   1.3430172e+00   1.3875925e+00   4.7326025e+00   4.7762542e+00   8.2960079e+00   8.0786567e+00   1.8107582e+01   1.7997240e+01   2.1230423e+02   2.8394343e-01
   3.2499999e+00   1.6996894e+04   1.3335000e+00   1.3429000e+00   5.6161000e+00   5.7425000e+00   6.7861100e+01   6.7920200e+01   2.9338690e+02   2.9248760e+02   2.1343931e+05   2.6913153e+02   1.3807492e+00   1.3928796e+00   4.8856635e+00   4.8949555e+00   8.2072372e+00   8.2860303e+00   1.8451018e+01   1.8107602e+01   2.1135951e+02   3.0628439e-01
   3.3333332e+00   1.7111333e+04   1.3768000e+00   1.3842000e+00   5.7072000e+00   5.7852000e+00   6.8099300e+01   6.8136700e+01   2.9441850e+02   2.9339700e+02   2.1378994e+05   2.6463352e+02   1.3992918e+00   1.4050579e+00   4.9067989e+00   4.8496405e+00   8.2919910e+00   8.2130481e+00   1.8157327e+01   1.8013763e+01   2.1942819e+02   3.2550031e-01
   3.4166665e+00   1.7224744e+04   1.4359000e+00   1.4337000e+00   5.8397000e+00   5.8948000e+00   6.8381700e+01   6.8240400e+01   2.9525350e+02   2.9422280e+02   2.1413985e+05   2.6317851e+02   1.4148821e+00   1.4198612e+00   5.1182051e+00   4.9804230e+00   8.3850364e+00   8.3501485e+00   1.8065195e+01   1.7931562e+01   2.1993250e+02   3.4735410e-01
   3.4999999e+00   1.7336244e+04   1.4660000e+00   1.4470000e+00   6.0231000e+00   6.0739000e+00   6.8584500e+01   6.8563300e+01   2.9596680e+02   2.9528590e+02   2.1449167e+05   2.5772221e+02   1.4885112e+00   1.4489310e+00   5.2698713e+00   5.2178119e+00   8.2375267e+00   8.2203011e+00   1.8037068e+01   1.8675509e+01   2.2137303e+02   3.6595451e-01
   3.5833332e+00   1.7446984e+04   1.4997000e+00   1.4848000e+00   6.2112000e+00   6.2644000e+00   6.8730500e+01   6.8671000e+01   2.9658980e+02   2.9618310e+02   2.1484331e+05   2.5690593e+02   1.5163212e+00   1.4651906e+00   5.4847245e+00   5.3585226e+00   8.2489681e+00   8.2917329e+00   1.8248689e+01   1.8449396e+01   2.2219141e+02   3.8358098e-01
   3.6666665e+00   1.7555559e+04   1.5827000e+00   1.5525000e+00   6.4296000e+00   6.4421000e+00   6.9004500e+01   6.8948600e+01   2.9760160e+02   2.9664750e+02   2.1519677e+05   2.5389918e+02   1.5607063e+00   1.5110500e+00   5.4122614e+00   5.2566540e+00   8.2729755e+00   8.2611974e+00   1.8190700e+01   1.8392712e+01   2.2242899e+02   4.0379952e-01
   3.7499998e+00   1.7662404e+04   1.6362000e+00   1.6140000e+00   6.7070000e+00   6.7607000e+00   6.9173400e+01   6.8980200e+01   2.9899780e+02   2.9801480e+02   2.1555087e+05   2.5017974e+02   1.5688517e+00   1.5593740e+00   5.5155773e+00   5.4069177e+00   8.3523714e+00   8.4063116e+00   1.8214224e+01   1.8421322e+01   2.2925198e+02   4.2651476e-01
   3.8333332e+00   1.7766895e+04   1.6921000e+00   1.7012000e+00   7.0245000e+00   7.0928000e+00   6.9336600e+01   6.9278700e+01   3.0008590e+02   2.9880240e+02   2.1590521e+05   2.4912284e+02   1.6365712e+00   1.6488755e+00   5.8589532e+00   5.7612939e+00   8.3976397e+00   8.2905790e+00   1.8247554e+01   1.8265758e+01   2.3504991e+02   4.4882334e-01
   3.9166665e+00   1.7870948e+04   1.7934000e+00   1.8075000e+00   7.4304000e+00   7.4495000e+00   6.9713700e+01   6.9710500e+01   3.0064840e+02   3.0034470e+02   2.1625967e+05   2.4854986e+02   1.6243092e+00   1.6200945e+00   5.7513532e+00   5.6308632e+00   8.3585835e+00   8.4531790e+00   1.8377893e+01   1.8451789e+01   2.3577040e+02   4.6034293e-01
   3.9999998e+00   1.7970615e+04   1.9675000e+00   1.9614000e+00   8.1961000e+00   8.0946000e+00   6.9803400e+01   6.9765300e+01   3.0170350e+02   3.0082180e+02   2.1661383e+05   2.4325707e+02   1.7023905e+00   1.6911523e+00   5.9033151e+00   5.7099660e+00   8.4239447e+00   8.3917137e+00   1.8335523e+01   1.8389798e+01   2.4281298e+02   4.9353184e-01
   4.0833332e+00   1.8068877e+04   2.1356000e+00   2.1290000e+00   8.8537000e+00   8.7682000e+00   6.9946200e+01   6.9957400e+01   3.0275300e+02   3.0172520e+02   2.1697002e+05   2.4255273e+02   1.7470312e+00   1.7223982e+00   5.9781494e+00   5.7551526e+00   8.3869267e+00   8.2966179e+00   1.8356108e+01   1.8389712e+01   2.3351690e+02   5.1763972e-01
   4.1666665e+00   1.8165468e+04   2.2571000e+00   2.2579000e+00   9.3986000e+00   9.3576000e+00   7.0327200e+01   7.0220900e+01   3.0330550e+02   3.0276050e+02   2.1732555e+05   2.4202761e+02   1.8330127e+00   1.8374780e+00   6.1693698e+00   5.9632272e+00   8.4070213e+00   8.3373769e+00   1.8373550e+01   1.8448539e+01   2.4189190e+02   5.3577647e-01
   4.2499998e+00   1.8261125e+04   2.3526000e+00   2.3560000e+00   9.7662000e+00   9.6628000e+00   7.0387300e+01   7.0317800e+01   3.0396710e+02   3.0361520e+02   2.1768122e+05   2.4052063e+02   1.8764395e+00   1.8951050e+00   6.4288779e+00   6.1851372e+00   8.4504343e+00   8.4086785e+00   1.8577694e+01   1.8527068e+01   2.4640067e+02   5.4636076e-01
   4.3333332e+00   1.8357603e+04   2.4166000e+00   2.4367000e+00   1.0068800e+01   9.9432000e+00   7.0670400e+01   7.0491700e+01   3.0499480e+02   3.0457670e+02   2.1803966e+05   2.3725139e+02   1.9530043e+00   1.9487875e+00   6.9246416e+00   6.5833964e+00   8.6174816e+00   8.3911008e+00   1.8108351e+01   1.8527521e+01   2.4592313e+02   5.5107861e-01
   4.4166665e+00   1.8451931e+04   2.5426000e+00   2.4857000e+00   1.0432500e+01   1.0290900e+01   7.0715900e+01   7.0511600e+01   3.0590590e+02   3.0498890e+02   2.1839790e+05   2.3425927e+02   2.0859100e+00   2.0478806e+00   7.2910740e+00   6.9807700e+00   8.4648185e+00   8.4566670e+00   1.8633394e+01   1.8414801e+01   2.5154385e+02   5.5471488e-01
   4.4999998e+00   1.8544108e+04   2.6186000e+00   2.6442000e+00   1.0846200e+01   1.0761500e+01   7.0929600e+01   7.0946300e+01   3.0688330e+02   3.0595260e+02   2.1875606e+05   2.3864246e+02   2.1869642e+00   2.1816238e+00   7.9110052e+00   7.6672744e+00   8.3707497e+00   8.4537544e+00   1.8568655e+01   1.8138728e+01   2.4916181e+02   5.5845527e-01
   4.5833331e+00   1.8634640e+04   2.7531000e+00   2.7710000e+00   1.1358600e+01   1.1186500e+01   7.1188100e+01   7.0952300e+01   3.0760480e+02   3.0701890e+02   2.1911635e+05   2.4010212e+02   2.3005803e+00   2.3005409e+00   8.2857632e+00   8.0090656e+00   8.4033196e+00   8.4341412e+00   1.8682391e+01   1.8688480e+01   2.5157502e+02   5.6313565e-01
   4.6666665e+00   1.8722825e+04   2.8712000e+00   2.8608000e+00   1.1918000e+01   1.1811400e+01   7.1439400e+01   7.1243100e+01   3.0838940e+02   3.0747160e+02   2.1947672e+05   2.4093019e+02   2.3921502e+00   2.3852028e+00   8.7906543e+00   8.4374848e+00   8.5822429e+00   8.4089520e+00   1.8582624e+01   1.8966079e+01   2.5881867e+02   5.6842170e-01
   4.7499998e+00   1.8809045e+04   3.0432000e+00   2.9970000e+00   1.2509500e+01   1.2317600e+01   7.1612100e+01   7.1534200e+01   3.0962630e+02   3.0879390e+02   2.1983763e+05   2.4455375e+02   2.5213031e+00   2.4954386e+00   9.2558888e+00   8.9109747e+00   8.4641832e+00   8.4689434e+00   1.8284980e+01   1.8634542e+01   2.5922815e+02   5.7394591e-01
   4.8333331e+00   1.8892722e+04   3.1819000e+00   3.1639000e+00   1.3202400e+01   1.2942100e+01   7.1719900e+01   7.1742300e+01   3.1009980e+02   3.0971590e+02   2.2019795e+05   2.4107251e+02   2.5994784e+00   2.5955174e+00   9.7349633e+00   9.2592398e+00   8.4085501e+00   8.5626411e+00   1.8792253e+01   1.8793598e+01   2.5872549e+02   5.7944200e-01
   4.9166665e+00   1.8974105e+04   3.3565000e+00   3.3274000e+00   1.3963200e+01   1.3728200e+01   7.1958300e+01   7.1884100e+01   3.1097990e+02   3.1025780e+02   2.2055934e+05   2.4561772e+02   2.7815430e+00   2.7715659e+00   1.0223977e+01   1.0046791e+01   8.5042926e+00   8.5391896e+00   1.8575010e+01   1.8628506e+01   2.6097351e+02   5.8495131e-01
   4.9999998e+00   1.9053062e+04   3.5839000e+00   3.5683000e+00   1.4797300e+01   1.4467000e+01   7.2186500e+01   7.2196800e+01   3.1162530e+02   3.1100380e+02   2.2092248e+05   2.4926131e+02   2.9230147e+00   2.8797160e+00   1.0752682e+01   1.0295946e+01   8.5096862e+00   8.4468577e+00   1.8860718e+01   1.9082138e+01   2.6237837e+02   5.9055447e-01
   5.0833331e+00   1.9129241e+04   3.7692000e+00   3.8014000e+00   1.5693500e+01   1.5462500e+01   7.2313600e+01   7.2238300e+01   3.1240810e+02   3.1218320e+02   2.2128537e+05   2.4879713e+02   3.0171910e+00   3.0397503e+00   1.1231784e+01   1.0907644e+01   8.5148168e+00   8.4704597e+00   1.9064651e+01   1.9090282e+01   2.6541836e+02   5.9620482e-01
   5.1666665e+00   1.9203285e+04   4.0641000e+00   4.0112000e+00   1.6766600e+01   1.6359800e+01   7.2542900e+01   7.2537100e+01   3.1332090e+02   3.1281910e+02   2.2164985e+05   2.5407782e+02   3.2215259e+00   3.1452287e+00   1.2048512e+01   1.1493909e+01   8.6221107e+00   8.5362117e+00   1.8456706e+01   1.8671466e+01   2.6739652e+02   6.0141378e-01
   5.2499998e+00   1.9272484e+04   4.3232000e+00   4.3337000e+00   1.7937400e+01   1.7507900e+01   7.2802500e+01   7.2726500e+01   3.1395310e+02   3.1383930e+02   2.2201449e+05   2.5459702e+02   3.3430913e+00   3.3485020e+00   1.2535701e+01   1.2117897e+01   8.4108720e+00   8.5366027e+00   1.8929177e+01   1.9180294e+01   2.6712023e+02   6.0811003e-01
   5.3333331e+00   1.9339413e+04   4.6002000e+00   4.6375000e+00   1.9210600e+01   1.8805000e+01   7.2832800e+01   7.2885700e+01   3.1456130e+02   3.1419620e+02   2.2237864e+05   2.6362974e+02   3.4850214e+00   3.5161527e+00   1.3306643e+01   1.2776052e+01   8.6893495e+00   8.5667715e+00   1.8680748e+01   1.9054134e+01   2.6943570e+02   6.1422351e-01
   5.4166665e+00   1.9402315e+04   4.9440000e+00   4.8863000e+00   2.0587500e+01   2.0150000e+01   7.2877900e+01   7.2844300e+01   3.1549440e+02   3.1470470e+02   2.2274314e+05   2.6951777e+02   3.6878482e+00   3.6562972e+00   1.3918165e+01   1.3326555e+01   8.6324529e+00   8.5201242e+00   1.8842226e+01   1.9501501e+01   2.7593688e+02   6.2155326e-01
   5.4999998e+00   1.9462614e+04   5.2689000e+00   5.2834000e+00   2.2088900e+01   2.1577600e+01   7.3260500e+01   7.3197800e+01   3.1609090e+02   3.1553560e+02   2.2310996e+05   2.7190909e+02   3.8437313e+00   3.8196261e+00   1.4401810e+01   1.3891950e+01   8.5321462e+00   8.4686981e+00   1.8954408e+01   1.8830071e+01   2.8284713e+02   6.2832746e-01
   5.5833331e+00   1.9518751e+04   5.7398000e+00   5.6855000e+00   2.3810900e+01   2.3169200e+01   7.3288700e+01   7.3159000e+01   3.1685560e+02   3.1641110e+02   2.2347600e+05   2.7937542e+02   3.9917527e+00   3.9119969e+00   1.4975840e+01   1.4354246e+01   8.6342925e+00   8.5601312e+00   1.8608062e+01   1.8980288e+01   2.8205375e+02   6.3449722e-01
   5.6666664e+00   1.9569492e+04   6.1983000e+00   6.1345000e+00   2.5786900e+01   2.5139700e+01   7.3471700e+01   7.3571100e+01   3.1735160e+02   3.1678790e+02   2.2384269e+05   2.8400996e+02   4.1057841e+00   4.0081188e+00   1.5249778e+01   1.4792953e+01   8.5182073e+00   8.6133596e+00   1.8726683e+01   1.9283223e+01   2.8682125e+02   6.4253828e-01
   5.7499998e+00   1.9616847e+04   6.6861000e+00   6.6032000e+00   2.7636500e+01   2.6998300e+01   7.3673500e+01   7.3516500e+01   3.1832440e+02   3.1768000e+02   2.2421073e+05   2.9838493e+02   4.3335026e+00   4.2995812e+00   1.5782347e+01   1.5328333e+01   8.6761988e+00   8.7038212e+00   1.8784303e+01   1.9192609e+01   2.8254321e+02   6.4904409e-01
   5.8333331e+00   1.9659661e+04   7.0825000e+00   7.1455000e+00   2.9818100e+01   2.9069400e+01   7.3809300e+01   7.3584900e+01   3.1890390e+02   3.1810430e+02   2.2457950e+05   3.0674514e+02   4.3821244e+00   4.4213668e+00   1.6356857e+01   1.5749914e+01   8.5379988e+00   8.6711540e+00   1.9116564e+01   1.9200414e+01   2.8731193e+02   6.5616849e-01
   5.9166664e+00   1.9699584e+04   7.6578000e+00   7.6166000e+00   3.1877600e+01   3.1238200e+01   7.3871600e+01   7.3783600e+01   3.1959650e+02   3.1876590e+02   2.2494885e+05   3.2229986e+02   4.6002843e+00   4.6093523e+00   1.7025463e+01   1.6411953e+01   8.7056357e+00   8.6300416e+00   1.9058138e+01   1.9009525e+01   2.9581143e+02   6.6194486e-01
   5.9999998e+00   1.9735748e+04   8.1673000e+00   8.1075000e+00   3.4001000e+01   3.3276700e+01   7.4083800e+01   7.4088900e+01   3.1977600e+02   3.1944590e+02   2.2531857e+05   3.3569884e+02   4.8171808e+00   4.7713541e+00   1.7548629e+01   1.7157307e+01   8.7439135e+00   8.6357081e+00   1.9573649e+01   1.9318918e+01   2.9311163e+02   6.6637338e-01
   6.0833331e+00   1.9769174e+04   8.6626000e+00   8.5930000e+00   3.6087600e+01   3.5382700e+01   7.4120900e+01   7.4082600e+01   3.2052740e+02   3.2016230e+02   2.2568899e+05   3.4297890e+02   4.9374284e+00   4.8976882e+00   1.8326252e+01   1.7743036e+01   8.6054685e+00   8.6723064e+00   1.9511061e+01   1.9268801e+01   2.9938786e+02   6.6970965e-01
   6.1666664e+00   1.9797875e+04   9.1862000e+00   9.1611000e+00   3.8408700e+01   3.7360500e+01   7.4207200e+01   7.4251100e+01   3.2134830e+02   3.2040860e+02   2.2605984e+05   3.5880925e+02   5.1639710e+00   5.1148375e+00   1.9265430e+01   1.8531273e+01   8.6863924e+00   8.6793768e+00   1.8868953e+01   1.8868992e+01   3.0340615e+02   6.7255015e-01
   6.2499998e+00   1.9823754e+04   9.6997000e+00   9.6347000e+00   4.0520300e+01   3.9588900e+01   7.4427800e+01   7.4295000e+01   3.2160720e+02   3.2122690e+02   2.2643181e+05   3.7095714e+02   5.3360067e+00   5.3235035e+00   1.9890544e+01   1.9113200e+01   8.6772298e+00   8.6757537e+00   1.9091321e+01   1.9163072e+01   3.0978096e+02   6.7474406e-01
   6.3333331e+00   1.9846156e+04   1.0164500e+01   1.0071600e+01   4.2819700e+01   4.1793700e+01   7.4613100e+01   7.4523200e+01   3.2234260e+02   3.2168050e+02   2.2680441e+05   3.8947783e+02   5.6299920e+00   5.5229452e+00   2.1050898e+01   2.0487838e+01   8.5454614e+00   8.5907649e+00   1.9023875e+01   1.8994049e+01   3.1131929e+02   6.7617519e-01
   6.4166664e+00   1.9862190e+04   1.0729200e+01   1.0722100e+01   4.5126600e+01   4.4058600e+01   7.4604000e+01   7.4509400e+01   3.2276470e+02   3.2212150e+02   2.2717726e+05   4.0994107e+02   5.8825273e+00   5.8386026e+00   2.2036391e+01   2.1535792e+01   8.6563778e+00   8.6976823e+00   1.9260748e+01   1.9257145e+01   3.1250196e+02   6.7831243e-01
   6.4999997e+00   1.9876717e+04   1.1236800e+01   1.1169100e+01   4.7163100e+01   4.6273700e+01   7.4629300e+01   7.4541500e+01   3.2305540e+02   3.2236280e+02   2.2755071e+05   4.2504020e+02   6.0800183e+00   6.0787828e+00   2.3126954e+01   2.2502387e+01   8.7247862e+00   8.7838484e+00   1.9049210e+01   1.9271728e+01   3.1546860e+02   6.7943834e-01
   6.5833331e+00   1.9885756e+04   1.1811200e+01   1.1635000e+01   4.9521100e+01   4.8581800e+01   7.4887100e+01   7.4787900e+01   3.2341490e+02   3.2291680e+02   2.2792427e+05   4.4934753e+02   6.2860406e+00   6.1572044e+00   2.3619571e+01   2.3232057e+01   8.7027310e+00   8.6169333e+00   1.9013651e+01   1.9204134e+01   3.2537220e+02   6.8084881e-01
   6.6666664e+00   1.9891423e+04   1.2323000e+01   1.2256900e+01   5.1907400e+01   5.0774500e+01   7.4778000e+01   7.4857000e+01   3.2364900e+02   3.2344360e+02   2.2829861e+05   4.6210349e+02   6.4034343e+00   6.3524592e+00   2.4509939e+01   2.3768432e+01   8.6517167e+00   8.7878594e+00   1.9058093e+01   1.9155853e+01   3.2657192e+02   6.8187009e-01
   6.7499997e+00   1.9894009e+04   1.2874600e+01   1.2782900e+01   5.4216300e+01   5.3013500e+01   7.5114400e+01   7.4886000e+01   3.2421710e+02   3.2338890e+02   2.2867359e+05   4.8542214e+02   6.6138679e+00   6.5877392e+00   2.5279894e+01   2.4739526e+01   8.6543979e+00   8.5059884e+00   1.9374801e+01   1.9290367e+01   3.2997172e+02   6.8250635e-01
   6.8333331e+00   1.9891690e+04   1.3318300e+01   1.3311700e+01   5.6347500e+01   5.5406900e+01   7.4970600e+01   7.5014300e+01   3.2410190e+02   3.2432320e+02   2.2904865e+05   5.1005770e+02   6.7894620e+00   6.7889728e+00   2.5989577e+01   2.5665194e+01   8.7440483e+00   8.6754955e+00   1.9274389e+01   1.9382598e+01   3.2925616e+02   6.8336359e-01
   6.9166664e+00   1.9886386e+04   1.3768600e+01   1.3820000e+01   5.8545300e+01   5.7529700e+01   7.5265400e+01   7.5079200e+01   3.2475440e+02   3.2393800e+02   2.2942447e+05   5.3508346e+02   6.9043190e+00   7.0086170e+00   2.6653330e+01   2.6283017e+01   8.6591259e+00   8.7085998e+00   1.9292908e+01   1.9775203e+01   3.2984448e+02   6.8396519e-01
   6.9999997e+00   1.9878626e+04   1.4217000e+01   1.4249500e+01   6.0483100e+01   5.9586400e+01   7.5133000e+01   7.5218500e+01   3.2536390e+02   3.2435200e+02   2.2980097e+05   5.5469684e+02   7.0430726e+00   7.0396026e+00   2.7315738e+01   2.7113440e+01   8.7289364e+00   8.6022996e+00   1.9062067e+01   1.9374443e+01   3.3490960e+02   6.8450245e-01
   7.0833331e+00   1.9867432e+04   1.4743700e+01   1.4627700e+01   6.2647800e+01   6.1616300e+01   7.5201400e+01   7.5074400e+01   3.2580460e+02   3.2511230e+02   2.3017872e+05   5.7225045e+02   7.1722489e+00   7.0659242e+00   2.7442337e+01   2.7153202e+01   8.7377041e+00   8.8242083e+00   1.9239892e+01   1.9651374e+01   3.2915611e+02   6.8497570e-01
   7.1666664e+00   1.9854125e+04   1.5171100e+01   1.5022000e+01   6.4494400e+01   6.3626300e+01   7.5264000e+01   7.5357400e+01   3.2589290e+02   3.2520030e+02   2.3055706e+05   5.9944904e+02   7.3645535e+00   7.2757274e+00   2.8270311e+01   2.8060021e+01   8.7557735e+00   8.8365646e+00   1.9273624e+01   1.9226818e+01   3.3400445e+02   6.8525922e-01
   7.2499997e+00   1.9837854e+04   1.5521600e+01   1.5434700e+01   6.6002900e+01   6.5369900e+01   7.5224500e+01   7.5485900e+01   3.2627810e+02   3.2544760e+02   2.3093590e+05   6.2321921e+02   7.3450070e+00   7.3350744e+00   2.8280712e+01   2.8043850e+01   8.7866501e+00   8.5299518e+00   1.9357800e+01   1.9492148e+01   3.3756754e+02   6.8563691e-01
   7.3333330e+00   1.9820782e+04   1.5777200e+01   1.5724200e+01   6.7599000e+01   6.6687800e+01   7.5395200e+01   7.5286000e+01   3.2640130e+02   3.2588560e+02   2.3131532e+05   6.3899111e+02   7.3888037e+00   7.3112160e+00   2.8258656e+01   2.8268329e+01   8.7247595e+00   8.7635087e+00   1.9059160e+01   1.9486218e+01   3.5083369e+02   6.8573122e-01
   7.4166664e+00   1.9801660e+04   1.6124800e+01   1.6028300e+01   6.8926700e+01   6.8161900e+01   7.5557800e+01   7.5429600e+01   3.2652240e+02   3.2612020e+02   2.3169614e+05   6.7330453e+02   7.5906776e+00   7.4889590e+00   2.9238407e+01   2.8965407e+01   8.6638540e+00   8.6798029e+00   1.9957974e+01   1.9460196e+01   3.4776297e+02   6.8591978e-01
   7.4999997e+00   1.9781620e+04   1.6315400e+01   1.6258700e+01   6.9958100e+01   6.9390700e+01   7.5447000e+01   7.5526000e+01   3.2666900e+02   3.2639280e+02   2.3207638e+05   6.9420156e+02   7.4945807e+00   7.3806789e+00   2.8613668e+01   2.8667564e+01   8.7304417e+00   8.7043380e+00   1.9180971e+01   1.9489461e+01   3.4494484e+02   6.8598260e-01
   7.5833330e+00   1.9761139e+04   1.6470800e+01   1.6459300e+01   7.0913200e+01   7.0284600e+01   7.5623600e+01   7.5636100e+01   3.2715380e+02   3.2662260e+02   2.3245835e+05   7.1058620e+02   7.5274440e+00   7.5364065e+00   2.9067132e+01   2.8775118e+01   8.7087719e+00   8.6754598e+00   1.9773256e+01   1.9602903e+01   3.5137300e+02   6.8604540e-01
   7.6666664e+00   1.9739053e+04   1.6639700e+01   1.6709000e+01   7.1670900e+01   7.1274700e+01   7.5740800e+01   7.5579700e+01   3.2777320e+02   3.2680460e+02   2.3284035e+05   7.1803467e+02   7.4565973e+00   7.4889604e+00   2.8458359e+01   2.8485196e+01   8.9185183e+00   8.8086893e+00   1.9442113e+01   1.9596281e+01   3.5763594e+02   6.8610819e-01
   7.7499997e+00   1.9717276e+04   1.6801500e+01   1.6734400e+01   7.2256000e+01   7.1964900e+01   7.5664800e+01   7.5660100e+01   3.2760820e+02   3.2728920e+02   2.3322263e+05   7.3575757e+02   7.4820917e+00   7.4994454e+00   2.8816730e+01   2.8702865e+01   8.7745621e+00   8.7946064e+00   1.9448134e+01   1.9844922e+01   3.5833390e+02   6.8613958e-01
   7.8333330e+00   1.9695051e+04   1.6921400e+01   1.6844000e+01   7.2722800e+01   7.2354300e+01   7.5695600e+01   7.5819000e+01   3.2788020e+02   3.2749350e+02   2.3360591e+05   7.3745607e+02   7.4872577e+00   7.4650544e+00   2.8664813e+01   2.8642919e+01   8.7890082e+00   8.7346819e+00   1.9351364e+01   1.9769032e+01   3.5605942e+02   6.8620235e-01
   7.9166664e+00   1.9673767e+04   1.7001100e+01   1.6888700e+01   7.3067800e+01   7.2774400e+01   7.5835600e+01   7.5895500e+01   3.2844530e+02   3.2762570e+02   2.3399045e+05   7.6858178e+02   7.5396806e+00   7.5031955e+00   2.9110712e+01   2.9062418e+01   8.7895448e+00   8.8065961e+00   1.9368524e+01   2.0003290e+01   3.5786321e+02   6.8626511e-01
   7.9999997e+00   1.9652813e+04   1.6987500e+01   1.6912800e+01   7.3311400e+01   7.3114500e+01   7.5915800e+01   7.5784000e+01   3.2874350e+02   3.2782340e+02   2.3437508e+05   7.7040174e+02   7.6674913e+00   7.5948117e+00   2.9095750e+01   2.9360214e+01   8.7007058e+00   8.6846351e+00   1.9628516e+01   1.9436538e+01   3.6339447e+02   6.8632786e-01
   8.0833330e+00   1.9633490e+04   1.6761500e+01   1.6913000e+01   7.3274800e+01   7.3168600e+01   7.5905700e+01   7.6001900e+01   3.2850400e+02   3.2810000e+02   2.3476014e+05   7.7517640e+02   7.4773798e+00   7.4844527e+00   2.8986029e+01   2.9199922e+01   8.6228094e+00   8.6644563e+00   1.9446079e+01   1.9778178e+01   3.6859740e+02   6.8632786e-01
   8.1666663e+00   1.9614827e+04   1.6792700e+01   1.6817800e+01   7.2977100e+01   7.3039300e+01   7.5822400e+01   7.5959600e+01   3.2869520e+02   3.2820590e+02   2.3514552e+05   7.8450728e+02   7.4645361e+00   7.5196049e+00   2.8602465e+01   2.8879476e+01   8.7397195e+00   8.8638606e+00   1.9658539e+01   1.9797901e+01   3.6705821e+02   6.8632786e-01
   8.2499997e+00   1.9598411e+04   1.6731200e+01   1.6700000e+01   7.2638800e+01   7.2781300e+01   7.5946900e+01   7.6071200e+01   3.2915030e+02   3.2831020e+02   2.3553219e+05   7.7218204e+02   7.5309905e+00   7.5284572e+00   2.8974867e+01   2.9297316e+01   8.8417814e+00   8.8100677e+00   1.9802402e+01   1.9620267e+01   3.6813905e+02   6.8632786e-01
   8.3333330e+00   1.9583640e+04   1.6509500e+01   1.6638400e+01   7.2179000e+01   7.2398600e+01   7.6164600e+01   7.6147400e+01   3.2949310e+02   3.2868500e+02   2.3591889e+05   7.6905989e+02   7.5335639e+00   7.6115727e+00   2.9013603e+01   2.9218530e+01   8.7831442e+00   8.7449369e+00   1.9429933e+01   1.9899291e+01   3.6524760e+02   6.8632786e-01
   8.4166663e+00   1.9571173e+04   1.6374900e+01   1.6467300e+01   7.1344200e+01   7.1708100e+01   7.6278800e+01   7.6161900e+01   3.2958170e+02   3.2926300e+02   2.3630603e+05   7.5748126e+02   7.4737096e+00   7.5100846e+00   2.9045762e+01   2.9144956e+01   8.7773444e+00   8.8585854e+00   1.9539465e+01   1.9632488e+01   3.7176147e+02   6.8632786e-01
   8.4999997e+00   1.9561382e+04   1.6142400e+01   1.6229500e+01   7.0536200e+01   7.0954900e+01   7.6318200e+01   7.6326400e+01   3.2980680e+02   3.2949880e+02   2.3669457e+05   7.5745818e+02   7.5437002e+00   7.5174917e+00   2.8993074e+01   2.9001627e+01   8.7859813e+00   8.8388390e+00   1.9494632e+01   1.9583242e+01   3.7535962e+02   6.8632786e-01
   8.5833330e+00   1.9554198e+04   1.5959600e+01   1.5965700e+01   6.9605500e+01   6.9952100e+01   7.6381100e+01   7.6301900e+01   3.3027060e+02   3.2992350e+02   2.3708356e+05   7.4745471e+02   7.5671853e+00   7.4983696e+00   2.9061313e+01   2.9192924e+01   8.8795015e+00   8.8300257e+00   1.9615541e+01   1.9239201e+01   3.7957184e+02   6.8632786e-01
   8.6666663e+00   1.9549753e+04   1.5702800e+01   1.5717100e+01   6.8424500e+01   6.8973500e+01   7.6670200e+01   7.6463100e+01   3.3045360e+02   3.3020460e+02   2.3747325e+05   7.4410367e+02   7.6160011e+00   7.5013928e+00   2.9433524e+01   2.9315937e+01   8.8696955e+00   8.7968504e+00   1.9550976e+01   1.9551173e+01   3.7803472e+02   6.8632786e-01
   8.7499997e+00   1.9548126e+04   1.5437600e+01   1.5427000e+01   6.7565700e+01   6.7919700e+01   7.6448600e+01   7.6487800e+01   3.3125900e+02   3.3040270e+02   2.3786366e+05   7.4446778e+02   7.6108803e+00   7.4954579e+00   2.9597613e+01   2.9524102e+01   8.8717771e+00   8.8157826e+00   1.9633544e+01   1.9189704e+01   3.8515203e+02   6.8632786e-01
   8.8333330e+00   1.9549446e+04   1.5161100e+01   1.5230400e+01   6.6282200e+01   6.6914700e+01   7.6613900e+01   7.6575000e+01   3.3139840e+02   3.3080700e+02   2.3825420e+05   7.3478519e+02   7.4945156e+00   7.5399735e+00   2.9536239e+01   2.9380139e+01   8.8471382e+00   8.7475612e+00   1.9753073e+01   1.9804059e+01   3.8042195e+02   6.8632786e-01
   8.9166663e+00   1.9554507e+04   1.4929800e+01   1.4877600e+01   6.5143400e+01   6.5595100e+01   7.6677500e+01   7.6847500e+01   3.3157290e+02   3.3109060e+02   2.3864568e+05   7.1977085e+02   7.5518193e+00   7.5125004e+00   2.9758589e+01   2.9458251e+01   8.8351627e+00   8.8007039e+00   1.9466350e+01   1.9763422e+01   3.8059938e+02   6.8632786e-01
   8.9999996e+00   1.9562134e+04   1.4576000e+01   1.4659800e+01   6.3897900e+01   6.4523300e+01   7.6835200e+01   7.6754600e+01   3.3206150e+02   3.3147380e+02   2.3903820e+05   7.1942794e+02   7.5771740e+00   7.5838787e+00   2.9853496e+01   2.9685249e+01   8.7735135e+00   9.0007155e+00   1.9789156e+01   1.9583709e+01   3.8376054e+02   6.8632786e-01
   9.0833330e+00   1.9572650e+04   1.4293600e+01   1.4348900e+01   6.2566600e+01   6.3261200e+01   7.6899100e+01   7.6747600e+01   3.3277850e+02   3.3163890e+02   2.3943065e+05   7.0504081e+02   7.5839139e+00   7.5310849e+00   2.9912817e+01   3.0046082e+01   8.8729021e+00   8.7663093e+00   1.9840020e+01   1.9650382e+01   3.8268477e+02   6.8632786e-01
   9.1666663e+00   1.9586591e+04   1.3974300e+01   1.4063400e+01   6.1283400e+01   6.1934400e+01   7.6928700e+01   7.7033100e+01   3.3274560e+02   3.3236360e+02   2.3982393e+05   6.9981516e+02   7.6847996e+00   7.5964433e+00   3.0264224e+01   3.0523359e+01   8.9351105e+00   8.7669887e+00   1.9499392e+01   1.9440766e+01   3.8557434e+02   6.8632786e-01
   9.2499996e+00   1.9603789e+04   1.3609100e+01   1.3687100e+01   5.9889700e+01   6.0362800e+01   7.7013600e+01   7.6987600e+01   3.3289250e+02   3.3277430e+02   2.4021780e+05   7.0432323e+02   7.4997414e+00   7.4801196e+00   2.9792665e+01   2.9989493e+01   8.7054922e+00   8.8589443e+00   2.0028147e+01   1.9585533e+01   3.8657026e+02   6.8632786e-01
   9.3333330e+00   1.9624484e+04   1.3327500e+01   1.3359200e+01   5.8429700e+01   5.9036900e+01   7.7102400e+01   7.7133400e+01   3.3345030e+02   3.3331710e+02   2.4061214e+05   7.0082438e+02   7.4980441e+00   7.4815087e+00   2.9689847e+01   2.9707396e+01   8.8591175e+00   8.8234228e+00   1.9295962e+01   1.9471550e+01   3.8734001e+02   6.8632786e-01
   9.4166663e+00   1.9647798e+04   1.3060400e+01   1.2984700e+01   5.7085900e+01   5.7827500e+01   7.7273800e+01   7.7272700e+01   3.3404710e+02   3.3338820e+02   2.4100781e+05   6.9442266e+02   7.3051823e+00   7.2369816e+00   2.8874399e+01   2.9292316e+01   8.9227684e+00   8.8487493e+00   1.9599982e+01   1.9640032e+01   3.9910607e+02   6.8642196e-01
   9.4999996e+00   1.9674718e+04   1.2707800e+01   1.2716700e+01   5.5620200e+01   5.6243400e+01   7.7563100e+01   7.7427400e+01   3.3473940e+02   3.3407610e+02   2.4140448e+05   6.8309673e+02   7.0888959e+00   7.1154272e+00   2.8465526e+01   2.8590682e+01   9.0225029e+00   8.9039462e+00   1.9534064e+01   1.9936435e+01   3.9605860e+02   6.8642196e-01
   9.5833330e+00   1.9704892e+04   1.2306900e+01   1.2469600e+01   5.4127700e+01   5.4868200e+01   7.7703600e+01   7.7576100e+01   3.3527030e+02   3.3454380e+02   2.4180135e+05   6.8611984e+02   7.0812094e+00   7.1824393e+00   2.8481336e+01   2.8489135e+01   8.9311323e+00   8.9046021e+00   1.9739787e+01   1.9663869e+01   3.9928868e+02   6.8645332e-01
   9.6666663e+00   1.9737554e+04   1.1995300e+01   1.2088100e+01   5.2821000e+01   5.3421800e+01   7.7633700e+01   7.7751800e+01   3.3634000e+02   3.3537350e+02   2.4219902e+05   6.8201902e+02   6.9900904e+00   6.9698204e+00   2.8168978e+01   2.8074610e+01   8.7788172e+00   8.9138848e+00   1.9396727e+01   2.0256807e+01   4.0217158e+02   6.8648467e-01
   9.7499996e+00   1.9773033e+04   1.1731200e+01   1.1796100e+01   5.1461700e+01   5.2146100e+01   7.7817400e+01   7.7714300e+01   3.3676880e+02   3.3604140e+02   2.4259742e+05   6.8434561e+02   6.9645673e+00   7.0000589e+00   2.8088240e+01   2.8168786e+01   8.9206735e+00   9.0411974e+00   1.9801332e+01   1.9637705e+01   4.1770626e+02   6.8654738e-01
   9.8333329e+00   1.9810291e+04   1.1514900e+01   1.1526200e+01   5.0404600e+01   5.0897400e+01   7.8024000e+01   7.7693500e+01   3.3698120e+02   3.3645350e+02   2.4299573e+05   6.8423609e+02   7.0697649e+00   6.8252012e+00   2.8059623e+01   2.8085576e+01   8.8342871e+00   8.9138377e+00   2.0031539e+01   1.9422373e+01   4.1502892e+02   6.8673545e-01
   9.9166663e+00   1.9849750e+04   1.1215400e+01   1.1207900e+01   4.9093900e+01   4.9737900e+01   7.8150600e+01   7.8044000e+01   3.3765630e+02   3.3685610e+02   2.4339482e+05   6.8304453e+02   6.7409901e+00   6.6994900e+00   2.7322356e+01   2.7343745e+01   8.8316997e+00   8.9442531e+00   1.9654867e+01   1.9902487e+01   4.1748909e+02   6.8698606e-01
   9.9999996e+00   1.9892160e+04   1.0969900e+01   1.0970500e+01   4.7992900e+01   4.8535700e+01   7.8246900e+01   7.8149100e+01   3.3802020e+02   3.3764800e+02   2.4379437e+05   7.0043146e+02   6.6595667e+00   6.6729066e+00   2.6698354e+01   2.6833399e+01   8.8252098e+00   8.9411892e+00   1.9431020e+01   2.0068313e+01   4.1444320e+02   6.8717387e-01
   1.0083333e+01   1.9936161e+04   1.0730700e+01   1.0708200e+01   4.6877900e+01   4.7595100e+01   7.8323200e+01   7.8409700e+01   3.3870370e+02   3.3814460e+02   2.4419505e+05   7.0549061e+02   6.5414262e+00   6.4905674e+00   2.6145446e+01   2.6504868e+01   8.9209473e+00   8.8303479e+00   1.9829630e+01   1.9966431e+01   4.2367078e+02   6.8767439e-01
