   0.0000000e+00   1.6684082e+04   7.3935700e+01   7.3760700e+01   3.2030020e+02   3.1969810e+02   0.0000000e+00   0.0000000e+00   0.0000000e+00   0.0000000e+00   2.0019784e+05   3.0286043e+01   8.8348498e+00   8.6313548e+00   1.6842329e+01   1.5576746e+01   0.0000000e+00   0.0000000e+00   0.0000000e+00   0.0000000e+00   2.5440366e+01   0.0000000e+00
   8.3333330e-02   1.6275138e+04   7.1870500e+01   7.2310700e+01   3.1690860e+02   3.1875710e+02   5.5305000e+01   5.4178400e+01   1.7242470e+02   9.7782800e+01   2.0052673e+05   6.0599266e+01   9.1796381e+00   9.1349171e+00   2.3128250e+01   2.1038630e+01   7.4753972e+00   7.3281201e+00   1.3185519e+01   9.8752507e+00   4.0963572e+01   0.0000000e+00
   1.6666666e-01   1.5837019e+04   6.7853200e+01   6.8304500e+01   3.0425950e+02   3.1053040e+02   6.0631200e+01   6.0141200e+01   2.4216710e+02   2.0714990e+02   2.0085682e+05   9.5344469e+01   9.3021666e+00   9.2977322e+00   2.5764839e+01   2.4909932e+01   7.7951179e+00   7.7855330e+00   1.6586636e+01   1.5076855e+01   5.2356073e+01   0.0000000e+00
   2.4999999e-01   1.5419955e+04   6.2088200e+01   6.2829800e+01   2.8387490e+02   2.9352520e+02   6.2254700e+01   6.2313900e+01   2.6372370e+02   2.5124460e+02   2.0118689e+05   1.3064717e+02   9.1285899e+00   9.1494373e+00   2.6744483e+01   2.6736474e+01   7.9229101e+00   7.8000930e+00   1.6965540e+01   1.6401423e+01   6.1726571e+01   0.0000000e+00
   3.3333332e-01   1.5051759e+04   5.5445600e+01   5.6339900e+01   2.5733460e+02   2.7071460e+02   6.2723600e+01   6.2677600e+01   2.7023380e+02   2.6592640e+02   2.0151774e+05   1.6239687e+02   8.7337431e+00   8.8145299e+00   2.6677665e+01   2.7088793e+01   7.9832309e+00   8.0585701e+00   1.7025208e+01   1.7199941e+01   7.0282622e+01   0.0000000e+00
   4.1666665e-01   1.4743416e+04   4.8481000e+01   4.9238700e+01   2.2832640e+02   2.4279400e+02   6.2879600e+01   6.2640300e+01   2.7134910e+02   2.7021810e+02   2.0184840e+05   1.9249432e+02   8.2075316e+00   8.4673545e+00   2.5610159e+01   2.6810476e+01   7.8710037e+00   7.9589101e+00   1.7361347e+01   1.7179978e+01   7.5355763e+01   0.0000000e+00
   4.9999998e-01   1.4503045e+04   4.1607400e+01   4.2620700e+01   1.9847970e+02   2.1287110e+02   6.2637800e+01   6.2602400e+01   2.7122860e+02   2.7078510e+02   2.0218118e+05   2.1690847e+02   7.6355809e+00   7.6283845e+00   2.4115500e+01   2.5057455e+01   7.9724003e+00   7.8988071e+00   1.7302852e+01   1.7359460e+01   8.2841689e+01   0.0000000e+00
   5.8333331e-01   1.4306771e+04   3.5371400e+01   3.6014300e+01   1.7023800e+02   1.8430970e+02   6.2365900e+01   6.2116100e+01   2.7061980e+02   2.7036240e+02   2.0251442e+05   2.3306342e+02   6.9121516e+00   7.1163727e+00   2.2405605e+01   2.3563130e+01   7.8293133e+00   7.8792658e+00   1.7307137e+01   1.7315110e+01   8.7659745e+01   0.0000000e+00
   6.6666664e-01   1.4179077e+04   2.9651900e+01   3.0350400e+01   1.4389980e+02   1.5654550e+02   6.2131500e+01   6.2210900e+01   2.7006330e+02   2.7020320e+02   2.0284693e+05   2.5069122e+02   6.4177134e+00   6.4284642e+00   2.0315852e+01   2.1054284e+01   8.0140021e+00   7.8774632e+00   1.7381148e+01   1.7250225e+01   9.4006508e+01   0.0000000e+00
   7.4999997e-01   1.4097749e+04   2.4885300e+01   2.5319200e+01   1.2014280e+02   1.3186760e+02   6.2349400e+01   6.2019600e+01   2.6902580e+02   2.6944690e+02   2.0318190e+05   2.6173792e+02   5.8839108e+00   5.9624044e+00   1.8665054e+01   1.9603793e+01   7.8222783e+00   7.8760789e+00   1.6978379e+01   1.7620892e+01   9.8895904e+01   0.0000000e+00
   8.3333330e-01   1.4052923e+04   2.0731400e+01   2.1196000e+01   1.0074730e+02   1.1068990e+02   6.2169200e+01   6.2144700e+01   2.6947870e+02   2.6940840e+02   2.0351590e+05   2.6780226e+02   5.3715304e+00   5.4586229e+00   1.7502191e+01   1.8308065e+01   7.8375069e+00   7.8215522e+00   1.7545619e+01   1.7085526e+01   1.0470264e+02   0.0000000e+00
   9.1666663e-01   1.4044366e+04   1.7134700e+01   1.7583600e+01   8.3497500e+01   9.2034400e+01   6.2380200e+01   6.2051600e+01   2.6922450e+02   2.6932580e+02   2.0385071e+05   2.7613143e+02   4.9609895e+00   5.0202521e+00   1.6148265e+01   1.6996291e+01   7.9987778e+00   8.0129868e+00   1.7074901e+01   1.7152810e+01   1.0984810e+02   0.0000000e+00
   9.9999996e-01   1.4063055e+04   1.4242100e+01   1.4671300e+01   6.9771500e+01   7.7051200e+01   6.2243500e+01   6.2265900e+01   2.7014320e+02   2.6891280e+02   2.0418560e+05   2.8325429e+02   4.5771151e+00   4.5769806e+00   1.4844828e+01   1.5572669e+01   7.8455696e+00   7.9301757e+00   1.7094927e+01   1.7051407e+01   1.1443713e+02   0.0000000e+00
   1.0833333e+00   1.4091655e+04   1.1924600e+01   1.2142000e+01   5.7633900e+01   6.3760500e+01   6.2506000e+01   6.2676800e+01   2.6992140e+02   2.6936990e+02   2.0451925e+05   2.8414499e+02   4.1881104e+00   4.2557546e+00   1.3637730e+01   1.4392875e+01   7.9402436e+00   7.8845646e+00   1.7410972e+01   1.7182456e+01   1.1916224e+02   0.0000000e+00
   1.1666666e+00   1.4161155e+04   9.9098000e+00   1.0097400e+01   4.7873000e+01   5.3002800e+01   6.2564600e+01   6.2405800e+01   2.7047560e+02   2.7006930e+02   2.0485951e+05   2.9052429e+02   3.8752762e+00   3.8971569e+00   1.2535956e+01   1.3248817e+01   7.8638293e+00   7.9698732e+00   1.7308500e+01   1.7267256e+01   1.2086930e+02   0.0000000e+00
   1.2500000e+00   1.4219069e+04   8.2458000e+00   8.5174000e+00   4.0385200e+01   4.4342100e+01   6.2590300e+01   6.2707600e+01   2.7122150e+02   2.7026460e+02   2.0519631e+05   2.9172773e+02   3.5366698e+00   3.6218516e+00   1.1876486e+01   1.2355053e+01   8.0014779e+00   7.8749415e+00   1.6904077e+01   1.7429927e+01   1.2458479e+02   0.0000000e+00
   1.3333333e+00   1.4304979e+04   6.9913000e+00   7.1464000e+00   3.3620900e+01   3.6998100e+01   6.2863200e+01   6.2957700e+01   2.7183260e+02   2.7104940e+02   2.0553237e+05   2.8737794e+02   3.2548861e+00   3.3070622e+00   1.0863074e+01   1.1534184e+01   8.0206308e+00   7.9626033e+00   1.7186451e+01   1.7249305e+01   1.2976214e+02   0.0000000e+00
   1.4166666e+00   1.4395358e+04   5.9281000e+00   5.9729000e+00   2.8305600e+01   3.1048000e+01   6.3028100e+01   6.3135000e+01   2.7267350e+02   2.7201750e+02   2.0587077e+05   2.8868746e+02   3.0138080e+00   3.0572701e+00   1.0221333e+01   1.0851012e+01   7.9133541e+00   7.9765618e+00   1.7243458e+01   1.7376115e+01   1.3498881e+02   0.0000000e+00
   1.4999999e+00   1.4494167e+04   4.9995000e+00   5.0781000e+00   2.4007100e+01   2.6067400e+01   6.3120000e+01   6.3328600e+01   2.7344950e+02   2.7319430e+02   2.0621083e+05   2.9325850e+02   2.7668150e+00   2.7726827e+00   9.7474382e+00   9.9892060e+00   8.0377149e+00   7.9555987e+00   1.7295600e+01   1.7503074e+01   1.4013434e+02   0.0000000e+00
   1.5833333e+00   1.4596915e+04   4.2643000e+00   4.3867000e+00   2.0350600e+01   2.2137600e+01   6.3448000e+01   6.3327500e+01   2.7433740e+02   2.7349500e+02   2.0654961e+05   2.9066045e+02   2.6234202e+00   2.5750391e+00   9.0605237e+00   9.3358118e+00   7.8962479e+00   8.0707718e+00   1.7309365e+01   1.7142379e+01   1.4465871e+02   0.0000000e+00
   1.6666666e+00   1.4708255e+04   3.6633000e+00   3.8091000e+00   1.7641100e+01   1.9132200e+01   6.3777800e+01   6.3504400e+01   2.7513860e+02   2.7418980e+02   2.0688671e+05   2.8972419e+02   2.3613748e+00   2.4559032e+00   8.5197740e+00   8.6992006e+00   7.9532479e+00   8.0077958e+00   1.7186283e+01   1.7326494e+01   1.4822878e+02   0.0000000e+00
   1.7499999e+00   1.4816567e+04   3.2377000e+00   3.2222000e+00   1.4977000e+01   1.6248100e+01   6.3940200e+01   6.3758000e+01   2.7601700e+02   2.7514400e+02   2.0712684e+05   4.4298614e+02   2.2108115e+00   2.2134401e+00   7.9650622e+00   8.1514901e+00   8.1620271e+00   8.0566945e+00   1.8473490e+01   1.8475730e+01   4.6353432e+03   5.0000000e-04
   1.8333333e+00   1.4935743e+04   2.8237000e+00   2.8547000e+00   1.2929100e+01   1.4041200e+01   6.4022000e+01   6.4088100e+01   2.7658590e+02   2.7589560e+02   2.0736206e+05   5.5361294e+02   2.0414297e+00   2.0580115e+00   7.1718350e+00   7.6301196e+00   8.1643115e+00   8.2772332e+00   1.9469775e+01   1.9418342e+01   6.5628136e+03   1.0000000e-03
   1.9166666e+00   1.5022686e+04   2.4680000e+00   2.5204000e+00   1.1444600e+01   1.2142500e+01   6.4110700e+01   6.4008300e+01   2.7704150e+02   2.7683710e+02   2.0726254e+05   8.8553989e+02   1.9416882e+00   1.9695105e+00   6.9656143e+00   7.1379051e+00   8.7136926e+00   8.8384412e+00   2.3401918e+01   2.3231826e+01   1.1559489e+04   3.1000000e-03
   1.9999999e+00   1.5072902e+04   2.2194000e+00   2.2613000e+00   1.0181600e+01   1.0849700e+01   6.3871400e+01   6.4126100e+01   2.7687530e+02   2.7601590e+02   2.0658376e+05   1.3840275e+03   1.8207677e+00   1.8454167e+00   6.6572106e+00   6.8614734e+00   9.7702819e+00   9.8818907e+00   3.0231585e+01   3.0283117e+01   1.8553427e+04   8.0000000e-03
   2.0833333e+00   1.5079504e+04   1.9244000e+00   1.9769000e+00   8.7863000e+00   9.3657000e+00   6.3644200e+01   6.3843000e+01   2.7531950e+02   2.7490570e+02   2.0534030e+05   1.9198473e+03   1.6750419e+00   1.6914646e+00   6.2918512e+00   6.3205980e+00   1.1315530e+01   1.1271089e+01   3.8829118e+01   3.8694024e+01   2.5851241e+04   1.5600000e-02
   2.1666666e+00   1.4986148e+04   1.7625000e+00   1.7743000e+00   7.7618000e+00   8.2708000e+00   6.2966700e+01   6.3060300e+01   2.7224300e+02   2.7152060e+02   2.0271149e+05   2.6409914e+03   1.6223924e+00   1.6379340e+00   5.7876775e+00   5.9307322e+00   1.3648473e+01   1.3731399e+01   5.0868974e+01   5.0632969e+01   3.5528965e+04   2.9800000e-02
   2.2499999e+00   1.4791022e+04   1.6119000e+00   1.6374000e+00   7.1696000e+00   7.5723000e+00   6.2121300e+01   6.1797000e+01   2.6766110e+02   2.6703310e+02   1.9892312e+05   3.3866536e+03   1.5414655e+00   1.5720586e+00   5.5471175e+00   5.7168909e+00   1.6189601e+01   1.6156550e+01   6.3446343e+01   6.3286818e+01   4.5397970e+04   4.9500000e-02
   2.3333332e+00   1.4663898e+04   1.4678000e+00   1.4911000e+00   6.5818000e+00   6.8118000e+00   6.0922500e+01   6.1097600e+01   2.6405250e+02   2.6312360e+02   1.9589542e+05   3.8917127e+03   1.4849861e+00   1.4856451e+00   5.3962599e+00   5.4544437e+00   1.7934744e+01   1.7922131e+01   7.1900476e+01   7.1782719e+01   5.1865587e+04   6.5500000e-02
   2.4166666e+00   1.4438263e+04   1.3963000e+00   1.3794000e+00   5.9730000e+00   6.3325000e+00   5.9622800e+01   5.9947400e+01   2.5909270e+02   2.5776700e+02   1.9174400e+05   4.4592895e+03   1.4187486e+00   1.4329902e+00   5.0660673e+00   5.2891532e+00   1.9946997e+01   2.0072850e+01   8.1553484e+01   8.1249873e+01   5.9118335e+04   8.6800000e-02
   2.4999999e+00   1.4229636e+04   1.3175000e+00   1.3093000e+00   5.6225000e+00   5.7785000e+00   5.9029400e+01   5.8886100e+01   2.5476250e+02   2.5357670e+02   1.8793624e+05   4.9174651e+03   1.3885556e+00   1.3782683e+00   5.0269196e+00   5.0504642e+00   2.1718336e+01   2.1750307e+01   8.9537681e+01   8.9065466e+01   6.4853438e+04   1.0640000e-01
   2.5833332e+00   1.3960242e+04   1.1989000e+00   1.2255000e+00   5.1269000e+00   5.3761000e+00   5.7476100e+01   5.7417600e+01   2.4841270e+02   2.4769510e+02   1.8314876e+05   5.4169016e+03   1.3528939e+00   1.3467855e+00   4.8948537e+00   4.9564004e+00   2.3549643e+01   2.3511067e+01   9.7673978e+01   9.7449467e+01   7.0988625e+04   1.3060000e-01
   2.6666666e+00   1.3685358e+04   1.1099000e+00   1.1037000e+00   4.7542000e+00   4.9227000e+00   5.6265700e+01   5.6000700e+01   2.4202200e+02   2.4137320e+02   1.7849663e+05   5.8466648e+03   1.3112566e+00   1.3103885e+00   4.6909469e+00   4.7142706e+00   2.5205873e+01   2.5066127e+01   1.0461690e+02   1.0429471e+02   7.6189431e+04   1.5410000e-01
   2.7499999e+00   1.3447259e+04   1.0692000e+00   1.1017000e+00   4.6023000e+00   4.7577000e+00   5.4830600e+01   5.4730600e+01   2.3699540e+02   2.3638860e+02   1.7439221e+05   6.1964389e+03   1.2612575e+00   1.3042727e+00   4.7039927e+00   4.7963831e+00   2.6271120e+01   2.6271407e+01   1.1031198e+02   1.1003111e+02   8.0295550e+04   1.7490000e-01
   2.8333332e+00   1.3113298e+04   1.0600000e+00   1.0576000e+00   4.3727000e+00   4.5434000e+00   5.3354100e+01   5.3261100e+01   2.3039190e+02   2.2998280e+02   1.6913461e+05   6.5838700e+03   1.3054388e+00   1.2931548e+00   4.6763214e+00   4.7018430e+00   2.7774489e+01   2.7713652e+01   1.1670148e+02   1.1651133e+02   8.4862337e+04   2.0110000e-01
   2.9166665e+00   1.2805757e+04   1.0061000e+00   1.0148000e+00   4.2538000e+00   4.3757000e+00   5.2071100e+01   5.1891200e+01   2.2397170e+02   2.2351050e+02   1.6422207e+05   6.9161121e+03   1.2846119e+00   1.2952022e+00   4.6926738e+00   4.6929683e+00   2.9044521e+01   2.8976817e+01   1.2191664e+02   1.2165315e+02   8.8642303e+04   2.2560000e-01
   2.9999999e+00   1.2462183e+04   9.7290000e-01   9.8090000e-01   4.0373000e+00   4.1825000e+00   5.0388000e+01   5.0166300e+01   2.1705510e+02   2.1687520e+02   1.5892853e+05   7.2334802e+03   1.3015894e+00   1.2922470e+00   4.6024805e+00   4.6724273e+00   3.0068423e+01   2.9981380e+01   1.2686758e+02   1.2676343e+02   9.2202655e+04   2.5180000e-01
   3.0833332e+00   1.2099904e+04   9.2960000e-01   9.2460000e-01   3.9150000e+00   3.9921000e+00   4.8590600e+01   4.8644800e+01   2.0995200e+02   2.0959730e+02   1.5350757e+05   7.5211950e+03   1.2405635e+00   1.2575663e+00   4.6240797e+00   4.5847944e+00   3.0959248e+01   3.1044349e+01   1.3133432e+02   1.3114289e+02   9.5377674e+04   2.7850000e-01
   3.1666665e+00   1.1786485e+04   9.2790000e-01   9.0090000e-01   3.8436000e+00   3.8772000e+00   4.7177000e+01   4.7190100e+01   2.0367400e+02   2.0328570e+02   1.4872869e+05   7.7580471e+03   1.2551730e+00   1.2233678e+00   4.6187306e+00   4.5621707e+00   3.1803657e+01   3.1799957e+01   1.3481759e+02   1.3462220e+02   9.7857916e+04   3.0210000e-01
   3.2499999e+00   1.1481396e+04   8.9860000e-01   8.7690000e-01   3.7191000e+00   3.7728000e+00   4.5708000e+01   4.5685100e+01   1.9845820e+02   1.9712340e+02   1.4416844e+05   7.9628639e+03   1.2938645e+00   1.2452716e+00   4.7151690e+00   4.6051385e+00   3.2407603e+01   3.2380083e+01   1.3837192e+02   1.3745525e+02   9.9950819e+04   3.2460000e-01
   3.3333332e+00   1.1159468e+04   8.3040000e-01   8.6130000e-01   3.5318000e+00   3.5707000e+00   4.4456800e+01   4.4523200e+01   1.9186910e+02   1.9150880e+02   1.3942238e+05   8.1542698e+03   1.2450666e+00   1.2815719e+00   4.5964444e+00   4.6001867e+00   3.3113964e+01   3.3204498e+01   1.4092803e+02   1.4064779e+02   1.0184155e+05   3.4790000e-01
   3.4166665e+00   1.0848023e+04   8.4790000e-01   8.4300000e-01   3.5722000e+00   3.6605000e+00   4.2853100e+01   4.3088000e+01   1.8596990e+02   1.8570350e+02   1.3489827e+05   8.3181567e+03   1.2805974e+00   1.2621847e+00   4.7682765e+00   4.7882494e+00   3.3511551e+01   3.3717283e+01   1.4327260e+02   1.4311007e+02   1.0340759e+05   3.7010000e-01
   3.4999999e+00   1.0541246e+04   8.1920000e-01   8.2010000e-01   3.4524000e+00   3.5278000e+00   4.1710600e+01   4.1601500e+01   1.8016830e+02   1.7958010e+02   1.3042261e+05   8.4668348e+03   1.2769003e+00   1.2966511e+00   4.7601051e+00   4.7591903e+00   3.4143779e+01   3.4030350e+01   1.4534043e+02   1.4490753e+02   1.0472888e+05   3.9200000e-01
   3.5833332e+00   1.0261069e+04   8.4490000e-01   8.5330000e-01   3.4562000e+00   3.5228000e+00   4.0403300e+01   4.0388300e+01   1.7475770e+02   1.7381040e+02   1.2629539e+05   8.5952798e+03   1.3068339e+00   1.3007491e+00   4.9261251e+00   4.8692146e+00   3.4419118e+01   3.4409966e+01   1.4698515e+02   1.4623969e+02   1.0576671e+05   4.1220000e-01
   3.6666665e+00   1.0020024e+04   8.3290000e-01   8.4300000e-01   3.4446000e+00   3.4732000e+00   3.9375400e+01   3.9285100e+01   1.6999690e+02   1.6989770e+02   1.2282586e+05   8.6930276e+03   1.3342247e+00   1.3494195e+00   5.0170158e+00   4.9722786e+00   3.4718042e+01   3.4649982e+01   1.4808060e+02   1.4802309e+02   1.0653410e+05   4.2930000e-01
   3.7499998e+00   9.7569262e+03   8.7530000e-01   8.6330000e-01   3.5659000e+00   3.5416000e+00   3.8144100e+01   3.8157200e+01   1.6487200e+02   1.6449300e+02   1.1903988e+05   8.7887036e+03   1.3801958e+00   1.3681375e+00   5.2248433e+00   5.0706055e+00   3.4901873e+01   3.4903726e+01   1.4911054e+02   1.4875899e+02   1.0720343e+05   4.4780000e-01
   3.8333332e+00   9.4678713e+03   8.6020000e-01   8.4480000e-01   3.5302000e+00   3.4995000e+00   3.7027100e+01   3.6925900e+01   1.5948230e+02   1.5900070e+02   1.1500417e+05   8.8717021e+03   1.4097002e+00   1.4124845e+00   5.2816927e+00   5.1545763e+00   3.5212869e+01   3.5125671e+01   1.5001432e+02   1.4956248e+02   1.0774067e+05   4.6740000e-01
   3.9166665e+00   9.1999810e+03   8.4230000e-01   8.6650000e-01   3.5451000e+00   3.5529000e+00   3.5692500e+01   3.5660200e+01   1.5474860e+02   1.5408150e+02   1.1123747e+05   8.9426371e+03   1.4078455e+00   1.4247388e+00   5.2937103e+00   5.2467852e+00   3.5214516e+01   3.5167681e+01   1.5094494e+02   1.5031827e+02   1.0810585e+05   4.8570000e-01
   3.9999998e+00   8.8004655e+03   8.5580000e-01   8.8280000e-01   3.5948000e+00   3.5903000e+00   3.4173400e+01   3.4129800e+01   1.4758670e+02   1.4739860e+02   1.0598571e+05   8.9946869e+03   1.4324146e+00   1.4852895e+00   5.5281162e+00   5.4293824e+00   3.5425226e+01   3.5354897e+01   1.5136213e+02   1.5117035e+02   1.0830582e+05   5.1080000e-01
   4.0833332e+00   8.6374132e+03   8.8420000e-01   8.9380000e-01   3.7152000e+00   3.6975000e+00   3.3524100e+01   3.3278300e+01   1.4440790e+02   1.4380200e+02   1.0357453e+05   9.0407981e+03   1.4628754e+00   1.4732748e+00   5.5468338e+00   5.4949989e+00   3.5557934e+01   3.5305216e+01   1.5163771e+02   1.5104412e+02   1.0839413e+05   5.2270000e-01
   4.1666665e+00   8.1574531e+03   9.0880000e-01   8.8450000e-01   3.7885000e+00   3.7449000e+00   3.1429800e+01   3.1411200e+01   1.3609320e+02   1.3541760e+02   9.7512177e+04   9.0458017e+03   1.5267337e+00   1.4920397e+00   5.7457175e+00   5.5844554e+00   3.5294014e+01   3.5276045e+01   1.5140825e+02   1.5064443e+02   1.0811472e+05   5.5140000e-01
   4.2499998e+00   8.0699952e+03   9.3480000e-01   9.6560000e-01   4.0566000e+00   3.9964000e+00   3.1142100e+01   3.0958700e+01   1.3448230e+02   1.3378450e+02   9.6082004e+04   9.0819719e+03   1.5895287e+00   1.6394162e+00   6.1610058e+00   6.0458450e+00   3.5478726e+01   3.5308428e+01   1.5184629e+02   1.5103989e+02   1.0811517e+05   5.5870000e-01
   4.3333332e+00   7.9451274e+03   9.8310000e-01   9.7130000e-01   4.0680000e+00   4.0775000e+00   3.0619000e+01   3.0486000e+01   1.3200390e+02   1.3213860e+02   9.4298125e+04   9.1046561e+03   1.7068995e+00   1.6625741e+00   6.4263291e+00   6.3148936e+00   3.5500209e+01   3.5382089e+01   1.5171333e+02   1.5191497e+02   1.0804474e+05   5.6760000e-01
   4.4166665e+00   7.8835069e+03   1.0621000e+00   1.0197000e+00   4.3048000e+00   4.3245000e+00   3.0416200e+01   3.0296100e+01   1.3079010e+02   1.3045980e+02   9.3275024e+04   9.1340600e+03   1.8205425e+00   1.7601766e+00   6.8376145e+00   6.7905531e+00   3.5665372e+01   3.5541718e+01   1.5197767e+02   1.5162979e+02   1.0805652e+05   5.7300000e-01
   4.4999998e+00   7.8033622e+03   1.0699000e+00   1.0551000e+00   4.3855000e+00   4.3040000e+00   2.9814600e+01   2.9884700e+01   1.2922070e+02   1.2873590e+02   9.1955315e+04   9.1661235e+03   1.8632663e+00   1.8462407e+00   7.0801344e+00   6.9396974e+00   3.5447009e+01   3.5537914e+01   1.5223936e+02   1.5169212e+02   1.0799933e+05   5.7970000e-01
   4.5833331e+00   7.7647294e+03   1.0951000e+00   1.1094000e+00   4.5159000e+00   4.5024000e+00   2.9791000e+01   2.9635300e+01   1.2849230e+02   1.2809620e+02   9.1227839e+04   9.1959817e+03   1.9206314e+00   1.9430412e+00   7.3829938e+00   7.3186987e+00   3.5708932e+01   3.5500038e+01   1.5261453e+02   1.5217785e+02   1.0802923e+05   5.8370000e-01
   4.6666665e+00   7.7078382e+03   1.1563000e+00   1.1202000e+00   4.6221000e+00   4.5453000e+00   2.9481700e+01   2.9310500e+01   1.2693870e+02   1.2684550e+02   9.0301425e+04   9.2211985e+03   2.0397270e+00   1.9736113e+00   7.6145972e+00   7.3827772e+00   3.5685344e+01   3.5488686e+01   1.5231477e+02   1.5222087e+02   1.0801768e+05   5.8860000e-01
   4.7499998e+00   7.6548082e+03   1.1482000e+00   1.1514000e+00   4.7062000e+00   4.6642000e+00   2.9173100e+01   2.9137900e+01   1.2588760e+02   1.2560700e+02   8.9436750e+04   9.2452679e+03   2.0344165e+00   2.0338859e+00   7.8877312e+00   7.7270699e+00   3.5643181e+01   3.5583894e+01   1.5250561e+02   1.5213477e+02   1.0800612e+05   5.9320000e-01
   4.8333331e+00   7.5713259e+03   1.2000000e+00   1.2011000e+00   4.8855000e+00   4.8446000e+00   2.8692500e+01   2.8739200e+01   1.2414820e+02   1.2380060e+02   8.8176066e+04   9.2668252e+03   2.1466394e+00   2.1166735e+00   8.2559679e+00   8.0527595e+00   3.5524534e+01   3.5565976e+01   1.5239453e+02   1.5198219e+02   1.0790878e+05   5.9960000e-01
   4.9166665e+00   7.4910321e+03   1.2221000e+00   1.1988000e+00   5.0351000e+00   4.9141000e+00   2.8425800e+01   2.8352500e+01   1.2272520e+02   1.2248270e+02   8.6996931e+04   9.2840924e+03   2.2115290e+00   2.1887799e+00   8.6260831e+00   8.3693086e+00   3.5622355e+01   3.5539631e+01   1.5252991e+02   1.5223534e+02   1.0780792e+05   6.0560000e-01
   4.9999998e+00   7.3932066e+03   1.2566000e+00   1.2959000e+00   5.2999000e+00   5.1717000e+00   2.8007000e+01   2.7894600e+01   1.2063350e+02   1.2052060e+02   8.5613785e+04   9.2966067e+03   2.2994967e+00   2.3895845e+00   9.1358254e+00   8.8482568e+00   3.5607375e+01   3.5481045e+01   1.5212872e+02   1.5197749e+02   1.0764235e+05   6.1250000e-01
   5.0833331e+00   7.2996272e+03   1.3241000e+00   1.3548000e+00   5.5289000e+00   5.4428000e+00   2.7623300e+01   2.7572600e+01   1.1918170e+02   1.1888160e+02   8.4317336e+04   9.3058279e+03   2.4018401e+00   2.4443229e+00   9.5067556e+00   9.2288702e+00   3.5590356e+01   3.5533077e+01   1.5236507e+02   1.5199974e+02   1.0747859e+05   6.1900000e-01
   5.1666665e+00   7.2004619e+03   1.4335000e+00   1.3929000e+00   5.8626000e+00   5.7173000e+00   2.7067000e+01   2.7054700e+01   1.1722020e+02   1.1724840e+02   8.3033066e+04   9.3051997e+03   2.5849654e+00   2.4945043e+00   1.0057139e+01   9.6496991e+00   3.5351706e+01   3.5337139e+01   1.5190369e+02   1.5195446e+02   1.0729226e+05   6.2540000e-01
   5.2499998e+00   7.1092229e+03   1.4641000e+00   1.4410000e+00   6.1263000e+00   6.0567000e+00   2.6807500e+01   2.6737700e+01   1.1554540e+02   1.1523950e+02   8.1769774e+04   9.3120909e+03   2.6791471e+00   2.6577105e+00   1.0779136e+01   1.0537267e+01   3.5469715e+01   3.5395045e+01   1.5174345e+02   1.5133032e+02   1.0709511e+05   6.3170000e-01
   5.3333331e+00   7.0213038e+03   1.5218000e+00   1.5039000e+00   6.2688000e+00   6.1312000e+00   2.6434600e+01   2.6370300e+01   1.1419960e+02   1.1385790e+02   8.0610278e+04   9.3127468e+03   2.8058354e+00   2.7864603e+00   1.0953317e+01   1.0655456e+01   3.5422874e+01   3.5349800e+01   1.5186572e+02   1.5141534e+02   1.0690519e+05   6.3750000e-01
   5.4166665e+00   6.9214706e+03   1.5826000e+00   1.5747000e+00   6.5316000e+00   6.3278000e+00   2.6153800e+01   2.5982400e+01   1.1246880e+02   1.1212750e+02   7.9319700e+04   9.3088448e+03   2.8935470e+00   2.8723240e+00   1.1502149e+01   1.1114194e+01   3.5524762e+01   3.5329994e+01   1.5165811e+02   1.5121503e+02   1.0666614e+05   6.4390000e-01
   5.4999998e+00   6.8337426e+03   1.6533000e+00   1.6377000e+00   6.9593000e+00   6.7607000e+00   2.5735000e+01   2.5649000e+01   1.1081790e+02   1.1058950e+02   7.8181072e+04   9.3062876e+03   3.0379964e+00   2.9997564e+00   1.2093001e+01   1.1790400e+01   3.5413398e+01   3.5279545e+01   1.5130644e+02   1.5097847e+02   1.0645471e+05   6.4960000e-01
   5.5833331e+00   6.7393816e+03   1.7418000e+00   1.7496000e+00   7.3321000e+00   7.1853000e+00   2.5277600e+01   2.5154700e+01   1.0949830e+02   1.0884900e+02   7.6944729e+04   9.3022071e+03   3.1771595e+00   3.2209529e+00   1.2804757e+01   1.2551785e+01   3.5273945e+01   3.5060654e+01   1.5152709e+02   1.5062527e+02   1.0619040e+05   6.5570000e-01
   5.6666664e+00   6.6498353e+03   1.8540000e+00   1.8333000e+00   7.7495000e+00   7.5309000e+00   2.4953700e+01   2.4932800e+01   1.0769440e+02   1.0766680e+02   7.5819310e+04   9.2937442e+03   3.4177847e+00   3.4193684e+00   1.3650626e+01   1.3247890e+01   3.5221806e+01   3.5199804e+01   1.5088858e+02   1.5084418e+02   1.0594825e+05   6.6130000e-01
   5.7499998e+00   6.5789846e+03   2.0190000e+00   2.0041000e+00   8.3308000e+00   8.1296000e+00   2.4605200e+01   2.4639400e+01   1.0633760e+02   1.0613130e+02   7.4956933e+04   9.2858833e+03   3.6913414e+00   3.6464521e+00   1.4548255e+01   1.4176802e+01   3.5054669e+01   3.5131638e+01   1.5046337e+02   1.5013616e+02   1.0578040e+05   6.6570000e-01
   5.8333331e+00   6.4571308e+03   2.1537000e+00   2.1309000e+00   8.9429000e+00   8.7252000e+00   2.4072200e+01   2.4125400e+01   1.0469480e+02   1.0439810e+02   7.3531249e+04   9.2570541e+03   3.9225521e+00   3.8307222e+00   1.5413040e+01   1.5097188e+01   3.4855721e+01   3.4921011e+01   1.5046829e+02   1.5006138e+02   1.0539824e+05   6.7260000e-01
   5.9166664e+00   6.3812508e+03   2.2278000e+00   2.2600000e+00   9.3507000e+00   9.1370000e+00   2.3867900e+01   2.3756700e+01   1.0333080e+02   1.0281040e+02   7.2595312e+04   9.2469417e+03   4.0450394e+00   4.0915124e+00   1.6291073e+01   1.5828009e+01   3.4912286e+01   3.4781787e+01   1.5010052e+02   1.4933627e+02   1.0517729e+05   6.7730000e-01
   5.9999998e+00   6.2982679e+03   2.4004000e+00   2.3518000e+00   1.0059000e+01   9.6051000e+00   2.3566700e+01   2.3517400e+01   1.0171710e+02   1.0180730e+02   7.1633536e+04   9.2280230e+03   4.2932416e+00   4.2424093e+00   1.7292219e+01   1.6531820e+01   3.4865532e+01   3.4799146e+01   1.4936382e+02   1.4949568e+02   1.0493432e+05   6.8210000e-01
   6.0833331e+00   6.2395639e+03   2.5773000e+00   2.5581000e+00   1.0566700e+01   1.0382200e+01   2.3167800e+01   2.3234000e+01   1.0103290e+02   1.0097010e+02   7.1023728e+04   9.2099466e+03   4.6351454e+00   4.5940543e+00   1.8237692e+01   1.7863590e+01   3.4514895e+01   3.4616283e+01   1.4946396e+02   1.4941870e+02   1.0481365e+05   6.8530000e-01
   6.1666664e+00   6.1989859e+03   2.6075000e+00   2.6307000e+00   1.1046600e+01   1.0804600e+01   2.3244300e+01   2.3258200e+01   1.0056070e+02   9.9911900e+01   7.0510783e+04   9.2099054e+03   4.6177241e+00   4.6899379e+00   1.8961640e+01   1.8556801e+01   3.4884617e+01   3.4882136e+01   1.4972858e+02   1.4877929e+02   1.0473601e+05   6.8810000e-01
   6.2499998e+00   6.1681078e+03   2.8036000e+00   2.8141000e+00   1.1801800e+01   1.1438900e+01   2.3078800e+01   2.3062300e+01   9.9458400e+01   9.9590100e+01   7.0171337e+04   9.2069480e+03   4.9784441e+00   5.0050621e+00   2.0209022e+01   1.9549463e+01   3.4781963e+01   3.4755852e+01   1.4879806e+02   1.4900516e+02   1.0471946e+05   6.9010000e-01
   6.3333331e+00   6.1261581e+03   2.8769000e+00   2.8691000e+00   1.2135600e+01   1.1812500e+01   2.2953500e+01   2.2983900e+01   9.9022300e+01   9.8909500e+01   6.9695526e+04   9.2002642e+03   5.1829753e+00   5.1472531e+00   2.1027407e+01   2.0405920e+01   3.4787810e+01   3.4844286e+01   1.4906740e+02   1.4888739e+02   1.0464503e+05   6.9270000e-01
   6.4166664e+00   6.0874827e+03   3.1574000e+00   3.0668000e+00   1.3000700e+01   1.2541200e+01   2.2818000e+01   2.2768600e+01   9.8617200e+01   9.8434100e+01   6.9289821e+04   9.1920582e+03   5.6575636e+00   5.4840993e+00   2.2523642e+01   2.1703792e+01   3.4757691e+01   3.4682407e+01   1.4924416e+02   1.4897090e+02   1.0460064e+05   6.9500000e-01
   6.4999997e+00   6.0462878e+03   3.2292000e+00   3.2092000e+00   1.3506000e+01   1.3184800e+01   2.2569900e+01   2.2721700e+01   9.7680200e+01   9.7845900e+01   6.8851882e+04   9.1821199e+03   5.7898894e+00   5.7398197e+00   2.3487787e+01   2.2863056e+01   3.4596725e+01   3.4817709e+01   1.4864822e+02   1.4893694e+02   1.0453092e+05   6.9740000e-01
   6.5833331e+00   6.0207163e+03   3.3817000e+00   3.4202000e+00   1.4157800e+01   1.3972400e+01   2.2529300e+01   2.2711200e+01   9.7638000e+01   9.7152800e+01   6.8671263e+04   9.1716432e+03   6.1201267e+00   6.1172031e+00   2.4663770e+01   2.4350645e+01   3.4642612e+01   3.4912744e+01   1.4906795e+02   1.4832192e+02   1.0457871e+05   6.9870000e-01
   6.6666664e+00   6.0048347e+03   3.5367000e+00   3.5449000e+00   1.5050200e+01   1.4746100e+01   2.2573200e+01   2.2524500e+01   9.7268800e+01   9.7610300e+01   6.8602798e+04   9.1651979e+03   6.2971913e+00   6.3053279e+00   2.6088563e+01   2.5493494e+01   3.4759834e+01   3.4698764e+01   1.4877802e+02   1.4931073e+02   1.0467330e+05   6.9950000e-01
   6.7499997e+00   5.9927702e+03   3.6462000e+00   3.6836000e+00   1.5438400e+01   1.5068200e+01   2.2431700e+01   2.2475300e+01   9.7201800e+01   9.6899300e+01   6.8510592e+04   9.1665960e+03   6.5527185e+00   6.5967600e+00   2.6930387e+01   2.6186411e+01   3.4631588e+01   3.4704355e+01   1.4899039e+02   1.4853087e+02   1.0475683e+05   7.0040000e-01
   6.8333331e+00   5.9787565e+03   3.7620000e+00   3.8335000e+00   1.6033900e+01   1.5757800e+01   2.2512400e+01   2.2398300e+01   9.7026200e+01   9.6704600e+01   6.8464212e+04   9.1610943e+03   6.7063144e+00   6.8454265e+00   2.7972211e+01   2.7440245e+01   3.4802701e+01   3.4644608e+01   1.4897732e+02   1.4850043e+02   1.0486078e+05   7.0110000e-01
   6.9166664e+00   5.9516358e+03   4.0547000e+00   3.9663000e+00   1.7024700e+01   1.6634800e+01   2.2360800e+01   2.2352000e+01   9.6894000e+01   9.6762800e+01   6.8343800e+04   9.1415074e+03   7.2082941e+00   7.0559013e+00   2.9428134e+01   2.8785390e+01   3.4648603e+01   3.4638272e+01   1.4911670e+02   1.4893409e+02   1.0492664e+05   7.0210000e-01
   6.9999997e+00   5.9475117e+03   4.1027000e+00   4.0970000e+00   1.7243900e+01   1.7114500e+01   2.2286900e+01   2.2439800e+01   9.6759700e+01   9.6688800e+01   6.8320334e+04   9.1489780e+03   7.2645874e+00   7.2853482e+00   2.9910204e+01   2.9698145e+01   3.4599244e+01   3.4824193e+01   1.4914847e+02   1.4902245e+02   1.0504125e+05   7.0270000e-01
   7.0833331e+00   5.9181253e+03   4.2663000e+00   4.2564000e+00   1.8075300e+01   1.7825900e+01   2.2230000e+01   2.2226600e+01   9.6789500e+01   9.6604000e+01   6.8292637e+04   9.1169908e+03   7.5521181e+00   7.5454326e+00   3.1162127e+01   3.0750807e+01   3.4560384e+01   3.4540483e+01   1.4940167e+02   1.4910640e+02   1.0514964e+05   7.0330000e-01
   7.1666664e+00   5.8984797e+03   4.4558000e+00   4.4043000e+00   1.8744600e+01   1.8467100e+01   2.2386800e+01   2.2360400e+01   9.6653200e+01   9.6592000e+01   6.8200551e+04   9.1065782e+03   7.8105664e+00   7.7399246e+00   3.2177876e+01   3.1709993e+01   3.4882902e+01   3.4817638e+01   1.4951181e+02   1.4939565e+02   1.0523476e+05   7.0420000e-01
   7.2499997e+00   5.8926647e+03   4.5017000e+00   4.5551000e+00   1.9229700e+01   1.8843100e+01   2.2338800e+01   2.2241000e+01   9.6495200e+01   9.6269700e+01   6.8271211e+04   9.1024535e+03   7.9379908e+00   8.0451374e+00   3.3047486e+01   3.2470287e+01   3.4805031e+01   3.4655167e+01   1.4932312e+02   1.4899653e+02   1.0539439e+05   7.0440000e-01
   7.3333330e+00   5.8688102e+03   4.6848000e+00   4.6119000e+00   1.9743500e+01   1.9598900e+01   2.2259500e+01   2.2254100e+01   9.6350700e+01   9.6367400e+01   6.8249913e+04   9.0786907e+03   8.2000959e+00   8.0914786e+00   3.3774638e+01   3.3416563e+01   3.4719863e+01   3.4737588e+01   1.4932684e+02   1.4934505e+02   1.0551351e+05   7.0500000e-01
   7.4166664e+00   5.8552188e+03   4.7165000e+00   4.7038000e+00   2.0113800e+01   1.9926000e+01   2.2288700e+01   2.2200700e+01   9.6476400e+01   9.6536500e+01   6.8313635e+04   9.0625832e+03   8.2595127e+00   8.2544703e+00   3.4420638e+01   3.3976630e+01   3.4793692e+01   3.4673074e+01   1.4958924e+02   1.4970012e+02   1.0566284e+05   7.0520000e-01
   7.4999997e+00   5.8475348e+03   4.8151000e+00   4.7881000e+00   2.0614400e+01   2.0429800e+01   2.2263600e+01   2.2249100e+01   9.6285300e+01   9.6163100e+01   6.8383840e+04   9.0557381e+03   8.3917790e+00   8.3916173e+00   3.5345662e+01   3.5050040e+01   3.4767427e+01   3.4754298e+01   1.4937656e+02   1.4916690e+02   1.0582234e+05   7.0540000e-01
   7.5833330e+00   5.8390330e+03   4.8262000e+00   4.9121000e+00   2.0886100e+01   2.0761400e+01   2.2264800e+01   2.2234400e+01   9.6902500e+01   9.6431300e+01   6.8447320e+04   9.0469437e+03   8.4323961e+00   8.5241797e+00   3.5546365e+01   3.5276512e+01   3.4785346e+01   3.4757268e+01   1.5041077e+02   1.4966179e+02   1.0597156e+05   7.0560000e-01
   7.6666664e+00   5.8193125e+03   5.0164000e+00   4.9422000e+00   2.1345000e+01   2.1197500e+01   2.2245900e+01   2.2358400e+01   9.6754400e+01   9.6627900e+01   6.8518470e+04   9.0215054e+03   8.7068888e+00   8.6215017e+00   3.6192955e+01   3.6003657e+01   3.4780348e+01   3.4955408e+01   1.5024328e+02   1.5004785e+02   1.0613282e+05   7.0580000e-01
   7.7499997e+00   5.8161380e+03   5.0226000e+00   4.9709000e+00   2.1396700e+01   2.1265100e+01   2.2320100e+01   2.2343900e+01   9.6638500e+01   9.6443100e+01   6.8606588e+04   9.0191223e+03   8.7359671e+00   8.6646847e+00   3.6470831e+01   3.6279218e+01   3.4900680e+01   3.4963102e+01   1.5009004e+02   1.4979159e+02   1.0629492e+05   7.0590000e-01
   7.8333330e+00   5.8056390e+03   4.9907000e+00   4.9824000e+00   2.1374700e+01   2.1535000e+01   2.2261300e+01   2.2332700e+01   9.6462700e+01   9.6339700e+01   6.8720127e+04   9.0036521e+03   8.7354590e+00   8.7070357e+00   3.6426792e+01   3.6761623e+01   3.4815442e+01   3.4909851e+01   1.4980706e+02   1.4964184e+02   1.0647083e+05   7.0590000e-01
   7.9166664e+00   5.7946264e+03   5.0748000e+00   5.0925000e+00   2.1941500e+01   2.1750400e+01   2.2398300e+01   2.2187500e+01   9.6669200e+01   9.6583800e+01   6.8823042e+04   8.9867205e+03   8.7878739e+00   8.8596610e+00   3.7169170e+01   3.6845136e+01   3.5030406e+01   3.4693736e+01   1.5014189e+02   1.5001857e+02   1.0663029e+05   7.0590000e-01
   7.9999997e+00   5.7917898e+03   5.1744000e+00   5.1216000e+00   2.2315900e+01   2.2185600e+01   2.2304100e+01   2.2287300e+01   9.6776900e+01   9.6505600e+01   6.8939131e+04   8.9827702e+03   8.9359034e+00   8.8721184e+00   3.7803267e+01   3.7503896e+01   3.4892944e+01   3.4844253e+01   1.5031694e+02   1.4988391e+02   1.0681015e+05   7.0590000e-01
   8.0833330e+00   5.7905957e+03   5.0677000e+00   5.1306000e+00   2.2014800e+01   2.1947900e+01   2.2344600e+01   2.2344600e+01   9.6713000e+01   9.6593200e+01   6.9049661e+04   8.9810517e+03   8.7891548e+00   8.9158899e+00   3.7457940e+01   3.7300085e+01   3.4930438e+01   3.4944115e+01   1.5023065e+02   1.5004371e+02   1.0698138e+05   7.0590000e-01
   8.1666663e+00   5.7705299e+03   5.0246000e+00   5.1578000e+00   2.2079600e+01   2.2196700e+01   2.2350300e+01   2.2416900e+01   9.6898200e+01   9.6570200e+01   6.9156153e+04   8.9498287e+03   8.7530827e+00   9.0450031e+00   3.7685943e+01   3.7687664e+01   3.4951125e+01   3.5050286e+01   1.5049081e+02   1.4999387e+02   1.0714638e+05   7.0590000e-01
   8.2499997e+00   5.7560581e+03   5.0924000e+00   5.0902000e+00   2.1976300e+01   2.1997200e+01   2.2349200e+01   2.2404500e+01   9.6841300e+01   9.6575900e+01   6.9273614e+04   8.9274854e+03   8.8824970e+00   8.9036280e+00   3.7373041e+01   3.7463961e+01   3.4953830e+01   3.5034575e+01   1.5042744e+02   1.5001407e+02   1.0732837e+05   7.0590000e-01
   8.3333330e+00   5.7604811e+03   5.0151000e+00   5.0160000e+00   2.1660800e+01   2.1776300e+01   2.2302100e+01   2.2524700e+01   9.6833500e+01   9.6649100e+01   6.9388549e+04   8.9344336e+03   8.7776407e+00   8.7656048e+00   3.6928985e+01   3.7160042e+01   3.4899989e+01   3.5237766e+01   1.5037563e+02   1.5011989e+02   1.0750644e+05   7.0590000e-01
   8.4166663e+00   5.7514945e+03   4.8510000e+00   4.8565000e+00   2.1116400e+01   2.1323700e+01   2.2322700e+01   2.2394200e+01   9.7198200e+01   9.6614400e+01   6.9504213e+04   8.9212270e+03   8.5395604e+00   8.5069233e+00   3.6208683e+01   3.6445221e+01   3.4909383e+01   3.5019352e+01   1.5097259e+02   1.5004855e+02   1.0768565e+05   7.0590000e-01
   8.4999997e+00   5.7524969e+03   4.9125000e+00   4.9345000e+00   2.1395800e+01   2.1519600e+01   2.2295200e+01   2.2360300e+01   9.7092700e+01   9.6979900e+01   6.9613930e+04   8.9225667e+03   8.6525101e+00   8.6455586e+00   3.6735592e+01   3.6935959e+01   3.4869400e+01   3.4974814e+01   1.5082543e+02   1.5064981e+02   1.0785564e+05   7.0590000e-01
   8.5833330e+00   5.7555584e+03   4.8821000e+00   4.8951000e+00   2.1379400e+01   2.1491400e+01   2.2472300e+01   2.2421000e+01   9.7030500e+01   9.7238200e+01   6.9733376e+04   8.9272478e+03   8.5924841e+00   8.6137167e+00   3.6729568e+01   3.6849181e+01   3.5142936e+01   3.5060497e+01   1.5068658e+02   1.5101633e+02   1.0804071e+05   7.0590000e-01
   8.6666663e+00   5.7427355e+03   4.7453000e+00   4.7662000e+00   2.0786100e+01   2.0970900e+01   2.2491400e+01   2.2466600e+01   9.7323400e+01   9.6906700e+01   6.9852776e+04   8.9071686e+03   8.4083112e+00   8.4386290e+00   3.5759964e+01   3.6090078e+01   3.5175472e+01   3.5125094e+01   1.5115684e+02   1.5052127e+02   1.0822570e+05   7.0590000e-01
   8.7499997e+00   5.7374598e+03   4.6866000e+00   4.7050000e+00   2.0684100e+01   2.0843700e+01   2.2413100e+01   2.2408600e+01   9.7392400e+01   9.7065900e+01   6.9965999e+04   8.8990541e+03   8.2683987e+00   8.3336739e+00   3.5522929e+01   3.5848514e+01   3.5052959e+01   3.5056262e+01   1.5127154e+02   1.5075914e+02   1.0840112e+05   7.0590000e-01
   8.8333330e+00   5.7376522e+03   4.5691000e+00   4.5935000e+00   2.0012500e+01   2.0120700e+01   2.2581000e+01   2.2451700e+01   9.7284800e+01   9.7236400e+01   7.0079320e+04   8.8992326e+03   8.1430127e+00   8.1521104e+00   3.4580950e+01   3.4802208e+01   3.5322749e+01   3.5093210e+01   1.5109410e+02   1.5105029e+02   1.0857669e+05   7.0590000e-01
   8.9166663e+00   5.7307201e+03   4.5116000e+00   4.5260000e+00   1.9598200e+01   2.0007300e+01   2.2433300e+01   2.2432600e+01   9.7449700e+01   9.7462300e+01   7.0190750e+04   8.8881966e+03   8.1079615e+00   8.0931251e+00   3.4182443e+01   3.4974919e+01   3.5072573e+01   3.5070284e+01   1.5136533e+02   1.5138990e+02   1.0874932e+05   7.0590000e-01
   8.9999996e+00   5.7391316e+03   4.4188000e+00   4.3811000e+00   1.9152300e+01   1.9294300e+01   2.2624300e+01   2.2540300e+01   9.7675800e+01   9.7802000e+01   7.0301893e+04   8.9010079e+03   7.9548309e+00   7.8606642e+00   3.3598467e+01   3.3816668e+01   3.5378749e+01   3.5238830e+01   1.5165949e+02   1.5190219e+02   1.0892152e+05   7.0590000e-01
   9.0833330e+00   5.7461969e+03   4.2851000e+00   4.2963000e+00   1.8766000e+01   1.9069100e+01   2.2601700e+01   2.2594100e+01   9.7908200e+01   9.7884400e+01   7.0418468e+04   8.9115974e+03   7.8119985e+00   7.8309283e+00   3.3269856e+01   3.3568944e+01   3.5339572e+01   3.5332749e+01   1.5207709e+02   1.5201552e+02   1.0910215e+05   7.0590000e-01
   9.1666663e+00   5.7469795e+03   4.1860000e+00   4.2967000e+00   1.8745000e+01   1.8865100e+01   2.2594600e+01   2.2663700e+01   9.7884400e+01   9.7710200e+01   7.0533307e+04   8.9122034e+03   7.6941877e+00   7.8429217e+00   3.3395004e+01   3.3378806e+01   3.5351725e+01   3.5425052e+01   1.5202674e+02   1.5173301e+02   1.0928008e+05   7.0590000e-01
   9.2499996e+00   5.7512509e+03   4.0125000e+00   3.9838000e+00   1.7511900e+01   1.7745900e+01   2.2712800e+01   2.2616400e+01   9.7939500e+01   9.7927700e+01   7.0647839e+04   8.9184122e+03   7.4156620e+00   7.4168618e+00   3.1497144e+01   3.1948393e+01   3.5530806e+01   3.5354873e+01   1.5210684e+02   1.5211303e+02   1.0945754e+05   7.0590000e-01
   9.3333330e+00   5.7566521e+03   3.9438000e+00   4.0131000e+00   1.7361000e+01   1.7519700e+01   2.2705000e+01   2.2681300e+01   9.7843500e+01   9.7914800e+01   7.0760195e+04   8.9270166e+03   7.2289880e+00   7.3377185e+00   3.0937922e+01   3.1195499e+01   3.5501806e+01   3.5456157e+01   1.5196680e+02   1.5210015e+02   1.0963162e+05   7.0590000e-01
   9.4166663e+00   5.7722828e+03   3.7088000e+00   3.7095000e+00   1.6409900e+01   1.6693100e+01   2.2752600e+01   2.2784800e+01   9.8186000e+01   9.7878800e+01   7.0877481e+04   8.9508848e+03   6.8737710e+00   6.8947127e+00   2.9643805e+01   3.0049130e+01   3.5577987e+01   3.5628643e+01   1.5252215e+02   1.5202316e+02   1.0981334e+05   7.0590000e-01
   9.4999996e+00   5.7742720e+03   3.7602000e+00   3.7037000e+00   1.6588400e+01   1.6575800e+01   2.2723100e+01   2.2739100e+01   9.8582500e+01   9.8319100e+01   7.0997256e+04   8.9534475e+03   6.9382786e+00   6.8963224e+00   2.9916201e+01   2.9888151e+01   3.5524657e+01   3.5569329e+01   1.5308025e+02   1.5270115e+02   1.0999892e+05   7.0590000e-01
   9.5833330e+00   5.7819661e+03   3.6421000e+00   3.6547000e+00   1.6037000e+01   1.6150400e+01   2.2763300e+01   2.2713900e+01   9.8556900e+01   9.8562500e+01   7.1112117e+04   8.9656342e+03   6.7969278e+00   6.8024330e+00   2.8973653e+01   2.9221112e+01   3.5599472e+01   3.5522607e+01   1.5307746e+02   1.5306713e+02   1.1017687e+05   7.0590000e-01
   9.6666663e+00   5.7970056e+03   3.5493000e+00   3.5280000e+00   1.5454800e+01   1.5691600e+01   2.2786800e+01   2.2925800e+01   9.8608100e+01   9.8701700e+01   7.1236872e+04   8.9884083e+03   6.6723625e+00   6.6499051e+00   2.8182831e+01   2.8616526e+01   3.5634499e+01   3.5836838e+01   1.5315391e+02   1.5331098e+02   1.1037017e+05   7.0590000e-01
   9.7499996e+00   5.8019473e+03   3.4582000e+00   3.3989000e+00   1.5088800e+01   1.5259500e+01   2.2826800e+01   2.2762800e+01   9.8756200e+01   9.8854600e+01   7.1323643e+04   8.9983984e+03   6.4211195e+00   6.3704503e+00   2.7445940e+01   2.7554613e+01   3.5713201e+01   3.5601835e+01   1.5341251e+02   1.5356581e+02   1.1053124e+05   7.0600000e-01
   9.8333329e+00   5.8182294e+03   3.2976000e+00   3.3225000e+00   1.4544000e+01   1.4731500e+01   2.2812100e+01   2.2926500e+01   9.9226000e+01   9.8685400e+01   7.1420947e+04   9.0257104e+03   6.1769612e+00   6.2215564e+00   2.6562655e+01   2.6777926e+01   3.5683508e+01   3.5859109e+01   1.5421479e+02   1.5333125e+02   1.1070870e+05   7.0610000e-01
   9.9166663e+00   5.8292772e+03   3.2394000e+00   3.2075000e+00   1.4128400e+01   1.4256800e+01   2.2868000e+01   2.2881600e+01   9.9025300e+01   9.8728300e+01   7.1537616e+04   9.0424456e+03   6.0974097e+00   6.0661292e+00   2.5936322e+01   2.6158759e+01   3.5761665e+01   3.5773235e+01   1.5387025e+02   1.5341396e+02   1.1088954e+05   7.0610000e-01
   9.9999996e+00   5.8354341e+03   3.0414000e+00   3.1065000e+00   1.3285800e+01   1.3460600e+01   2.2914900e+01   2.2891800e+01   9.9156200e+01   9.8692400e+01   7.1650813e+04   9.0520444e+03   5.8232531e+00   5.9235856e+00   2.4733817e+01   2.4949719e+01   3.5843671e+01   3.5821379e+01   1.5406126e+02   1.5334959e+02   1.1106501e+05   7.0610000e-01
   1.0083333e+01   5.8584466e+03   3.0730000e+00   3.0274000e+00   1.3226100e+01   1.3461100e+01   2.2907000e+01   2.3039600e+01   9.9542400e+01   9.9483900e+01   7.1747897e+04   9.0899185e+03   5.8693880e+00   5.7637463e+00   2.4679844e+01   2.4957828e+01   3.5831656e+01   3.6026121e+01   1.5469309e+02   1.5459671e+02   1.1124231e+05   7.0620000e-01
