   0.0000000e+00   1.6684326e+04   7.3945700e+01   7.3824800e+01   3.2045520e+02   3.1963650e+02   0.0000000e+00   0.0000000e+00   0.0000000e+00   0.0000000e+00   2.0019850e+05   3.0866263e+01   8.6981560e+00   8.6180005e+00   1.7294956e+01   1.5446075e+01   0.0000000e+00   0.0000000e+00   0.0000000e+00   0.0000000e+00   2.5449341e+01   0.0000000e+00
   8.3333330e-02   1.6277797e+04   7.1923800e+01   7.2252100e+01   3.1688610e+02   3.1850760e+02   5.5255900e+01   5.4209000e+01   1.7255150e+02   9.7808400e+01   2.0052682e+05   5.2757771e+01   9.2833298e+00   9.2496433e+00   2.2743185e+01   2.0909239e+01   7.5127930e+00   7.3398574e+00   1.3671102e+01   1.0041343e+01   4.1882715e+01   0.0000000e+00
   1.6666666e-01   1.5835973e+04   6.7954800e+01   6.8326900e+01   3.0407490e+02   3.1040100e+02   6.0707200e+01   6.0368200e+01   2.4248300e+02   2.0706330e+02   2.0085627e+05   6.7981191e+01   9.0979357e+00   9.0807424e+00   2.4047522e+01   2.2830859e+01   7.8393631e+00   7.7809436e+00   1.6277580e+01   1.4935200e+01   5.3165914e+01   0.0000000e+00
   2.4999999e-01   1.5418690e+04   6.2174000e+01   6.2981000e+01   2.8399730e+02   2.9406000e+02   6.2395700e+01   6.2139800e+01   2.6372880e+02   2.5113880e+02   2.0118589e+05   7.9693956e+01   8.6342214e+00   8.6556300e+00   2.3167278e+01   2.2117701e+01   7.7897105e+00   7.9610925e+00   1.7044644e+01   1.6625696e+01   6.1507636e+01   0.0000000e+00
   3.3333332e-01   1.5051470e+04   5.5501300e+01   5.6191600e+01   2.5761460e+02   2.7029910e+02   6.2460400e+01   6.2709400e+01   2.6972400e+02   2.6590470e+02   2.0151597e+05   8.7648478e+01   8.0862561e+00   8.2002813e+00   2.2389828e+01   2.1166106e+01   8.0526962e+00   7.9623295e+00   1.7141680e+01   1.7211997e+01   7.0142129e+01   0.0000000e+00
   4.1666665e-01   1.4745724e+04   4.8786000e+01   4.9500500e+01   2.2861070e+02   2.4260570e+02   6.2690300e+01   6.2601500e+01   2.7107180e+02   2.6986460e+02   2.0184695e+05   9.2617705e+01   7.5992617e+00   7.6873474e+00   2.0824291e+01   2.0048681e+01   7.8872813e+00   8.0147814e+00   1.7322166e+01   1.7292182e+01   7.6127260e+01   0.0000000e+00
   4.9999998e-01   1.4500502e+04   4.1503600e+01   4.2626500e+01   1.9900340e+02   2.1354850e+02   6.2524300e+01   6.2738900e+01   2.7068900e+02   2.7028990e+02   2.0217907e+05   9.8224090e+01   7.1555368e+00   7.1744787e+00   1.9192530e+01   1.8556430e+01   7.8613478e+00   7.9826499e+00   1.7237621e+01   1.7069733e+01   8.3007413e+01   0.0000000e+00
   5.8333331e-01   1.4313359e+04   3.5440600e+01   3.6033900e+01   1.7030430e+02   1.8456700e+02   6.2516400e+01   6.2614800e+01   2.7011750e+02   2.7062360e+02   2.0251073e+05   1.0007780e+02   6.5720157e+00   6.6041739e+00   1.8000681e+01   1.7246074e+01   7.7782762e+00   7.8536481e+00   1.7237425e+01   1.6692411e+01   8.9655599e+01   0.0000000e+00
   6.6666664e-01   1.4180441e+04   2.9772700e+01   3.0470700e+01   1.4409250e+02   1.5700430e+02   6.2297400e+01   6.2031300e+01   2.6942300e+02   2.6984210e+02   2.0284174e+05   1.0302098e+02   6.0377214e+00   6.0738481e+00   1.6292688e+01   1.5897608e+01   7.8992400e+00   7.9582947e+00   1.6953696e+01   1.7079506e+01   9.5176758e+01   0.0000000e+00
   7.4999997e-01   1.4094400e+04   2.4828300e+01   2.5420200e+01   1.2104690e+02   1.3261780e+02   6.2323900e+01   6.2334600e+01   2.6960770e+02   2.6915970e+02   2.0317724e+05   1.0578848e+02   5.5988350e+00   5.5218367e+00   1.4940476e+01   1.4798879e+01   7.9286490e+00   7.9553989e+00   1.6909329e+01   1.7082411e+01   1.0135202e+02   0.0000000e+00
   8.3333330e-01   1.4048819e+04   2.0769600e+01   2.1154300e+01   1.0110190e+02   1.1100210e+02   6.2118600e+01   6.2408500e+01   2.6927250e+02   2.6884430e+02   2.0351117e+05   1.0734123e+02   5.0162568e+00   5.0359336e+00   1.3557319e+01   1.3290386e+01   7.8090993e+00   7.8731713e+00   1.6976869e+01   1.6915598e+01   1.0660127e+02   0.0000000e+00
   9.1666663e-01   1.4035103e+04   1.7177300e+01   1.7670800e+01   8.3950100e+01   9.2471700e+01   6.2411400e+01   6.2201000e+01   2.6913120e+02   2.6905100e+02   2.0384286e+05   1.1018137e+02   4.6476687e+00   4.6119794e+00   1.2626779e+01   1.1982210e+01   7.9629323e+00   7.9941597e+00   1.7502686e+01   1.7234236e+01   1.1315203e+02   0.0000000e+00
   9.9999996e-01   1.4051126e+04   1.4297000e+01   1.4632700e+01   7.0036600e+01   7.6893000e+01   6.2095600e+01   6.2272400e+01   2.6954220e+02   2.6894480e+02   2.0418172e+05   1.1057688e+02   4.2026845e+00   4.1746058e+00   1.1335912e+01   1.1128375e+01   7.8795729e+00   7.9552201e+00   1.7168806e+01   1.7138568e+01   1.1678444e+02   0.0000000e+00
   1.0833333e+00   1.4085687e+04   1.1953600e+01   1.2175000e+01   5.8220300e+01   6.3773900e+01   6.2467300e+01   6.2372800e+01   2.7013670e+02   2.6949250e+02   2.0451861e+05   1.1268042e+02   3.7193589e+00   3.8231187e+00   1.0266835e+01   9.9480388e+00   7.8874934e+00   8.0014763e+00   1.7202605e+01   1.7299464e+01   1.2124371e+02   0.0000000e+00
   1.1666666e+00   1.4141308e+04   9.9442000e+00   9.9952000e+00   4.8320700e+01   5.3211200e+01   6.2540900e+01   6.2488700e+01   2.7047920e+02   2.7060130e+02   2.0485348e+05   1.1257391e+02   3.4853552e+00   3.4585218e+00   9.4526391e+00   9.2460123e+00   7.9950434e+00   7.8232342e+00   1.6764476e+01   1.6939304e+01   1.2351952e+02   0.0000000e+00
   1.2500000e+00   1.4212666e+04   8.1954000e+00   8.4075000e+00   4.0234800e+01   4.4253200e+01   6.2784300e+01   6.2865200e+01   2.7157520e+02   2.7096450e+02   2.0519058e+05   1.1539344e+02   3.1552519e+00   3.1748467e+00   8.6168958e+00   8.3638678e+00   8.0319378e+00   7.8339879e+00   1.7229278e+01   1.6899811e+01   1.3090263e+02   0.0000000e+00
   1.3333333e+00   1.4296026e+04   6.9726000e+00   7.1517000e+00   3.3606800e+01   3.6863500e+01   6.3035000e+01   6.3098300e+01   2.7173460e+02   2.7155580e+02   2.0552951e+05   1.1570693e+02   2.9190926e+00   2.8994358e+00   7.8931251e+00   7.7664213e+00   7.9416297e+00   7.8981691e+00   1.7241412e+01   1.7212940e+01   1.3591019e+02   0.0000000e+00
   1.4166666e+00   1.4388985e+04   5.9064000e+00   5.9671000e+00   2.8322400e+01   3.0986600e+01   6.3019100e+01   6.3167800e+01   2.7253670e+02   2.7205980e+02   2.0587060e+05   1.1748929e+02   2.6846526e+00   2.6634427e+00   7.3393763e+00   7.0792395e+00   7.8575511e+00   8.0096478e+00   1.7022139e+01   1.6791606e+01   1.3946031e+02   0.0000000e+00
   1.4999999e+00   1.4488289e+04   4.9947000e+00   5.0455000e+00   2.3960100e+01   2.6139100e+01   6.3339600e+01   6.3194200e+01   2.7302950e+02   2.7311550e+02   2.0620817e+05   1.1881921e+02   2.4409563e+00   2.4671114e+00   6.7109173e+00   6.4708839e+00   8.0213282e+00   8.0418004e+00   1.6953064e+01   1.6922618e+01   1.4445186e+02   0.0000000e+00
   1.5833333e+00   1.4596708e+04   4.2857000e+00   4.3434000e+00   2.0329500e+01   2.2233900e+01   6.3385500e+01   6.3268900e+01   2.7466900e+02   2.7365280e+02   2.0654801e+05   1.1623436e+02   2.2394144e+00   2.2353470e+00   6.1747018e+00   6.0266925e+00   8.1159766e+00   7.9583997e+00   1.7251887e+01   1.7042966e+01   1.4570327e+02   0.0000000e+00
   1.6666666e+00   1.4707260e+04   3.6517000e+00   3.7357000e+00   1.7368000e+01   1.8937800e+01   6.3811600e+01   6.3664600e+01   2.7478940e+02   2.7393930e+02   2.0688866e+05   1.1683077e+02   2.0422057e+00   2.0887034e+00   5.7078572e+00   5.5723098e+00   8.0062048e+00   7.9852165e+00   1.7066786e+01   1.7141155e+01   1.5129253e+02   0.0000000e+00
   1.7499999e+00   1.4823112e+04   3.1906000e+00   3.2092000e+00   1.4894500e+01   1.6202400e+01   6.3978100e+01   6.3911400e+01   2.7577400e+02   2.7555450e+02   2.0722604e+05   1.1928348e+02   1.8823990e+00   1.8846195e+00   5.1875294e+00   5.1017680e+00   8.0107326e+00   8.0856223e+00   1.7331941e+01   1.7195982e+01   1.5474194e+02   0.0000000e+00
   1.8333333e+00   1.4940246e+04   2.7557000e+00   2.8399000e+00   1.2973100e+01   1.3831200e+01   6.4037400e+01   6.4073200e+01   2.7697650e+02   2.7610450e+02   2.0756743e+05   1.1903821e+02   1.7472615e+00   1.7561254e+00   4.8669030e+00   4.7086860e+00   8.0620655e+00   7.9613931e+00   1.7546855e+01   1.7303078e+01   1.5698147e+02   0.0000000e+00
   1.9166666e+00   1.5064499e+04   2.4490000e+00   2.4927000e+00   1.1311400e+01   1.2078600e+01   6.4430200e+01   6.4173400e+01   2.7780930e+02   2.7746400e+02   2.0790624e+05   1.2042566e+02   1.6377018e+00   1.6401267e+00   4.5942508e+00   4.4405623e+00   8.0573457e+00   8.2372761e+00   1.7452432e+01   1.7472047e+01   1.6292960e+02   0.0000000e+00
   1.9999999e+00   1.5188741e+04   2.1756000e+00   2.2052000e+00   9.9154000e+00   1.0629400e+01   6.4653000e+01   6.4575700e+01   2.7877930e+02   2.7784420e+02   2.0825234e+05   1.2262136e+02   1.5116194e+00   1.5050978e+00   4.2760111e+00   4.2034061e+00   8.1409716e+00   8.0179984e+00   1.7541572e+01   1.7531453e+01   1.6434107e+02   0.0000000e+00
   2.0833333e+00   1.5310735e+04   1.9349000e+00   1.9649000e+00   8.7892000e+00   9.3116000e+00   6.4872800e+01   6.4841500e+01   2.7959670e+02   2.7903950e+02   2.0859078e+05   1.2168892e+02   1.4100570e+00   1.4234713e+00   4.0647036e+00   3.8760557e+00   7.9284492e+00   7.9815756e+00   1.7274469e+01   1.7523312e+01   1.7149998e+02   2.0000000e-04
   2.1666666e+00   1.5430670e+04   1.7324000e+00   1.7580000e+00   7.8608000e+00   8.2757000e+00   6.4933700e+01   6.5037600e+01   2.8101780e+02   2.7963720e+02   2.0893508e+05   1.2393330e+02   1.3199108e+00   1.2996942e+00   3.7947152e+00   3.7118011e+00   8.1084819e+00   7.9890906e+00   1.7542350e+01   1.7262844e+01   1.7113042e+02   5.9992000e-04
   2.2499999e+00   1.5557767e+04   1.6041000e+00   1.6377000e+00   7.0800000e+00   7.4686000e+00   6.5411100e+01   6.5219000e+01   2.8180400e+02   2.8098290e+02   2.0927469e+05   1.2440263e+02   1.2471242e+00   1.2387058e+00   3.5882430e+00   3.5066571e+00   8.2589296e+00   8.1169716e+00   1.7781175e+01   1.7535352e+01   1.7136867e+02   9.9968003e-04
   2.3333332e+00   1.5681695e+04   1.4364000e+00   1.4992000e+00   6.4089000e+00   6.7841000e+00   6.5463700e+01   6.5394000e+01   2.8271230e+02   2.8135610e+02   2.0962009e+05   1.2140153e+02   1.1824952e+00   1.1994762e+00   3.3851214e+00   3.2579056e+00   8.1074568e+00   8.1565444e+00   1.7825339e+01   1.7088970e+01   1.7486116e+02   1.5990802e-03
   2.4166666e+00   1.5810793e+04   1.3595000e+00   1.3493000e+00   5.8819000e+00   6.1768000e+00   6.5719100e+01   6.5516500e+01   2.8381740e+02   2.8258390e+02   2.0996306e+05   1.2358873e+02   1.1287990e+00   1.1207208e+00   3.1806861e+00   3.0881540e+00   8.1277304e+00   8.0594679e+00   1.7556015e+01   1.7658985e+01   1.7813674e+02   3.1965217e-03
   2.4999999e+00   1.5932508e+04   1.2781000e+00   1.2691000e+00   5.4419000e+00   5.8006000e+00   6.5799100e+01   6.5788200e+01   2.8486390e+02   2.8404730e+02   2.1030491e+05   1.2423560e+02   1.0676490e+00   1.0702335e+00   3.0291487e+00   2.9100664e+00   8.1791582e+00   8.0599775e+00   1.7646816e+01   1.7287977e+01   1.7660972e+02   6.1869321e-03
   2.5833332e+00   1.6056874e+04   1.1953000e+00   1.2150000e+00   5.0090000e+00   5.3539000e+00   6.5962700e+01   6.6183100e+01   2.8555180e+02   2.8471420e+02   2.1065380e+05   1.2391924e+02   1.0252136e+00   1.0492307e+00   2.8810673e+00   2.8351117e+00   8.2710549e+00   8.1879227e+00   1.7617615e+01   1.7863142e+01   1.8400891e+02   1.0062803e-02
   2.6666666e+00   1.6181012e+04   1.1324000e+00   1.1535000e+00   4.7971000e+00   4.9673000e+00   6.6219300e+01   6.6392500e+01   2.8698750e+02   2.8537600e+02   2.1100032e+05   1.2569786e+02   9.9376506e-01   1.0109599e+00   2.8177874e+00   2.7148790e+00   8.0659726e+00   8.2481663e+00   1.7612012e+01   1.7903426e+01   1.8350001e+02   1.4715508e-02
   2.7499999e+00   1.6306710e+04   1.1184000e+00   1.1008000e+00   4.6975000e+00   4.7401000e+00   6.6377100e+01   6.6557000e+01   2.8761890e+02   2.8656940e+02   2.1134298e+05   1.2603297e+02   9.9743718e-01   9.8475191e-01   2.7694694e+00   2.6235549e+00   8.2202465e+00   8.2114733e+00   1.7809418e+01   1.7730714e+01   1.8686796e+02   2.1809556e-02
   2.8333332e+00   1.6428501e+04   1.0968000e+00   1.0878000e+00   4.4814000e+00   4.6626000e+00   6.6598400e+01   6.6865400e+01   2.8805590e+02   2.8793070e+02   2.1168822e+05   1.2802852e+02   9.8240840e-01   9.8233785e-01   2.6728951e+00   2.5909521e+00   8.1975019e+00   8.2247947e+00   1.7742403e+01   1.7578737e+01   1.9055117e+02   2.9830718e-02
   2.9166665e+00   1.6550334e+04   1.0972000e+00   1.0536000e+00   4.3695000e+00   4.4933000e+00   6.6761900e+01   6.7050800e+01   2.8990050e+02   2.8857420e+02   2.1203527e+05   1.3075853e+02   9.6718442e-01   9.5677509e-01   2.6597137e+00   2.5051113e+00   8.1255530e+00   8.2616369e+00   1.7834158e+01   1.7451153e+01   1.9687817e+02   3.8853292e-02
   2.9999999e+00   1.6671401e+04   1.0594000e+00   1.0373000e+00   4.3571000e+00   4.3606000e+00   6.7135500e+01   6.7134500e+01   2.9032850e+02   2.8914440e+02   2.1238669e+05   1.3358570e+02   9.4486026e-01   9.4963092e-01   2.6571951e+00   2.4912624e+00   8.2026379e+00   8.1798595e+00   1.7843762e+01   1.7842645e+01   1.9938379e+02   4.7599727e-02
   3.0833332e+00   1.6789648e+04   1.0485000e+00   1.0424000e+00   4.2812000e+00   4.3766000e+00   6.7373200e+01   6.7595000e+01   2.9134630e+02   2.9056710e+02   2.1273801e+05   1.3246271e+02   9.5175540e-01   9.5419772e-01   2.5924503e+00   2.5116933e+00   8.3685199e+00   8.3193086e+00   1.7943410e+01   1.8112098e+01   2.0298693e+02   5.6076090e-02
   3.1666665e+00   1.6909454e+04   1.0529000e+00   1.0443000e+00   4.2239000e+00   4.2716000e+00   6.7762600e+01   6.7555200e+01   2.9254600e+02   2.9172030e+02   2.1308644e+05   1.3216095e+02   9.5362075e-01   9.5792968e-01   2.5820991e+00   2.4549208e+00   8.1903083e+00   8.2415742e+00   1.7921892e+01   1.7789208e+01   2.0771328e+02   6.4477012e-02
   3.2499999e+00   1.7028677e+04   1.0723000e+00   1.0294000e+00   4.2722000e+00   4.3209000e+00   6.8113300e+01   6.7679200e+01   2.9371350e+02   2.9298070e+02   2.1344131e+05   1.3126046e+02   9.7404701e-01   9.3809575e-01   2.6252612e+00   2.4828894e+00   8.3057427e+00   8.1212488e+00   1.7781103e+01   1.7571767e+01   2.0746323e+02   7.3270929e-02
   3.3333332e+00   1.7147091e+04   1.0594000e+00   1.0127000e+00   4.2700000e+00   4.3623000e+00   6.8221300e+01   6.8099000e+01   2.9403430e+02   2.9374210e+02   2.1379438e+05   1.3568203e+02   9.6610816e-01   9.3146416e-01   2.6393932e+00   2.4997727e+00   8.3905641e+00   8.2249841e+00   1.7859222e+01   1.7967918e+01   2.1111576e+02   8.1889509e-02
   3.4166665e+00   1.7266595e+04   1.0608000e+00   1.0485000e+00   4.3674000e+00   4.3579000e+00   6.8517300e+01   6.8282100e+01   2.9537170e+02   2.9411330e+02   2.1414783e+05   1.3724936e+02   9.6031015e-01   9.5038838e-01   2.6434667e+00   2.5151223e+00   8.1951825e+00   8.5366977e+00   1.7889543e+01   1.8014786e+01   2.1344656e+02   9.1896913e-02
   3.4999999e+00   1.7379407e+04   1.0801000e+00   1.0661000e+00   4.3758000e+00   4.3176000e+00   6.8407100e+01   6.8457700e+01   2.9635560e+02   2.9570250e+02   2.1449627e+05   1.3651499e+02   9.7384744e-01   9.7243270e-01   2.6545205e+00   2.5385379e+00   8.1745857e+00   8.2868497e+00   1.7892115e+01   1.7890646e+01   2.1494297e+02   1.0134119e-01
   3.5833332e+00   1.7491381e+04   1.0921000e+00   1.0839000e+00   4.3640000e+00   4.4661000e+00   6.8887300e+01   6.8842400e+01   2.9743440e+02   2.9655940e+02   2.1485036e+05   1.3574399e+02   9.9202621e-01   9.6868706e-01   2.6830251e+00   2.5021744e+00   8.1262908e+00   8.4648879e+00   1.8522727e+01   1.8163801e+01   2.1926080e+02   1.0888992e-01
   3.6666665e+00   1.7608691e+04   1.1037000e+00   1.1201000e+00   4.5412000e+00   4.5268000e+00   6.8860500e+01   6.8919300e+01   2.9828620e+02   2.9768710e+02   2.1520143e+05   1.3391008e+02   9.8987085e-01   9.8537967e-01   2.7632709e+00   2.5737024e+00   8.2418100e+00   8.3674482e+00   1.8335308e+01   1.8226712e+01   2.2269180e+02   1.1557325e-01
   3.7499998e+00   1.7721193e+04   1.1509000e+00   1.1360000e+00   4.5785000e+00   4.6545000e+00   6.9327500e+01   6.9336700e+01   2.9897870e+02   2.9856750e+02   2.1555187e+05   1.3598891e+02   1.0128335e+00   1.0028981e+00   2.7733746e+00   2.5984620e+00   8.2831217e+00   8.3246780e+00   1.8177268e+01   1.8079589e+01   2.2853562e+02   1.2158735e-01
   3.8333332e+00   1.7831877e+04   1.1736000e+00   1.1794000e+00   4.7910000e+00   4.7407000e+00   6.9644800e+01   6.9477300e+01   3.0048720e+02   2.9974600e+02   2.1590774e+05   1.3665705e+02   1.0312950e+00   1.0308840e+00   2.8296854e+00   2.6567592e+00   8.3745236e+00   8.3364162e+00   1.8020047e+01   1.7840334e+01   2.2779070e+02   1.2870249e-01
   3.9166665e+00   1.7938693e+04   1.2107000e+00   1.1924000e+00   4.9332000e+00   4.9008000e+00   6.9715300e+01   6.9660400e+01   3.0107400e+02   3.0077300e+02   2.1626271e+05   1.3872316e+02   1.0487209e+00   1.0378294e+00   2.9464904e+00   2.7139079e+00   8.5185270e+00   8.3684213e+00   1.8234308e+01   1.7920513e+01   2.3023015e+02   1.3358176e-01
   3.9999998e+00   1.8049125e+04   1.2695000e+00   1.2469000e+00   5.1005000e+00   5.0115000e+00   7.0120500e+01   7.0213300e+01   3.0185330e+02   3.0148910e+02   2.1661794e+05   1.3898751e+02   1.0847983e+00   1.0724996e+00   2.9809878e+00   2.6953468e+00   8.3698737e+00   8.2669606e+00   1.8219516e+01   1.8253137e+01   2.3528970e+02   1.3860698e-01
   4.0833332e+00   1.8159008e+04   1.3096000e+00   1.2841000e+00   5.2573000e+00   5.2869000e+00   7.0095100e+01   6.9862500e+01   3.0297240e+02   3.0235040e+02   2.1697427e+05   1.4219658e+02   1.1108876e+00   1.0949462e+00   3.0183121e+00   2.8554166e+00   8.4661221e+00   8.4581291e+00   1.8328181e+01   1.8382356e+01   2.4270269e+02   1.4403376e-01
   4.1666665e+00   1.8263440e+04   1.3792000e+00   1.3439000e+00   5.5376000e+00   5.4373000e+00   7.0298600e+01   7.0468700e+01   3.0369910e+02   3.0339910e+02   2.1733408e+05   1.4203938e+02   1.1431264e+00   1.1303807e+00   3.1099121e+00   2.8445523e+00   8.3807912e+00   8.3538134e+00   1.8474601e+01   1.8183220e+01   2.4440883e+02   1.4780001e-01
   4.2499998e+00   1.8367113e+04   1.4037000e+00   1.3670000e+00   5.7100000e+00   5.5806000e+00   7.0564400e+01   7.0416700e+01   3.0500930e+02   3.0403050e+02   2.1768786e+05   1.4120519e+02   1.1604572e+00   1.1389648e+00   3.1750446e+00   2.9773126e+00   8.2891691e+00   8.4054224e+00   1.8172931e+01   1.8375063e+01   2.5014208e+02   1.5035661e-01
   4.3333332e+00   1.8472779e+04   1.4706000e+00   1.4305000e+00   5.9390000e+00   5.7959000e+00   7.0641200e+01   7.0595200e+01   3.0606380e+02   3.0530980e+02   2.1804146e+05   1.4369519e+02   1.1905786e+00   1.1679496e+00   3.3086816e+00   2.9970555e+00   8.5095184e+00   8.3989756e+00   1.8367032e+01   1.8274475e+01   2.5145042e+02   1.5239575e-01
   4.4166665e+00   1.8574236e+04   1.5004000e+00   1.5290000e+00   6.2017000e+00   6.0754000e+00   7.0940800e+01   7.1010500e+01   3.0642580e+02   3.0557970e+02   2.1838977e+05   1.4430993e+02   1.2159555e+00   1.2089273e+00   3.3630861e+00   3.1004316e+00   8.5283157e+00   8.3581682e+00   1.8392447e+01   1.8159841e+01   2.5555846e+02   1.5451476e-01
   4.4999998e+00   1.8679460e+04   1.5170000e+00   1.5770000e+00   6.4110000e+00   6.2343000e+00   7.1291400e+01   7.1127300e+01   3.0728330e+02   3.0707730e+02   2.1875601e+05   1.4542332e+02   1.2263203e+00   1.2430710e+00   3.4727057e+00   3.1544569e+00   8.4640209e+00   8.3727000e+00   1.8580968e+01   1.8326940e+01   2.5859466e+02   1.5569844e-01
   4.5833331e+00   1.8782227e+04   1.6509000e+00   1.6249000e+00   6.7789000e+00   6.5811000e+00   7.1423900e+01   7.1265800e+01   3.0859170e+02   3.0755240e+02   2.1910811e+05   1.4635648e+02   1.2937529e+00   1.2670282e+00   3.5769392e+00   3.2422946e+00   8.5432961e+00   8.4426227e+00   1.8358526e+01   1.8198329e+01   2.5993503e+02   1.5696490e-01
   4.6666665e+00   1.8877998e+04   1.7736000e+00   1.7188000e+00   7.1220000e+00   6.8824000e+00   7.1741200e+01   7.1703300e+01   3.0974290e+02   3.0902990e+02   2.1947064e+05   1.4464502e+02   1.3254881e+00   1.3101520e+00   3.6499655e+00   3.3172083e+00   8.4671950e+00   8.4585474e+00   1.8664347e+01   1.8467748e+01   2.6118260e+02   1.5814514e-01
   4.7499998e+00   1.8973699e+04   1.8308000e+00   1.8349000e+00   7.3971000e+00   7.3828000e+00   7.1851000e+01   7.1973100e+01   3.1050830e+02   3.0982620e+02   2.1983700e+05   1.4436302e+02   1.3791887e+00   1.3775456e+00   3.8024278e+00   3.5080899e+00   8.4375185e+00   8.5707714e+00   1.8465190e+01   1.8691568e+01   2.6913662e+02   1.5907118e-01
   4.8333331e+00   1.9071537e+04   1.9363000e+00   1.9163000e+00   7.8347000e+00   7.7369000e+00   7.1953400e+01   7.2160100e+01   3.1141860e+02   3.1069420e+02   2.2018816e+05   1.4391883e+02   1.4147235e+00   1.4180604e+00   3.8721409e+00   3.5460310e+00   8.4233440e+00   8.3656719e+00   1.8443768e+01   1.8316332e+01   2.7316111e+02   1.5949165e-01
   4.9166665e+00   1.9167161e+04   2.0615000e+00   2.0251000e+00   8.3266000e+00   8.1958000e+00   7.2290900e+01   7.2206500e+01   3.1273730e+02   3.1166650e+02   2.2055482e+05   1.4526897e+02   1.5162281e+00   1.4676121e+00   4.0694457e+00   3.6925094e+00   8.6952423e+00   8.5206642e+00   1.8578111e+01   1.8409100e+01   2.7245973e+02   1.5974380e-01
   4.9999998e+00   1.9254925e+04   2.1885000e+00   2.0944000e+00   8.8197000e+00   8.5514000e+00   7.2592200e+01   7.2483500e+01   3.1316730e+02   3.1249280e+02   2.2091721e+05   1.4651158e+02   1.5228262e+00   1.4994377e+00   4.1526999e+00   3.8718287e+00   8.6103376e+00   8.3870711e+00   1.8742674e+01   1.8296071e+01   2.6806770e+02   1.5982783e-01
   5.0833331e+00   1.9345781e+04   2.2760000e+00   2.2942000e+00   9.3871000e+00   9.0757000e+00   7.2758800e+01   7.2614300e+01   3.1368970e+02   3.1339210e+02   2.2127632e+05   1.4703697e+02   1.5836271e+00   1.5797139e+00   4.3403384e+00   3.9776063e+00   8.5872229e+00   8.6853716e+00   1.8984932e+01   1.8469225e+01   2.8015018e+02   1.5999586e-01
   5.1666665e+00   1.9436322e+04   2.3973000e+00   2.4273000e+00   9.9447000e+00   9.6480000e+00   7.2867500e+01   7.3075100e+01   3.1462480e+02   3.1401010e+02   2.2164737e+05   1.4549806e+02   1.6542450e+00   1.6330283e+00   4.5223099e+00   4.1321911e+00   8.4865509e+00   8.6181371e+00   1.8392527e+01   1.8351307e+01   2.7921949e+02   1.6007986e-01
   5.2499998e+00   1.9523071e+04   2.5404000e+00   2.5678000e+00   1.0586300e+01   1.0155700e+01   7.2959100e+01   7.2944800e+01   3.1519080e+02   3.1489850e+02   2.2200968e+05   1.4829032e+02   1.6978387e+00   1.6918302e+00   4.6510983e+00   4.2042865e+00   8.6191099e+00   8.5346375e+00   1.8842301e+01   1.8650565e+01   2.8248768e+02   1.6016385e-01
   5.3333331e+00   1.9606191e+04   2.7555000e+00   2.7677000e+00   1.1240500e+01   1.0903900e+01   7.3016400e+01   7.3091100e+01   3.1613630e+02   3.1524880e+02   2.2237508e+05   1.4587810e+02   1.7916028e+00   1.7791721e+00   4.8300096e+00   4.4248641e+00   8.7323740e+00   8.4186868e+00   1.8756394e+01   1.8412001e+01   2.8146114e+02   1.6016385e-01
   5.4166665e+00   1.9688654e+04   2.9785000e+00   2.8846000e+00   1.1968500e+01   1.1693900e+01   7.3480600e+01   7.2952600e+01   3.1770210e+02   3.1605400e+02   2.2273713e+05   1.4609864e+02   1.9203662e+00   1.8137838e+00   5.0208594e+00   4.5625524e+00   8.4904907e+00   8.5566743e+00   1.8930795e+01   1.8328968e+01   2.8808097e+02   1.6016385e-01
   5.4999998e+00   1.9763815e+04   3.1296000e+00   3.1154000e+00   1.2801200e+01   1.2541900e+01   7.3841900e+01   7.3353000e+01   3.1790410e+02   3.1692720e+02   2.2309417e+05   1.4532567e+02   1.9395309e+00   1.8678950e+00   5.3675842e+00   4.7517683e+00   8.6737666e+00   8.7609626e+00   1.8897556e+01   1.8483897e+01   2.9733631e+02   1.6016385e-01
   5.5833331e+00   1.9846498e+04   3.4008000e+00   3.3766000e+00   1.3789400e+01   1.3339200e+01   7.3765800e+01   7.3645800e+01   3.1881450e+02   3.1830450e+02   2.2346318e+05   1.4721749e+02   2.0063803e+00   2.0133499e+00   5.5433673e+00   5.0231132e+00   8.7646239e+00   8.6544689e+00   1.8640763e+01   1.8866758e+01   2.9785067e+02   1.6016385e-01
   5.6666664e+00   1.9919508e+04   3.6198000e+00   3.6190000e+00   1.4924100e+01   1.4347200e+01   7.3927200e+01   7.4037800e+01   3.1907430e+02   3.1877890e+02   2.2382706e+05   1.4687118e+02   2.1118935e+00   2.1134535e+00   5.6822855e+00   5.1638279e+00   8.7134203e+00   8.6362393e+00   1.9005875e+01   1.8813836e+01   2.9975577e+02   1.6016385e-01
   5.7499998e+00   1.9991755e+04   3.8311000e+00   3.8983000e+00   1.6031700e+01   1.5405800e+01   7.4001000e+01   7.4123300e+01   3.2008830e+02   3.1890010e+02   2.2420160e+05   1.4799488e+02   2.2215459e+00   2.1993728e+00   5.9691589e+00   5.2754440e+00   8.4718461e+00   8.6993830e+00   1.9359059e+01   1.8700510e+01   3.0353989e+02   1.6016385e-01
   5.8333331e+00   2.0062191e+04   4.1440000e+00   4.1257000e+00   1.7247700e+01   1.6623700e+01   7.4149300e+01   7.4014400e+01   3.2109570e+02   3.2010760e+02   2.2455754e+05   1.4897216e+02   2.2745068e+00   2.2677773e+00   6.1880509e+00   5.4600622e+00   8.5361289e+00   8.6402927e+00   1.9079731e+01   1.8829930e+01   3.0846497e+02   1.6016385e-01
   5.9166664e+00   2.0126782e+04   4.5560000e+00   4.4903000e+00   1.8651400e+01   1.7990200e+01   7.4463200e+01   7.4252300e+01   3.2212180e+02   3.2095560e+02   2.2492902e+05   1.4722120e+02   2.4314307e+00   2.3659809e+00   6.3176158e+00   5.7772694e+00   8.5400784e+00   8.6945848e+00   1.9148463e+01   1.8835862e+01   3.0904226e+02   1.6016385e-01
   5.9999998e+00   2.0192887e+04   4.8871000e+00   4.7762000e+00   2.0075700e+01   1.9255600e+01   7.4784400e+01   7.4786900e+01   3.2218240e+02   3.2142640e+02   2.2529554e+05   1.4682319e+02   2.5050711e+00   2.4599428e+00   6.6908629e+00   5.9207917e+00   8.6636149e+00   8.8312110e+00   1.9074777e+01   1.8785337e+01   3.1161862e+02   1.6016385e-01
   6.0833331e+00   2.0247946e+04   5.2728000e+00   5.2053000e+00   2.1607600e+01   2.0796800e+01   7.4817100e+01   7.4981400e+01   3.2313280e+02   3.2284030e+02   2.2566539e+05   1.4676819e+02   2.5987796e+00   2.5642561e+00   7.0359202e+00   6.2043984e+00   8.6454220e+00   8.7483660e+00   1.8965746e+01   1.8947852e+01   3.1128061e+02   1.6016385e-01
   6.1666664e+00   2.0306627e+04   5.7723000e+00   5.5926000e+00   2.3472200e+01   2.2591200e+01   7.4939900e+01   7.4761400e+01   3.2369480e+02   3.2339300e+02   2.2603321e+05   1.4936254e+02   2.7584441e+00   2.7312582e+00   7.2767659e+00   6.6079535e+00   8.9835939e+00   8.6863695e+00   1.9138853e+01   1.8719989e+01   3.1471589e+02   1.6016385e-01
   6.2499998e+00   2.0354414e+04   6.1938000e+00   6.0850000e+00   2.5433100e+01   2.4384000e+01   7.5123100e+01   7.4975500e+01   3.2482120e+02   3.2380960e+02   2.2640488e+05   1.4851096e+02   2.9012899e+00   2.8285288e+00   7.6887344e+00   6.9790124e+00   8.6688212e+00   8.6566387e+00   1.9160306e+01   1.8986058e+01   3.1246145e+02   1.6016385e-01
   6.3333331e+00   2.0403323e+04   6.6439000e+00   6.6090000e+00   2.7568100e+01   2.6491100e+01   7.5188500e+01   7.4995700e+01   3.2528770e+02   3.2395280e+02   2.2677810e+05   1.4764508e+02   3.0527078e+00   2.9493370e+00   7.9868605e+00   7.1936844e+00   8.7168668e+00   8.6974046e+00   1.8639803e+01   1.9035525e+01   3.1364102e+02   1.6016385e-01
   6.4166664e+00   2.0446749e+04   7.2345000e+00   7.1092000e+00   2.9637000e+01   2.8478100e+01   7.5312900e+01   7.5385800e+01   3.2570370e+02   3.2470040e+02   2.2714542e+05   1.5023041e+02   3.1385179e+00   3.0725591e+00   8.1009625e+00   7.3255912e+00   8.7273255e+00   8.7584604e+00   1.8855600e+01   1.8588658e+01   3.2214582e+02   1.6016385e-01
   6.4999997e+00   2.0484859e+04   7.7892000e+00   7.7066000e+00   3.2184300e+01   3.0900500e+01   7.5198300e+01   7.5504300e+01   3.2647000e+02   3.2531350e+02   2.2752915e+05   1.5239353e+02   3.2522947e+00   3.1579920e+00   8.5015035e+00   7.6578759e+00   8.7210425e+00   8.7788546e+00   1.8805028e+01   1.9124006e+01   3.2851649e+02   1.6016385e-01
   6.5833331e+00   2.0518320e+04   8.3969000e+00   8.4267000e+00   3.4848400e+01   3.3702300e+01   7.5434100e+01   7.5799000e+01   3.2692360e+02   3.2613390e+02   2.2790138e+05   1.5366326e+02   3.3035832e+00   3.2962575e+00   8.8053603e+00   7.8697057e+00   8.8027499e+00   8.7270049e+00   1.9278816e+01   1.8937155e+01   3.3417849e+02   1.6016385e-01
   6.6666664e+00   2.0544734e+04   9.1028000e+00   9.0399000e+00   3.7671800e+01   3.6338100e+01   7.5802300e+01   7.5640400e+01   3.2746060e+02   3.2683490e+02   2.2826978e+05   1.5408103e+02   3.5411984e+00   3.4448650e+00   9.1431966e+00   8.4109371e+00   8.7706161e+00   8.6326439e+00   1.9093860e+01   1.9130871e+01   3.3213349e+02   1.6016385e-01
   6.7499997e+00   2.0568058e+04   9.8717000e+00   9.8136000e+00   4.0960400e+01   3.8974300e+01   7.5882800e+01   7.5664600e+01   3.2828910e+02   3.2753740e+02   2.2864359e+05   1.5293315e+02   3.6099505e+00   3.6026036e+00   9.6315268e+00   8.6326411e+00   8.6895808e+00   8.7507579e+00   1.8754965e+01   1.9046325e+01   3.3335258e+02   1.6016385e-01
   6.8333331e+00   2.0584117e+04   1.0649300e+01   1.0555400e+01   4.3943300e+01   4.2489300e+01   7.5988000e+01   7.5878600e+01   3.2889320e+02   3.2781860e+02   2.2902068e+05   1.5260038e+02   3.8384350e+00   3.8033114e+00   1.0166013e+01   9.0794675e+00   8.7451532e+00   8.7219992e+00   1.9169292e+01   1.9034288e+01   3.3492932e+02   1.6016385e-01
   6.9166664e+00   2.0588750e+04   1.1513500e+01   1.1539300e+01   4.7473900e+01   4.5870800e+01   7.5808300e+01   7.6127000e+01   3.2913220e+02   3.2882540e+02   2.2940285e+05   1.5244611e+02   3.9735119e+00   3.8914226e+00   1.0372612e+01   9.4527056e+00   8.6182236e+00   8.8358745e+00   1.9144299e+01   1.9114122e+01   3.3707347e+02   1.6016385e-01
   6.9999997e+00   2.0590928e+04   1.2393800e+01   1.2210800e+01   5.1587100e+01   4.9649800e+01   7.6043800e+01   7.6092000e+01   3.2950220e+02   3.2872130e+02   2.2978351e+05   1.5386440e+02   4.0527971e+00   4.0099091e+00   1.0772837e+01   9.7909625e+00   8.6675022e+00   8.9237828e+00   1.9244777e+01   1.9210620e+01   3.4067113e+02   1.6016385e-01
   7.0833331e+00   2.0583196e+04   1.3476400e+01   1.3303900e+01   5.5427000e+01   5.3453400e+01   7.6322200e+01   7.6134800e+01   3.2905600e+02   3.2960670e+02   2.3015800e+05   1.5285711e+02   4.2445311e+00   4.1842676e+00   1.1039767e+01   1.0031286e+01   8.7179922e+00   8.7336050e+00   1.9303428e+01   1.9260995e+01   3.4860090e+02   1.6016385e-01
   7.1666664e+00   2.0569226e+04   1.4294300e+01   1.4182100e+01   5.9543200e+01   5.7259600e+01   7.6340800e+01   7.6268300e+01   3.2975630e+02   3.2943310e+02   2.3053662e+05   1.5631204e+02   4.3970241e+00   4.2849009e+00   1.1640047e+01   1.0453111e+01   8.9262659e+00   8.7902811e+00   1.9240009e+01   1.9067356e+01   3.5356799e+02   1.6016385e-01
   7.2499997e+00   2.0551915e+04   1.5375800e+01   1.5194400e+01   6.3606100e+01   6.1542400e+01   7.6382100e+01   7.6444900e+01   3.3017480e+02   3.2999350e+02   2.3090568e+05   1.5522253e+02   4.5609489e+00   4.4785951e+00   1.2026429e+01   1.0805132e+01   8.8016048e+00   8.5795177e+00   1.8959314e+01   1.8971765e+01   3.5086624e+02   1.6016385e-01
   7.3333330e+00   2.0522427e+04   1.6340900e+01   1.6238900e+01   6.8134600e+01   6.5760400e+01   7.6395500e+01   7.6193700e+01   3.3021540e+02   3.2963000e+02   2.3129134e+05   1.5764210e+02   4.6528542e+00   4.6602144e+00   1.2285934e+01   1.1236352e+01   8.8183704e+00   8.8103770e+00   1.9152610e+01   1.8878579e+01   3.5672247e+02   1.6016385e-01
   7.4166664e+00   2.0483297e+04   1.7423200e+01   1.7339600e+01   7.2535200e+01   7.0094200e+01   7.6292900e+01   7.6368800e+01   3.3054550e+02   3.2998060e+02   2.3167057e+05   1.6075135e+02   4.8018754e+00   4.7569459e+00   1.2675079e+01   1.1587319e+01   8.7765946e+00   8.6950530e+00   1.9283981e+01   1.8597753e+01   3.5875125e+02   1.6016385e-01
   7.4999997e+00   2.0438132e+04   1.8316600e+01   1.8398300e+01   7.6552000e+01   7.4643000e+01   7.6573500e+01   7.6448600e+01   3.3098840e+02   3.3050850e+02   2.3205672e+05   1.6065735e+02   4.9379351e+00   4.9699826e+00   1.3012849e+01   1.1888519e+01   8.5627174e+00   8.7149615e+00   1.9281370e+01   1.9078074e+01   3.5899576e+02   1.6016385e-01
   7.5833330e+00   2.0387326e+04   1.9266900e+01   1.9061700e+01   8.0852900e+01   7.8961000e+01   7.6522300e+01   7.6499100e+01   3.3131280e+02   3.3099770e+02   2.3243506e+05   1.6107045e+02   5.0883056e+00   5.1017542e+00   1.3655355e+01   1.2021736e+01   8.8377889e+00   8.8405438e+00   1.8791282e+01   1.9027262e+01   3.6218329e+02   1.6016385e-01
   7.6666664e+00   2.0332680e+04   2.0196700e+01   1.9952900e+01   8.5168100e+01   8.2495700e+01   7.6604800e+01   7.6266200e+01   3.3056110e+02   3.3064730e+02   2.3281800e+05   1.6060542e+02   5.2513967e+00   5.1094513e+00   1.3743512e+01   1.2666895e+01   8.8487201e+00   8.7481421e+00   1.9048652e+01   1.9209534e+01   3.6316774e+02   1.6016385e-01
   7.7499997e+00   2.0266449e+04   2.1077700e+01   2.0992100e+01   8.9117300e+01   8.6825100e+01   7.6405200e+01   7.6469100e+01   3.3087460e+02   3.3042590e+02   2.3320392e+05   1.6349403e+02   5.2367170e+00   5.2936415e+00   1.4151882e+01   1.2827165e+01   8.6750872e+00   8.8050666e+00   1.9278445e+01   1.9469587e+01   3.6432804e+02   1.6016385e-01
   7.8333330e+00   2.0200823e+04   2.1972100e+01   2.1760600e+01   9.2651600e+01   9.0780000e+01   7.6592800e+01   7.6396600e+01   3.3119130e+02   3.3099480e+02   2.3358247e+05   1.6054476e+02   5.3801316e+00   5.3588207e+00   1.4471350e+01   1.2816990e+01   8.8857123e+00   8.7579780e+00   1.9260711e+01   1.9241575e+01   3.7094976e+02   1.6016385e-01
   7.9166664e+00   2.0124834e+04   2.2570000e+01   2.2564500e+01   9.5892300e+01   9.4423400e+01   7.6649100e+01   7.6522700e+01   3.3065920e+02   3.3056450e+02   2.3397083e+05   1.6177556e+02   5.4762669e+00   5.2611033e+00   1.4561933e+01   1.3209594e+01   8.9284568e+00   8.7082758e+00   1.9468697e+01   1.8989900e+01   3.6867663e+02   1.6016385e-01
   7.9999997e+00   2.0046540e+04   2.3292500e+01   2.3293800e+01   9.9035600e+01   9.7385800e+01   7.6568800e+01   7.6484600e+01   3.3059460e+02   3.3051560e+02   2.3435281e+05   1.6328719e+02   5.4993971e+00   5.4589982e+00   1.4567009e+01   1.3484077e+01   8.7380720e+00   8.7949359e+00   1.9059716e+01   1.9103823e+01   3.7427320e+02   1.6016385e-01
   8.0833330e+00   1.9962139e+04   2.3658300e+01   2.3537100e+01   1.0128460e+02   9.9800400e+01   7.6476600e+01   7.6503500e+01   3.3062940e+02   3.3042920e+02   2.3474296e+05   1.6296830e+02   5.6235846e+00   5.4963119e+00   1.4654838e+01   1.3545830e+01   8.7826059e+00   8.7616702e+00   1.9340632e+01   1.8738012e+01   3.6933074e+02   1.6016385e-01
   8.1666663e+00   1.9882652e+04   2.4111400e+01   2.3961200e+01   1.0284930e+02   1.0203500e+02   7.6418000e+01   7.6502300e+01   3.3045040e+02   3.3014810e+02   2.3513448e+05   1.6052170e+02   5.6272513e+00   5.4857911e+00   1.4658556e+01   1.3509561e+01   8.8677359e+00   8.8009511e+00   1.9134413e+01   1.9137042e+01   3.7930216e+02   1.6016385e-01
   8.2499997e+00   1.9801626e+04   2.4172500e+01   2.4123400e+01   1.0426370e+02   1.0335520e+02   7.6331200e+01   7.6322300e+01   3.3045370e+02   3.3008430e+02   2.3552720e+05   1.6079703e+02   5.5605068e+00   5.6113030e+00   1.4610527e+01   1.3575488e+01   8.6868437e+00   8.7092943e+00   1.9264158e+01   1.8701625e+01   3.8661896e+02   1.6016385e-01
   8.3333330e+00   1.9716657e+04   2.4154100e+01   2.4230200e+01   1.0479730e+02   1.0429910e+02   7.6201700e+01   7.6197800e+01   3.2954180e+02   3.2989940e+02   2.3591298e+05   1.6136205e+02   5.5272062e+00   5.5950459e+00   1.4947487e+01   1.3874548e+01   8.6455012e+00   8.7053807e+00   1.9159143e+01   1.8841411e+01   3.8615475e+02   1.6016385e-01
   8.4166663e+00   1.9635310e+04   2.4137900e+01   2.4258500e+01   1.0480590e+02   1.0484460e+02   7.6463800e+01   7.6471700e+01   3.3047300e+02   3.2996210e+02   2.3629477e+05   1.6402856e+02   5.5841921e+00   5.5202468e+00   1.4862568e+01   1.3545346e+01   8.8470739e+00   8.8535325e+00   1.9082172e+01   1.9097443e+01   3.9323822e+02   1.6016385e-01
   8.4999997e+00   1.9560297e+04   2.3929100e+01   2.3905600e+01   1.0423780e+02   1.0421410e+02   7.6172000e+01   7.6438100e+01   3.3011920e+02   3.2965120e+02   2.3669215e+05   1.6872271e+02   5.6501208e+00   5.6656772e+00   1.4773323e+01   1.3619295e+01   8.9058603e+00   8.6765371e+00   1.9356349e+01   1.9134366e+01   4.0756351e+02   1.6016385e-01
   8.5833330e+00   1.9484932e+04   2.3529200e+01   2.3553900e+01   1.0317760e+02   1.0365170e+02   7.6389200e+01   7.6573200e+01   3.3056860e+02   3.2989380e+02   2.3708085e+05   1.6207993e+02   5.4709543e+00   5.5066076e+00   1.4935212e+01   1.3514779e+01   8.7124918e+00   8.6725984e+00   1.9006157e+01   1.8776953e+01   3.9988861e+02   1.6016385e-01
   8.6666663e+00   1.9411951e+04   2.3222800e+01   2.3139500e+01   1.0130360e+02   1.0222150e+02   7.6220600e+01   7.6071100e+01   3.2994530e+02   3.3009840e+02   2.3746972e+05   1.6366780e+02   5.4239932e+00   5.4007737e+00   1.4645466e+01   1.3417416e+01   8.9043958e+00   8.8004426e+00   1.8787336e+01   1.9400597e+01   4.0161117e+02   1.6016385e-01
   8.7499997e+00   1.9355256e+04   2.2616300e+01   2.2709700e+01   9.9609900e+01   1.0011480e+02   7.6212800e+01   7.5991900e+01   3.3029410e+02   3.2953980e+02   2.3785926e+05   1.6570960e+02   5.3845495e+00   5.3326231e+00   1.4297586e+01   1.3317055e+01   8.8938870e+00   8.7566148e+00   1.8975110e+01   1.8928176e+01   4.0423628e+02   1.6016385e-01
   8.8333330e+00   1.9296621e+04   2.1883200e+01   2.1916700e+01   9.6603800e+01   9.8034700e+01   7.6361500e+01   7.6073500e+01   3.3033010e+02   3.2988620e+02   2.3825447e+05   1.6446471e+02   5.2520012e+00   5.2597650e+00   1.4142073e+01   1.3128013e+01   8.8461541e+00   8.6099890e+00   1.9061985e+01   1.8881899e+01   4.1191149e+02   1.6016385e-01
   8.9166663e+00   1.9245450e+04   2.1237600e+01   2.1310300e+01   9.3698800e+01   9.5260000e+01   7.6279900e+01   7.6211000e+01   3.3020840e+02   3.2973820e+02   2.3865059e+05   1.6157169e+02   5.2615696e+00   5.1374170e+00   1.3791204e+01   1.3073526e+01   8.7377223e+00   8.8333958e+00   1.9208838e+01   1.8948255e+01   4.1788026e+02   1.6016385e-01
   8.9999996e+00   1.9206768e+04   2.0328800e+01   2.0460200e+01   9.0580400e+01   9.2093100e+01   7.6311100e+01   7.6408100e+01   3.3040140e+02   3.3043700e+02   2.3903230e+05   1.6267622e+02   5.1658067e+00   4.9762930e+00   1.3772120e+01   1.2876164e+01   8.7882330e+00   8.8686425e+00   1.9088607e+01   1.8793923e+01   4.1452992e+02   1.6016385e-01
   9.0833330e+00   1.9174092e+04   1.9509200e+01   1.9578300e+01   8.6905900e+01   8.8330100e+01   7.6443900e+01   7.6332700e+01   3.3064620e+02   3.3007960e+02   2.3942757e+05   1.6387693e+02   5.0556376e+00   5.0428179e+00   1.3545272e+01   1.2252744e+01   8.7760558e+00   8.6531438e+00   1.9282267e+01   1.8860298e+01   4.1670582e+02   1.6016385e-01
   9.1666663e+00   1.9150868e+04   1.8742400e+01   1.8852700e+01   8.3171900e+01   8.4993800e+01   7.6355300e+01   7.6435500e+01   3.3087170e+02   3.3017380e+02   2.3982304e+05   1.6518354e+02   4.9618247e+00   4.9404092e+00   1.2917625e+01   1.2198239e+01   8.5431587e+00   8.9412211e+00   1.9182055e+01   1.8973518e+01   4.2063216e+02   1.6016385e-01
   9.2499996e+00   1.9134530e+04   1.7802400e+01   1.7888300e+01   7.9461900e+01   8.0965400e+01   7.6506200e+01   7.6511300e+01   3.3060790e+02   3.3046040e+02   2.4020691e+05   1.6436009e+02   4.7656925e+00   4.7324901e+00   1.2665725e+01   1.1975281e+01   8.9385430e+00   8.8206606e+00   1.9362909e+01   1.8975954e+01   4.2049165e+02   1.6016385e-01
   9.3333330e+00   1.9126773e+04   1.6931700e+01   1.7010300e+01   7.6042000e+01   7.7511200e+01   7.6532300e+01   7.6363100e+01   3.3090920e+02   3.3018120e+02   2.4060060e+05   1.6562923e+02   4.7216803e+00   4.5731046e+00   1.2274083e+01   1.1750433e+01   8.8821532e+00   8.8042495e+00   1.9254408e+01   1.9274681e+01   4.2694072e+02   1.6016385e-01
   9.4166663e+00   1.9124525e+04   1.6213600e+01   1.6251500e+01   7.2164500e+01   7.4118700e+01   7.6651100e+01   7.6526700e+01   3.3145270e+02   3.3050290e+02   2.4099890e+05   1.6539793e+02   4.5629439e+00   4.5842719e+00   1.2040570e+01   1.1357047e+01   8.6592417e+00   8.7891872e+00   1.8959433e+01   1.9158771e+01   4.2648765e+02   1.6016385e-01
   9.4999996e+00   1.9135058e+04   1.5363000e+01   1.5465500e+01   6.8708300e+01   7.0408900e+01   7.6479100e+01   7.6840000e+01   3.3179720e+02   3.3127600e+02   2.4139563e+05   1.6787936e+02   4.4795578e+00   4.4589234e+00   1.1586226e+01   1.1195956e+01   8.9414181e+00   8.6874822e+00   1.9114534e+01   1.9225373e+01   4.3115967e+02   1.6016385e-01
   9.5833330e+00   1.9148995e+04   1.4587400e+01   1.4703800e+01   6.5610400e+01   6.7164900e+01   7.6966600e+01   7.6657700e+01   3.3239660e+02   3.3164980e+02   2.4180730e+05   1.6707665e+02   4.3085517e+00   4.2644442e+00   1.1494382e+01   1.0906246e+01   8.8942001e+00   8.8410490e+00   1.9250277e+01   1.8798226e+01   4.4048845e+02   1.6016385e-01
   9.6666663e+00   1.9166756e+04   1.3963500e+01   1.4064900e+01   6.2399500e+01   6.3854200e+01   7.6923900e+01   7.6871300e+01   3.3263100e+02   3.3222770e+02   2.4220719e+05   1.6769087e+02   4.2308342e+00   4.1959562e+00   1.1223498e+01   1.0509576e+01   8.8011280e+00   8.8820958e+00   1.8969239e+01   1.9005514e+01   4.3570097e+02   1.6016385e-01
   9.7499996e+00   1.9193406e+04   1.3261600e+01   1.3233300e+01   5.9089300e+01   6.0712200e+01   7.7041200e+01   7.6988600e+01   3.3342480e+02   3.3327610e+02   2.4260282e+05   1.6475858e+02   4.2014915e+00   4.0912278e+00   1.0863274e+01   1.0288924e+01   8.7318799e+00   8.6514944e+00   1.9256376e+01   1.9129722e+01   4.4014368e+02   1.6016385e-01
   9.8333329e+00   1.9229513e+04   1.2565000e+01   1.2623000e+01   5.6320300e+01   5.7855600e+01   7.7287700e+01   7.6997200e+01   3.3357970e+02   3.3316040e+02   2.4299957e+05   1.6411126e+02   3.9857701e+00   3.9744497e+00   1.0573972e+01   1.0016745e+01   8.7659006e+00   8.8177870e+00   1.8880432e+01   1.9025059e+01   4.3389527e+02   1.6016385e-01
   9.9166663e+00   1.9264098e+04   1.1840700e+01   1.2020100e+01   5.3459200e+01   5.4803900e+01   7.7281600e+01   7.7233500e+01   3.3344780e+02   3.3361510e+02   2.4339560e+05   1.6698265e+02   3.8568136e+00   3.9479938e+00   1.0429162e+01   9.7234716e+00   8.8102703e+00   8.9155665e+00   1.9582135e+01   1.9099713e+01   4.3533806e+02   1.6016385e-01
   9.9999996e+00   1.9315796e+04   1.1393100e+01   1.1401100e+01   5.0782100e+01   5.2076500e+01   7.7396000e+01   7.7421800e+01   3.3458430e+02   3.3472990e+02   2.4379293e+05   1.6209945e+02   3.8019492e+00   3.7390396e+00   9.9480911e+00   9.6312784e+00   8.7409396e+00   8.8838155e+00   1.8889351e+01   1.9184555e+01   4.3170781e+02   1.6016385e-01
   1.0083333e+01   1.9362848e+04   1.0899500e+01   1.0838000e+01   4.8317300e+01   4.9471800e+01   7.7636200e+01   7.7539300e+01   3.3513850e+02   3.3481840e+02   2.4419620e+05   1.6525174e+02   3.7464388e+00   3.6300239e+00   9.8426373e+00   9.2250808e+00   8.7432885e+00   8.7761015e+00   1.9033690e+01   1.8915211e+01   4.2975283e+02   1.6016385e-01
