   0.0000000e+00   1.6684356e+04   7.3943900e+01   7.3844400e+01   3.2035080e+02   3.1963830e+02   0.0000000e+00   0.0000000e+00   0.0000000e+00   0.0000000e+00   2.0019830e+05   3.0643667e+01   8.7247444e+00   8.7411343e+00   1.7082562e+01   1.5529951e+01   0.0000000e+00   0.0000000e+00   0.0000000e+00   0.0000000e+00   2.5345184e+01   0.0000000e+00
   8.3333330e-02   1.6276855e+04   7.1756400e+01   7.2278200e+01   3.1640650e+02   3.1835300e+02   5.5204500e+01   5.4200800e+01   1.7274620e+02   9.7885400e+01   2.0052773e+05   6.0343921e+01   9.3309574e+00   9.2690558e+00   2.3002299e+01   2.1059680e+01   7.4726745e+00   7.4082635e+00   1.3484264e+01   9.9989032e+00   4.1531287e+01   0.0000000e+00
   1.6666666e-01   1.5839357e+04   6.7761900e+01   6.8308500e+01   3.0358970e+02   3.0970780e+02   6.0573200e+01   6.0179600e+01   2.4255600e+02   2.0724220e+02   2.0085660e+05   9.5438348e+01   9.2925585e+00   9.3363614e+00   2.5985663e+01   2.5106920e+01   7.8047635e+00   7.8796290e+00   1.6223871e+01   1.4816973e+01   5.2760889e+01   0.0000000e+00
   2.4999999e-01   1.5422816e+04   6.1929100e+01   6.2765800e+01   2.8327850e+02   2.9338390e+02   6.2298000e+01   6.2330700e+01   2.6413090e+02   2.5113630e+02   2.0118701e+05   1.3114452e+02   9.2444264e+00   9.1845515e+00   2.7063085e+01   2.6857991e+01   7.8984577e+00   8.0417787e+00   1.6945486e+01   1.6844290e+01   6.2630417e+01   0.0000000e+00
   3.3333332e-01   1.5055806e+04   5.5304700e+01   5.6177300e+01   2.5725900e+02   2.7000730e+02   6.2604300e+01   6.2691900e+01   2.7011080e+02   2.6588540e+02   2.0151756e+05   1.6407919e+02   8.6974952e+00   8.6765773e+00   2.6843192e+01   2.7207519e+01   7.8618638e+00   7.9226669e+00   1.7050290e+01   1.7188770e+01   7.0965801e+01   0.0000000e+00
   4.1666665e-01   1.4749629e+04   4.8388900e+01   4.9231000e+01   2.2786310e+02   2.4230430e+02   6.2620700e+01   6.2683300e+01   2.7123290e+02   2.6996370e+02   2.0184845e+05   1.9271745e+02   8.2657177e+00   8.2370883e+00   2.5553017e+01   2.6518213e+01   7.9862012e+00   7.9651708e+00   1.7282110e+01   1.7477463e+01   7.8031166e+01   0.0000000e+00
   4.9999998e-01   1.4506014e+04   4.1540500e+01   4.2409000e+01   1.9815430e+02   2.1268530e+02   6.2422800e+01   6.2409600e+01   2.7092260e+02   2.7082180e+02   2.0217990e+05   2.1611426e+02   7.5601769e+00   7.5970449e+00   2.4017639e+01   2.4902560e+01   7.8287144e+00   8.0030390e+00   1.6998885e+01   1.7339519e+01   8.4664031e+01   0.0000000e+00
   5.8333331e-01   1.4321277e+04   3.5388200e+01   3.5942700e+01   1.6956800e+02   1.8383070e+02   6.2444100e+01   6.2282300e+01   2.7045660e+02   2.7020320e+02   2.0251222e+05   2.3461902e+02   7.0196316e+00   6.9917169e+00   2.2328422e+01   2.3208742e+01   7.8163281e+00   7.8506286e+00   1.7189743e+01   1.7214562e+01   9.1467261e+01   0.0000000e+00
   6.6666664e-01   1.4189680e+04   2.9688100e+01   3.0410200e+01   1.4391840e+02   1.5631990e+02   6.2234800e+01   6.2077300e+01   2.6981680e+02   2.6955930e+02   2.0284475e+05   2.4969685e+02   6.4726971e+00   6.4229169e+00   2.0643439e+01   2.1396176e+01   8.0041661e+00   7.9141511e+00   1.6868263e+01   1.7439756e+01   9.7099796e+01   0.0000000e+00
   7.4999997e-01   1.4104507e+04   2.4882600e+01   2.5444900e+01   1.2044860e+02   1.3199390e+02   6.2154100e+01   6.2170200e+01   2.6976520e+02   2.6938040e+02   2.0317850e+05   2.6126240e+02   5.9086638e+00   5.9640859e+00   1.9032167e+01   1.9814145e+01   8.0067949e+00   7.9490094e+00   1.7335608e+01   1.7397499e+01   1.0273662e+02   0.0000000e+00
   8.3333330e-01   1.4058840e+04   2.0697000e+01   2.1044100e+01   1.0064060e+02   1.1077040e+02   6.2309700e+01   6.2257800e+01   2.6951400e+02   2.6913230e+02   2.0351265e+05   2.6954779e+02   5.4500607e+00   5.4213369e+00   1.7832572e+01   1.8413609e+01   7.9303515e+00   7.9713796e+00   1.7002568e+01   1.7421020e+01   1.0754014e+02   0.0000000e+00
   9.1666663e-01   1.4046659e+04   1.7127600e+01   1.7488400e+01   8.3622800e+01   9.2081700e+01   6.2300200e+01   6.2187200e+01   2.6937820e+02   2.6947970e+02   2.0384720e+05   2.7548256e+02   4.9752782e+00   5.0196599e+00   1.6175385e+01   1.7155677e+01   8.0022299e+00   7.8236102e+00   1.7236278e+01   1.7121779e+01   1.1268313e+02   0.0000000e+00
   9.9999996e-01   1.4061700e+04   1.4236500e+01   1.4510700e+01   6.9498600e+01   7.6574400e+01   6.2302800e+01   6.2346200e+01   2.6956720e+02   2.6931090e+02   2.0418214e+05   2.7927536e+02   4.5779759e+00   4.6117906e+00   1.5137137e+01   1.5780690e+01   7.9754042e+00   7.9701128e+00   1.7013037e+01   1.7588507e+01   1.1733199e+02   0.0000000e+00
   1.0833333e+00   1.4099778e+04   1.1790800e+01   1.2035900e+01   5.7644500e+01   6.3570300e+01   6.2395900e+01   6.2524800e+01   2.6996960e+02   2.6975710e+02   2.0451770e+05   2.8200180e+02   4.2208550e+00   4.2291134e+00   1.3951408e+01   1.4555530e+01   7.9674281e+00   7.9458731e+00   1.7441895e+01   1.7042316e+01   1.2213803e+02   0.0000000e+00
   1.1666666e+00   1.4156387e+04   9.9158000e+00   1.0059800e+01   4.8018000e+01   5.2643500e+01   6.2443000e+01   6.2444700e+01   2.7048670e+02   2.7016570e+02   2.0485352e+05   2.8375683e+02   3.9035412e+00   3.8917783e+00   1.3048989e+01   1.3574455e+01   7.9073512e+00   7.9043779e+00   1.7191183e+01   1.7512799e+01   1.2685275e+02   0.0000000e+00
   1.2500000e+00   1.4227463e+04   8.2931000e+00   8.4068000e+00   4.0052100e+01   4.3934800e+01   6.2835900e+01   6.2719800e+01   2.7125720e+02   2.7049800e+02   2.0518999e+05   2.8495346e+02   3.6049538e+00   3.6276480e+00   1.2075536e+01   1.2549283e+01   7.9853208e+00   7.9228634e+00   1.7081423e+01   1.7322708e+01   1.3111069e+02   0.0000000e+00
   1.3333333e+00   1.4310666e+04   6.9494000e+00   7.0324000e+00   3.3552700e+01   3.6659100e+01   6.2950400e+01   6.2913900e+01   2.7186460e+02   2.7122380e+02   2.0552704e+05   2.8576552e+02   3.3322590e+00   3.3118344e+00   1.1223236e+01   1.1655448e+01   8.0113144e+00   8.0586588e+00   1.7328730e+01   1.7235069e+01   1.3505136e+02   0.0000000e+00
   1.4166666e+00   1.4403663e+04   5.8539000e+00   5.9347000e+00   2.8233900e+01   3.0838400e+01   6.3085400e+01   6.3098800e+01   2.7256960e+02   2.7213680e+02   2.0586495e+05   2.8592344e+02   3.0718233e+00   3.1001608e+00   1.0530122e+01   1.0949643e+01   7.9315319e+00   7.9336582e+00   1.7543641e+01   1.7412197e+01   1.3926201e+02   0.0000000e+00
   1.4999999e+00   1.4504870e+04   4.9382000e+00   5.0154000e+00   2.3792800e+01   2.5962100e+01   6.3100100e+01   6.3265500e+01   2.7305370e+02   2.7268410e+02   2.0620285e+05   2.8620325e+02   2.9099532e+00   2.8632119e+00   9.8531810e+00   1.0167665e+01   7.9781354e+00   7.9716852e+00   1.7360586e+01   1.7486128e+01   1.4338278e+02   0.0000000e+00
   1.5833333e+00   1.4611832e+04   4.1975198e+00   4.2801280e+00   2.0210421e+01   2.1903890e+01   6.3541354e+01   6.3404940e+01   2.7428923e+02   2.7317152e+02   2.0654188e+05   2.8609999e+02   2.6708644e+00   2.6657940e+00   9.1289646e+00   9.4883333e+00   7.9677702e+00   7.9706114e+00   1.7565069e+01   1.7124489e+01   1.4740558e+02   1.0000000e+00
   1.6666666e+00   1.4723816e+04   3.6131840e+00   3.6439932e+00   1.7204061e+01   1.8680604e+01   6.3579274e+01   6.3632490e+01   2.7514594e+02   2.7430999e+02   2.0688165e+05   2.8636627e+02   2.5017237e+00   2.4757320e+00   8.5024872e+00   8.8422956e+00   8.0865443e+00   7.9030475e+00   1.7483028e+01   1.7394265e+01   1.5154974e+02   3.0000000e+00
   1.7499999e+00   1.4839303e+04   3.1159507e+00   3.1412837e+00   1.4810454e+01   1.6015921e+01   6.3889657e+01   6.3836888e+01   2.7630970e+02   2.7524272e+02   2.0722202e+05   2.8621170e+02   2.3241634e+00   2.3374375e+00   8.0698197e+00   8.2446595e+00   7.9714240e+00   8.0394661e+00   1.7626579e+01   1.7243406e+01   1.5585816e+02   1.3000000e+01
   1.8333333e+00   1.4956901e+04   2.6761369e+00   2.7412910e+00   1.2748519e+01   1.3862966e+01   6.4041562e+01   6.4033430e+01   2.7721102e+02   2.7622357e+02   2.0756231e+05   2.8565848e+02   2.1927962e+00   2.1953837e+00   7.5561821e+00   7.9881812e+00   8.0575291e+00   7.9481747e+00   1.7634670e+01   1.7688001e+01   1.5987270e+02   3.9000000e+01
   1.9166666e+00   1.5076931e+04   2.3527806e+00   2.3786653e+00   1.1138018e+01   1.1999292e+01   6.4436704e+01   6.4289181e+01   2.7783074e+02   2.7686229e+02   2.0790327e+05   2.8499003e+02   2.0591454e+00   2.0704280e+00   7.1639893e+00   7.3765774e+00   7.9790204e+00   8.0821381e+00   1.7724492e+01   1.7533951e+01   1.6322609e+02   1.1000000e+02
   1.9999999e+00   1.5198080e+04   2.0934789e+00   2.1161343e+00   9.8002857e+00   1.0504745e+01   6.4500051e+01   6.4460353e+01   2.7915206e+02   2.7789050e+02   2.0824518e+05   2.8405688e+02   1.9580822e+00   1.9477204e+00   6.7220664e+00   6.9822445e+00   8.1137916e+00   8.0027957e+00   1.7485157e+01   1.7589707e+01   1.6650533e+02   2.0100000e+02
   2.0833333e+00   1.5319792e+04   1.8747665e+00   1.9308985e+00   8.7813862e+00   9.3794356e+00   6.4763644e+01   6.4926748e+01   2.7991046e+02   2.7898018e+02   2.0858789e+05   2.8252454e+02   1.8575347e+00   1.8725606e+00   6.4518264e+00   6.6324471e+00   8.1957578e+00   8.1588100e+00   1.7485207e+01   1.7513366e+01   1.7003291e+02   3.6200000e+02
   2.1666666e+00   1.5441900e+04   1.7121501e+00   1.7178753e+00   7.9939567e+00   8.4513359e+00   6.4987277e+01   6.4854432e+01   2.8059860e+02   2.8007220e+02   2.0893003e+05   2.8138421e+02   1.7758344e+00   1.7787810e+00   6.1608064e+00   6.2794775e+00   8.0457714e+00   8.0397376e+00   1.7768425e+01   1.7739834e+01   1.7475299e+02   5.6800000e+02
   2.2499999e+00   1.5563088e+04   1.5903166e+00   1.6094863e+00   7.3497645e+00   7.8373316e+00   6.5333881e+01   6.5190163e+01   2.8169931e+02   2.8076438e+02   2.0927290e+05   2.8031877e+02   1.7296388e+00   1.7424187e+00   5.9078169e+00   6.0870604e+00   8.1184019e+00   8.2200101e+00   1.7780060e+01   1.7766138e+01   1.7882889e+02   8.7100000e+02
   2.3333332e+00   1.5684545e+04   1.4785771e+00   1.4903966e+00   6.8773724e+00   7.1818388e+00   6.5321173e+01   6.5453006e+01   2.8275861e+02   2.8230879e+02   2.0961746e+05   2.7851703e+02   1.6469371e+00   1.6499443e+00   5.7580872e+00   5.8166955e+00   8.1129246e+00   8.1433670e+00   1.7524008e+01   1.7845406e+01   1.8158601e+02   1.2010000e+03
   2.4166666e+00   1.5806524e+04   1.3972505e+00   1.3910879e+00   6.4098128e+00   6.7700877e+00   6.5661294e+01   6.5610690e+01   2.8351339e+02   2.8305025e+02   2.0996252e+05   2.7731768e+02   1.6042796e+00   1.6026162e+00   5.5531403e+00   5.6010333e+00   8.0997689e+00   8.2816381e+00   1.7776062e+01   1.7760829e+01   1.8557191e+02   1.5620000e+03
   2.4999999e+00   1.5927675e+04   1.3034199e+00   1.3446081e+00   6.1221917e+00   6.4885172e+00   6.5717798e+01   6.5609960e+01   2.8449501e+02   2.8400612e+02   2.1030740e+05   2.7691234e+02   1.5632700e+00   1.5677413e+00   5.3911000e+00   5.5048910e+00   8.1683765e+00   8.1839430e+00   1.7774383e+01   1.7788648e+01   1.8811412e+02   1.9880000e+03
   2.5833332e+00   1.6048025e+04   1.2908157e+00   1.3118988e+00   5.8895770e+00   6.1836869e+00   6.6101199e+01   6.6028330e+01   2.8486243e+02   2.8442812e+02   2.1065214e+05   2.7525471e+02   1.5362073e+00   1.5490034e+00   5.2046858e+00   5.3114137e+00   8.1970034e+00   8.1494905e+00   1.7762818e+01   1.8032939e+01   1.9232426e+02   2.4110000e+03
   2.6666666e+00   1.6167066e+04   1.2794036e+00   1.2348105e+00   5.6757246e+00   5.9818841e+00   6.6269091e+01   6.6350056e+01   2.8603122e+02   2.8560925e+02   2.1099739e+05   2.7372423e+02   1.5274855e+00   1.4830679e+00   5.1898106e+00   5.2225676e+00   8.2364651e+00   8.2298908e+00   1.7634987e+01   1.7860818e+01   1.9603618e+02   2.8240000e+03
   2.7499999e+00   1.6286233e+04   1.2188103e+00   1.2355734e+00   5.5837413e+00   5.8194630e+00   6.6422341e+01   6.6536567e+01   2.8732873e+02   2.8673669e+02   2.1134391e+05   2.7334315e+02   1.4812505e+00   1.5426628e+00   5.1529712e+00   5.1841645e+00   8.1539944e+00   8.2224293e+00   1.7807442e+01   1.7769408e+01   1.9901572e+02   3.2590000e+03
   2.8333332e+00   1.6405216e+04   1.2035132e+00   1.2240861e+00   5.4704858e+00   5.7140370e+00   6.6674316e+01   6.6866909e+01   2.8828406e+02   2.8781706e+02   2.1169159e+05   2.7288720e+02   1.4969782e+00   1.5181030e+00   5.1110530e+00   5.1045459e+00   8.1958627e+00   8.1561707e+00   1.7895670e+01   1.7809545e+01   2.0280863e+02   3.6810000e+03
   2.9166665e+00   1.6520505e+04   1.2009125e+00   1.2129098e+00   5.4761744e+00   5.6238594e+00   6.6966712e+01   6.6833559e+01   2.8916779e+02   2.8863569e+02   2.1203954e+05   2.7242700e+02   1.5302767e+00   1.4914399e+00   5.1306760e+00   5.1384205e+00   8.1640734e+00   8.2006386e+00   1.7935467e+01   1.7956459e+01   2.0552752e+02   4.0820000e+03
   2.9999999e+00   1.6634574e+04   1.2101252e+00   1.2284522e+00   5.5626928e+00   5.6833606e+00   6.7157140e+01   6.7044638e+01   2.9004899e+02   2.8914498e+02   2.1238710e+05   2.7140022e+02   1.5136808e+00   1.5037388e+00   5.1540003e+00   5.2145348e+00   8.2030705e+00   8.2798053e+00   1.7834400e+01   1.7870360e+01   2.0819112e+02   4.4890000e+03
   3.0833332e+00   1.6748477e+04   1.2671830e+00   1.2311713e+00   5.5177154e+00   5.6855760e+00   6.7541530e+01   6.7387222e+01   2.9108674e+02   2.9037638e+02   2.1273648e+05   2.7047982e+02   1.5903762e+00   1.5293400e+00   5.2402694e+00   5.1918159e+00   8.2233107e+00   8.2910079e+00   1.7741185e+01   1.8040321e+01   2.1033917e+02   4.8350000e+03
   3.1666665e+00   1.6862804e+04   1.2796943e+00   1.2536666e+00   5.5686842e+00   5.7609998e+00   6.7714728e+01   6.7681884e+01   2.9236769e+02   2.9111506e+02   2.1308628e+05   2.7026407e+02   1.5899539e+00   1.5712090e+00   5.3339590e+00   5.3552800e+00   8.2379017e+00   8.0875133e+00   1.8157754e+01   1.8561518e+01   2.1368970e+02   5.1590000e+03
   3.2499999e+00   1.6975240e+04   1.2746572e+00   1.2744361e+00   5.6727112e+00   5.8730650e+00   6.7747899e+01   6.7783061e+01   2.9328947e+02   2.9243233e+02   2.1343697e+05   2.7039451e+02   1.5433624e+00   1.6316669e+00   5.4371723e+00   5.4981676e+00   8.0859490e+00   8.2907541e+00   1.7967961e+01   1.8361600e+01   2.1711951e+02   5.4780000e+03
   3.3333332e+00   1.7087661e+04   1.3151072e+00   1.2936601e+00   5.8623615e+00   5.9705397e+00   6.8024747e+01   6.8195381e+01   2.9373816e+02   2.9308697e+02   2.1378887e+05   2.6994998e+02   1.6655608e+00   1.6765923e+00   5.6623028e+00   5.6793404e+00   8.4921186e+00   8.3478849e+00   1.7919960e+01   1.8059889e+01   2.1933958e+02   5.7570000e+03
   3.4166665e+00   1.7197962e+04   1.3479025e+00   1.3725195e+00   5.9992464e+00   6.0836473e+00   6.8144436e+01   6.8217282e+01   2.9505074e+02   2.9358578e+02   2.1414089e+05   2.7074990e+02   1.6941486e+00   1.6991391e+00   5.8264041e+00   5.6915512e+00   8.2792644e+00   8.2994074e+00   1.8011134e+01   1.7828848e+01   2.2259571e+02   6.0190000e+03
   3.4999999e+00   1.7308061e+04   1.3635153e+00   1.3949401e+00   6.1872170e+00   6.2356858e+00   6.8728362e+01   6.8402130e+01   2.9598935e+02   2.9520639e+02   2.1449215e+05   2.7124774e+02   1.7163541e+00   1.7221259e+00   5.9238955e+00   5.9254923e+00   8.3193603e+00   8.3712281e+00   1.8317943e+01   1.8635464e+01   2.2520539e+02   6.2450000e+03
   3.5833332e+00   1.7415007e+04   1.4332201e+00   1.4315224e+00   6.3135257e+00   6.4439728e+00   6.8522637e+01   6.8795416e+01   2.9654527e+02   2.9598359e+02   2.1484384e+05   2.7030132e+02   1.7368437e+00   1.7466906e+00   6.1004103e+00   6.0864237e+00   8.3355827e+00   8.4552582e+00   1.8280253e+01   1.8064741e+01   2.2802045e+02   6.4660000e+03
   3.6666665e+00   1.7521980e+04   1.4386595e+00   1.4856373e+00   6.5388989e+00   6.5493716e+00   6.8676242e+01   6.8853082e+01   2.9728366e+02   2.9657241e+02   2.1519537e+05   2.7069036e+02   1.7988427e+00   1.8074649e+00   6.2752976e+00   6.0490699e+00   8.3020950e+00   8.4356618e+00   1.8312456e+01   1.8500702e+01   2.3042785e+02   6.6580000e+03
   3.7499998e+00   1.7627647e+04   1.5150650e+00   1.4741516e+00   6.7012369e+00   6.7075801e+00   6.9105931e+01   6.9034570e+01   2.9797463e+02   2.9756993e+02   2.1554718e+05   2.7111895e+02   1.8719759e+00   1.7479269e+00   6.5149809e+00   6.2851648e+00   8.2208688e+00   8.4771122e+00   1.8342016e+01   1.8336142e+01   2.3207781e+02   6.8470000e+03
   3.8333332e+00   1.7731519e+04   1.5584590e+00   1.5604690e+00   6.8438861e+00   6.9514238e+00   6.9041541e+01   6.9233166e+01   3.0002982e+02   2.9768811e+02   2.1590149e+05   2.7150624e+02   1.9227759e+00   1.8898394e+00   6.5699793e+00   6.5691301e+00   8.3275933e+00   8.3726006e+00   1.8029934e+01   1.8528605e+01   2.3472013e+02   7.0150000e+03
   3.9166665e+00   1.7834786e+04   1.6533238e+00   1.6708363e+00   7.1786991e+00   7.2394568e+00   6.9403860e+01   6.9387777e+01   3.0032416e+02   2.9949500e+02   2.1625437e+05   2.7228010e+02   1.9445039e+00   1.9524047e+00   6.8872281e+00   6.7353454e+00   8.4453624e+00   8.3004508e+00   1.8410360e+01   1.8244138e+01   2.3657665e+02   7.2020000e+03
   3.9999998e+00   1.7935960e+04   1.7256604e+00   1.7332075e+00   7.5316981e+00   7.5830189e+00   6.9678113e+01   6.9781509e+01   3.0164113e+02   3.0048528e+02   2.1660869e+05   2.7383892e+02   2.0342068e+00   2.0274055e+00   7.1022792e+00   7.0832358e+00   8.3376379e+00   8.5039128e+00   1.8450997e+01   1.8148042e+01   2.3841232e+02   7.3500000e+03
   4.0833332e+00   1.8036063e+04   1.8068092e+00   1.7961203e+00   7.8372922e+00   7.8452098e+00   6.9980998e+01   7.0101742e+01   3.0280166e+02   3.0120309e+02   2.1696434e+05   2.7634508e+02   2.1446431e+00   2.0537338e+00   7.3482571e+00   7.3363459e+00   8.1263071e+00   8.3578588e+00   1.8579299e+01   1.9001624e+01   2.4256620e+02   7.4740000e+03
   4.1666665e+00   1.8134745e+04   1.8853211e+00   1.8803169e+00   8.2051710e+00   8.2376981e+00   7.0249791e+01   7.0260217e+01   3.0335488e+02   3.0243953e+02   2.1732000e+05   2.7844409e+02   2.1788477e+00   2.1399366e+00   7.7019753e+00   7.5693570e+00   8.5199556e+00   8.4666669e+00   1.8135114e+01   1.8412992e+01   2.4468730e+02   7.6020000e+03
   4.2499998e+00   1.8231793e+04   2.0254163e+00   2.0223488e+00   8.5666082e+00   8.6858019e+00   7.0286591e+01   7.0544698e+01   3.0424847e+02   3.0363804e+02   2.1767517e+05   2.8092304e+02   2.2868135e+00   2.2560611e+00   8.0657745e+00   7.9592815e+00   8.4330036e+00   8.4255499e+00   1.8157938e+01   1.8737849e+01   2.4767887e+02   7.7180000e+03
   4.3333332e+00   1.8327907e+04   2.0869367e+00   2.0705508e+00   8.9940828e+00   8.9886208e+00   7.0633136e+01   7.0331816e+01   3.0489668e+02   3.0408921e+02   2.1803274e+05   2.8398777e+02   2.4148896e+00   2.2654112e+00   8.2793586e+00   8.1556666e+00   8.2876977e+00   8.4671525e+00   1.8286696e+01   1.8674551e+01   2.5067745e+02   7.8030000e+03
   4.4166665e+00   1.8423452e+04   2.1807856e+00   2.2143871e+00   9.3677236e+00   9.3379082e+00   7.0969238e+01   7.0533365e+01   3.0532702e+02   3.0532324e+02   2.1839280e+05   2.8878802e+02   2.4288103e+00   2.3971142e+00   8.5587121e+00   8.4958416e+00   8.6754126e+00   8.4344593e+00   1.8336773e+01   1.8865456e+01   2.5394334e+02   7.8870000e+03
   4.4999998e+00   1.8515344e+04   2.3598616e+00   2.3366288e+00   9.8853188e+00   9.9253584e+00   7.0955017e+01   7.0801780e+01   3.0586406e+02   3.0601582e+02   2.1875061e+05   2.9373313e+02   2.5140575e+00   2.5240442e+00   9.1541744e+00   8.8773857e+00   8.3664497e+00   8.4354040e+00   1.8786131e+01   1.8488394e+01   2.5838988e+02   7.9770000e+03
   4.5833331e+00   1.8606614e+04   2.3643371e+00   2.5061665e+00   1.0310894e+01   1.0459918e+01   7.1191161e+01   7.0701953e+01   3.0671994e+02   3.0720195e+02   2.1911110e+05   2.9922142e+02   2.5523501e+00   2.6367412e+00   9.6004206e+00   9.2284731e+00   8.5024384e+00   8.4271910e+00   1.8632315e+01   1.8476465e+01   2.6050998e+02   8.0540000e+03
   4.6666665e+00   1.8692512e+04   2.5037513e+00   2.5685959e+00   1.0941050e+01   1.0942122e+01   7.1225080e+01   7.1215970e+01   3.0787353e+02   3.0743623e+02   2.1947072e+05   3.0342970e+02   2.6302503e+00   2.6906371e+00   9.8770869e+00   9.6367190e+00   8.6778961e+00   8.7225314e+00   1.8334897e+01   1.8295532e+01   2.6275428e+02   8.1340000e+03
   4.7499998e+00   1.8776644e+04   2.7731559e+00   2.7237937e+00   1.1776484e+01   1.1402662e+01   7.1337216e+01   7.1325014e+01   3.0935275e+02   3.0817083e+02   2.1983002e+05   3.0609863e+02   2.8053996e+00   2.8867304e+00   1.0328213e+01   9.9619606e+00   8.6341658e+00   8.4458694e+00   1.8429601e+01   1.9081044e+01   2.6524301e+02   8.1970000e+03
   4.8333331e+00   1.8864358e+04   2.8788222e+00   2.8091733e+00   1.2156852e+01   1.2067950e+01   7.1885617e+01   7.1877690e+01   3.1025595e+02   3.0925085e+02   2.2018960e+05   3.1307137e+02   2.9584534e+00   2.9193786e+00   1.0848521e+01   1.0670651e+01   8.4975882e+00   8.4672869e+00   1.8880695e+01   1.8959833e+01   2.6816292e+02   8.2340000e+03
   4.9166665e+00   1.8945684e+04   3.0600233e+00   3.0367133e+00   1.2791375e+01   1.2713287e+01   7.2087995e+01   7.1558275e+01   3.1087063e+02   3.1001457e+02   2.2055042e+05   3.1983981e+02   3.1399632e+00   3.1080341e+00   1.1326362e+01   1.1146282e+01   8.5843343e+00   8.3809854e+00   1.9006356e+01   1.9061885e+01   2.7170483e+02   8.2840000e+03
   4.9999998e+00   1.9024875e+04   3.1788278e+00   3.2494019e+00   1.3522727e+01   1.3299641e+01   7.2146531e+01   7.2465311e+01   3.1190251e+02   3.1007177e+02   2.2091270e+05   3.2603506e+02   3.1927441e+00   3.2512024e+00   1.1630382e+01   1.1633874e+01   8.5425362e+00   8.6416797e+00   1.8480149e+01   1.9273231e+01   2.7509499e+02   8.3280000e+03
   5.0833331e+00   1.9104832e+04   3.3619106e+00   3.3870178e+00   1.4209430e+01   1.3955909e+01   7.2587875e+01   7.2618494e+01   3.1227250e+02   3.1147520e+02   2.2127625e+05   3.3504668e+02   3.3404744e+00   3.2784767e+00   1.2322922e+01   1.2012627e+01   8.7723678e+00   8.3869837e+00   1.8058180e+01   1.8870970e+01   2.7880243e+02   8.3670000e+03
   5.1666665e+00   1.9182353e+04   3.4664997e+00   3.4884158e+00   1.5172198e+01   1.4857858e+01   7.2777082e+01   7.2777082e+01   3.1310895e+02   3.1343770e+02   2.2164207e+05   3.4543064e+02   3.4419149e+00   3.4212439e+00   1.3015357e+01   1.3016972e+01   8.6970972e+00   8.5576565e+00   1.8675957e+01   1.8434417e+01   2.8122801e+02   8.4030000e+03
   5.2499998e+00   1.9257380e+04   3.7357280e+00   3.5978191e+00   1.5864015e+01   1.5520847e+01   7.2712636e+01   7.2659397e+01   3.1425401e+02   3.1326427e+02   2.2200726e+05   3.5504651e+02   3.6051169e+00   3.4874461e+00   1.3543046e+01   1.3224803e+01   8.3785310e+00   8.6791378e+00   1.8852672e+01   1.8973956e+01   2.8412440e+02   8.4410000e+03
   5.3333331e+00   1.9329146e+04   3.8673203e+00   3.8647059e+00   1.6626797e+01   1.6403922e+01   7.3041830e+01   7.2755556e+01   3.1511242e+02   3.1489739e+02   2.2237225e+05   3.6447338e+02   3.8248154e+00   3.8366749e+00   1.4209861e+01   1.4042968e+01   8.2578350e+00   8.3954182e+00   1.8634916e+01   1.8518385e+01   2.8747301e+02   8.4700000e+03
   5.4166665e+00   1.9398671e+04   4.0740000e+00   4.0966667e+00   1.7500667e+01   1.7382000e+01   7.3021333e+01   7.3043333e+01   3.1528000e+02   3.1376667e+02   2.2273762e+05   3.7509996e+02   3.8233846e+00   3.9759940e+00   1.4970797e+01   1.4896756e+01   8.5603192e+00   8.2602023e+00   1.8275601e+01   1.9344983e+01   2.9004786e+02   8.5000000e+03
   5.4999998e+00   1.9468679e+04   4.4769648e+00   4.3699187e+00   1.8569106e+01   1.8195799e+01   7.2962737e+01   7.3481030e+01   3.1616396e+02   3.1492954e+02   2.2310367e+05   3.8816270e+02   4.1161292e+00   4.1343558e+00   1.6104615e+01   1.5551694e+01   8.7308900e+00   8.4409201e+00   1.9026695e+01   1.8654007e+01   2.9269853e+02   8.5240000e+03
   5.5833331e+00   1.9532796e+04   4.6228493e+00   4.5044735e+00   1.9556091e+01   1.9212663e+01   7.2942189e+01   7.3407433e+01   3.1597591e+02   3.1637233e+02   2.2346828e+05   4.0092471e+02   4.2922925e+00   4.1505104e+00   1.6644531e+01   1.6290182e+01   8.7385952e+00   8.3474316e+00   1.9458088e+01   1.9163131e+01   2.9156255e+02   8.5470000e+03
   5.6666664e+00   1.9596904e+04   4.8786611e+00   4.8598326e+00   2.0649233e+01   2.0246862e+01   7.3621339e+01   7.3507671e+01   3.1687936e+02   3.1770851e+02   2.2383584e+05   4.1520322e+02   4.5921508e+00   4.4970973e+00   1.7272306e+01   1.7116012e+01   8.5972694e+00   8.6294751e+00   1.8495131e+01   1.9033708e+01   2.9529376e+02   8.5660000e+03
   5.7499998e+00   1.9656974e+04   5.2609929e+00   5.1815603e+00   2.1796454e+01   2.1458156e+01   7.3565248e+01   7.3694326e+01   3.1789858e+02   3.1745461e+02   2.2420277e+05   4.3004054e+02   4.8878083e+00   4.7276065e+00   1.8123083e+01   1.7779424e+01   8.5150265e+00   8.5188079e+00   1.9080318e+01   1.9086810e+01   2.9735126e+02   8.5900000e+03
   5.8333331e+00   1.9714739e+04   5.4953338e+00   5.4012922e+00   2.2955492e+01   2.2743001e+01   7.3654702e+01   7.3769562e+01   3.1977746e+02   3.1900431e+02   2.2457081e+05   4.4911003e+02   4.9600574e+00   5.0329859e+00   1.9118604e+01   1.9060061e+01   8.5365556e+00   8.9766231e+00   1.9281323e+01   1.8983242e+01   3.0108361e+02   8.6070000e+03
   5.9166664e+00   1.9768449e+04   5.8162518e+00   5.7628111e+00   2.4560029e+01   2.4005857e+01   7.3784773e+01   7.3641288e+01   3.1965373e+02   3.1837335e+02   2.2493917e+05   4.6904685e+02   5.0162286e+00   5.1401708e+00   2.0077042e+01   1.9549729e+01   8.6828838e+00   8.4178526e+00   1.9017733e+01   1.9705257e+01   3.0293531e+02   8.6340000e+03
   5.9999998e+00   1.9821675e+04   6.1301775e+00   5.9963018e+00   2.5743343e+01   2.5363166e+01   7.4088757e+01   7.4121302e+01   3.1987722e+02   3.1966346e+02   2.2530803e+05   4.8676751e+02   5.3791197e+00   5.4025915e+00   2.0525118e+01   2.0395546e+01   8.8601834e+00   8.5413656e+00   1.9291132e+01   1.9183787e+01   3.0474148e+02   8.6480000e+03
   6.0833331e+00   1.9872345e+04   6.5100671e+00   6.3527218e+00   2.7066368e+01   2.6571961e+01   7.4531693e+01   7.4086503e+01   3.2103878e+02   3.2051603e+02   2.2567791e+05   5.0703405e+02   5.3365198e+00   5.4874458e+00   2.1458900e+01   2.1180889e+01   8.9420148e+00   8.8469560e+00   1.9339118e+01   1.9422961e+01   3.0679813e+02   8.6590000e+03
   6.1666664e+00   1.9920980e+04   6.7789474e+00   6.8639098e+00   2.8536842e+01   2.8090977e+01   7.4474436e+01   7.4685714e+01   3.2187669e+02   3.2190451e+02   2.2605036e+05   5.2893486e+02   5.6603787e+00   5.6223225e+00   2.2088656e+01   2.1977757e+01   8.6784213e+00   8.9175906e+00   1.9426654e+01   1.9110602e+01   3.0993645e+02   8.6700000e+03
   6.2499998e+00   1.9962158e+04   7.1366743e+00   7.2277904e+00   3.0212604e+01   2.9697798e+01   7.4550494e+01   7.4563402e+01   3.2262111e+02   3.2205771e+02   2.2642175e+05   5.5074851e+02   5.8091087e+00   5.9616086e+00   2.2752408e+01   2.2899240e+01   8.8673907e+00   8.7370380e+00   1.8876054e+01   1.9334278e+01   3.1279767e+02   8.6830000e+03
   6.3333331e+00   2.0004290e+04   7.5255530e+00   7.5247902e+00   3.1830664e+01   3.0988558e+01   7.4958047e+01   7.4660564e+01   3.2208162e+02   3.2279939e+02   2.2679281e+05   5.7308318e+02   6.1039903e+00   6.0024769e+00   2.3929355e+01   2.3216289e+01   8.9186610e+00   8.5983289e+00   1.8753082e+01   1.9277805e+01   3.1561384e+02   8.6890000e+03
   6.4166664e+00   2.0045554e+04   7.8478593e+00   7.7285933e+00   3.3039755e+01   3.2426606e+01   7.5034404e+01   7.5027523e+01   3.2389908e+02   3.2350688e+02   2.2716713e+05   5.9705835e+02   6.1054696e+00   6.0616982e+00   2.4576442e+01   2.4223108e+01   8.7965812e+00   8.8581877e+00   1.8550675e+01   1.9704258e+01   3.1801903e+02   8.6920000e+03
   6.4999997e+00   2.0078505e+04   8.3508096e+00   8.1087124e+00   3.4788743e+01   3.4080956e+01   7.4868928e+01   7.4907479e+01   3.2396145e+02   3.2378874e+02   2.2753950e+05   6.1912342e+02   6.3379236e+00   6.3647898e+00   2.4921700e+01   2.4624471e+01   8.5927096e+00   8.8128211e+00   1.9024798e+01   1.9221984e+01   3.1975909e+02   8.7030000e+03
   6.5833331e+00   2.0108733e+04   8.6288820e+00   8.6948758e+00   3.6565994e+01   3.6020186e+01   7.5014752e+01   7.4918478e+01   3.2466304e+02   3.2363276e+02   2.2791219e+05   6.4430772e+02   6.4521793e+00   6.6759310e+00   2.5638034e+01   2.5429175e+01   8.5142926e+00   8.4000796e+00   1.8611176e+01   1.9951871e+01   3.2214510e+02   8.7120000e+03
   6.6666664e+00   2.0138318e+04   9.0156128e+00   8.9453552e+00   3.8344262e+01   3.7637002e+01   7.5291179e+01   7.5092896e+01   3.2517642e+02   3.2437549e+02   2.2828712e+05   6.7064108e+02   6.6004076e+00   6.7203152e+00   2.6171448e+01   2.6099033e+01   8.7607251e+00   8.7513367e+00   1.9936151e+01   1.8585663e+01   3.2590644e+02   8.7190000e+03
   6.7499997e+00   2.0164355e+04   9.5411120e+00   9.5700861e+00   4.0285043e+01   3.9184808e+01   7.4996085e+01   7.5349256e+01   3.2530384e+02   3.2521535e+02   2.2866087e+05   6.9707269e+02   6.7546044e+00   6.8533095e+00   2.6980782e+01   2.6480347e+01   8.8237257e+00   8.6796989e+00   1.9645928e+01   1.9877757e+01   3.2785864e+02   8.7230000e+03
   6.8333331e+00   2.0186541e+04   1.0062893e+01   9.9622642e+00   4.2279088e+01   4.1417453e+01   7.5561321e+01   7.5903302e+01   3.2619182e+02   3.2562421e+02   2.2903722e+05   7.2342925e+02   7.0417977e+00   7.1518424e+00   2.7679376e+01   2.7712122e+01   8.5773757e+00   9.0249722e+00   2.0337421e+01   1.9845595e+01   3.3253561e+02   8.7280000e+03
   6.9166664e+00   2.0203724e+04   1.0465300e+01   1.0589117e+01   4.4296530e+01   4.3537066e+01   7.5615142e+01   7.5465300e+01   3.2604495e+02   3.2720899e+02   2.2941378e+05   7.4805418e+02   7.1959535e+00   7.2166239e+00   2.8796026e+01   2.8160231e+01   8.9073185e+00   8.6093630e+00   1.9790067e+01   1.9567293e+01   3.3721652e+02   8.7320000e+03
   6.9999997e+00   2.0215574e+04   1.1099762e+01   1.0912114e+01   4.6676960e+01   4.5665875e+01   7.5388757e+01   7.5858274e+01   3.2769438e+02   3.2645685e+02   2.2979151e+05   7.7395039e+02   7.4343098e+00   7.3434666e+00   2.9101252e+01   2.8953197e+01   8.9769082e+00   9.1229336e+00   1.9839811e+01   1.9580048e+01   3.3879708e+02   8.7370000e+03
   7.0833331e+00   2.0225677e+04   1.1539317e+01   1.1505163e+01   4.8764893e+01   4.7526608e+01   7.5602065e+01   7.6034948e+01   3.2903654e+02   3.2669420e+02   2.3016888e+05   8.0028803e+02   7.4603778e+00   7.6202974e+00   2.9830182e+01   2.9488456e+01   8.9124711e+00   8.9633799e+00   1.9545274e+01   1.9292355e+01   3.4202935e+02   8.7410000e+03
   7.1666664e+00   2.0231131e+04   1.2021497e+01   1.1999204e+01   5.0948248e+01   4.9683121e+01   7.5453822e+01   7.6000796e+01   3.2877309e+02   3.2839172e+02   2.3054481e+05   8.2461082e+02   7.7698170e+00   7.6765800e+00   3.0467011e+01   2.9814618e+01   8.6255121e+00   8.5794621e+00   1.9835264e+01   1.9861177e+01   3.4445929e+02   8.7440000e+03
   7.2499997e+00   2.0236600e+04   1.2491228e+01   1.2442584e+01   5.2825359e+01   5.1954545e+01   7.5930622e+01   7.5338118e+01   3.2770175e+02   3.2781499e+02   2.3092310e+05   8.4922876e+02   7.8925042e+00   7.7412962e+00   3.0909940e+01   3.0490594e+01   9.2452168e+00   8.8102566e+00   2.0265919e+01   1.9442983e+01   3.4742312e+02   8.7460000e+03
   7.3333330e+00   2.0236937e+04   1.2909600e+01   1.2904000e+01   5.4852000e+01   5.3998400e+01   7.5957600e+01   7.5822400e+01   3.2874240e+02   3.2688320e+02   2.3130174e+05   8.7391903e+02   7.9625215e+00   7.9157129e+00   3.1602739e+01   3.1075105e+01   8.9199246e+00   8.9560162e+00   1.9536770e+01   1.9314575e+01   3.4946659e+02   8.7500000e+03
   7.4166664e+00   2.0234486e+04   1.3474780e+01   1.3555645e+01   5.6929544e+01   5.5743795e+01   7.5413131e+01   7.5767814e+01   3.2834027e+02   3.2907846e+02   2.3168057e+05   8.9669111e+02   8.3059223e+00   8.1583086e+00   3.2273990e+01   3.1844977e+01   9.1641383e+00   8.7640302e+00   2.0159627e+01   1.9295491e+01   3.5408472e+02   8.7510000e+03
   7.4999997e+00   2.0226962e+04   1.4071486e+01   1.3856225e+01   5.9017671e+01   5.7816064e+01   7.6061044e+01   7.5665060e+01   3.2907631e+02   3.2864337e+02   2.3206165e+05   9.1942668e+02   8.3954052e+00   8.0643146e+00   3.2831828e+01   3.2128846e+01   8.7157396e+00   8.8905153e+00   1.9572640e+01   2.0360253e+01   3.5566630e+02   8.7550000e+03
   7.5833330e+00   2.0217628e+04   1.4274336e+01   1.4347546e+01   6.0984714e+01   6.0383749e+01   7.6013677e+01   7.5955752e+01   3.2957603e+02   3.2809010e+02   2.3244304e+05   9.4095087e+02   8.4153190e+00   8.4256653e+00   3.3255473e+01   3.3164305e+01   8.7575487e+00   8.6859024e+00   2.0137602e+01   1.9797971e+01   3.5716145e+02   8.7570000e+03
   7.6666664e+00   2.0207263e+04   1.4553500e+01   1.4669348e+01   6.2699920e+01   6.1847949e+01   7.6022526e+01   7.5915527e+01   3.2945937e+02   3.3006919e+02   2.3282452e+05   9.6225216e+02   8.2358155e+00   8.6816622e+00   3.3708004e+01   3.3614829e+01   8.7401829e+00   8.9880996e+00   1.9767666e+01   1.9672726e+01   3.5920437e+02   8.7570000e+03
   7.7499997e+00   2.0193986e+04   1.5161706e+01   1.5232502e+01   6.4728077e+01   6.3225261e+01   7.6087691e+01   7.5906677e+01   3.3032502e+02   3.3015286e+02   2.3320569e+05   9.8271651e+02   8.6093654e+00   8.8215356e+00   3.4244904e+01   3.3952829e+01   8.9868145e+00   9.1385460e+00   2.0064082e+01   2.0321271e+01   3.6332274e+02   8.7570000e+03
   7.8333330e+00   2.0178397e+04   1.5489944e+01   1.5524537e+01   6.6121480e+01   6.5382140e+01   7.6164119e+01   7.6385358e+01   3.3125181e+02   3.2974980e+02   2.3358883e+05   1.0035068e+03   8.6184381e+00   8.6667596e+00   3.4744485e+01   3.4663827e+01   8.9555406e+00   8.7836958e+00   2.0048255e+01   1.9876130e+01   3.6656447e+02   8.7570000e+03
   7.9166664e+00   2.0160353e+04   1.5720612e+01   1.5961353e+01   6.8057166e+01   6.7187601e+01   7.6552335e+01   7.5909823e+01   3.3170048e+02   3.2996055e+02   2.3397362e+05   1.0228339e+03   8.6331843e+00   8.7742823e+00   3.4980079e+01   3.4819938e+01   8.7523497e+00   8.7499004e+00   2.0114310e+01   1.9910862e+01   3.6783108e+02   8.7580000e+03
   7.9999997e+00   2.0142299e+04   1.6116747e+01   1.5975040e+01   6.8580515e+01   6.8550725e+01   7.6722222e+01   7.6404992e+01   3.3104911e+02   3.3066184e+02   2.3435862e+05   1.0395866e+03   8.7071651e+00   8.6168429e+00   3.4744613e+01   3.4845455e+01   9.0480482e+00   8.7615603e+00   2.0187238e+01   1.9936563e+01   3.7011002e+02   8.7580000e+03
   8.0833330e+00   2.0118616e+04   1.6334408e+01   1.6578566e+01   7.0645447e+01   6.9365028e+01   7.6428687e+01   7.6892828e+01   3.3230701e+02   3.3211845e+02   2.3474354e+05   1.0524748e+03   8.7717573e+00   9.0823557e+00   3.5646268e+01   3.4983356e+01   9.1200744e+00   9.2331252e+00   2.0986978e+01   1.9701473e+01   3.7122981e+02   8.7590000e+03
   8.1666663e+00   2.0095197e+04   1.6925806e+01   1.6606452e+01   7.1783871e+01   7.1364516e+01   7.6795968e+01   7.6982258e+01   3.3220645e+02   3.3091371e+02   2.3513119e+05   1.0648872e+03   9.0267817e+00   8.8726052e+00   3.5848732e+01   3.5563210e+01   8.8227721e+00   8.8618493e+00   2.0147141e+01   1.9500414e+01   3.7360622e+02   8.7600000e+03
   8.2499997e+00   2.0070665e+04   1.7329839e+01   1.6714516e+01   7.3012097e+01   7.2546774e+01   7.6585484e+01   7.6452419e+01   3.3231210e+02   3.3116290e+02   2.3551773e+05   1.0751729e+03   9.2383948e+00   8.8721044e+00   3.6017022e+01   3.5842712e+01   9.0892329e+00   8.4432872e+00   2.0033793e+01   2.0509985e+01   3.7810029e+02   8.7600000e+03
   8.3333330e+00   2.0046381e+04   1.7283871e+01   1.6918548e+01   7.3507258e+01   7.2980645e+01   7.6567742e+01   7.6932258e+01   3.3206774e+02   3.3153468e+02   2.3590552e+05   1.0830707e+03   9.0082053e+00   9.2481167e+00   3.5593208e+01   3.5775797e+01   8.8288502e+00   9.0876065e+00   1.9952897e+01   2.0320485e+01   3.8075666e+02   8.7600000e+03
   8.4166663e+00   2.0021241e+04   1.7268548e+01   1.7257258e+01   7.4220968e+01   7.3630645e+01   7.6866129e+01   7.6596774e+01   3.3177903e+02   3.3101935e+02   2.3629244e+05   1.0887864e+03   9.1373509e+00   9.0817707e+00   3.6227060e+01   3.5893584e+01   8.8112563e+00   9.0846786e+00   1.9953405e+01   2.0567014e+01   3.8254153e+02   8.7600000e+03
   8.4999997e+00   1.9995462e+04   1.7461228e+01   1.7201939e+01   7.5035541e+01   7.4145396e+01   7.6733441e+01   7.7160743e+01   3.3164459e+02   3.3188288e+02   2.3668110e+05   1.0912724e+03   9.1013177e+00   9.1659238e+00   3.6526205e+01   3.5954002e+01   8.7857842e+00   8.9298448e+00   2.0258587e+01   2.0859890e+01   3.8472365e+02   8.7620000e+03
   8.5833330e+00   1.9970482e+04   1.7421989e+01   1.7443816e+01   7.5274859e+01   7.5451900e+01   7.6813258e+01   7.6780113e+01   3.3255538e+02   3.3153759e+02   2.3707009e+05   1.0928054e+03   9.3828892e+00   9.2940696e+00   3.7123303e+01   3.7122015e+01   9.0329253e+00   8.8532713e+00   1.9908314e+01   2.0535460e+01   3.8581139e+02   8.7630000e+03
   8.6666663e+00   1.9946411e+04   1.7568310e+01   1.7404204e+01   7.5053355e+01   7.5472918e+01   7.7026677e+01   7.6987874e+01   3.3285772e+02   3.3267987e+02   2.3745964e+05   1.0920187e+03   9.1707763e+00   9.3193911e+00   3.7250383e+01   3.7320643e+01   9.0919485e+00   8.8596947e+00   2.0094134e+01   2.0789149e+01   3.8681011e+02   8.7630000e+03
   8.7499997e+00   1.9921496e+04   1.7646440e+01   1.7411003e+01   7.5718447e+01   7.5834951e+01   7.6778317e+01   7.7009709e+01   3.3278317e+02   3.3269013e+02   2.3784810e+05   1.0911129e+03   9.3310025e+00   9.5407589e+00   3.7672572e+01   3.7533104e+01   9.0529374e+00   8.9315836e+00   2.0429634e+01   2.0677323e+01   3.8882412e+02   8.7640000e+03
   8.8333330e+00   1.9899151e+04   1.7605987e+01   1.7385113e+01   7.5272654e+01   7.5635113e+01   7.7393204e+01   7.7358414e+01   3.3469094e+02   3.3287621e+02   2.3824112e+05   1.0876700e+03   9.6329863e+00   9.5064728e+00   3.8193828e+01   3.8126324e+01   8.8180392e+00   9.0223395e+00   2.0446829e+01   2.0583356e+01   3.9341534e+02   8.7640000e+03
   8.9166663e+00   1.9878748e+04   1.7174757e+01   1.7372168e+01   7.4948220e+01   7.5061489e+01   7.6932848e+01   7.6947411e+01   3.3348625e+02   3.3445712e+02   2.3863095e+05   1.0815082e+03   9.5325673e+00   9.8163213e+00   3.8963750e+01   3.8805039e+01   8.7152631e+00   9.1902775e+00   2.0723879e+01   1.9650030e+01   3.9487042e+02   8.7640000e+03
   8.9999996e+00   1.9860392e+04   1.7086570e+01   1.7193366e+01   7.4759709e+01   7.4699838e+01   7.7382686e+01   7.7322006e+01   3.3271117e+02   3.3394013e+02   2.3902265e+05   1.0741464e+03   9.7381813e+00   9.7917914e+00   3.9518536e+01   3.8830449e+01   9.1243319e+00   8.8986121e+00   2.0619708e+01   2.0582638e+01   3.9697391e+02   8.7640000e+03
   9.0833330e+00   1.9844734e+04   1.6945793e+01   1.6879450e+01   7.3995146e+01   7.4208738e+01   7.7501618e+01   7.7354369e+01   3.3395874e+02   3.3296602e+02   2.3941605e+05   1.0642436e+03   9.7113552e+00   9.9047708e+00   4.0175284e+01   3.9152770e+01   8.9564396e+00   8.9500995e+00   2.0142748e+01   2.0020042e+01   3.9974886e+02   8.7640000e+03
   9.1666663e+00   1.9829935e+04   1.6871359e+01   1.6915858e+01   7.2766181e+01   7.3397249e+01   7.6936084e+01   7.7481392e+01   3.3492638e+02   3.3393770e+02   2.3980824e+05   1.0543206e+03   9.9391080e+00   9.9913019e+00   3.9689906e+01   3.9941637e+01   8.9860869e+00   9.1065920e+00   1.9716129e+01   2.0123630e+01   4.0148584e+02   8.7640000e+03
   9.2499996e+00   1.9820342e+04   1.6469636e+01   1.6576518e+01   7.2434818e+01   7.2678543e+01   7.7465587e+01   7.7281781e+01   3.3408745e+02   3.3505425e+02   2.4020346e+05   1.0460395e+03   9.7313846e+00   9.8313790e+00   4.0246561e+01   3.9896537e+01   8.9264638e+00   8.8363448e+00   2.0381025e+01   2.0745923e+01   4.0408377e+02   8.7650000e+03
   9.3333330e+00   1.9810750e+04   1.6491086e+01   1.6278768e+01   7.1260940e+01   7.2076985e+01   7.7623177e+01   7.7102917e+01   3.3545462e+02   3.3441005e+02   2.4059845e+05   1.0349584e+03   1.0061546e+01   9.8247459e+00   3.9799395e+01   3.9813349e+01   9.2921309e+00   8.8082175e+00   1.9798579e+01   2.0314448e+01   4.0870415e+02   8.7660000e+03
   9.4166663e+00   1.9803890e+04   1.6228525e+01   1.5979741e+01   7.0642626e+01   7.0666126e+01   7.8047002e+01   7.7512156e+01   3.3588817e+02   3.3508185e+02   2.4099271e+05   1.0244257e+03   1.0019590e+01   9.7711234e+00   4.0064156e+01   4.0086569e+01   8.9172675e+00   8.8434303e+00   2.0244382e+01   2.0619142e+01   4.1063619e+02   8.7660000e+03
   9.4999996e+00   1.9802302e+04   1.5828201e+01   1.5910049e+01   6.9379254e+01   6.9789303e+01   7.7577796e+01   7.7685575e+01   3.3594165e+02   3.3559481e+02   2.4138936e+05   1.0152940e+03   9.9539727e+00   9.8727925e+00   4.0557355e+01   4.0005446e+01   9.0151279e+00   8.9546937e+00   1.9561490e+01   1.9898066e+01   4.1297373e+02   8.7660000e+03
   9.5833330e+00   1.9799625e+04   1.5393350e+01   1.5646391e+01   6.7901054e+01   6.8136253e+01   7.8033252e+01   7.7634225e+01   3.3625629e+02   3.3651176e+02   2.4178559e+05   1.0035908e+03   9.7933280e+00   9.8891513e+00   4.0493525e+01   3.9848527e+01   9.0273591e+00   8.6675632e+00   1.9442035e+01   2.0086220e+01   4.1453050e+02   8.7670000e+03
   9.6666663e+00   1.9802445e+04   1.5041430e+01   1.5068237e+01   6.6387490e+01   6.7032494e+01   7.7341186e+01   7.7162470e+01   3.3648903e+02   3.3620309e+02   2.4218116e+05   9.9204987e+02   9.8221952e+00   9.8577801e+00   3.9895353e+01   3.9984171e+01   8.9474846e+00   9.1551889e+00   2.0300419e+01   2.0100181e+01   4.1627478e+02   8.7690000e+03
   9.7499996e+00   1.9811039e+04   1.4688871e+01   1.4761982e+01   6.4341998e+01   6.5255890e+01   7.8197400e+01   7.8060926e+01   3.3701219e+02   3.3603412e+02   2.4258129e+05   9.8133905e+02   9.6190799e+00   9.4171294e+00   3.9302134e+01   3.9713511e+01   8.9606652e+00   8.8692595e+00   1.9986475e+01   1.9871632e+01   4.1925397e+02   8.7690000e+03
   9.8333329e+00   1.9821818e+04   1.4519121e+01   1.4393002e+01   6.2991863e+01   6.3621644e+01   7.8034988e+01   7.8210740e+01   3.3796420e+02   3.3729211e+02   2.4298136e+05   9.7130603e+02   9.9486794e+00   9.7371472e+00   3.9338897e+01   3.9556283e+01   9.0181456e+00   8.9346350e+00   2.0669779e+01   2.0403266e+01   4.2105083e+02   8.7710000e+03
   9.9166663e+00   1.9834561e+04   1.3970684e+01   1.4085505e+01   6.1384365e+01   6.2347720e+01   7.8270358e+01   7.8231270e+01   3.3772150e+02   3.3787378e+02   2.4338137e+05   9.5388325e+02   9.6275779e+00   9.6872875e+00   3.9496449e+01   3.9599467e+01   9.1556424e+00   9.0872040e+00   2.0212255e+01   2.0129237e+01   4.2222194e+02   8.7720000e+03
   9.9999996e+00   1.9853528e+04   1.3623472e+01   1.3796251e+01   5.9807661e+01   6.0704971e+01   7.8149144e+01   7.8180114e+01   3.3868949e+02   3.3880277e+02   2.4378298e+05   9.4661853e+02   9.6034780e+00   9.6459791e+00   3.9116368e+01   3.9325193e+01   8.9884694e+00   8.8638052e+00   1.9484605e+01   2.0699163e+01   4.2502956e+02   8.7730000e+03
   1.0083333e+01   1.9876660e+04   1.3409943e+01   1.3255094e+01   5.8310513e+01   5.9291769e+01   7.8576202e+01   7.8324368e+01   3.3751182e+02   3.3779544e+02   2.4418406e+05   9.3742835e+02   9.3933786e+00   9.5686391e+00   3.9403699e+01   3.9249417e+01   8.9799316e+00   9.0297181e+00   1.9904515e+01   1.9963949e+01   4.2899086e+02   8.7730000e+03
