   0.0000000e+00   1.6684299e+04   7.4005700e+01   7.3896500e+01   3.2025730e+02   3.1962150e+02   0.0000000e+00   0.0000000e+00   0.0000000e+00   0.0000000e+00   2.0019828e+05   3.0509180e+01   8.6441390e+00   8.7694058e+00   1.7240969e+01   1.5433498e+01   0.0000000e+00   0.0000000e+00   0.0000000e+00   0.0000000e+00   2.4947556e+01   0.0000000e+00
   8.3333330e-02   1.6277719e+04   7.1751100e+01   7.2236800e+01   3.1605660e+02   3.1782380e+02   5.5120100e+01   5.4048400e+01   1.7260660e+02   9.7854600e+01   2.0052648e+05   6.0176400e+01   9.1926492e+00   9.0317375e+00   2.2987306e+01   2.1036231e+01   7.2588804e+00   7.3368140e+00   1.3655522e+01   1.0273695e+01   4.1841328e+01   0.0000000e+00
   1.6666666e-01   1.5839165e+04   6.7690600e+01   6.8297900e+01   3.0387600e+02   3.0976810e+02   6.0306100e+01   6.0075300e+01   2.4225360e+02   2.0721690e+02   2.0085624e+05   9.6157198e+01   9.3368726e+00   9.3960302e+00   2.6014867e+01   2.5079849e+01   7.7751430e+00   7.7142324e+00   1.6002272e+01   1.4838675e+01   5.3955420e+01   0.0000000e+00
   2.4999999e-01   1.5421498e+04   6.2090700e+01   6.2843300e+01   2.8309220e+02   2.9385350e+02   6.2382000e+01   6.2302300e+01   2.6391340e+02   2.5139620e+02   2.0118509e+05   1.3130485e+02   9.3006088e+00   9.1927034e+00   2.7087984e+01   2.6968793e+01   8.0001923e+00   7.8708392e+00   1.6855863e+01   1.6669445e+01   6.1836121e+01   0.0000000e+00
   3.3333332e-01   1.5051653e+04   5.5573200e+01   5.6303900e+01   2.5771040e+02   2.7073760e+02   6.2926700e+01   6.2510300e+01   2.7013440e+02   2.6611980e+02   2.0151785e+05   1.6559489e+02   8.6320967e+00   8.8081271e+00   2.7124441e+01   2.7545407e+01   7.9806200e+00   8.0043301e+00   1.7417292e+01   1.7184201e+01   6.9528569e+01   0.0000000e+00
   4.1666665e-01   1.4744030e+04   4.8422400e+01   4.9445000e+01   2.2855610e+02   2.4300310e+02   6.2804400e+01   6.2745800e+01   2.7121960e+02   2.7007310e+02   2.0184794e+05   1.9343849e+02   8.2745287e+00   8.1636781e+00   2.5535373e+01   2.6469181e+01   7.9250124e+00   8.0006989e+00   1.7226034e+01   1.7060617e+01   7.7344369e+01   0.0000000e+00
   4.9999998e-01   1.4501138e+04   4.1580400e+01   4.2513800e+01   1.9843160e+02   2.1325000e+02   6.2659300e+01   6.2509400e+01   2.7100550e+02   2.7100500e+02   2.0218093e+05   2.1937558e+02   7.6320352e+00   7.6982424e+00   2.4190602e+01   2.5517645e+01   8.0215995e+00   7.8022945e+00   1.7315324e+01   1.7279978e+01   8.4256128e+01   0.0000000e+00
   5.8333331e-01   1.4314014e+04   3.5347600e+01   3.6026900e+01   1.7033670e+02   1.8389120e+02   6.2415300e+01   6.2528800e+01   2.7035410e+02   2.7029970e+02   2.0251318e+05   2.3911126e+02   6.9244183e+00   7.1657038e+00   2.2326800e+01   2.3504740e+01   7.7788995e+00   7.8770283e+00   1.7312801e+01   1.7566734e+01   9.0412432e+01   0.0000000e+00
   6.6666664e-01   1.4187541e+04   2.9727100e+01   3.0299500e+01   1.4335660e+02   1.5678780e+02   6.2375600e+01   6.2388500e+01   2.6983470e+02   2.7034580e+02   2.0284511e+05   2.5124752e+02   6.4255859e+00   6.4017730e+00   2.0406913e+01   2.1417013e+01   7.9476563e+00   7.8483073e+00   1.7226069e+01   1.7342869e+01   9.5182761e+01   0.0000000e+00
   7.4999997e-01   1.4103004e+04   2.4785200e+01   2.5363500e+01   1.2023890e+02   1.3190890e+02   6.2217100e+01   6.2169100e+01   2.6958450e+02   2.6924600e+02   2.0317673e+05   2.6412107e+02   5.9389046e+00   5.9966794e+00   1.8677556e+01   2.0180855e+01   7.9865603e+00   7.9585953e+00   1.7299618e+01   1.7298064e+01   1.0284315e+02   0.0000000e+00
   8.3333330e-01   1.4054794e+04   2.0592900e+01   2.0986800e+01   1.0061390e+02   1.1024960e+02   6.2252700e+01   6.2207900e+01   2.6899730e+02   2.6941130e+02   2.0351046e+05   2.7737684e+02   5.4240678e+00   5.4412119e+00   1.6892334e+01   1.8183442e+01   7.8153279e+00   7.9730568e+00   1.7112942e+01   1.7029831e+01   1.0742166e+02   0.0000000e+00
   9.1666663e-01   1.4047974e+04   1.7190500e+01   1.7610800e+01   8.3981700e+01   9.2131000e+01   6.2247600e+01   6.2191200e+01   2.6922490e+02   2.6901460e+02   2.0384772e+05   2.7989743e+02   4.9548022e+00   4.9765651e+00   1.6073295e+01   1.6814444e+01   7.8184274e+00   7.8755981e+00   1.7208862e+01   1.7349458e+01   1.0994649e+02   0.0000000e+00
   9.9999996e-01   1.4070896e+04   1.4011400e+01   1.4536200e+01   6.8996300e+01   7.5955400e+01   6.2248600e+01   6.2244600e+01   2.6953500e+02   2.6940360e+02   2.0418396e+05   2.8220642e+02   4.5230649e+00   4.6411899e+00   1.4927691e+01   1.5599768e+01   7.8970523e+00   7.7798601e+00   1.7074300e+01   1.7202747e+01   1.1610323e+02   0.0000000e+00
   1.0833333e+00   1.4102408e+04   1.1819000e+01   1.2142600e+01   5.7754400e+01   6.3423300e+01   6.2416400e+01   6.2321600e+01   2.7032700e+02   2.6987150e+02   2.0451644e+05   2.8419465e+02   4.2216846e+00   4.2747974e+00   1.3676636e+01   1.4357170e+01   7.9525930e+00   7.8514673e+00   1.7311431e+01   1.7274062e+01   1.1978663e+02   0.0000000e+00
   1.1666666e+00   1.4160416e+04   9.9238000e+00   1.0134000e+01   4.8277600e+01   5.2880300e+01   6.2564200e+01   6.2658600e+01   2.7023320e+02   2.6993290e+02   2.0484872e+05   2.8863953e+02   3.8874548e+00   3.9496587e+00   1.2925635e+01   1.3184178e+01   7.9844883e+00   8.0509706e+00   1.7290833e+01   1.7159080e+01   1.2506635e+02   0.0000000e+00
   1.2500000e+00   1.4229798e+04   8.2616000e+00   8.5067000e+00   4.0290400e+01   4.4083700e+01   6.2815100e+01   6.2651400e+01   2.7120010e+02   2.7012380e+02   2.0518297e+05   2.9047945e+02   3.5969792e+00   3.5769309e+00   1.2015752e+01   1.2633197e+01   7.9050972e+00   7.9064359e+00   1.7446246e+01   1.7291581e+01   1.2894579e+02   0.0000000e+00
   1.3333333e+00   1.4311214e+04   6.9845000e+00   7.1386000e+00   3.3650600e+01   3.6930200e+01   6.2965000e+01   6.2992500e+01   2.7182000e+02   2.7099650e+02   2.0552435e+05   2.9290399e+02   3.3597007e+00   3.3157638e+00   1.1212791e+01   1.1775882e+01   7.9929071e+00   7.9812539e+00   1.7352790e+01   1.6946799e+01   1.3386509e+02   0.0000000e+00
   1.4166666e+00   1.4408897e+04   5.9483000e+00   6.1047000e+00   2.8636800e+01   3.1473100e+01   6.3173200e+01   6.3191600e+01   2.7266330e+02   2.7191760e+02   2.0586081e+05   3.0491152e+02   3.0408472e+00   3.0706157e+00   1.0409002e+01   1.0859745e+01   8.0327115e+00   8.0758164e+00   1.7139449e+01   1.7230313e+01   1.3559462e+02   0.0000000e+00
   1.4999999e+00   1.4509616e+04   5.0242000e+00   5.1505000e+00   2.4173500e+01   2.6365800e+01   6.3294300e+01   6.3179800e+01   2.7314100e+02   2.7241500e+02   2.0619539e+05   3.0656742e+02   2.7880444e+00   2.8626333e+00   9.7281993e+00   1.0037782e+01   7.9039189e+00   8.1263199e+00   1.7389996e+01   1.7357434e+01   1.4051914e+02   0.0000000e+00
   1.5833333e+00   1.4613876e+04   4.3091000e+00   4.3852000e+00   2.0579600e+01   2.2328500e+01   6.3480200e+01   6.3459700e+01   2.7430900e+02   2.7349470e+02   2.0653663e+05   3.0640021e+02   2.5844971e+00   2.5828450e+00   8.9505684e+00   9.3888126e+00   8.0137650e+00   8.1155260e+00   1.7480729e+01   1.7022442e+01   1.4498343e+02   0.0000000e+00
   1.6666666e+00   1.4731558e+04   3.7397000e+00   3.8468000e+00   1.7600400e+01   1.8991000e+01   6.3635400e+01   6.3626400e+01   2.7516860e+02   2.7435150e+02   2.0687768e+05   3.0821797e+02   2.3736696e+00   2.4669289e+00   8.3141946e+00   8.7027865e+00   7.9406405e+00   7.9291179e+00   1.7043545e+01   1.7696787e+01   1.5142385e+02   1.0000000e-04
   1.7499999e+00   1.4845933e+04   3.2431000e+00   3.3343000e+00   1.5140100e+01   1.6423400e+01   6.3959700e+01   6.3730700e+01   2.7593240e+02   2.7519710e+02   2.0721420e+05   3.0424816e+02   2.1983370e+00   2.2526542e+00   7.9015135e+00   8.2271320e+00   8.0313216e+00   7.9599318e+00   1.7455323e+01   1.7196367e+01   1.5392741e+02   3.9997000e-04
   1.8333333e+00   1.4963204e+04   2.8283000e+00   2.8659000e+00   1.3135800e+01   1.4138200e+01   6.4409700e+01   6.4097100e+01   2.7687290e+02   2.7600940e+02   2.0755541e+05   2.9958956e+02   2.0635515e+00   2.0946494e+00   7.3599847e+00   7.5644182e+00   8.0265490e+00   8.0341475e+00   1.7376903e+01   1.7370345e+01   1.6162033e+02   1.7994100e-03
   1.9166666e+00   1.5081732e+04   2.5186000e+00   2.5564000e+00   1.1517500e+01   1.2443100e+01   6.4295400e+01   6.4235300e+01   2.7773750e+02   2.7706220e+02   2.0789174e+05   2.9753098e+02   1.9771811e+00   1.9328716e+00   6.9029457e+00   7.2445711e+00   8.0390423e+00   8.0293201e+00   1.7503829e+01   1.7490784e+01   1.6287834e+02   4.3947316e-03
   1.9999999e+00   1.5203242e+04   2.2603000e+00   2.3016000e+00   1.0357400e+01   1.1014600e+01   6.4514800e+01   6.4349500e+01   2.7875160e+02   2.7802970e+02   2.0823422e+05   2.9319802e+02   1.8415980e+00   1.8542333e+00   6.5070039e+00   6.7420718e+00   8.0758469e+00   8.1291671e+00   1.7758661e+01   1.7599636e+01   1.6467651e+02   8.2775921e-03
   2.0833333e+00   1.5320986e+04   2.0556000e+00   2.0722000e+00   9.2683000e+00   9.8043000e+00   6.4613000e+01   6.4664300e+01   2.7953890e+02   2.7847920e+02   2.0857671e+05   2.9583671e+02   1.7306092e+00   1.7442166e+00   6.1715090e+00   6.3587613e+00   7.9488710e+00   8.0429270e+00   1.7074368e+01   1.7482504e+01   1.6814804e+02   1.6310544e-02
   2.1666666e+00   1.5446212e+04   1.8335000e+00   1.8666000e+00   8.2694000e+00   8.7838000e+00   6.5063900e+01   6.4816800e+01   2.8069910e+02   2.8016690e+02   2.0892287e+05   2.9247081e+02   1.6145707e+00   1.6580951e+00   5.9016698e+00   6.0314588e+00   8.0385371e+00   8.0592886e+00   1.7351480e+01   1.7679386e+01   1.6975855e+02   2.5557225e-02
   2.2499999e+00   1.5575369e+04   1.6910000e+00   1.7541000e+00   7.6009000e+00   7.9746000e+00   6.5363800e+01   6.5422700e+01   2.8169550e+02   2.8097740e+02   2.0926380e+05   2.9082181e+02   1.5737111e+00   1.5869105e+00   5.5785420e+00   5.7199848e+00   8.0774237e+00   8.2838449e+00   1.7645224e+01   1.7675512e+01   1.7444885e+02   3.7737759e-02
   2.3333332e+00   1.5696135e+04   1.6014000e+00   1.6480000e+00   7.0957000e+00   7.5193000e+00   6.5429100e+01   6.5529700e+01   2.8275640e+02   2.8197500e+02   2.0960932e+05   2.8915160e+02   1.4847015e+00   1.5194495e+00   5.3232861e+00   5.4715100e+00   8.1631512e+00   8.0553713e+00   1.7918766e+01   1.7931334e+01   1.7673360e+02   5.1883014e-02
   2.4166666e+00   1.5827256e+04   1.5367000e+00   1.5379000e+00   6.5838000e+00   6.9282000e+00   6.5903200e+01   6.5587600e+01   2.8340020e+02   2.8273530e+02   2.0995424e+05   2.8584284e+02   1.4345936e+00   1.4280643e+00   5.1269490e+00   5.1871124e+00   8.0972580e+00   8.1463466e+00   1.7292153e+01   1.7710709e+01   1.7591021e+02   7.1319412e-02
   2.4999999e+00   1.5942898e+04   1.4524000e+00   1.4253000e+00   6.2387000e+00   6.5284000e+00   6.5710800e+01   6.5818700e+01   2.8470730e+02   2.8371360e+02   2.1030111e+05   2.8488335e+02   1.4293840e+00   1.3853562e+00   4.9996622e+00   5.0938579e+00   8.0620012e+00   7.9776936e+00   1.7611639e+01   1.7509924e+01   1.8118327e+02   9.0728837e-02
   2.5833332e+00   1.6064551e+04   1.4247000e+00   1.4248000e+00   6.0362000e+00   6.3390000e+00   6.6223400e+01   6.5915200e+01   2.8549270e+02   2.8464220e+02   2.1064377e+05   2.8273987e+02   1.3670833e+00   1.3509728e+00   4.9414301e+00   4.9797750e+00   8.2608787e+00   8.1851517e+00   1.7507278e+01   1.7713163e+01   1.8725463e+02   1.1391525e-01
   2.6666666e+00   1.6186876e+04   1.3751000e+00   1.3768000e+00   5.7514000e+00   6.0192000e+00   6.6390200e+01   6.6358800e+01   2.8642390e+02   2.8598540e+02   2.1099106e+05   2.8645397e+02   1.3441654e+00   1.3424612e+00   4.6993836e+00   4.7704200e+00   8.2115825e+00   8.2083738e+00   1.7873812e+01   1.8538845e+01   1.9066328e+02   1.3571294e-01
   2.7499999e+00   1.6296679e+04   1.3337000e+00   1.3245000e+00   5.6130000e+00   5.8177000e+00   6.6534900e+01   6.6427300e+01   2.8747350e+02   2.8648870e+02   2.1132760e+05   2.8240995e+02   1.3451860e+00   1.3280723e+00   4.6310448e+00   4.7267220e+00   8.1551599e+00   8.0950768e+00   1.7614242e+01   1.7846745e+01   1.8922044e+02   1.6207369e-01
   2.8333332e+00   1.6422449e+04   1.2968000e+00   1.2987000e+00   5.4889000e+00   5.6595000e+00   6.6891100e+01   6.6856100e+01   2.8824700e+02   2.8780410e+02   2.1168085e+05   2.7291718e+02   1.2952519e+00   1.2998643e+00   4.6421365e+00   4.6982302e+00   8.2038632e+00   8.2512060e+00   1.8071614e+01   1.7983149e+01   1.9462931e+02   1.8771424e-01
   2.9166665e+00   1.6540253e+04   1.3558000e+00   1.3185000e+00   5.5590000e+00   5.7581000e+00   6.7035600e+01   6.6722000e+01   2.8931140e+02   2.8867140e+02   2.1202680e+05   2.7623897e+02   1.3295801e+00   1.3116516e+00   4.7128696e+00   4.6434621e+00   8.2764716e+00   8.1896656e+00   1.8238199e+01   1.8083416e+01   2.0000632e+02   2.1687530e-01
   2.9999999e+00   1.6655335e+04   1.2960000e+00   1.3187000e+00   5.4236000e+00   5.6103000e+00   6.7083500e+01   6.7120100e+01   2.9043480e+02   2.8995110e+02   2.1237488e+05   2.7638705e+02   1.3617523e+00   1.3689842e+00   4.7149110e+00   4.6898223e+00   8.2969640e+00   8.1917877e+00   1.7653428e+01   1.7900004e+01   2.0238700e+02   2.4287504e-01
   3.0833332e+00   1.6775847e+04   1.3099000e+00   1.3180000e+00   5.5207000e+00   5.6762000e+00   6.7435100e+01   6.7508400e+01   2.9095870e+02   2.9041020e+02   2.1272673e+05   2.7045140e+02   1.3537523e+00   1.3522791e+00   4.8143005e+00   4.7222647e+00   8.1423103e+00   8.4337443e+00   1.8335338e+01   1.7948207e+01   2.0584570e+02   2.6664876e-01
   3.1666665e+00   1.6889423e+04   1.3552000e+00   1.3319000e+00   5.5221000e+00   5.6661000e+00   6.7380500e+01   6.7559300e+01   2.9180450e+02   2.9142080e+02   2.1307547e+05   2.6841840e+02   1.3381375e+00   1.3025790e+00   4.7823633e+00   4.7088882e+00   8.1659040e+00   8.3966859e+00   1.7846359e+01   1.8121324e+01   2.0997187e+02   2.9282940e-01
   3.2499999e+00   1.7006844e+04   1.3246000e+00   1.3609000e+00   5.6658000e+00   5.7486000e+00   6.7733200e+01   6.7731200e+01   2.9346740e+02   2.9258100e+02   2.1342645e+05   2.6563404e+02   1.3661704e+00   1.3967986e+00   4.9118350e+00   4.8138670e+00   8.2760901e+00   8.3094074e+00   1.8408434e+01   1.7732436e+01   2.0943638e+02   3.1369093e-01
   3.3333332e+00   1.7115606e+04   1.3601000e+00   1.3771000e+00   5.6882000e+00   5.7714000e+00   6.8095500e+01   6.8042800e+01   2.9404640e+02   2.9336630e+02   2.1377196e+05   2.6160115e+02   1.4178255e+00   1.4203159e+00   4.8694509e+00   4.8249632e+00   8.3584069e+00   8.2336594e+00   1.8317773e+01   1.8117200e+01   2.1774623e+02   3.3558419e-01
   3.4166665e+00   1.7229409e+04   1.3967000e+00   1.4327000e+00   5.8865000e+00   6.0066000e+00   6.8295900e+01   6.8019800e+01   2.9480200e+02   2.9442330e+02   2.1412240e+05   2.6034825e+02   1.4373363e+00   1.4724427e+00   5.0981582e+00   4.9949025e+00   8.1933178e+00   8.3265804e+00   1.8032069e+01   1.7961363e+01   2.1811034e+02   3.5624752e-01
   3.4999999e+00   1.7336793e+04   1.4855000e+00   1.4691000e+00   6.0726000e+00   6.1336000e+00   6.8486600e+01   6.8518100e+01   2.9595520e+02   2.9521540e+02   2.1447340e+05   2.5520942e+02   1.4411792e+00   1.4283029e+00   5.2590203e+00   5.1922680e+00   8.2988739e+00   8.3680986e+00   1.8024436e+01   1.8503217e+01   2.2041920e+02   3.7691198e-01
   3.5833332e+00   1.7451536e+04   1.5116000e+00   1.5248000e+00   6.2403000e+00   6.3065000e+00   6.8684300e+01   6.8652400e+01   2.9685560e+02   2.9600000e+02   2.1481847e+05   2.5444552e+02   1.5017626e+00   1.5151946e+00   5.3981914e+00   5.2359812e+00   8.3781772e+00   8.3862153e+00   1.8016237e+01   1.8188020e+01   2.2122717e+02   3.9429613e-01
   3.6666665e+00   1.7560841e+04   1.5518000e+00   1.5187000e+00   6.3148000e+00   6.3831000e+00   6.9020700e+01   6.8912700e+01   2.9783370e+02   2.9722070e+02   2.1517973e+05   2.5146933e+02   1.5644045e+00   1.5358666e+00   5.3990199e+00   5.3273795e+00   8.3042500e+00   8.3744667e+00   1.8237037e+01   1.8631143e+01   2.2168623e+02   4.1071071e-01
   3.7499998e+00   1.7666340e+04   1.6411000e+00   1.6394000e+00   6.6717000e+00   6.6843000e+00   6.9524200e+01   6.9224900e+01   2.9923460e+02   2.9799960e+02   2.1552706e+05   2.4739208e+02   1.5899508e+00   1.5424025e+00   5.6609649e+00   5.4501196e+00   8.4975664e+00   8.3358544e+00   1.8340954e+01   1.8384227e+01   2.2846722e+02   4.3021618e-01
   3.8333332e+00   1.7777882e+04   1.6245000e+00   1.6182000e+00   6.6679000e+00   6.6833000e+00   6.9408300e+01   6.9178300e+01   2.9989810e+02   2.9905250e+02   2.1588827e+05   2.4640019e+02   1.5440655e+00   1.5280911e+00   5.6298649e+00   5.4819893e+00   8.2813072e+00   8.3783130e+00   1.7947098e+01   1.8761571e+01   2.3467698e+02   4.4634107e-01
   3.9166665e+00   1.7881038e+04   1.6844000e+00   1.6810000e+00   7.0269000e+00   6.9731000e+00   6.9510500e+01   6.9836600e+01   3.0051820e+02   2.9996280e+02   2.1624321e+05   2.4485999e+02   1.6345225e+00   1.6080104e+00   5.8168858e+00   5.7089785e+00   8.2752243e+00   8.4345252e+00   1.8296670e+01   1.8251502e+01   2.3561578e+02   4.6284010e-01
   3.9999998e+00   1.7975596e+04   1.7730000e+00   1.7659000e+00   7.2133000e+00   7.2406000e+00   6.9639900e+01   6.9645000e+01   3.0144110e+02   3.0029440e+02   2.1659355e+05   2.3876545e+02   1.6552175e+00   1.6136783e+00   5.9457496e+00   5.8531477e+00   8.3245515e+00   8.4039894e+00   1.8201375e+01   1.8465162e+01   2.4206146e+02   4.7514106e-01
   4.0833332e+00   1.8083419e+04   1.9193000e+00   1.9262000e+00   7.8741000e+00   7.8549000e+00   6.9766100e+01   6.9877000e+01   3.0277240e+02   3.0214470e+02   2.1695196e+05   2.3806848e+02   1.7476536e+00   1.7659177e+00   6.2100166e+00   6.1012760e+00   8.4319215e+00   8.5222845e+00   1.8053614e+01   1.8643501e+01   2.3471832e+02   4.8931225e-01
   4.1666665e+00   1.8178476e+04   2.0219000e+00   1.9831000e+00   8.3256000e+00   8.3019000e+00   7.0166900e+01   7.0263100e+01   3.0325650e+02   3.0252250e+02   2.1730750e+05   2.3758467e+02   1.8192172e+00   1.7863744e+00   6.3202199e+00   6.1584535e+00   8.4216944e+00   8.3485117e+00   1.8483470e+01   1.8379540e+01   2.4254859e+02   5.1234427e-01
   4.2499998e+00   1.8277962e+04   2.1125000e+00   2.0981000e+00   8.6535000e+00   8.7065000e+00   7.0208900e+01   7.0342700e+01   3.0447830e+02   3.0367170e+02   2.1766056e+05   2.3601879e+02   1.8743519e+00   1.8471647e+00   6.7162600e+00   6.5553379e+00   8.3964582e+00   8.3676674e+00   1.8458169e+01   1.8641440e+01   2.4669197e+02   5.2097578e-01
   4.3333332e+00   1.8373734e+04   2.1959000e+00   2.1989000e+00   9.0375000e+00   9.0525000e+00   7.0784100e+01   7.0523700e+01   3.0550970e+02   3.0457470e+02   2.1802166e+05   2.3335982e+02   1.9836624e+00   1.9387921e+00   6.9973416e+00   6.8428376e+00   8.4388748e+00   8.5889589e+00   1.8308715e+01   1.8423560e+01   2.4683393e+02   5.2648456e-01
   4.4166665e+00   1.8464778e+04   2.3383000e+00   2.3581000e+00   9.4797000e+00   9.4515000e+00   7.0884300e+01   7.0617100e+01   3.0614210e+02   3.0535510e+02   2.1838116e+05   2.3139430e+02   2.0604557e+00   2.0741973e+00   7.4191571e+00   7.1765868e+00   8.4987844e+00   8.4550125e+00   1.8630502e+01   1.8765458e+01   2.5140189e+02   5.3349259e-01
   4.4999998e+00   1.8552975e+04   2.4669000e+00   2.4381000e+00   1.0163500e+01   1.0119100e+01   7.0954100e+01   7.0952000e+01   3.0599930e+02   3.0625350e+02   2.1874137e+05   2.3570250e+02   2.1599470e+00   2.1440215e+00   7.9480743e+00   7.7040412e+00   8.5297989e+00   8.4979125e+00   1.8243985e+01   1.8692543e+01   2.4954938e+02   5.4118996e-01
   4.5833331e+00   1.8641330e+04   2.5816000e+00   2.5608000e+00   1.0583100e+01   1.0519700e+01   7.1275100e+01   7.1046100e+01   3.0791780e+02   3.0709430e+02   2.1910007e+05   2.3653803e+02   2.2625767e+00   2.2655279e+00   8.2216941e+00   8.0317783e+00   8.3898068e+00   8.3530804e+00   1.8749197e+01   1.8710810e+01   2.5151745e+02   5.4798035e-01
   4.6666665e+00   1.8740698e+04   2.7488000e+00   2.6839000e+00   1.1144600e+01   1.0978600e+01   7.1482600e+01   7.1529100e+01   3.0846020e+02   3.0821460e+02   2.1946501e+05   2.3674824e+02   2.3868532e+00   2.3366058e+00   8.6696602e+00   8.2997488e+00   8.5991797e+00   8.4384166e+00   1.8848972e+01   1.8586885e+01   2.5872140e+02   5.5485105e-01
   4.7499998e+00   1.8818810e+04   2.8844000e+00   2.8960000e+00   1.1943900e+01   1.1788300e+01   7.1568100e+01   7.1606700e+01   3.0927320e+02   3.0896760e+02   2.1981350e+05   2.3987518e+02   2.4786793e+00   2.4741455e+00   9.1553992e+00   8.8963137e+00   8.5227476e+00   8.4497902e+00   1.8513920e+01   1.8345136e+01   2.5922775e+02   5.6161731e-01
   4.8333331e+00   1.8908121e+04   3.0508000e+00   3.0248000e+00   1.2517300e+01   1.2339400e+01   7.1762700e+01   7.1738200e+01   3.1049160e+02   3.0992860e+02   2.2017914e+05   2.3678824e+02   2.6296218e+00   2.5881760e+00   9.5984120e+00   9.1951869e+00   8.3588501e+00   8.5387559e+00   1.8638183e+01   1.8925166e+01   2.5923442e+02   5.6797386e-01
   4.9166665e+00   1.8991499e+04   3.2470000e+00   3.2532000e+00   1.3471100e+01   1.3217900e+01   7.2020100e+01   7.1974000e+01   3.1076930e+02   3.1007580e+02   2.2054022e+05   2.4115399e+02   2.7161975e+00   2.6847366e+00   1.0151181e+01   9.7823407e+00   8.4739174e+00   8.4785796e+00   1.8776515e+01   1.8642672e+01   2.6130078e+02   5.7467026e-01
   4.9999998e+00   1.9064740e+04   3.4297000e+00   3.4291000e+00   1.4277200e+01   1.3986500e+01   7.2082700e+01   7.2257300e+01   3.1173870e+02   3.1124750e+02   2.2090211e+05   2.4494873e+02   2.7786382e+00   2.7360413e+00   1.0367724e+01   9.9120907e+00   8.6376688e+00   8.5005131e+00   1.8806770e+01   1.9123258e+01   2.6245972e+02   5.8190087e-01
   5.0833331e+00   1.9148353e+04   3.6019000e+00   3.6304000e+00   1.5003600e+01   1.4791200e+01   7.2259600e+01   7.2458600e+01   3.1255110e+02   3.1210490e+02   2.2126666e+05   2.4385204e+02   2.8530738e+00   2.8625190e+00   1.0729133e+01   1.0347208e+01   8.4964008e+00   8.5143958e+00   1.8616172e+01   1.9044967e+01   2.6553199e+02   5.8850684e-01
   5.1666665e+00   1.9216611e+04   3.9399000e+00   3.8282000e+00   1.6036300e+01   1.5725700e+01   7.2629300e+01   7.2329800e+01   3.1330510e+02   3.1244250e+02   2.2163228e+05   2.4773659e+02   3.0649351e+00   2.9860302e+00   1.1282035e+01   1.0941985e+01   8.6474597e+00   8.6379913e+00   1.8493080e+01   1.8488052e+01   2.6898999e+02   5.9373280e-01
   5.2499998e+00   1.9290056e+04   4.1669000e+00   4.1212000e+00   1.7235900e+01   1.6717200e+01   7.2338400e+01   7.2586600e+01   3.1360900e+02   3.1393500e+02   2.2199932e+05   2.4835218e+02   3.2470138e+00   3.1866481e+00   1.2054899e+01   1.1458270e+01   8.4660175e+00   8.4733040e+00   1.9037840e+01   1.9159527e+01   2.6763797e+02   5.9990806e-01
   5.3333331e+00   1.9358592e+04   4.4212000e+00   4.4009000e+00   1.8224500e+01   1.7854900e+01   7.2953300e+01   7.2912800e+01   3.1499510e+02   3.1432490e+02   2.2236148e+05   2.5681582e+02   3.3871430e+00   3.3571873e+00   1.2570056e+01   1.2135286e+01   8.4874686e+00   8.7022278e+00   1.8536916e+01   1.8691487e+01   2.7021979e+02   6.0558937e-01
   5.4166665e+00   1.9422540e+04   4.7813000e+00   4.6921000e+00   1.9850700e+01   1.9414600e+01   7.3127400e+01   7.2982100e+01   3.1549080e+02   3.1513820e+02   2.2272578e+05   2.6087576e+02   3.6035217e+00   3.5280791e+00   1.3529505e+01   1.3129271e+01   8.4880960e+00   8.5660561e+00   1.8821337e+01   1.9300776e+01   2.7661706e+02   6.1146608e-01
   5.4999998e+00   1.9482856e+04   5.1150000e+00   5.0557000e+00   2.1071200e+01   2.0538600e+01   7.2977300e+01   7.3347400e+01   3.1635440e+02   3.1550100e+02   2.2309346e+05   2.6377496e+02   3.7001005e+00   3.6242670e+00   1.3875698e+01   1.3402197e+01   8.6009059e+00   8.6142053e+00   1.8841611e+01   1.8786876e+01   2.8317688e+02   6.1826543e-01
   5.5833331e+00   1.9541104e+04   5.5017000e+00   5.4568000e+00   2.2580600e+01   2.2177800e+01   7.3285900e+01   7.3432900e+01   3.1694260e+02   3.1579400e+02   2.2346476e+05   2.7037382e+02   3.8666901e+00   3.7926208e+00   1.4421904e+01   1.3829762e+01   8.6402562e+00   8.6984863e+00   1.8811005e+01   1.8947946e+01   2.8344174e+02   6.2494578e-01
   5.6666664e+00   1.9591841e+04   5.9395000e+00   5.9905000e+00   2.4957700e+01   2.4321300e+01   7.3501200e+01   7.3470300e+01   3.1723190e+02   3.1650540e+02   2.2383233e+05   2.7368299e+02   3.9907935e+00   4.0059474e+00   1.4956968e+01   1.4346207e+01   8.7294341e+00   8.6095372e+00   1.8958852e+01   1.8717201e+01   2.8816931e+02   6.3364704e-01
   5.7499998e+00   1.9645959e+04   6.3484000e+00   6.2585000e+00   2.6232500e+01   2.5713700e+01   7.3625700e+01   7.3393300e+01   3.1828490e+02   3.1791940e+02   2.2420434e+05   2.8815384e+02   4.2000692e+00   4.1702538e+00   1.5626889e+01   1.4968324e+01   8.7488201e+00   8.6936053e+00   1.8842007e+01   1.9208998e+01   2.8363165e+02   6.3851953e-01
   5.8333331e+00   1.9693895e+04   6.7058000e+00   6.7756000e+00   2.8116600e+01   2.7460400e+01   7.3867700e+01   7.3811100e+01   3.1890410e+02   3.1783370e+02   2.2456428e+05   2.9565281e+02   4.2371030e+00   4.3008946e+00   1.5953114e+01   1.5551187e+01   8.6415892e+00   8.6295576e+00   1.8856279e+01   1.9009208e+01   2.8849738e+02   6.4220664e-01
   5.9166664e+00   1.9744697e+04   7.2178000e+00   7.2747000e+00   3.0136000e+01   2.9293800e+01   7.3881500e+01   7.3930700e+01   3.1974040e+02   3.1907690e+02   2.2493151e+05   3.1007839e+02   4.3881076e+00   4.4228041e+00   1.6414081e+01   1.5915553e+01   8.5526003e+00   8.5400814e+00   1.8591045e+01   1.8863276e+01   2.9746564e+02   6.4911205e-01
   5.9999998e+00   1.9790096e+04   7.7975000e+00   7.7002000e+00   3.2355600e+01   3.1500200e+01   7.4132800e+01   7.4013300e+01   3.2041430e+02   3.1955710e+02   2.2530925e+05   3.2298121e+02   4.6941556e+00   4.5645157e+00   1.7034552e+01   1.6418628e+01   8.8056981e+00   8.7805486e+00   1.9386744e+01   1.8994558e+01   2.9577171e+02   6.5434028e-01
   6.0833331e+00   1.9818131e+04   8.2292000e+00   8.3151000e+00   3.4774500e+01   3.3874500e+01   7.4227700e+01   7.4296400e+01   3.2119480e+02   3.2059280e+02   2.2568100e+05   3.3084033e+02   4.7689560e+00   4.7324467e+00   1.7764014e+01   1.7199265e+01   8.6875313e+00   8.7199857e+00   1.9252187e+01   1.9025950e+01   3.0080734e+02   6.5862646e-01
   6.1666664e+00   1.9844634e+04   8.8467000e+00   8.8529000e+00   3.7420600e+01   3.6369500e+01   7.4263000e+01   7.4238500e+01   3.2121610e+02   3.2075000e+02   2.2605110e+05   3.4551100e+02   5.1353321e+00   4.9839287e+00   1.9140061e+01   1.8326739e+01   8.5731547e+00   8.7347723e+00   1.9132527e+01   1.9359488e+01   3.0654553e+02   6.6197192e-01
   6.2499998e+00   1.9884588e+04   9.2039000e+00   9.1866000e+00   3.8873800e+01   3.7884100e+01   7.4383700e+01   7.4331700e+01   3.2221020e+02   3.2104910e+02   2.2643107e+05   3.5980025e+02   5.1951539e+00   5.1571543e+00   1.9505638e+01   1.8785637e+01   8.6242862e+00   8.8174855e+00   1.9105782e+01   1.9157369e+01   3.1265290e+02   6.6464234e-01
   6.3333331e+00   1.9894492e+04   9.9152000e+00   9.8952000e+00   4.1492600e+01   4.0551700e+01   7.4395100e+01   7.4425900e+01   3.2152320e+02   3.2145950e+02   2.2679746e+05   3.7938551e+02   5.4701189e+00   5.5304860e+00   2.0571793e+01   2.0077844e+01   8.5542804e+00   8.5211015e+00   1.8772712e+01   1.9127811e+01   3.1453559e+02   6.6692277e-01
   6.4166664e+00   1.9907273e+04   1.0610200e+01   1.0426900e+01   4.4173300e+01   4.3141800e+01   7.4713300e+01   7.4690800e+01   3.2240400e+02   3.2188100e+02   2.2717489e+05   4.0025674e+02   5.7012724e+00   5.7349582e+00   2.1596132e+01   2.1050592e+01   8.6260387e+00   8.6301474e+00   1.9292823e+01   1.9180423e+01   3.1679285e+02   6.6928762e-01
   6.4999997e+00   1.9931467e+04   1.1039200e+01   1.1013800e+01   4.6219300e+01   4.5127500e+01   7.4557700e+01   7.4617000e+01   3.2310200e+02   3.2244370e+02   2.2755525e+05   4.1488397e+02   6.0299668e+00   5.9747953e+00   2.2540071e+01   2.1991758e+01   8.6562558e+00   8.6609244e+00   1.8962820e+01   1.9216414e+01   3.2044678e+02   6.7087504e-01
   6.5833331e+00   1.9943416e+04   1.1528900e+01   1.1491200e+01   4.8346400e+01   4.7419000e+01   7.4858100e+01   7.4787000e+01   3.2374510e+02   3.2308910e+02   2.2792313e+05   4.3889636e+02   6.1395875e+00   6.1572651e+00   2.3160005e+01   2.2561368e+01   8.6484244e+00   8.7413656e+00   1.9103503e+01   1.9513191e+01   3.2985873e+02   6.7271814e-01
   6.6666664e+00   1.9945904e+04   1.2002400e+01   1.1971100e+01   5.0884700e+01   4.9696300e+01   7.5023100e+01   7.4841800e+01   3.2387640e+02   3.2376440e+02   2.2829761e+05   4.5247162e+02   6.2773828e+00   6.3069995e+00   2.3780352e+01   2.3284469e+01   8.8045056e+00   8.6899669e+00   1.9091809e+01   1.8999968e+01   3.3059686e+02   6.7392908e-01
   6.7499997e+00   1.9952594e+04   1.2726100e+01   1.2480300e+01   5.3237600e+01   5.1963900e+01   7.4952600e+01   7.5066500e+01   3.2428580e+02   3.2404990e+02   2.2868241e+05   4.7596342e+02   6.5519899e+00   6.4219262e+00   2.4606834e+01   2.4144877e+01   8.6334122e+00   8.7081950e+00   1.9241095e+01   1.9302971e+01   3.3424145e+02   6.7471165e-01
   6.8333331e+00   1.9958738e+04   1.3137400e+01   1.3063900e+01   5.5480800e+01   5.4357600e+01   7.5156400e+01   7.5207200e+01   3.2444480e+02   3.2445640e+02   2.2905264e+05   5.0028994e+02   6.6610328e+00   6.6076458e+00   2.5530680e+01   2.5068118e+01   8.7082101e+00   8.7735720e+00   1.9137235e+01   1.9345990e+01   3.3317202e+02   6.7549235e-01
   6.9166664e+00   1.9946449e+04   1.3768000e+01   1.3787900e+01   5.8199600e+01   5.7059700e+01   7.5270900e+01   7.5045100e+01   3.2521290e+02   3.2466310e+02   2.2942981e+05   5.2538292e+02   6.8725177e+00   6.8928561e+00   2.6056371e+01   2.5795036e+01   8.6317185e+00   8.6795161e+00   1.9425213e+01   1.9622923e+01   3.3374669e+02   6.7610891e-01
   6.9999997e+00   1.9950121e+04   1.4114200e+01   1.4088300e+01   5.9921300e+01   5.8863900e+01   7.5298900e+01   7.5177100e+01   3.2586580e+02   3.2509430e+02   2.2979883e+05   5.4510292e+02   7.0303841e+00   6.9876595e+00   2.6858567e+01   2.6508015e+01   8.7402287e+00   8.6205085e+00   1.8840061e+01   1.9506370e+01   3.3843809e+02   6.7669191e-01
   7.0833331e+00   1.9929667e+04   1.4690300e+01   1.4650800e+01   6.2539500e+01   6.1182300e+01   7.5358200e+01   7.5141900e+01   3.2554570e+02   3.2532100e+02   2.3018193e+05   5.6387810e+02   7.0797739e+00   7.0902670e+00   2.7260293e+01   2.6740198e+01   8.8865623e+00   8.7219362e+00   1.9501398e+01   1.9276481e+01   3.3272442e+02   6.7717688e-01
   7.1666664e+00   1.9923516e+04   1.4946300e+01   1.4925300e+01   6.3553600e+01   6.2279900e+01   7.5199800e+01   7.5343000e+01   3.2645170e+02   3.2566440e+02   2.3056117e+05   5.9158338e+02   7.3379698e+00   7.3580931e+00   2.8144640e+01   2.7649423e+01   8.9444217e+00   8.9014872e+00   1.9240699e+01   1.9568343e+01   3.3714646e+02   6.7756426e-01
   7.2499997e+00   1.9891365e+04   1.5378900e+01   1.5476100e+01   6.5626800e+01   6.4804200e+01   7.5307600e+01   7.5246000e+01   3.2600910e+02   3.2581850e+02   2.3093903e+05   6.1618199e+02   7.2948514e+00   7.3418812e+00   2.8086296e+01   2.8377889e+01   8.8194535e+00   8.7227801e+00   1.9647133e+01   1.9490735e+01   3.4095235e+02   6.7795119e-01
   7.3333330e+00   1.9884171e+04   1.5472700e+01   1.5598300e+01   6.6473700e+01   6.5599500e+01   7.5706000e+01   7.5728300e+01   3.2680040e+02   3.2650920e+02   2.3132908e+05   6.3247639e+02   7.3224870e+00   7.3523563e+00   2.8372434e+01   2.8450083e+01   8.6959373e+00   8.8314369e+00   1.9338970e+01   1.9746901e+01   3.5370591e+02   6.7817662e-01
   7.4166664e+00   1.9853849e+04   1.6271900e+01   1.6189900e+01   6.9074200e+01   6.8479400e+01   7.5642900e+01   7.5424000e+01   3.2738880e+02   3.2674120e+02   2.3171215e+05   6.6699549e+02   7.5747547e+00   7.5244069e+00   2.9245171e+01   2.9178405e+01   8.7233359e+00   8.7147472e+00   1.9551764e+01   1.9480626e+01   3.4967527e+02   6.7843408e-01
   7.4999997e+00   1.9845744e+04   1.6319000e+01   1.6193600e+01   6.9510400e+01   6.8726900e+01   7.5561300e+01   7.5521100e+01   3.2781910e+02   3.2683580e+02   2.3209337e+05   6.8803670e+02   7.4851347e+00   7.4138395e+00   2.8938103e+01   2.8813721e+01   8.6570397e+00   8.6760522e+00   1.9538049e+01   1.9629176e+01   3.4677748e+02   6.7862702e-01
   7.5833330e+00   1.9835879e+04   1.6394800e+01   1.6427500e+01   7.0152900e+01   6.9570600e+01   7.5806600e+01   7.5622500e+01   3.2714970e+02   3.2684040e+02   2.3246477e+05   7.0527615e+02   7.5418712e+00   7.6544891e+00   2.9283471e+01   2.9214972e+01   8.8191368e+00   8.6220779e+00   1.9859767e+01   1.9624343e+01   3.5344050e+02   6.7869129e-01
   7.6666664e+00   1.9814667e+04   1.6646800e+01   1.6541000e+01   7.1289600e+01   7.0720300e+01   7.5805500e+01   7.5657500e+01   3.2793230e+02   3.2738500e+02   2.3286524e+05   7.1401710e+02   7.5180517e+00   7.5339495e+00   2.8859439e+01   2.8817538e+01   8.6992205e+00   8.9400328e+00   1.9189344e+01   1.9629098e+01   3.5919244e+02   6.7888408e-01
   7.7499997e+00   1.9775707e+04   1.6847500e+01   1.6759600e+01   7.2039300e+01   7.1706300e+01   7.5768700e+01   7.5805800e+01   3.2800540e+02   3.2719780e+02   2.3323885e+05   7.3283467e+02   7.6214862e+00   7.5743610e+00   2.9341937e+01   2.9313853e+01   8.9076111e+00   8.7599863e+00   1.9268936e+01   1.9794258e+01   3.6004972e+02   6.7894830e-01
   7.8333330e+00   1.9757884e+04   1.7075100e+01   1.7253400e+01   7.3713200e+01   7.3634900e+01   7.5933200e+01   7.5894200e+01   3.2865780e+02   3.2804160e+02   2.3363089e+05   7.3577336e+02   7.5389352e+00   7.5926513e+00   2.9360360e+01   2.9433957e+01   8.7349624e+00   8.8553175e+00   1.9556650e+01   1.9614315e+01   3.5658521e+02   6.7894830e-01
   7.9166664e+00   1.9725039e+04   1.7116600e+01   1.7351700e+01   7.4348900e+01   7.3999800e+01   7.5884400e+01   7.5742400e+01   3.2803500e+02   3.2811710e+02   2.3401900e+05   7.6745672e+02   7.7138158e+00   7.6343065e+00   2.9776246e+01   2.9651312e+01   8.9088031e+00   8.7341669e+00   1.9572084e+01   1.9788167e+01   3.5928505e+02   6.7901251e-01
   7.9999997e+00   1.9680762e+04   1.7478200e+01   1.7392100e+01   7.5097500e+01   7.4978500e+01   7.5698200e+01   7.5819100e+01   3.2848590e+02   3.2806160e+02   2.3440105e+05   7.7056242e+02   7.7561292e+00   7.6398687e+00   2.9782463e+01   2.9720895e+01   8.6376373e+00   8.7452743e+00   1.9556432e+01   1.9395129e+01   3.6535584e+02   6.7904461e-01
   8.0833330e+00   1.9673754e+04   1.7267200e+01   1.7175500e+01   7.4452300e+01   7.4412800e+01   7.6069400e+01   7.6098300e+01   3.2844860e+02   3.2859590e+02   2.3478220e+05   7.7635377e+02   7.6865280e+00   7.5896416e+00   2.9677702e+01   2.9285057e+01   8.7393490e+00   8.7665456e+00   1.9338401e+01   1.9718552e+01   3.7049251e+02   6.7910880e-01
   8.1666663e+00   1.9657658e+04   1.7290000e+01   1.7285500e+01   7.4637900e+01   7.4775800e+01   7.6064900e+01   7.6099100e+01   3.2944260e+02   3.2872040e+02   2.3517028e+05   7.8708844e+02   7.5402378e+00   7.5885011e+00   2.9235798e+01   2.9168586e+01   8.8046942e+00   8.7789513e+00   1.9407276e+01   1.9667346e+01   3.6920835e+02   6.7910880e-01
   8.2499997e+00   1.9664220e+04   1.6926900e+01   1.7145800e+01   7.4089900e+01   7.4050900e+01   7.5924100e+01   7.6320300e+01   3.2949600e+02   3.2917060e+02   2.3556234e+05   7.7701984e+02   7.6035609e+00   7.6730066e+00   2.9631986e+01   2.9500948e+01   8.7095881e+00   8.8035253e+00   1.9774678e+01   1.9707261e+01   3.6967490e+02   6.7910880e-01
   8.3333330e+00   1.9631713e+04   1.6923900e+01   1.6899300e+01   7.3402100e+01   7.3755500e+01   7.6136100e+01   7.6044300e+01   3.2976830e+02   3.2934400e+02   2.3594567e+05   7.7471338e+02   7.5171909e+00   7.5218227e+00   2.9340622e+01   2.9457547e+01   8.7770884e+00   8.7467015e+00   1.9776909e+01   1.9672350e+01   3.6694138e+02   6.7910880e-01
   8.4166663e+00   1.9635902e+04   1.6823500e+01   1.6845400e+01   7.3192700e+01   7.3185100e+01   7.6274500e+01   7.6396000e+01   3.3015590e+02   3.2966100e+02   2.3633661e+05   7.6371928e+02   7.7032384e+00   7.5982545e+00   2.9545911e+01   2.9305343e+01   8.8033232e+00   8.7270957e+00   1.9598684e+01   1.9680641e+01   3.7446973e+02   6.7910880e-01
   8.4999997e+00   1.9599377e+04   1.6609300e+01   1.6585700e+01   7.2519900e+01   7.2698700e+01   7.6464000e+01   7.6224000e+01   3.3053120e+02   3.2944870e+02   2.3672552e+05   7.6425198e+02   7.6592767e+00   7.5290719e+00   2.9416100e+01   2.9323862e+01   9.0349470e+00   8.9290983e+00   1.9851605e+01   1.9355238e+01   3.7873376e+02   6.7914089e-01
   8.5833330e+00   1.9618896e+04   1.6331300e+01   1.6305400e+01   7.1156100e+01   7.1419700e+01   7.6407800e+01   7.6308200e+01   3.3075060e+02   3.3059510e+02   2.3711801e+05   7.5474810e+02   7.5684786e+00   7.6727060e+00   2.9578608e+01   2.9410662e+01   8.7692411e+00   8.9812293e+00   1.9708705e+01   1.9394395e+01   3.8244603e+02   6.7917298e-01
   8.6666663e+00   1.9590615e+04   1.6110100e+01   1.6204300e+01   7.0478900e+01   7.0997800e+01   7.6425100e+01   7.6322900e+01   3.3084820e+02   3.3043120e+02   2.3749151e+05   7.5122134e+02   7.6178200e+00   7.6636306e+00   2.9808855e+01   2.9862518e+01   8.6984456e+00   8.8639998e+00   1.9605101e+01   1.9467598e+01   3.8112595e+02   6.7917298e-01
   8.7499997e+00   1.9597241e+04   1.5721700e+01   1.5783300e+01   6.8760700e+01   6.9144300e+01   7.6647000e+01   7.6621200e+01   3.3134380e+02   3.3066560e+02   2.3789227e+05   7.5214469e+02   7.6976863e+00   7.6681563e+00   2.9978691e+01   3.0027718e+01   8.8292574e+00   8.8967537e+00   1.9359584e+01   1.9449273e+01   3.8820415e+02   6.7917298e-01
   8.8333330e+00   1.9587296e+04   1.5696600e+01   1.5644500e+01   6.8006800e+01   6.8544400e+01   7.6578100e+01   7.6671500e+01   3.3182470e+02   3.3110540e+02   2.3828300e+05   7.4293688e+02   7.5992844e+00   7.7174786e+00   2.9787076e+01   2.9928234e+01   8.8696318e+00   8.7483508e+00   1.9808135e+01   2.0002312e+01   3.8367110e+02   6.7917298e-01
   8.9166663e+00   1.9596524e+04   1.5342200e+01   1.5352300e+01   6.7332500e+01   6.7648100e+01   7.6901500e+01   7.6611400e+01   3.3199380e+02   3.3112450e+02   2.3866816e+05   7.2787580e+02   7.6746198e+00   7.6281324e+00   3.0200257e+01   3.0100902e+01   8.8206790e+00   8.9199410e+00   1.9502133e+01   1.9720920e+01   3.8409359e+02   6.7917298e-01
   8.9999996e+00   1.9582046e+04   1.5159300e+01   1.5164400e+01   6.6545400e+01   6.7029000e+01   7.6876900e+01   7.6703100e+01   3.3251780e+02   3.3183180e+02   2.3906249e+05   7.2745082e+02   7.7177250e+00   7.6577566e+00   3.0411183e+01   3.0156215e+01   8.9294524e+00   8.7805843e+00   1.9548726e+01   1.9886635e+01   3.8740345e+02   6.7917298e-01
   9.0833330e+00   1.9580475e+04   1.5105800e+01   1.5060900e+01   6.5851000e+01   6.6492200e+01   7.6967500e+01   7.6866000e+01   3.3263620e+02   3.3200030e+02   2.3945007e+05   7.1330704e+02   7.7122341e+00   7.7988251e+00   3.0333388e+01   3.0373222e+01   8.7528684e+00   8.7877623e+00   1.9590243e+01   1.9266759e+01   3.8605464e+02   6.7917298e-01
   9.1666663e+00   1.9596781e+04   1.4628300e+01   1.4640400e+01   6.4364900e+01   6.4948500e+01   7.7057000e+01   7.7081000e+01   3.3298870e+02   3.3212040e+02   2.3985154e+05   7.0761105e+02   7.7433930e+00   7.7845454e+00   3.0423434e+01   3.0712036e+01   8.8618059e+00   8.9310366e+00   1.9657498e+01   1.9568653e+01   3.8957632e+02   6.7917298e-01
   9.2499996e+00   1.9588785e+04   1.4539700e+01   1.4592500e+01   6.3742200e+01   6.4507900e+01   7.6977500e+01   7.6947700e+01   3.3364710e+02   3.3279690e+02   2.4023722e+05   7.1177110e+02   7.6299964e+00   7.6929683e+00   3.0291390e+01   3.0304590e+01   8.7737501e+00   8.7973123e+00   1.9533845e+01   2.0216308e+01   3.9054454e+02   6.7920506e-01
   9.3333330e+00   1.9612660e+04   1.3980100e+01   1.3945100e+01   6.1355700e+01   6.1937600e+01   7.7163800e+01   7.7327400e+01   3.3337300e+02   3.3284040e+02   2.4063866e+05   7.0721625e+02   7.6017026e+00   7.5879670e+00   3.0154176e+01   3.0253860e+01   8.9252079e+00   8.8664689e+00   1.9640709e+01   1.9514118e+01   3.9072255e+02   6.7920506e-01
   9.4166663e+00   1.9630699e+04   1.3615300e+01   1.3683400e+01   5.9764800e+01   6.0316700e+01   7.7292000e+01   7.7289500e+01   3.3419900e+02   3.3341120e+02   2.4103562e+05   6.9961144e+02   7.4430670e+00   7.3959877e+00   2.9284683e+01   2.9527936e+01   8.8781427e+00   8.7839288e+00   1.9533565e+01   1.9109962e+01   4.0356578e+02   6.7926922e-01
   9.4999996e+00   1.9656912e+04   1.3376300e+01   1.3488500e+01   5.9018300e+01   5.9659000e+01   7.7251000e+01   7.7269500e+01   3.3484360e+02   3.3418880e+02   2.4143644e+05   6.8763522e+02   7.2703497e+00   7.3132357e+00   2.9416096e+01   2.9403050e+01   8.9107654e+00   8.9194745e+00   1.9760774e+01   2.0107158e+01   3.9939634e+02   6.7930129e-01
   9.5833330e+00   1.9670565e+04   1.3006800e+01   1.2980500e+01   5.7012500e+01   5.7937100e+01   7.7428700e+01   7.7084200e+01   3.3455930e+02   3.3489020e+02   2.4182738e+05   6.9241120e+02   7.1876505e+00   7.2409228e+00   2.9372470e+01   2.9300369e+01   8.9559442e+00   8.7740532e+00   1.9576915e+01   1.9565210e+01   4.0299991e+02   6.7933336e-01
   9.6666663e+00   1.9681409e+04   1.2535600e+01   1.2618400e+01   5.5451900e+01   5.6118000e+01   7.7599600e+01   7.7605000e+01   3.3546580e+02   3.3470140e+02   2.4222829e+05   6.8901871e+02   7.1727036e+00   7.2565176e+00   2.8947253e+01   2.9179610e+01   8.8606168e+00   8.8433249e+00   1.9541510e+01   1.9900765e+01   4.0699514e+02   6.7933336e-01
   9.7499996e+00   1.9705804e+04   1.2158700e+01   1.2179800e+01   5.3386200e+01   5.4192800e+01   7.7705100e+01   7.7490000e+01   3.3634320e+02   3.3542960e+02   2.4262883e+05   6.9091663e+02   7.0954034e+00   7.1166380e+00   2.8304925e+01   2.8445491e+01   8.9413270e+00   8.8518210e+00   1.9278630e+01   1.9793146e+01   4.2320641e+02   6.7942956e-01
   9.8333329e+00   1.9758567e+04   1.1993500e+01   1.2071200e+01   5.2738400e+01   5.3732700e+01   7.8089300e+01   7.7820900e+01   3.3662250e+02   3.3619000e+02   2.4302624e+05   6.9047783e+02   7.1173958e+00   7.2630851e+00   2.8588038e+01   2.8774990e+01   8.7896673e+00   8.7162274e+00   1.9939813e+01   1.9532518e+01   4.1990125e+02   6.7949368e-01
   9.9166663e+00   1.9810943e+04   1.1514000e+01   1.1632100e+01   5.0875000e+01   5.1476500e+01   7.8232400e+01   7.7999100e+01   3.3735010e+02   3.3667460e+02   2.4343044e+05   6.8829108e+02   6.9304406e+00   6.9902386e+00   2.8036273e+01   2.8095152e+01   8.8969942e+00   8.9610228e+00   1.9722942e+01   2.0173542e+01   4.2186600e+02   6.7955778e-01
   9.9999996e+00   1.9833002e+04   1.1197100e+01   1.1265800e+01   4.9219900e+01   4.9897100e+01   7.8135600e+01   7.8195800e+01   3.3748820e+02   3.3743960e+02   2.4383278e+05   7.0490270e+02   6.7576489e+00   6.7739161e+00   2.7307400e+01   2.7493677e+01   8.9952490e+00   8.8269957e+00   1.9735826e+01   1.9726978e+01   4.1866928e+02   6.7968595e-01
   1.0083333e+01   1.9861417e+04   1.1053300e+01   1.1002300e+01   4.8371800e+01   4.8913700e+01   7.8383400e+01   7.8203900e+01   3.3842970e+02   3.3765540e+02   2.4422604e+05   7.0955650e+02   6.6665061e+00   6.6547219e+00   2.6872089e+01   2.7085225e+01   8.8742819e+00   8.8051393e+00   1.9693894e+01   2.0121798e+01   4.2818998e+02   6.7997424e-01
