   0.0000000e+00   1.6684000e+04   7.4000000e+01   7.4000000e+01   3.2000000e+02   3.2000000e+02   0.0000000e+00   0.0000000e+00   0.0000000e+00   0.0000000e+00   2.0019800e+05   0.0000000e+00   0.0000000e+00   0.0000000e+00   0.0000000e+00   0.0000000e+00   0.0000000e+00   0.0000000e+00   0.0000000e+00   0.0000000e+00   0.0000000e+00   0.0000000e+00
   8.3333330e-02   1.6714000e+04   7.4000000e+01   7.4000000e+01   3.2000000e+02   3.2000000e+02   0.0000000e+00   0.0000000e+00   0.0000000e+00   0.0000000e+00   2.0052700e+05   0.0000000e+00   0.0000000e+00   0.0000000e+00   0.0000000e+00   0.0000000e+00   0.0000000e+00   0.0000000e+00   0.0000000e+00   0.0000000e+00   0.0000000e+00   0.0000000e+00
   1.6666666e-01   1.6745000e+04   7.4000000e+01   7.4000000e+01   3.2000000e+02   3.2000000e+02   0.0000000e+00   0.0000000e+00   0.0000000e+00   0.0000000e+00   2.0085700e+05   0.0000000e+00   0.0000000e+00   0.0000000e+00   0.0000000e+00   0.0000000e+00   0.0000000e+00   0.0000000e+00   0.0000000e+00   0.0000000e+00   0.0000000e+00   0.0000000e+00
   2.4999999e-01   1.6776000e+04   7.4000000e+01   7.4000000e+01   3.2000000e+02   3.2000000e+02   0.0000000e+00   0.0000000e+00   0.0000000e+00   0.0000000e+00   2.0118700e+05   0.0000000e+00   0.0000000e+00   0.0000000e+00   0.0000000e+00   0.0000000e+00   0.0000000e+00   0.0000000e+00   0.0000000e+00   0.0000000e+00   0.0000000e+00   0.0000000e+00
   3.3333332e-01   1.6809000e+04   7.4000000e+01   7.4000000e+01   3.2000000e+02   3.2000000e+02   0.0000000e+00   0.0000000e+00   0.0000000e+00   0.0000000e+00   2.0151800e+05   0.0000000e+00   0.0000000e+00   0.0000000e+00   0.0000000e+00   0.0000000e+00   0.0000000e+00   0.0000000e+00   0.0000000e+00   0.0000000e+00   0.0000000e+00   0.0000000e+00
   4.1666665e-01   1.6841000e+04   7.4000000e+01   7.4000000e+01   3.2000000e+02   3.2000000e+02   0.0000000e+00   0.0000000e+00   0.0000000e+00   0.0000000e+00   2.0184900e+05   0.0000000e+00   0.0000000e+00   0.0000000e+00   0.0000000e+00   0.0000000e+00   0.0000000e+00   0.0000000e+00   0.0000000e+00   0.0000000e+00   0.0000000e+00   0.0000000e+00
   4.9999998e-01   1.6875000e+04   7.4000000e+01   7.4000000e+01   3.2000000e+02   3.2000000e+02   0.0000000e+00   0.0000000e+00   0.0000000e+00   0.0000000e+00   2.0218100e+05   0.0000000e+00   0.0000000e+00   0.0000000e+00   0.0000000e+00   0.0000000e+00   0.0000000e+00   0.0000000e+00   0.0000000e+00   0.0000000e+00   0.0000000e+00   0.0000000e+00
   5.8333331e-01   1.6909000e+04   7.4000000e+01   7.4000000e+01   3.2100000e+02   3.2000000e+02   0.0000000e+00   0.0000000e+00   0.0000000e+00   0.0000000e+00   2.0251300e+05   0.0000000e+00   0.0000000e+00   0.0000000e+00   0.0000000e+00   0.0000000e+00   0.0000000e+00   0.0000000e+00   0.0000000e+00   0.0000000e+00   0.0000000e+00   0.0000000e+00
   6.6666664e-01   1.6943000e+04   7.4000000e+01   7.4000000e+01   3.2100000e+02   3.2100000e+02   0.0000000e+00   0.0000000e+00   0.0000000e+00   0.0000000e+00   2.0284600e+05   0.0000000e+00   0.0000000e+00   0.0000000e+00   0.0000000e+00   0.0000000e+00   0.0000000e+00   0.0000000e+00   0.0000000e+00   0.0000000e+00   0.0000000e+00   0.0000000e+00
   7.4999997e-01   1.6978000e+04   7.4000000e+01   7.4000000e+01   3.2100000e+02   3.2100000e+02   0.0000000e+00   0.0000000e+00   0.0000000e+00   0.0000000e+00   2.0318000e+05   0.0000000e+00   0.0000000e+00   0.0000000e+00   0.0000000e+00   0.0000000e+00   0.0000000e+00   0.0000000e+00   0.0000000e+00   0.0000000e+00   0.0000000e+00   0.0000000e+00
   8.3333330e-01   1.7014000e+04   7.4000000e+01   7.4000000e+01   3.2200000e+02   3.2100000e+02   0.0000000e+00   0.0000000e+00   0.0000000e+00   0.0000000e+00   2.0351500e+05   0.0000000e+00   0.0000000e+00   0.0000000e+00   0.0000000e+00   0.0000000e+00   0.0000000e+00   0.0000000e+00   0.0000000e+00   0.0000000e+00   0.0000000e+00   0.0000000e+00
   9.1666663e-01   1.7049000e+04   7.5000000e+01   7.5000000e+01   3.2200000e+02   3.2200000e+02   0.0000000e+00   0.0000000e+00   0.0000000e+00   0.0000000e+00   2.0385000e+05   0.0000000e+00   0.0000000e+00   0.0000000e+00   0.0000000e+00   0.0000000e+00   0.0000000e+00   0.0000000e+00   0.0000000e+00   0.0000000e+00   0.0000000e+00   0.0000000e+00
   9.9999996e-01   1.7082000e+04   7.5000000e+01   7.5000000e+01   3.2400000e+02   3.2300000e+02   0.0000000e+00   0.0000000e+00   0.0000000e+00   0.0000000e+00   2.0418500e+05   0.0000000e+00   0.0000000e+00   0.0000000e+00   0.0000000e+00   0.0000000e+00   0.0000000e+00   0.0000000e+00   0.0000000e+00   0.0000000e+00   0.0000000e+00   0.0000000e+00
   1.0833333e+00   1.7114000e+04   7.5000000e+01   7.5000000e+01   3.2500000e+02   3.2400000e+02   0.0000000e+00   0.0000000e+00   0.0000000e+00   0.0000000e+00   2.0452100e+05   0.0000000e+00   0.0000000e+00   0.0000000e+00   0.0000000e+00   0.0000000e+00   0.0000000e+00   0.0000000e+00   0.0000000e+00   0.0000000e+00   0.0000000e+00   0.0000000e+00
   1.1666666e+00   1.7145000e+04   7.6000000e+01   7.6000000e+01   3.2600000e+02   3.2500000e+02   0.0000000e+00   0.0000000e+00   0.0000000e+00   0.0000000e+00   2.0485700e+05   0.0000000e+00   0.0000000e+00   0.0000000e+00   0.0000000e+00   0.0000000e+00   0.0000000e+00   0.0000000e+00   0.0000000e+00   0.0000000e+00   0.0000000e+00   0.0000000e+00
   1.2500000e+00   1.7174000e+04   7.6000000e+01   7.6000000e+01   3.2800000e+02   3.2600000e+02   0.0000000e+00   0.0000000e+00   0.0000000e+00   0.0000000e+00   2.0519400e+05   0.0000000e+00   0.0000000e+00   0.0000000e+00   0.0000000e+00   0.0000000e+00   0.0000000e+00   0.0000000e+00   0.0000000e+00   0.0000000e+00   0.0000000e+00   0.0000000e+00
   1.3333333e+00   1.7201000e+04   7.6000000e+01   7.6000000e+01   3.2900000e+02   3.2800000e+02   0.0000000e+00   0.0000000e+00   0.0000000e+00   0.0000000e+00   2.0553100e+05   0.0000000e+00   0.0000000e+00   0.0000000e+00   0.0000000e+00   0.0000000e+00   0.0000000e+00   0.0000000e+00   0.0000000e+00   0.0000000e+00   0.0000000e+00   0.0000000e+00
   1.4166666e+00   1.7227000e+04   7.7000000e+01   7.6000000e+01   3.3100000e+02   3.2900000e+02   0.0000000e+00   0.0000000e+00   0.0000000e+00   0.0000000e+00   2.0586900e+05   0.0000000e+00   0.0000000e+00   0.0000000e+00   0.0000000e+00   0.0000000e+00   0.0000000e+00   0.0000000e+00   0.0000000e+00   0.0000000e+00   0.0000000e+00   0.0000000e+00
   1.4999999e+00   1.7251000e+04   7.7000000e+01   7.7000000e+01   3.3200000e+02   3.3100000e+02   0.0000000e+00   0.0000000e+00   0.0000000e+00   0.0000000e+00   2.0620800e+05   0.0000000e+00   0.0000000e+00   0.0000000e+00   0.0000000e+00   0.0000000e+00   0.0000000e+00   0.0000000e+00   0.0000000e+00   0.0000000e+00   0.0000000e+00   0.0000000e+00
   1.5833333e+00   1.7273000e+04   7.7000000e+01   7.7000000e+01   3.3300000e+02   3.3200000e+02   0.0000000e+00   0.0000000e+00   0.0000000e+00   0.0000000e+00   2.0654700e+05   0.0000000e+00   0.0000000e+00   0.0000000e+00   0.0000000e+00   0.0000000e+00   0.0000000e+00   0.0000000e+00   0.0000000e+00   0.0000000e+00   0.0000000e+00   0.0000000e+00
   1.6666666e+00   1.7295000e+04   7.7000000e+01   7.7000000e+01   3.3400000e+02   3.3300000e+02   0.0000000e+00   0.0000000e+00   0.0000000e+00   0.0000000e+00   2.0688600e+05   0.0000000e+00   0.0000000e+00   0.0000000e+00   0.0000000e+00   0.0000000e+00   0.0000000e+00   0.0000000e+00   0.0000000e+00   0.0000000e+00   0.0000000e+00   0.0000000e+00
   1.7499999e+00   1.7317000e+04   7.7000000e+01   7.7000000e+01   3.3500000e+02   3.3400000e+02   0.0000000e+00   0.0000000e+00   0.0000000e+00   0.0000000e+00   2.0722600e+05   0.0000000e+00   0.0000000e+00   0.0000000e+00   0.0000000e+00   0.0000000e+00   0.0000000e+00   0.0000000e+00   0.0000000e+00   0.0000000e+00   0.0000000e+00   0.0000000e+00
   1.8333333e+00   1.7340000e+04   7.8000000e+01   7.8000000e+01   3.3500000e+02   3.3500000e+02   0.0000000e+00   0.0000000e+00   0.0000000e+00   0.0000000e+00   2.0756700e+05   0.0000000e+00   0.0000000e+00   0.0000000e+00   0.0000000e+00   0.0000000e+00   0.0000000e+00   0.0000000e+00   0.0000000e+00   0.0000000e+00   0.0000000e+00   0.0000000e+00
   1.9166666e+00   1.7361000e+04   7.8000000e+01   7.8000000e+01   3.3600000e+02   3.3600000e+02   0.0000000e+00   0.0000000e+00   0.0000000e+00   0.0000000e+00   2.0790800e+05   0.0000000e+00   0.0000000e+00   0.0000000e+00   0.0000000e+00   0.0000000e+00   0.0000000e+00   0.0000000e+00   0.0000000e+00   0.0000000e+00   0.0000000e+00   0.0000000e+00
   1.9999999e+00   1.7382000e+04   7.8000000e+01   7.8000000e+01   3.3700000e+02   3.3700000e+02   0.0000000e+00   0.0000000e+00   0.0000000e+00   0.0000000e+00   2.0825000e+05   0.0000000e+00   0.0000000e+00   0.0000000e+00   0.0000000e+00   0.0000000e+00   0.0000000e+00   0.0000000e+00   0.0000000e+00   0.0000000e+00   0.0000000e+00   0.0000000e+00
   2.0833333e+00   1.7404000e+04   7.8000000e+01   7.8000000e+01   3.3700000e+02   3.3700000e+02   0.0000000e+00   0.0000000e+00   0.0000000e+00   0.0000000e+00   2.0859200e+05   0.0000000e+00   0.0000000e+00   0.0000000e+00   0.0000000e+00   0.0000000e+00   0.0000000e+00   0.0000000e+00   0.0000000e+00   0.0000000e+00   0.0000000e+00   0.0000000e+00
   2.1666666e+00   1.7426000e+04   7.8000000e+01   7.8000000e+01   3.3800000e+02   3.3700000e+02   0.0000000e+00   0.0000000e+00   0.0000000e+00   0.0000000e+00   2.0893500e+05   0.0000000e+00   0.0000000e+00   0.0000000e+00   0.0000000e+00   0.0000000e+00   0.0000000e+00   0.0000000e+00   0.0000000e+00   0.0000000e+00   0.0000000e+00   0.0000000e+00
   2.2499999e+00   1.7449000e+04   7.8000000e+01   7.8000000e+01   3.3800000e+02   3.3700000e+02   0.0000000e+00   0.0000000e+00   0.0000000e+00   0.0000000e+00   2.0927800e+05   0.0000000e+00   0.0000000e+00   0.0000000e+00   0.0000000e+00   0.0000000e+00   0.0000000e+00   0.0000000e+00   0.0000000e+00   0.0000000e+00   0.0000000e+00   0.0000000e+00
   2.3333332e+00   1.7474000e+04   7.8000000e+01   7.8000000e+01   3.3800000e+02   3.3700000e+02   0.0000000e+00   0.0000000e+00   0.0000000e+00   0.0000000e+00   2.0962200e+05   0.0000000e+00   0.0000000e+00   0.0000000e+00   0.0000000e+00   0.0000000e+00   0.0000000e+00   0.0000000e+00   0.0000000e+00   0.0000000e+00   0.0000000e+00   0.0000000e+00
   2.4166666e+00   1.7500000e+04   7.8000000e+01   7.8000000e+01   3.3800000e+02   3.3700000e+02   0.0000000e+00   0.0000000e+00   0.0000000e+00   0.0000000e+00   2.0996600e+05   0.0000000e+00   0.0000000e+00   0.0000000e+00   0.0000000e+00   0.0000000e+00   0.0000000e+00   0.0000000e+00   0.0000000e+00   0.0000000e+00   0.0000000e+00   0.0000000e+00
   2.4999999e+00   1.7526000e+04   7.8000000e+01   7.8000000e+01   3.3800000e+02   3.3800000e+02   0.0000000e+00   0.0000000e+00   0.0000000e+00   0.0000000e+00   2.1031100e+05   0.0000000e+00   0.0000000e+00   0.0000000e+00   0.0000000e+00   0.0000000e+00   0.0000000e+00   0.0000000e+00   0.0000000e+00   0.0000000e+00   0.0000000e+00   0.0000000e+00
   2.5833332e+00   1.7553000e+04   7.8000000e+01   7.8000000e+01   3.3800000e+02   3.3800000e+02   0.0000000e+00   0.0000000e+00   0.0000000e+00   0.0000000e+00   2.1065600e+05   0.0000000e+00   0.0000000e+00   0.0000000e+00   0.0000000e+00   0.0000000e+00   0.0000000e+00   0.0000000e+00   0.0000000e+00   0.0000000e+00   0.0000000e+00   0.0000000e+00
   2.6666666e+00   1.7581000e+04   7.8000000e+01   7.8000000e+01   3.3800000e+02   3.3800000e+02   0.0000000e+00   0.0000000e+00   0.0000000e+00   0.0000000e+00   2.1100200e+05   0.0000000e+00   0.0000000e+00   0.0000000e+00   0.0000000e+00   0.0000000e+00   0.0000000e+00   0.0000000e+00   0.0000000e+00   0.0000000e+00   0.0000000e+00   0.0000000e+00
   2.7499999e+00   1.7610000e+04   7.8000000e+01   7.8000000e+01   3.3800000e+02   3.3800000e+02   0.0000000e+00   0.0000000e+00   0.0000000e+00   0.0000000e+00   2.1134900e+05   0.0000000e+00   0.0000000e+00   0.0000000e+00   0.0000000e+00   0.0000000e+00   0.0000000e+00   0.0000000e+00   0.0000000e+00   0.0000000e+00   0.0000000e+00   0.0000000e+00
   2.8333332e+00   1.7641000e+04   7.8000000e+01   7.8000000e+01   3.3800000e+02   3.3800000e+02   0.0000000e+00   0.0000000e+00   0.0000000e+00   0.0000000e+00   2.1169600e+05   0.0000000e+00   0.0000000e+00   0.0000000e+00   0.0000000e+00   0.0000000e+00   0.0000000e+00   0.0000000e+00   0.0000000e+00   0.0000000e+00   0.0000000e+00   0.0000000e+00
   2.9166665e+00   1.7673000e+04   7.8000000e+01   7.8000000e+01   3.3800000e+02   3.3800000e+02   0.0000000e+00   0.0000000e+00   0.0000000e+00   0.0000000e+00   2.1204400e+05   0.0000000e+00   0.0000000e+00   0.0000000e+00   0.0000000e+00   0.0000000e+00   0.0000000e+00   0.0000000e+00   0.0000000e+00   0.0000000e+00   0.0000000e+00   0.0000000e+00
   2.9999999e+00   1.7706000e+04   7.8000000e+01   7.8000000e+01   3.3800000e+02   3.3800000e+02   0.0000000e+00   0.0000000e+00   0.0000000e+00   0.0000000e+00   2.1239200e+05   0.0000000e+00   0.0000000e+00   0.0000000e+00   0.0000000e+00   0.0000000e+00   0.0000000e+00   0.0000000e+00   0.0000000e+00   0.0000000e+00   0.0000000e+00   0.0000000e+00
   3.0833332e+00   1.7741000e+04   7.8000000e+01   7.8000000e+01   3.3800000e+02   3.3800000e+02   0.0000000e+00   0.0000000e+00   0.0000000e+00   0.0000000e+00   2.1274100e+05   0.0000000e+00   0.0000000e+00   0.0000000e+00   0.0000000e+00   0.0000000e+00   0.0000000e+00   0.0000000e+00   0.0000000e+00   0.0000000e+00   0.0000000e+00   0.0000000e+00
   3.1666665e+00   1.7776000e+04   7.8000000e+01   7.8000000e+01   3.3800000e+02   3.3800000e+02   0.0000000e+00   0.0000000e+00   0.0000000e+00   0.0000000e+00   2.1309100e+05   0.0000000e+00   0.0000000e+00   0.0000000e+00   0.0000000e+00   0.0000000e+00   0.0000000e+00   0.0000000e+00   0.0000000e+00   0.0000000e+00   0.0000000e+00   0.0000000e+00
   3.2499999e+00   1.7812000e+04   7.8000000e+01   7.8000000e+01   3.3800000e+02   3.3800000e+02   0.0000000e+00   0.0000000e+00   0.0000000e+00   0.0000000e+00   2.1344100e+05   0.0000000e+00   0.0000000e+00   0.0000000e+00   0.0000000e+00   0.0000000e+00   0.0000000e+00   0.0000000e+00   0.0000000e+00   0.0000000e+00   0.0000000e+00   0.0000000e+00
   3.3333332e+00   1.7849000e+04   7.8000000e+01   7.8000000e+01   3.3900000e+02   3.3800000e+02   0.0000000e+00   0.0000000e+00   0.0000000e+00   0.0000000e+00   2.1379200e+05   0.0000000e+00   0.0000000e+00   0.0000000e+00   0.0000000e+00   0.0000000e+00   0.0000000e+00   0.0000000e+00   0.0000000e+00   0.0000000e+00   0.0000000e+00   0.0000000e+00
   3.4166665e+00   1.7885000e+04   7.9000000e+01   7.9000000e+01   3.3900000e+02   3.3900000e+02   0.0000000e+00   0.0000000e+00   0.0000000e+00   0.0000000e+00   2.1414300e+05   0.0000000e+00   0.0000000e+00   0.0000000e+00   0.0000000e+00   0.0000000e+00   0.0000000e+00   0.0000000e+00   0.0000000e+00   0.0000000e+00   0.0000000e+00   0.0000000e+00
   3.4999999e+00   1.7920000e+04   7.9000000e+01   7.9000000e+01   3.4100000e+02   3.4000000e+02   0.0000000e+00   0.0000000e+00   0.0000000e+00   0.0000000e+00   2.1449500e+05   0.0000000e+00   0.0000000e+00   0.0000000e+00   0.0000000e+00   0.0000000e+00   0.0000000e+00   0.0000000e+00   0.0000000e+00   0.0000000e+00   0.0000000e+00   0.0000000e+00
   3.5833332e+00   1.7954000e+04   7.9000000e+01   7.9000000e+01   3.4200000e+02   3.4100000e+02   0.0000000e+00   0.0000000e+00   0.0000000e+00   0.0000000e+00   2.1484800e+05   0.0000000e+00   0.0000000e+00   0.0000000e+00   0.0000000e+00   0.0000000e+00   0.0000000e+00   0.0000000e+00   0.0000000e+00   0.0000000e+00   0.0000000e+00   0.0000000e+00
   3.6666665e+00   1.7987000e+04   7.9000000e+01   7.9000000e+01   3.4300000e+02   3.4200000e+02   0.0000000e+00   0.0000000e+00   0.0000000e+00   0.0000000e+00   2.1520100e+05   0.0000000e+00   0.0000000e+00   0.0000000e+00   0.0000000e+00   0.0000000e+00   0.0000000e+00   0.0000000e+00   0.0000000e+00   0.0000000e+00   0.0000000e+00   0.0000000e+00
   3.7499998e+00   1.8019000e+04   7.9000000e+01   8.0000000e+01   3.4400000e+02   3.4300000e+02   0.0000000e+00   0.0000000e+00   0.0000000e+00   0.0000000e+00   2.1555400e+05   0.0000000e+00   0.0000000e+00   0.0000000e+00   0.0000000e+00   0.0000000e+00   0.0000000e+00   0.0000000e+00   0.0000000e+00   0.0000000e+00   0.0000000e+00   0.0000000e+00
   3.8333332e+00   1.8049000e+04   8.0000000e+01   8.0000000e+01   3.4500000e+02   3.4400000e+02   0.0000000e+00   0.0000000e+00   0.0000000e+00   0.0000000e+00   2.1590800e+05   0.0000000e+00   0.0000000e+00   0.0000000e+00   0.0000000e+00   0.0000000e+00   0.0000000e+00   0.0000000e+00   0.0000000e+00   0.0000000e+00   0.0000000e+00   0.0000000e+00
   3.9166665e+00   1.8078000e+04   8.0000000e+01   8.0000000e+01   3.4600000e+02   3.4600000e+02   0.0000000e+00   0.0000000e+00   0.0000000e+00   0.0000000e+00   2.1626300e+05   0.0000000e+00   0.0000000e+00   0.0000000e+00   0.0000000e+00   0.0000000e+00   0.0000000e+00   0.0000000e+00   0.0000000e+00   0.0000000e+00   0.0000000e+00   0.0000000e+00
   3.9999998e+00   1.8107000e+04   8.0000000e+01   8.1000000e+01   3.4700000e+02   3.4600000e+02   0.0000000e+00   0.0000000e+00   0.0000000e+00   0.0000000e+00   2.1661900e+05   0.0000000e+00   0.0000000e+00   0.0000000e+00   0.0000000e+00   0.0000000e+00   0.0000000e+00   0.0000000e+00   0.0000000e+00   0.0000000e+00   0.0000000e+00   0.0000000e+00
   4.0833332e+00   1.8135000e+04   8.0000000e+01   8.0000000e+01   3.4800000e+02   3.4700000e+02   0.0000000e+00   0.0000000e+00   0.0000000e+00   0.0000000e+00   2.1697400e+05   0.0000000e+00   0.0000000e+00   0.0000000e+00   0.0000000e+00   0.0000000e+00   0.0000000e+00   0.0000000e+00   0.0000000e+00   0.0000000e+00   0.0000000e+00   0.0000000e+00
   4.1666665e+00   1.8163000e+04   8.1000000e+01   8.1000000e+01   3.4800000e+02   3.4700000e+02   0.0000000e+00   0.0000000e+00   0.0000000e+00   0.0000000e+00   2.1733000e+05   0.0000000e+00   0.0000000e+00   0.0000000e+00   0.0000000e+00   0.0000000e+00   0.0000000e+00   0.0000000e+00   0.0000000e+00   0.0000000e+00   0.0000000e+00   0.0000000e+00
   4.2499998e+00   1.8191000e+04   8.1000000e+01   8.1000000e+01   3.4900000e+02   3.4800000e+02   0.0000000e+00   0.0000000e+00   0.0000000e+00   0.0000000e+00   2.1768700e+05   0.0000000e+00   0.0000000e+00   0.0000000e+00   0.0000000e+00   0.0000000e+00   0.0000000e+00   0.0000000e+00   0.0000000e+00   0.0000000e+00   0.0000000e+00   0.0000000e+00
   4.3333332e+00   1.8218000e+04   8.1000000e+01   8.1000000e+01   3.5000000e+02   3.5000000e+02   0.0000000e+00   0.0000000e+00   0.0000000e+00   0.0000000e+00   2.1804400e+05   0.0000000e+00   0.0000000e+00   0.0000000e+00   0.0000000e+00   0.0000000e+00   0.0000000e+00   0.0000000e+00   0.0000000e+00   0.0000000e+00   0.0000000e+00   0.0000000e+00
   4.4166665e+00   1.8244000e+04   8.1000000e+01   8.1000000e+01   3.5100000e+02   3.5000000e+02   0.0000000e+00   0.0000000e+00   0.0000000e+00   0.0000000e+00   2.1840200e+05   0.0000000e+00   0.0000000e+00   0.0000000e+00   0.0000000e+00   0.0000000e+00   0.0000000e+00   0.0000000e+00   0.0000000e+00   0.0000000e+00   0.0000000e+00   0.0000000e+00
   4.4999998e+00   1.8272000e+04   8.1000000e+01   8.1000000e+01   3.5200000e+02   3.5100000e+02   0.0000000e+00   0.0000000e+00   0.0000000e+00   0.0000000e+00   2.1876100e+05   0.0000000e+00   0.0000000e+00   0.0000000e+00   0.0000000e+00   0.0000000e+00   0.0000000e+00   0.0000000e+00   0.0000000e+00   0.0000000e+00   0.0000000e+00   0.0000000e+00
   4.5833331e+00   1.8299000e+04   8.1000000e+01   8.2000000e+01   3.5200000e+02   3.5100000e+02   0.0000000e+00   0.0000000e+00   0.0000000e+00   0.0000000e+00   2.1912000e+05   0.0000000e+00   0.0000000e+00   0.0000000e+00   0.0000000e+00   0.0000000e+00   0.0000000e+00   0.0000000e+00   0.0000000e+00   0.0000000e+00   0.0000000e+00   0.0000000e+00
   4.6666665e+00   1.8326000e+04   8.2000000e+01   8.2000000e+01   3.5300000e+02   3.5200000e+02   0.0000000e+00   0.0000000e+00   0.0000000e+00   0.0000000e+00   2.1948000e+05   0.0000000e+00   0.0000000e+00   0.0000000e+00   0.0000000e+00   0.0000000e+00   0.0000000e+00   0.0000000e+00   0.0000000e+00   0.0000000e+00   0.0000000e+00   0.0000000e+00
   4.7499998e+00   1.8352000e+04   8.2000000e+01   8.2000000e+01   3.5400000e+02   3.5400000e+02   0.0000000e+00   0.0000000e+00   0.0000000e+00   0.0000000e+00   2.1984100e+05   0.0000000e+00   0.0000000e+00   0.0000000e+00   0.0000000e+00   0.0000000e+00   0.0000000e+00   0.0000000e+00   0.0000000e+00   0.0000000e+00   0.0000000e+00   0.0000000e+00
   4.8333331e+00   1.8377000e+04   8.2000000e+01   8.2000000e+01   3.5500000e+02   3.5400000e+02   0.0000000e+00   0.0000000e+00   0.0000000e+00   0.0000000e+00   2.2020200e+05   0.0000000e+00   0.0000000e+00   0.0000000e+00   0.0000000e+00   0.0000000e+00   0.0000000e+00   0.0000000e+00   0.0000000e+00   0.0000000e+00   0.0000000e+00   0.0000000e+00
   4.9166665e+00   1.8403000e+04   8.2000000e+01   8.2000000e+01   3.5500000e+02   3.5500000e+02   0.0000000e+00   0.0000000e+00   0.0000000e+00   0.0000000e+00   2.2056400e+05   0.0000000e+00   0.0000000e+00   0.0000000e+00   0.0000000e+00   0.0000000e+00   0.0000000e+00   0.0000000e+00   0.0000000e+00   0.0000000e+00   0.0000000e+00   0.0000000e+00
   4.9999998e+00   1.8430000e+04   8.2000000e+01   8.2000000e+01   3.5500000e+02   3.5500000e+02   0.0000000e+00   0.0000000e+00   0.0000000e+00   0.0000000e+00   2.2092700e+05   0.0000000e+00   0.0000000e+00   0.0000000e+00   0.0000000e+00   0.0000000e+00   0.0000000e+00   0.0000000e+00   0.0000000e+00   0.0000000e+00   0.0000000e+00   0.0000000e+00
   5.0833331e+00   1.8458000e+04   8.2000000e+01   8.2000000e+01   3.5500000e+02   3.5500000e+02   0.0000000e+00   0.0000000e+00   0.0000000e+00   0.0000000e+00   2.2129000e+05   0.0000000e+00   0.0000000e+00   0.0000000e+00   0.0000000e+00   0.0000000e+00   0.0000000e+00   0.0000000e+00   0.0000000e+00   0.0000000e+00   0.0000000e+00   0.0000000e+00
   5.1666665e+00   1.8487000e+04   8.2000000e+01   8.2000000e+01   3.5500000e+02   3.5500000e+02   0.0000000e+00   0.0000000e+00   0.0000000e+00   0.0000000e+00   2.2165400e+05   0.0000000e+00   0.0000000e+00   0.0000000e+00   0.0000000e+00   0.0000000e+00   0.0000000e+00   0.0000000e+00   0.0000000e+00   0.0000000e+00   0.0000000e+00   0.0000000e+00
   5.2499998e+00   1.8517000e+04   8.2000000e+01   8.2000000e+01   3.5500000e+02   3.5500000e+02   0.0000000e+00   0.0000000e+00   0.0000000e+00   0.0000000e+00   2.2201800e+05   0.0000000e+00   0.0000000e+00   0.0000000e+00   0.0000000e+00   0.0000000e+00   0.0000000e+00   0.0000000e+00   0.0000000e+00   0.0000000e+00   0.0000000e+00   0.0000000e+00
   5.3333331e+00   1.8549000e+04   8.2000000e+01   8.2000000e+01   3.5500000e+02   3.5500000e+02   0.0000000e+00   0.0000000e+00   0.0000000e+00   0.0000000e+00   2.2238300e+05   0.0000000e+00   0.0000000e+00   0.0000000e+00   0.0000000e+00   0.0000000e+00   0.0000000e+00   0.0000000e+00   0.0000000e+00   0.0000000e+00   0.0000000e+00   0.0000000e+00
   5.4166665e+00   1.8582000e+04   8.2000000e+01   8.2000000e+01   3.5600000e+02   3.5500000e+02   0.0000000e+00   0.0000000e+00   0.0000000e+00   0.0000000e+00   2.2274900e+05   0.0000000e+00   0.0000000e+00   0.0000000e+00   0.0000000e+00   0.0000000e+00   0.0000000e+00   0.0000000e+00   0.0000000e+00   0.0000000e+00   0.0000000e+00   0.0000000e+00
   5.4999998e+00   1.8614000e+04   8.2000000e+01   8.2000000e+01   3.5600000e+02   3.5600000e+02   0.0000000e+00   0.0000000e+00   0.0000000e+00   0.0000000e+00   2.2311500e+05   0.0000000e+00   0.0000000e+00   0.0000000e+00   0.0000000e+00   0.0000000e+00   0.0000000e+00   0.0000000e+00   0.0000000e+00   0.0000000e+00   0.0000000e+00   0.0000000e+00
   5.5833331e+00   1.8648000e+04   8.2000000e+01   8.2000000e+01   3.5700000e+02   3.5500000e+02   0.0000000e+00   0.0000000e+00   0.0000000e+00   0.0000000e+00   2.2348100e+05   0.0000000e+00   0.0000000e+00   0.0000000e+00   0.0000000e+00   0.0000000e+00   0.0000000e+00   0.0000000e+00   0.0000000e+00   0.0000000e+00   0.0000000e+00   0.0000000e+00
   5.6666664e+00   1.8682000e+04   8.2000000e+01   8.2000000e+01   3.5600000e+02   3.5600000e+02   0.0000000e+00   0.0000000e+00   0.0000000e+00   0.0000000e+00   2.2384800e+05   0.0000000e+00   0.0000000e+00   0.0000000e+00   0.0000000e+00   0.0000000e+00   0.0000000e+00   0.0000000e+00   0.0000000e+00   0.0000000e+00   0.0000000e+00   0.0000000e+00
   5.7499998e+00   1.8717000e+04   8.3000000e+01   8.3000000e+01   3.5700000e+02   3.5600000e+02   0.0000000e+00   0.0000000e+00   0.0000000e+00   0.0000000e+00   2.2421600e+05   0.0000000e+00   0.0000000e+00   0.0000000e+00   0.0000000e+00   0.0000000e+00   0.0000000e+00   0.0000000e+00   0.0000000e+00   0.0000000e+00   0.0000000e+00   0.0000000e+00
   5.8333331e+00   1.8751000e+04   8.3000000e+01   8.3000000e+01   3.5800000e+02   3.5700000e+02   0.0000000e+00   0.0000000e+00   0.0000000e+00   0.0000000e+00   2.2458400e+05   0.0000000e+00   0.0000000e+00   0.0000000e+00   0.0000000e+00   0.0000000e+00   0.0000000e+00   0.0000000e+00   0.0000000e+00   0.0000000e+00   0.0000000e+00   0.0000000e+00
   5.9166664e+00   1.8785000e+04   8.3000000e+01   8.3000000e+01   3.5900000e+02   3.5800000e+02   0.0000000e+00   0.0000000e+00   0.0000000e+00   0.0000000e+00   2.2495300e+05   0.0000000e+00   0.0000000e+00   0.0000000e+00   0.0000000e+00   0.0000000e+00   0.0000000e+00   0.0000000e+00   0.0000000e+00   0.0000000e+00   0.0000000e+00   0.0000000e+00
   5.9999998e+00   1.8818000e+04   8.3000000e+01   8.3000000e+01   3.6000000e+02   3.5900000e+02   0.0000000e+00   0.0000000e+00   0.0000000e+00   0.0000000e+00   2.2532300e+05   0.0000000e+00   0.0000000e+00   0.0000000e+00   0.0000000e+00   0.0000000e+00   0.0000000e+00   0.0000000e+00   0.0000000e+00   0.0000000e+00   0.0000000e+00   0.0000000e+00
   6.0833331e+00   1.8850000e+04   8.3000000e+01   8.3000000e+01   3.6000000e+02   3.6000000e+02   0.0000000e+00   0.0000000e+00   0.0000000e+00   0.0000000e+00   2.2569300e+05   0.0000000e+00   0.0000000e+00   0.0000000e+00   0.0000000e+00   0.0000000e+00   0.0000000e+00   0.0000000e+00   0.0000000e+00   0.0000000e+00   0.0000000e+00   0.0000000e+00
   6.1666664e+00   1.8882000e+04   8.3000000e+01   8.3000000e+01   3.6100000e+02   3.6000000e+02   0.0000000e+00   0.0000000e+00   0.0000000e+00   0.0000000e+00   2.2606400e+05   0.0000000e+00   0.0000000e+00   0.0000000e+00   0.0000000e+00   0.0000000e+00   0.0000000e+00   0.0000000e+00   0.0000000e+00   0.0000000e+00   0.0000000e+00   0.0000000e+00
   6.2499998e+00   1.8916000e+04   8.3000000e+01   8.4000000e+01   3.6100000e+02   3.6100000e+02   0.0000000e+00   0.0000000e+00   0.0000000e+00   0.0000000e+00   2.2643600e+05   0.0000000e+00   0.0000000e+00   0.0000000e+00   0.0000000e+00   0.0000000e+00   0.0000000e+00   0.0000000e+00   0.0000000e+00   0.0000000e+00   0.0000000e+00   0.0000000e+00
   6.3333331e+00   1.8948000e+04   8.4000000e+01   8.4000000e+01   3.6200000e+02   3.6200000e+02   0.0000000e+00   0.0000000e+00   0.0000000e+00   0.0000000e+00   2.2680800e+05   0.0000000e+00   0.0000000e+00   0.0000000e+00   0.0000000e+00   0.0000000e+00   0.0000000e+00   0.0000000e+00   0.0000000e+00   0.0000000e+00   0.0000000e+00   0.0000000e+00
   6.4166664e+00   1.8979000e+04   8.4000000e+01   8.4000000e+01   3.6400000e+02   3.6300000e+02   0.0000000e+00   0.0000000e+00   0.0000000e+00   0.0000000e+00   2.2718100e+05   0.0000000e+00   0.0000000e+00   0.0000000e+00   0.0000000e+00   0.0000000e+00   0.0000000e+00   0.0000000e+00   0.0000000e+00   0.0000000e+00   0.0000000e+00   0.0000000e+00
   6.4999997e+00   1.9010000e+04   8.4000000e+01   8.4000000e+01   3.6500000e+02   3.6400000e+02   0.0000000e+00   0.0000000e+00   0.0000000e+00   0.0000000e+00   2.2755400e+05   0.0000000e+00   0.0000000e+00   0.0000000e+00   0.0000000e+00   0.0000000e+00   0.0000000e+00   0.0000000e+00   0.0000000e+00   0.0000000e+00   0.0000000e+00   0.0000000e+00
   6.5833331e+00   1.9040000e+04   8.4000000e+01   8.4000000e+01   3.6500000e+02   3.6400000e+02   0.0000000e+00   0.0000000e+00   0.0000000e+00   0.0000000e+00   2.2792800e+05   0.0000000e+00   0.0000000e+00   0.0000000e+00   0.0000000e+00   0.0000000e+00   0.0000000e+00   0.0000000e+00   0.0000000e+00   0.0000000e+00   0.0000000e+00   0.0000000e+00
   6.6666664e+00   1.9072000e+04   8.4000000e+01   8.5000000e+01   3.6500000e+02   3.6400000e+02   0.0000000e+00   0.0000000e+00   0.0000000e+00   0.0000000e+00   2.2830300e+05   0.0000000e+00   0.0000000e+00   0.0000000e+00   0.0000000e+00   0.0000000e+00   0.0000000e+00   0.0000000e+00   0.0000000e+00   0.0000000e+00   0.0000000e+00   0.0000000e+00
   6.7499997e+00   1.9104000e+04   8.5000000e+01   8.5000000e+01   3.6600000e+02   3.6500000e+02   0.0000000e+00   0.0000000e+00   0.0000000e+00   0.0000000e+00   2.2867800e+05   0.0000000e+00   0.0000000e+00   0.0000000e+00   0.0000000e+00   0.0000000e+00   0.0000000e+00   0.0000000e+00   0.0000000e+00   0.0000000e+00   0.0000000e+00   0.0000000e+00
   6.8333331e+00   1.9134000e+04   8.5000000e+01   8.5000000e+01   3.6800000e+02   3.6600000e+02   0.0000000e+00   0.0000000e+00   0.0000000e+00   0.0000000e+00   2.2905400e+05   0.0000000e+00   0.0000000e+00   0.0000000e+00   0.0000000e+00   0.0000000e+00   0.0000000e+00   0.0000000e+00   0.0000000e+00   0.0000000e+00   0.0000000e+00   0.0000000e+00
   6.9166664e+00   1.9164000e+04   8.5000000e+01   8.5000000e+01   3.6800000e+02   3.6700000e+02   0.0000000e+00   0.0000000e+00   0.0000000e+00   0.0000000e+00   2.2943100e+05   0.0000000e+00   0.0000000e+00   0.0000000e+00   0.0000000e+00   0.0000000e+00   0.0000000e+00   0.0000000e+00   0.0000000e+00   0.0000000e+00   0.0000000e+00   0.0000000e+00
   6.9999997e+00   1.9194000e+04   8.5000000e+01   8.5000000e+01   3.6900000e+02   3.6800000e+02   0.0000000e+00   0.0000000e+00   0.0000000e+00   0.0000000e+00   2.2980900e+05   0.0000000e+00   0.0000000e+00   0.0000000e+00   0.0000000e+00   0.0000000e+00   0.0000000e+00   0.0000000e+00   0.0000000e+00   0.0000000e+00   0.0000000e+00   0.0000000e+00
   7.0833331e+00   1.9224000e+04   8.5000000e+01   8.5000000e+01   3.6900000e+02   3.6900000e+02   0.0000000e+00   0.0000000e+00   0.0000000e+00   0.0000000e+00   2.3018700e+05   0.0000000e+00   0.0000000e+00   0.0000000e+00   0.0000000e+00   0.0000000e+00   0.0000000e+00   0.0000000e+00   0.0000000e+00   0.0000000e+00   0.0000000e+00   0.0000000e+00
   7.1666664e+00   1.9255000e+04   8.6000000e+01   8.6000000e+01   3.7000000e+02   3.6900000e+02   0.0000000e+00   0.0000000e+00   0.0000000e+00   0.0000000e+00   2.3056600e+05   0.0000000e+00   0.0000000e+00   0.0000000e+00   0.0000000e+00   0.0000000e+00   0.0000000e+00   0.0000000e+00   0.0000000e+00   0.0000000e+00   0.0000000e+00   0.0000000e+00
   7.2499997e+00   1.9283000e+04   8.6000000e+01   8.6000000e+01   3.7200000e+02   3.7000000e+02   0.0000000e+00   0.0000000e+00   0.0000000e+00   0.0000000e+00   2.3094500e+05   0.0000000e+00   0.0000000e+00   0.0000000e+00   0.0000000e+00   0.0000000e+00   0.0000000e+00   0.0000000e+00   0.0000000e+00   0.0000000e+00   0.0000000e+00   0.0000000e+00
   7.3333330e+00   1.9311000e+04   8.6000000e+01   8.6000000e+01   3.7200000e+02   3.7100000e+02   0.0000000e+00   0.0000000e+00   0.0000000e+00   0.0000000e+00   2.3132400e+05   0.0000000e+00   0.0000000e+00   0.0000000e+00   0.0000000e+00   0.0000000e+00   0.0000000e+00   0.0000000e+00   0.0000000e+00   0.0000000e+00   0.0000000e+00   0.0000000e+00
   7.4166664e+00   1.9340000e+04   8.6000000e+01   8.6000000e+01   3.7200000e+02   3.7200000e+02   0.0000000e+00   0.0000000e+00   0.0000000e+00   0.0000000e+00   2.3170400e+05   0.0000000e+00   0.0000000e+00   0.0000000e+00   0.0000000e+00   0.0000000e+00   0.0000000e+00   0.0000000e+00   0.0000000e+00   0.0000000e+00   0.0000000e+00   0.0000000e+00
   7.4999997e+00   1.9369000e+04   8.6000000e+01   8.6000000e+01   3.7300000e+02   3.7200000e+02   0.0000000e+00   0.0000000e+00   0.0000000e+00   0.0000000e+00   2.3208500e+05   0.0000000e+00   0.0000000e+00   0.0000000e+00   0.0000000e+00   0.0000000e+00   0.0000000e+00   0.0000000e+00   0.0000000e+00   0.0000000e+00   0.0000000e+00   0.0000000e+00
   7.5833330e+00   1.9399000e+04   8.6000000e+01   8.6000000e+01   3.7300000e+02   3.7200000e+02   0.0000000e+00   0.0000000e+00   0.0000000e+00   0.0000000e+00   2.3246600e+05   0.0000000e+00   0.0000000e+00   0.0000000e+00   0.0000000e+00   0.0000000e+00   0.0000000e+00   0.0000000e+00   0.0000000e+00   0.0000000e+00   0.0000000e+00   0.0000000e+00
   7.6666664e+00   1.9429000e+04   8.6000000e+01   8.6000000e+01   3.7400000e+02   3.7300000e+02   0.0000000e+00   0.0000000e+00   0.0000000e+00   0.0000000e+00   2.3284800e+05   0.0000000e+00   0.0000000e+00   0.0000000e+00   0.0000000e+00   0.0000000e+00   0.0000000e+00   0.0000000e+00   0.0000000e+00   0.0000000e+00   0.0000000e+00   0.0000000e+00
   7.7499997e+00   1.9460000e+04   8.6000000e+01   8.6000000e+01   3.7400000e+02   3.7300000e+02   0.0000000e+00   0.0000000e+00   0.0000000e+00   0.0000000e+00   2.3323000e+05   0.0000000e+00   0.0000000e+00   0.0000000e+00   0.0000000e+00   0.0000000e+00   0.0000000e+00   0.0000000e+00   0.0000000e+00   0.0000000e+00   0.0000000e+00   0.0000000e+00
   7.8333330e+00   1.9492000e+04   8.6000000e+01   8.7000000e+01   3.7400000e+02   3.7400000e+02   0.0000000e+00   0.0000000e+00   0.0000000e+00   0.0000000e+00   2.3361300e+05   0.0000000e+00   0.0000000e+00   0.0000000e+00   0.0000000e+00   0.0000000e+00   0.0000000e+00   0.0000000e+00   0.0000000e+00   0.0000000e+00   0.0000000e+00   0.0000000e+00
   7.9166664e+00   1.9523000e+04   8.7000000e+01   8.7000000e+01   3.7500000e+02   3.7400000e+02   0.0000000e+00   0.0000000e+00   0.0000000e+00   0.0000000e+00   2.3399600e+05   0.0000000e+00   0.0000000e+00   0.0000000e+00   0.0000000e+00   0.0000000e+00   0.0000000e+00   0.0000000e+00   0.0000000e+00   0.0000000e+00   0.0000000e+00   0.0000000e+00
   7.9999997e+00   1.9554000e+04   8.7000000e+01   8.7000000e+01   3.7600000e+02   3.7500000e+02   0.0000000e+00   0.0000000e+00   0.0000000e+00   0.0000000e+00   2.3438100e+05   0.0000000e+00   0.0000000e+00   0.0000000e+00   0.0000000e+00   0.0000000e+00   0.0000000e+00   0.0000000e+00   0.0000000e+00   0.0000000e+00   0.0000000e+00   0.0000000e+00
   8.0833330e+00   1.9585000e+04   8.7000000e+01   8.7000000e+01   3.7600000e+02   3.7600000e+02   0.0000000e+00   0.0000000e+00   0.0000000e+00   0.0000000e+00   2.3476500e+05   0.0000000e+00   0.0000000e+00   0.0000000e+00   0.0000000e+00   0.0000000e+00   0.0000000e+00   0.0000000e+00   0.0000000e+00   0.0000000e+00   0.0000000e+00   0.0000000e+00
   8.1666663e+00   1.9617000e+04   8.7000000e+01   8.7000000e+01   3.7600000e+02   3.7600000e+02   0.0000000e+00   0.0000000e+00   0.0000000e+00   0.0000000e+00   2.3515100e+05   0.0000000e+00   0.0000000e+00   0.0000000e+00   0.0000000e+00   0.0000000e+00   0.0000000e+00   0.0000000e+00   0.0000000e+00   0.0000000e+00   0.0000000e+00   0.0000000e+00
   8.2499997e+00   1.9650000e+04   8.7000000e+01   8.7000000e+01   3.7700000e+02   3.7600000e+02   0.0000000e+00   0.0000000e+00   0.0000000e+00   0.0000000e+00   2.3553700e+05   0.0000000e+00   0.0000000e+00   0.0000000e+00   0.0000000e+00   0.0000000e+00   0.0000000e+00   0.0000000e+00   0.0000000e+00   0.0000000e+00   0.0000000e+00   0.0000000e+00
   8.3333330e+00   1.9684000e+04   8.7000000e+01   8.7000000e+01   3.7700000e+02   3.7700000e+02   0.0000000e+00   0.0000000e+00   0.0000000e+00   0.0000000e+00   2.3592400e+05   0.0000000e+00   0.0000000e+00   0.0000000e+00   0.0000000e+00   0.0000000e+00   0.0000000e+00   0.0000000e+00   0.0000000e+00   0.0000000e+00   0.0000000e+00   0.0000000e+00
   8.4166663e+00   1.9717000e+04   8.7000000e+01   8.7000000e+01   3.7800000e+02   3.7700000e+02   0.0000000e+00   0.0000000e+00   0.0000000e+00   0.0000000e+00   2.3631100e+05   0.0000000e+00   0.0000000e+00   0.0000000e+00   0.0000000e+00   0.0000000e+00   0.0000000e+00   0.0000000e+00   0.0000000e+00   0.0000000e+00   0.0000000e+00   0.0000000e+00
   8.4999997e+00   1.9751000e+04   8.7000000e+01   8.8000000e+01   3.7800000e+02   3.7800000e+02   0.0000000e+00   0.0000000e+00   0.0000000e+00   0.0000000e+00   2.3670000e+05   0.0000000e+00   0.0000000e+00   0.0000000e+00   0.0000000e+00   0.0000000e+00   0.0000000e+00   0.0000000e+00   0.0000000e+00   0.0000000e+00   0.0000000e+00   0.0000000e+00
   8.5833330e+00   1.9785000e+04   8.7000000e+01   8.8000000e+01   3.7900000e+02   3.7800000e+02   0.0000000e+00   0.0000000e+00   0.0000000e+00   0.0000000e+00   2.3708900e+05   0.0000000e+00   0.0000000e+00   0.0000000e+00   0.0000000e+00   0.0000000e+00   0.0000000e+00   0.0000000e+00   0.0000000e+00   0.0000000e+00   0.0000000e+00   0.0000000e+00
   8.6666663e+00   1.9819000e+04   8.8000000e+01   8.8000000e+01   3.7900000e+02   3.7900000e+02   0.0000000e+00   0.0000000e+00   0.0000000e+00   0.0000000e+00   2.3747900e+05   0.0000000e+00   0.0000000e+00   0.0000000e+00   0.0000000e+00   0.0000000e+00   0.0000000e+00   0.0000000e+00   0.0000000e+00   0.0000000e+00   0.0000000e+00   0.0000000e+00
   8.7499997e+00   1.9853000e+04   8.8000000e+01   8.8000000e+01   3.8000000e+02   3.7900000e+02   0.0000000e+00   0.0000000e+00   0.0000000e+00   0.0000000e+00   2.3786900e+05   0.0000000e+00   0.0000000e+00   0.0000000e+00   0.0000000e+00   0.0000000e+00   0.0000000e+00   0.0000000e+00   0.0000000e+00   0.0000000e+00   0.0000000e+00   0.0000000e+00
   8.8333330e+00   1.9887000e+04   8.8000000e+01   8.8000000e+01   3.8000000e+02   3.8000000e+02   0.0000000e+00   0.0000000e+00   0.0000000e+00   0.0000000e+00   2.3825900e+05   0.0000000e+00   0.0000000e+00   0.0000000e+00   0.0000000e+00   0.0000000e+00   0.0000000e+00   0.0000000e+00   0.0000000e+00   0.0000000e+00   0.0000000e+00   0.0000000e+00
   8.9166663e+00   1.9922000e+04   8.8000000e+01   8.8000000e+01   3.8100000e+02   3.8000000e+02   0.0000000e+00   0.0000000e+00   0.0000000e+00   0.0000000e+00   2.3865100e+05   0.0000000e+00   0.0000000e+00   0.0000000e+00   0.0000000e+00   0.0000000e+00   0.0000000e+00   0.0000000e+00   0.0000000e+00   0.0000000e+00   0.0000000e+00   0.0000000e+00
   8.9999996e+00   1.9957000e+04   8.8000000e+01   8.8000000e+01   3.8100000e+02   3.8100000e+02   0.0000000e+00   0.0000000e+00   0.0000000e+00   0.0000000e+00   2.3904300e+05   0.0000000e+00   0.0000000e+00   0.0000000e+00   0.0000000e+00   0.0000000e+00   0.0000000e+00   0.0000000e+00   0.0000000e+00   0.0000000e+00   0.0000000e+00   0.0000000e+00
   9.0833330e+00   1.9992000e+04   8.8000000e+01   8.8000000e+01   3.8200000e+02   3.8100000e+02   0.0000000e+00   0.0000000e+00   0.0000000e+00   0.0000000e+00   2.3943600e+05   0.0000000e+00   0.0000000e+00   0.0000000e+00   0.0000000e+00   0.0000000e+00   0.0000000e+00   0.0000000e+00   0.0000000e+00   0.0000000e+00   0.0000000e+00   0.0000000e+00
   9.1666663e+00   2.0029000e+04   8.8000000e+01   8.8000000e+01   3.8200000e+02   3.8100000e+02   0.0000000e+00   0.0000000e+00   0.0000000e+00   0.0000000e+00   2.3983000e+05   0.0000000e+00   0.0000000e+00   0.0000000e+00   0.0000000e+00   0.0000000e+00   0.0000000e+00   0.0000000e+00   0.0000000e+00   0.0000000e+00   0.0000000e+00   0.0000000e+00
   9.2499996e+00   2.0065000e+04   8.9000000e+01   8.8000000e+01   3.8300000e+02   3.8200000e+02   0.0000000e+00   0.0000000e+00   0.0000000e+00   0.0000000e+00   2.4022400e+05   0.0000000e+00   0.0000000e+00   0.0000000e+00   0.0000000e+00   0.0000000e+00   0.0000000e+00   0.0000000e+00   0.0000000e+00   0.0000000e+00   0.0000000e+00   0.0000000e+00
   9.3333330e+00   2.0100000e+04   8.9000000e+01   8.9000000e+01   3.8400000e+02   3.8300000e+02   0.0000000e+00   0.0000000e+00   0.0000000e+00   0.0000000e+00   2.4061800e+05   0.0000000e+00   0.0000000e+00   0.0000000e+00   0.0000000e+00   0.0000000e+00   0.0000000e+00   0.0000000e+00   0.0000000e+00   0.0000000e+00   0.0000000e+00   0.0000000e+00
   9.4166663e+00   2.0134000e+04   8.9000000e+01   8.9000000e+01   3.8500000e+02   3.8400000e+02   0.0000000e+00   0.0000000e+00   0.0000000e+00   0.0000000e+00   2.4101300e+05   0.0000000e+00   0.0000000e+00   0.0000000e+00   0.0000000e+00   0.0000000e+00   0.0000000e+00   0.0000000e+00   0.0000000e+00   0.0000000e+00   0.0000000e+00   0.0000000e+00
   9.4999996e+00   2.0168000e+04   8.9000000e+01   8.9000000e+01   3.8600000e+02   3.8500000e+02   0.0000000e+00   0.0000000e+00   0.0000000e+00   0.0000000e+00   2.4140900e+05   0.0000000e+00   0.0000000e+00   0.0000000e+00   0.0000000e+00   0.0000000e+00   0.0000000e+00   0.0000000e+00   0.0000000e+00   0.0000000e+00   0.0000000e+00   0.0000000e+00
   9.5833330e+00   2.0202000e+04   9.0000000e+01   8.9000000e+01   3.8700000e+02   3.8600000e+02   0.0000000e+00   0.0000000e+00   0.0000000e+00   0.0000000e+00   2.4180600e+05   0.0000000e+00   0.0000000e+00   0.0000000e+00   0.0000000e+00   0.0000000e+00   0.0000000e+00   0.0000000e+00   0.0000000e+00   0.0000000e+00   0.0000000e+00   0.0000000e+00
   9.6666663e+00   2.0235000e+04   9.0000000e+01   9.0000000e+01   3.8800000e+02   3.8700000e+02   0.0000000e+00   0.0000000e+00   0.0000000e+00   0.0000000e+00   2.4220300e+05   0.0000000e+00   0.0000000e+00   0.0000000e+00   0.0000000e+00   0.0000000e+00   0.0000000e+00   0.0000000e+00   0.0000000e+00   0.0000000e+00   0.0000000e+00   0.0000000e+00
   9.7499996e+00   2.0267000e+04   9.0000000e+01   9.0000000e+01   3.8900000e+02   3.8800000e+02   0.0000000e+00   0.0000000e+00   0.0000000e+00   0.0000000e+00   2.4260100e+05   0.0000000e+00   0.0000000e+00   0.0000000e+00   0.0000000e+00   0.0000000e+00   0.0000000e+00   0.0000000e+00   0.0000000e+00   0.0000000e+00   0.0000000e+00   0.0000000e+00
   9.8333329e+00   2.0298000e+04   9.0000000e+01   9.0000000e+01   3.9000000e+02   3.8900000e+02   0.0000000e+00   0.0000000e+00   0.0000000e+00   0.0000000e+00   2.4300000e+05   0.0000000e+00   0.0000000e+00   0.0000000e+00   0.0000000e+00   0.0000000e+00   0.0000000e+00   0.0000000e+00   0.0000000e+00   0.0000000e+00   0.0000000e+00   0.0000000e+00
   9.9166663e+00   2.0329000e+04   9.0000000e+01   9.0000000e+01   3.9100000e+02   3.9000000e+02   0.0000000e+00   0.0000000e+00   0.0000000e+00   0.0000000e+00   2.4339900e+05   0.0000000e+00   0.0000000e+00   0.0000000e+00   0.0000000e+00   0.0000000e+00   0.0000000e+00   0.0000000e+00   0.0000000e+00   0.0000000e+00   0.0000000e+00   0.0000000e+00
   9.9999996e+00   2.0360000e+04   9.1000000e+01   9.0000000e+01   3.9100000e+02   3.9100000e+02   0.0000000e+00   0.0000000e+00   0.0000000e+00   0.0000000e+00   2.4379900e+05   0.0000000e+00   0.0000000e+00   0.0000000e+00   0.0000000e+00   0.0000000e+00   0.0000000e+00   0.0000000e+00   0.0000000e+00   0.0000000e+00   0.0000000e+00   0.0000000e+00
   1.0083333e+01   2.0391000e+04   9.1000000e+01   9.1000000e+01   3.9200000e+02   3.9100000e+02   0.0000000e+00   0.0000000e+00   0.0000000e+00   0.0000000e+00   2.4420000e+05   0.0000000e+00   0.0000000e+00   0.0000000e+00   0.0000000e+00   0.0000000e+00   0.0000000e+00   0.0000000e+00   0.0000000e+00   0.0000000e+00   0.0000000e+00   0.0000000e+00
