   0.0000000e+00   1.6684299e+04   7.4005700e+01   7.3896500e+01   3.2025730e+02   3.1962150e+02   0.0000000e+00   0.0000000e+00   0.0000000e+00   0.0000000e+00   2.0019828e+05   3.0509180e+01   8.6441390e+00   8.7694058e+00   1.7240969e+01   1.5433498e+01   0.0000000e+00   0.0000000e+00   0.0000000e+00   0.0000000e+00   2.4947556e+01   0.0000000e+00
   8.3333330e-02   1.6714692e+04   7.3988600e+01   7.3801200e+01   3.1978840e+02   3.1977560e+02   0.0000000e+00   0.0000000e+00   0.0000000e+00   0.0000000e+00   2.0052692e+05   6.3896750e+01   9.3903295e+00   9.3822748e+00   2.3014895e+01   2.0951247e+01   0.0000000e+00   0.0000000e+00   0.0000000e+00   0.0000000e+00   4.1601827e+01   0.0000000e+00
   1.6666666e-01   1.6745687e+04   7.3738200e+01   7.3863400e+01   3.1996740e+02   3.1987120e+02   0.0000000e+00   0.0000000e+00   0.0000000e+00   0.0000000e+00   2.0085724e+05   1.0263923e+02   1.0039589e+01   9.8235529e+00   2.7322324e+01   2.6058874e+01   0.0000000e+00   0.0000000e+00   0.0000000e+00   0.0000000e+00   5.3173958e+01   0.0000000e+00
   2.4999999e-01   1.6777003e+04   7.3980800e+01   7.3942400e+01   3.1950880e+02   3.1945120e+02   0.0000000e+00   0.0000000e+00   0.0000000e+00   0.0000000e+00   2.0118703e+05   1.4397390e+02   1.0247972e+01   1.0134345e+01   2.9626105e+01   2.8892731e+01   0.0000000e+00   0.0000000e+00   0.0000000e+00   0.0000000e+00   6.1333087e+01   0.0000000e+00
   3.3333332e-01   1.6807603e+04   7.3939700e+01   7.3935200e+01   3.2006660e+02   3.1999910e+02   0.0000000e+00   0.0000000e+00   0.0000000e+00   0.0000000e+00   2.0151910e+05   1.8693681e+02   1.0379539e+01   1.0377503e+01   3.1710855e+01   3.0904314e+01   0.0000000e+00   0.0000000e+00   0.0000000e+00   0.0000000e+00   6.8501205e+01   0.0000000e+00
   4.1666665e-01   1.6841430e+04   7.3886700e+01   7.3803700e+01   3.1981370e+02   3.2024350e+02   0.0000000e+00   0.0000000e+00   0.0000000e+00   0.0000000e+00   2.0184903e+05   2.2636158e+02   1.0449860e+01   1.0311169e+01   3.1986483e+01   3.1977643e+01   0.0000000e+00   0.0000000e+00   0.0000000e+00   0.0000000e+00   7.6602367e+01   0.0000000e+00
   4.9999998e-01   1.6878189e+04   7.3963900e+01   7.3982000e+01   3.1979820e+02   3.1943540e+02   0.0000000e+00   0.0000000e+00   0.0000000e+00   0.0000000e+00   2.0218124e+05   2.6661197e+02   1.0442773e+01   1.0417751e+01   3.3203547e+01   3.2701168e+01   0.0000000e+00   0.0000000e+00   0.0000000e+00   0.0000000e+00   8.3731785e+01   0.0000000e+00
   5.8333331e-01   1.6911795e+04   7.3996200e+01   7.3934300e+01   3.2021060e+02   3.1982140e+02   0.0000000e+00   0.0000000e+00   0.0000000e+00   0.0000000e+00   2.0251360e+05   3.0095194e+02   1.0634994e+01   1.0638520e+01   3.3101898e+01   3.2914013e+01   0.0000000e+00   0.0000000e+00   0.0000000e+00   0.0000000e+00   8.9790846e+01   0.0000000e+00
   6.6666664e-01   1.6954658e+04   7.4149100e+01   7.3934200e+01   3.2048680e+02   3.1950620e+02   0.0000000e+00   0.0000000e+00   0.0000000e+00   0.0000000e+00   2.0284569e+05   3.2794180e+02   1.0573951e+01   1.0589565e+01   3.3359786e+01   3.3287685e+01   0.0000000e+00   0.0000000e+00   0.0000000e+00   0.0000000e+00   9.4244726e+01   0.0000000e+00
   7.4999997e-01   1.6991338e+04   7.4290500e+01   7.4399800e+01   3.2120270e+02   3.2021430e+02   0.0000000e+00   0.0000000e+00   0.0000000e+00   0.0000000e+00   2.0317771e+05   3.5460059e+02   1.0765041e+01   1.0810599e+01   3.4075078e+01   3.3554218e+01   0.0000000e+00   0.0000000e+00   0.0000000e+00   0.0000000e+00   1.0189161e+02   0.0000000e+00
   8.3333330e-01   1.7021790e+04   7.4515800e+01   7.4399900e+01   3.2230110e+02   3.2154030e+02   0.0000000e+00   0.0000000e+00   0.0000000e+00   0.0000000e+00   2.0351200e+05   3.8089862e+02   1.0912793e+01   1.0715086e+01   3.3739257e+01   3.3837959e+01   0.0000000e+00   0.0000000e+00   0.0000000e+00   0.0000000e+00   1.0620268e+02   0.0000000e+00
   9.1666663e-01   1.7061789e+04   7.5078300e+01   7.5068200e+01   3.2429130e+02   3.2324170e+02   0.0000000e+00   0.0000000e+00   0.0000000e+00   0.0000000e+00   2.0384900e+05   3.9125184e+02   1.1149834e+01   1.1062079e+01   3.5139919e+01   3.4771989e+01   0.0000000e+00   0.0000000e+00   0.0000000e+00   0.0000000e+00   1.0850390e+02   0.0000000e+00
   9.9999996e-01   1.7104198e+04   7.4945400e+01   7.5061600e+01   3.2384600e+02   3.2263500e+02   0.0000000e+00   0.0000000e+00   0.0000000e+00   0.0000000e+00   2.0418546e+05   3.9898604e+02   1.1520204e+01   1.1425745e+01   3.7035557e+01   3.6799348e+01   0.0000000e+00   0.0000000e+00   0.0000000e+00   0.0000000e+00   1.1497885e+02   0.0000000e+00
   1.0833333e+00   1.7125028e+04   7.5353100e+01   7.5427000e+01   3.2587380e+02   3.2495610e+02   0.0000000e+00   0.0000000e+00   0.0000000e+00   0.0000000e+00   2.0451834e+05   4.0537465e+02   1.1688203e+01   1.1438835e+01   3.8348965e+01   3.7745996e+01   0.0000000e+00   0.0000000e+00   0.0000000e+00   0.0000000e+00   1.1884095e+02   0.0000000e+00
   1.1666666e+00   1.7156019e+04   7.5820100e+01   7.5673500e+01   3.2697580e+02   3.2615400e+02   0.0000000e+00   0.0000000e+00   0.0000000e+00   0.0000000e+00   2.0485089e+05   4.1229315e+02   1.2487759e+01   1.2122607e+01   4.1141180e+01   4.0035526e+01   0.0000000e+00   0.0000000e+00   0.0000000e+00   0.0000000e+00   1.2441731e+02   0.0000000e+00
   1.2500000e+00   1.7180354e+04   7.5993500e+01   7.6007500e+01   3.2882370e+02   3.2747980e+02   0.0000000e+00   0.0000000e+00   0.0000000e+00   0.0000000e+00   2.0518496e+05   4.1561959e+02   1.2368240e+01   1.2435663e+01   4.2377232e+01   4.1187758e+01   0.0000000e+00   0.0000000e+00   0.0000000e+00   0.0000000e+00   1.2817080e+02   0.0000000e+00
   1.3333333e+00   1.7203536e+04   7.6418300e+01   7.6338400e+01   3.2979520e+02   3.2911000e+02   0.0000000e+00   0.0000000e+00   0.0000000e+00   0.0000000e+00   2.0552654e+05   4.2065214e+02   1.2964341e+01   1.2877394e+01   4.4084471e+01   4.3917040e+01   0.0000000e+00   0.0000000e+00   0.0000000e+00   0.0000000e+00   1.3266676e+02   0.0000000e+00
   1.4166666e+00   1.7236265e+04   7.6293200e+01   7.6350000e+01   3.3042710e+02   3.2906450e+02   0.0000000e+00   0.0000000e+00   0.0000000e+00   0.0000000e+00   2.0586114e+05   4.4030236e+02   1.3007358e+01   1.3061369e+01   4.5605143e+01   4.5190669e+01   0.0000000e+00   0.0000000e+00   0.0000000e+00   0.0000000e+00   1.3401553e+02   0.0000000e+00
   1.4999999e+00   1.7249332e+04   7.6569500e+01   7.6756700e+01   3.3208630e+02   3.3078990e+02   0.0000000e+00   0.0000000e+00   0.0000000e+00   0.0000000e+00   2.0620320e+05   4.4485400e+02   1.3337442e+01   1.3193609e+01   4.6293418e+01   4.5659227e+01   0.0000000e+00   0.0000000e+00   0.0000000e+00   0.0000000e+00   1.3932831e+02   0.0000000e+00
   1.5833333e+00   1.7273132e+04   7.7514500e+01   7.7494500e+01   3.3420160e+02   3.3380190e+02   0.0000000e+00   0.0000000e+00   0.0000000e+00   0.0000000e+00   2.0654471e+05   4.4861282e+02   1.3488847e+01   1.3395466e+01   4.7412245e+01   4.6798424e+01   0.0000000e+00   0.0000000e+00   0.0000000e+00   0.0000000e+00   1.4375699e+02   0.0000000e+00
   1.6666666e+00   1.7283644e+04   7.7547400e+01   7.7395500e+01   3.3492480e+02   3.3412340e+02   0.0000000e+00   0.0000000e+00   0.0000000e+00   0.0000000e+00   2.0688518e+05   4.5637450e+02   1.3463933e+01   1.3597374e+01   4.8404261e+01   4.8433872e+01   0.0000000e+00   0.0000000e+00   0.0000000e+00   0.0000000e+00   1.5092479e+02   0.0000000e+00
   1.7499999e+00   1.7304765e+04   7.7589200e+01   7.7602900e+01   3.3628140e+02   3.3544590e+02   0.0000000e+00   0.0000000e+00   0.0000000e+00   0.0000000e+00   2.0722218e+05   4.6023738e+02   1.3975420e+01   1.3779020e+01   5.0119390e+01   4.9431608e+01   0.0000000e+00   0.0000000e+00   0.0000000e+00   0.0000000e+00   1.5395674e+02   0.0000000e+00
   1.8333333e+00   1.7326034e+04   7.7330400e+01   7.7471000e+01   3.3572170e+02   3.3570890e+02   0.0000000e+00   0.0000000e+00   0.0000000e+00   0.0000000e+00   2.0756349e+05   4.6421436e+02   1.3855340e+01   1.3847264e+01   5.0379441e+01   5.0211665e+01   0.0000000e+00   0.0000000e+00   0.0000000e+00   0.0000000e+00   1.6209383e+02   0.0000000e+00
   1.9166666e+00   1.7349224e+04   7.7746100e+01   7.7764300e+01   3.3677240e+02   3.3624900e+02   0.0000000e+00   0.0000000e+00   0.0000000e+00   0.0000000e+00   2.0790069e+05   4.7677778e+02   1.3897214e+01   1.4025627e+01   5.1084731e+01   5.1003974e+01   0.0000000e+00   0.0000000e+00   0.0000000e+00   0.0000000e+00   1.6274954e+02   0.0000000e+00
   1.9999999e+00   1.7369904e+04   7.7769100e+01   7.7709800e+01   3.3728930e+02   3.3728500e+02   0.0000000e+00   0.0000000e+00   0.0000000e+00   0.0000000e+00   2.0824315e+05   4.8611998e+02   1.4105378e+01   1.3857424e+01   5.1558117e+01   5.1416151e+01   0.0000000e+00   0.0000000e+00   0.0000000e+00   0.0000000e+00   1.6467296e+02   0.0000000e+00
   2.0833333e+00   1.7398919e+04   7.7374100e+01   7.7667500e+01   3.3626410e+02   3.3582020e+02   0.0000000e+00   0.0000000e+00   0.0000000e+00   0.0000000e+00   2.0858633e+05   5.0359686e+02   1.4134636e+01   1.3637615e+01   5.0597913e+01   5.0258914e+01   0.0000000e+00   0.0000000e+00   0.0000000e+00   0.0000000e+00   1.6795383e+02   0.0000000e+00
   2.1666666e+00   1.7414849e+04   7.7977500e+01   7.8008700e+01   3.3754450e+02   3.3771040e+02   0.0000000e+00   0.0000000e+00   0.0000000e+00   0.0000000e+00   2.0893123e+05   5.0875957e+02   1.4257648e+01   1.4087117e+01   5.2015613e+01   5.1936150e+01   0.0000000e+00   0.0000000e+00   0.0000000e+00   0.0000000e+00   1.6969498e+02   0.0000000e+00
   2.2499999e+00   1.7425568e+04   7.8062700e+01   7.8011100e+01   3.3736940e+02   3.3716990e+02   0.0000000e+00   0.0000000e+00   0.0000000e+00   0.0000000e+00   2.0927227e+05   5.1588292e+02   1.4048513e+01   1.4260081e+01   5.1856526e+01   5.1827285e+01   0.0000000e+00   0.0000000e+00   0.0000000e+00   0.0000000e+00   1.7423361e+02   0.0000000e+00
   2.3333332e+00   1.7450780e+04   7.7803400e+01   7.7664700e+01   3.3665290e+02   3.3753860e+02   0.0000000e+00   0.0000000e+00   0.0000000e+00   0.0000000e+00   2.0961732e+05   5.2572631e+02   1.4655703e+01   1.4242386e+01   5.2781800e+01   5.2432576e+01   0.0000000e+00   0.0000000e+00   0.0000000e+00   0.0000000e+00   1.7705251e+02   0.0000000e+00
   2.4166666e+00   1.7473208e+04   7.7812500e+01   7.7838000e+01   3.3676570e+02   3.3656480e+02   0.0000000e+00   0.0000000e+00   0.0000000e+00   0.0000000e+00   2.0996070e+05   5.3049342e+02   1.4140069e+01   1.4181067e+01   5.2114566e+01   5.1414614e+01   0.0000000e+00   0.0000000e+00   0.0000000e+00   0.0000000e+00   1.7658728e+02   0.0000000e+00
   2.4999999e+00   1.7493533e+04   7.7351900e+01   7.7381700e+01   3.3626890e+02   3.3630370e+02   0.0000000e+00   0.0000000e+00   0.0000000e+00   0.0000000e+00   2.1030841e+05   5.3727576e+02   1.4142760e+01   1.4108725e+01   5.2409656e+01   5.1975329e+01   0.0000000e+00   0.0000000e+00   0.0000000e+00   0.0000000e+00   1.8204592e+02   0.0000000e+00
   2.5833332e+00   1.7529432e+04   7.7057600e+01   7.6954300e+01   3.3336330e+02   3.3383770e+02   0.0000000e+00   0.0000000e+00   0.0000000e+00   0.0000000e+00   2.1065078e+05   5.4243135e+02   1.4385269e+01   1.4203436e+01   5.2674595e+01   5.1715023e+01   0.0000000e+00   0.0000000e+00   0.0000000e+00   0.0000000e+00   1.8711031e+02   0.0000000e+00
   2.6666666e+00   1.7573848e+04   7.6750000e+01   7.6621200e+01   3.3261690e+02   3.3252460e+02   0.0000000e+00   0.0000000e+00   0.0000000e+00   0.0000000e+00   2.1099881e+05   5.5697992e+02   1.4632980e+01   1.4518519e+01   5.4340158e+01   5.3639770e+01   0.0000000e+00   0.0000000e+00   0.0000000e+00   0.0000000e+00   1.9036740e+02   0.0000000e+00
   2.7499999e+00   1.7591450e+04   7.6757100e+01   7.6756400e+01   3.3289250e+02   3.3295270e+02   0.0000000e+00   0.0000000e+00   0.0000000e+00   0.0000000e+00   2.1133600e+05   5.5173223e+02   1.4581535e+01   1.4706723e+01   5.4410447e+01   5.3460554e+01   0.0000000e+00   0.0000000e+00   0.0000000e+00   0.0000000e+00   1.8956375e+02   0.0000000e+00
   2.8333332e+00   1.7642590e+04   7.6801700e+01   7.6911100e+01   3.3275960e+02   3.3278540e+02   0.0000000e+00   0.0000000e+00   0.0000000e+00   0.0000000e+00   2.1168773e+05   5.3844197e+02   1.5043304e+01   1.4849917e+01   5.6254206e+01   5.5556661e+01   0.0000000e+00   0.0000000e+00   0.0000000e+00   0.0000000e+00   1.9529788e+02   0.0000000e+00
   2.9166665e+00   1.7684915e+04   7.6826800e+01   7.7129300e+01   3.3300370e+02   3.3295770e+02   0.0000000e+00   0.0000000e+00   0.0000000e+00   0.0000000e+00   2.1203397e+05   5.5439927e+02   1.5670972e+01   1.4920759e+01   5.6734703e+01   5.6809109e+01   0.0000000e+00   0.0000000e+00   0.0000000e+00   0.0000000e+00   2.0082464e+02   0.0000000e+00
   2.9999999e+00   1.7725609e+04   7.7088800e+01   7.6808600e+01   3.3280630e+02   3.3241450e+02   0.0000000e+00   0.0000000e+00   0.0000000e+00   0.0000000e+00   2.1238195e+05   5.6236623e+02   1.5359704e+01   1.5296580e+01   5.7406361e+01   5.7453804e+01   0.0000000e+00   0.0000000e+00   0.0000000e+00   0.0000000e+00   2.0278833e+02   0.0000000e+00
   3.0833332e+00   1.7780318e+04   7.6834400e+01   7.6693300e+01   3.3212670e+02   3.3110230e+02   0.0000000e+00   0.0000000e+00   0.0000000e+00   0.0000000e+00   2.1273387e+05   5.6243994e+02   1.5767474e+01   1.5658364e+01   5.8952126e+01   5.8788765e+01   0.0000000e+00   0.0000000e+00   0.0000000e+00   0.0000000e+00   2.0638053e+02   0.0000000e+00
   3.1666665e+00   1.7823361e+04   7.6819600e+01   7.6883200e+01   3.3239450e+02   3.3162380e+02   0.0000000e+00   0.0000000e+00   0.0000000e+00   0.0000000e+00   2.1308292e+05   5.6985651e+02   1.5353294e+01   1.5294148e+01   5.7727041e+01   5.7383130e+01   0.0000000e+00   0.0000000e+00   0.0000000e+00   0.0000000e+00   2.1024319e+02   0.0000000e+00
   3.2499999e+00   1.7876902e+04   7.7012000e+01   7.7150600e+01   3.3293590e+02   3.3226080e+02   0.0000000e+00   0.0000000e+00   0.0000000e+00   0.0000000e+00   2.1343390e+05   5.7557534e+02   1.5745737e+01   1.5618134e+01   5.8652598e+01   5.8896174e+01   0.0000000e+00   0.0000000e+00   0.0000000e+00   0.0000000e+00   2.0980304e+02   0.0000000e+00
   3.3333332e+00   1.7907152e+04   7.7174500e+01   7.7238900e+01   3.3363390e+02   3.3287300e+02   0.0000000e+00   0.0000000e+00   0.0000000e+00   0.0000000e+00   2.1378122e+05   5.7612001e+02   1.5550660e+01   1.5553540e+01   5.9029358e+01   5.8811063e+01   0.0000000e+00   0.0000000e+00   0.0000000e+00   0.0000000e+00   2.1974481e+02   0.0000000e+00
   3.4166665e+00   1.7953355e+04   7.7326900e+01   7.7341500e+01   3.3448150e+02   3.3291310e+02   0.0000000e+00   0.0000000e+00   0.0000000e+00   0.0000000e+00   2.1413199e+05   5.8576519e+02   1.5549380e+01   1.5533847e+01   5.8565157e+01   5.8996449e+01   0.0000000e+00   0.0000000e+00   0.0000000e+00   0.0000000e+00   2.1874392e+02   0.0000000e+00
   3.4999999e+00   1.7984793e+04   7.7646200e+01   7.7642300e+01   3.3543130e+02   3.3458570e+02   0.0000000e+00   0.0000000e+00   0.0000000e+00   0.0000000e+00   2.1448340e+05   5.8206698e+02   1.5794093e+01   1.5743320e+01   5.9140339e+01   5.9646967e+01   0.0000000e+00   0.0000000e+00   0.0000000e+00   0.0000000e+00   2.2210382e+02   0.0000000e+00
   3.5833332e+00   1.8030404e+04   7.8174800e+01   7.8131700e+01   3.3645130e+02   3.3542320e+02   0.0000000e+00   0.0000000e+00   0.0000000e+00   0.0000000e+00   2.1482773e+05   5.9259635e+02   1.5656109e+01   1.5699325e+01   5.8813176e+01   5.8905929e+01   0.0000000e+00   0.0000000e+00   0.0000000e+00   0.0000000e+00   2.2271978e+02   0.0000000e+00
   3.6666665e+00   1.8077201e+04   7.8401200e+01   7.8602600e+01   3.3855150e+02   3.3795530e+02   0.0000000e+00   0.0000000e+00   0.0000000e+00   0.0000000e+00   2.1518766e+05   5.9541471e+02   1.5938439e+01   1.5820224e+01   6.0325161e+01   5.9641103e+01   0.0000000e+00   0.0000000e+00   0.0000000e+00   0.0000000e+00   2.2359232e+02   0.0000000e+00
   3.7499998e+00   1.8104169e+04   7.9672800e+01   7.9354600e+01   3.4279840e+02   3.4088980e+02   0.0000000e+00   0.0000000e+00   0.0000000e+00   0.0000000e+00   2.1553632e+05   5.9663606e+02   1.5980703e+01   1.5880701e+01   5.9851011e+01   5.9112343e+01   0.0000000e+00   0.0000000e+00   0.0000000e+00   0.0000000e+00   2.2926744e+02   0.0000000e+00
   3.8333332e+00   1.8154587e+04   8.0039800e+01   7.9768200e+01   3.4447430e+02   3.4332320e+02   0.0000000e+00   0.0000000e+00   0.0000000e+00   0.0000000e+00   2.1589336e+05   6.0614350e+02   1.6272132e+01   1.5952634e+01   6.0844238e+01   6.0913563e+01   0.0000000e+00   0.0000000e+00   0.0000000e+00   0.0000000e+00   2.3594530e+02   0.0000000e+00
   3.9166665e+00   1.8180017e+04   8.0077500e+01   8.0367600e+01   3.4679190e+02   3.4474270e+02   0.0000000e+00   0.0000000e+00   0.0000000e+00   0.0000000e+00   2.1624718e+05   6.0976951e+02   1.6175193e+01   1.6310171e+01   6.2612817e+01   6.1970215e+01   0.0000000e+00   0.0000000e+00   0.0000000e+00   0.0000000e+00   2.3755878e+02   0.0000000e+00
   3.9999998e+00   1.8183270e+04   8.0369500e+01   8.0520300e+01   3.4659200e+02   3.4525710e+02   0.0000000e+00   0.0000000e+00   0.0000000e+00   0.0000000e+00   2.1660409e+05   6.0326320e+02   1.6353755e+01   1.6308592e+01   6.2127092e+01   6.1967979e+01   0.0000000e+00   0.0000000e+00   0.0000000e+00   0.0000000e+00   2.4526998e+02   0.0000000e+00
   4.0833332e+00   1.8220430e+04   8.1219100e+01   8.1187600e+01   3.4997860e+02   3.4823600e+02   0.0000000e+00   0.0000000e+00   0.0000000e+00   0.0000000e+00   2.1695646e+05   6.0074577e+02   1.6341585e+01   1.6289246e+01   6.3489410e+01   6.3118423e+01   0.0000000e+00   0.0000000e+00   0.0000000e+00   0.0000000e+00   2.4178655e+02   0.0000000e+00
   4.1666665e+00   1.8234442e+04   8.1229900e+01   8.1110800e+01   3.5081510e+02   3.4979640e+02   0.0000000e+00   0.0000000e+00   0.0000000e+00   0.0000000e+00   2.1731532e+05   6.0866837e+02   1.6543344e+01   1.6454501e+01   6.3336298e+01   6.2973632e+01   0.0000000e+00   0.0000000e+00   0.0000000e+00   0.0000000e+00   2.4921408e+02   0.0000000e+00
   4.2499998e+00   1.8246010e+04   8.2034100e+01   8.2152600e+01   3.5497540e+02   3.5355040e+02   0.0000000e+00   0.0000000e+00   0.0000000e+00   0.0000000e+00   2.1766827e+05   6.1228384e+02   1.6478868e+01   1.6571161e+01   6.3502035e+01   6.3540074e+01   0.0000000e+00   0.0000000e+00   0.0000000e+00   0.0000000e+00   2.5603196e+02   0.0000000e+00
   4.3333332e+00   1.8265385e+04   8.2511000e+01   8.2506300e+01   3.5621340e+02   3.5519360e+02   0.0000000e+00   0.0000000e+00   0.0000000e+00   0.0000000e+00   2.1802938e+05   6.1550825e+02   1.6791238e+01   1.6540777e+01   6.3476649e+01   6.3625358e+01   0.0000000e+00   0.0000000e+00   0.0000000e+00   0.0000000e+00   2.5663395e+02   0.0000000e+00
   4.4166665e+00   1.8279924e+04   8.2678000e+01   8.2943100e+01   3.5758130e+02   3.5677770e+02   0.0000000e+00   0.0000000e+00   0.0000000e+00   0.0000000e+00   2.1839184e+05   6.2672316e+02   1.6590420e+01   1.6691516e+01   6.4249526e+01   6.4302471e+01   0.0000000e+00   0.0000000e+00   0.0000000e+00   0.0000000e+00   2.5958343e+02   0.0000000e+00
   4.4999998e+00   1.8292668e+04   8.2850400e+01   8.2532700e+01   3.5770550e+02   3.5731100e+02   0.0000000e+00   0.0000000e+00   0.0000000e+00   0.0000000e+00   2.1875592e+05   6.2755582e+02   1.6519222e+01   1.6354011e+01   6.2564084e+01   6.2908990e+01   0.0000000e+00   0.0000000e+00   0.0000000e+00   0.0000000e+00   2.6464360e+02   0.0000000e+00
   4.5833331e+00   1.8299672e+04   8.3150600e+01   8.3266700e+01   3.5995540e+02   3.5929290e+02   0.0000000e+00   0.0000000e+00   0.0000000e+00   0.0000000e+00   2.1911581e+05   6.3139511e+02   1.6995611e+01   1.6686696e+01   6.3989209e+01   6.4009260e+01   0.0000000e+00   0.0000000e+00   0.0000000e+00   0.0000000e+00   2.7078770e+02   0.0000000e+00
   4.6666665e+00   1.8333615e+04   8.3029800e+01   8.2915300e+01   3.5865750e+02   3.5857270e+02   0.0000000e+00   0.0000000e+00   0.0000000e+00   0.0000000e+00   2.1946525e+05   6.5020872e+02   1.6597212e+01   1.6601990e+01   6.3450410e+01   6.3371447e+01   0.0000000e+00   0.0000000e+00   0.0000000e+00   0.0000000e+00   2.7250942e+02   0.0000000e+00
   4.7499998e+00   1.8312065e+04   8.2967300e+01   8.3007100e+01   3.6048510e+02   3.6014770e+02   0.0000000e+00   0.0000000e+00   0.0000000e+00   0.0000000e+00   2.1983037e+05   6.4290789e+02   1.6499626e+01   1.6002270e+01   6.2085179e+01   6.1692918e+01   0.0000000e+00   0.0000000e+00   0.0000000e+00   0.0000000e+00   2.7823576e+02   0.0000000e+00
   4.8333331e+00   1.8341805e+04   8.3031000e+01   8.2919700e+01   3.6009840e+02   3.5938560e+02   0.0000000e+00   0.0000000e+00   0.0000000e+00   0.0000000e+00   2.2018781e+05   6.3367772e+02   1.6990542e+01   1.6866490e+01   6.4342719e+01   6.3418848e+01   0.0000000e+00   0.0000000e+00   0.0000000e+00   0.0000000e+00   2.7746025e+02   0.0000000e+00
   4.9166665e+00   1.8363665e+04   8.2201200e+01   8.2401800e+01   3.5654890e+02   3.5674430e+02   0.0000000e+00   0.0000000e+00   0.0000000e+00   0.0000000e+00   2.2054748e+05   6.2565459e+02   1.6718130e+01   1.6617815e+01   6.4412911e+01   6.3259432e+01   0.0000000e+00   0.0000000e+00   0.0000000e+00   0.0000000e+00   2.8468447e+02   0.0000000e+00
   4.9999998e+00   1.8383919e+04   8.2657100e+01   8.2472100e+01   3.5744510e+02   3.5772150e+02   0.0000000e+00   0.0000000e+00   0.0000000e+00   0.0000000e+00   2.2091600e+05   6.2184957e+02   1.7223147e+01   1.7358288e+01   6.6875475e+01   6.6012233e+01   0.0000000e+00   0.0000000e+00   0.0000000e+00   0.0000000e+00   2.8913554e+02   0.0000000e+00
   5.0833331e+00   1.8420677e+04   8.2140000e+01   8.2240100e+01   3.5608920e+02   3.5663890e+02   0.0000000e+00   0.0000000e+00   0.0000000e+00   0.0000000e+00   2.2127235e+05   6.2798873e+02   1.7329969e+01   1.7297080e+01   6.6912809e+01   6.7102205e+01   0.0000000e+00   0.0000000e+00   0.0000000e+00   0.0000000e+00   2.8834965e+02   0.0000000e+00
   5.1666665e+00   1.8451856e+04   8.1673000e+01   8.1662300e+01   3.5323550e+02   3.5371650e+02   0.0000000e+00   0.0000000e+00   0.0000000e+00   0.0000000e+00   2.2164553e+05   6.3847200e+02   1.6983207e+01   1.6842210e+01   6.5197449e+01   6.5624223e+01   0.0000000e+00   0.0000000e+00   0.0000000e+00   0.0000000e+00   2.8954832e+02   0.0000000e+00
   5.2499998e+00   1.8495596e+04   8.1514600e+01   8.1557300e+01   3.5393540e+02   3.5324780e+02   0.0000000e+00   0.0000000e+00   0.0000000e+00   0.0000000e+00   2.2200976e+05   6.3771556e+02   1.7107526e+01   1.7362323e+01   6.6949910e+01   6.6635242e+01   0.0000000e+00   0.0000000e+00   0.0000000e+00   0.0000000e+00   2.9124825e+02   0.0000000e+00
   5.3333331e+00   1.8527915e+04   8.1529500e+01   8.1487000e+01   3.5284180e+02   3.5316400e+02   0.0000000e+00   0.0000000e+00   0.0000000e+00   0.0000000e+00   2.2237361e+05   6.5228460e+02   1.6573974e+01   1.6894217e+01   6.5597572e+01   6.5803685e+01   0.0000000e+00   0.0000000e+00   0.0000000e+00   0.0000000e+00   2.9662066e+02   0.0000000e+00
   5.4166665e+00   1.8564967e+04   8.1284800e+01   8.1431800e+01   3.5247020e+02   3.5248780e+02   0.0000000e+00   0.0000000e+00   0.0000000e+00   0.0000000e+00   2.2273957e+05   6.7353104e+02   1.7208722e+01   1.7143732e+01   6.6579584e+01   6.6658429e+01   0.0000000e+00   0.0000000e+00   0.0000000e+00   0.0000000e+00   2.9841364e+02   0.0000000e+00
   5.4999998e+00   1.8609956e+04   8.1411600e+01   8.1642800e+01   3.5246760e+02   3.5207840e+02   0.0000000e+00   0.0000000e+00   0.0000000e+00   0.0000000e+00   2.2310943e+05   6.8138966e+02   1.6804875e+01   1.6932769e+01   6.5286469e+01   6.4970750e+01   0.0000000e+00   0.0000000e+00   0.0000000e+00   0.0000000e+00   3.0307869e+02   0.0000000e+00
   5.5833331e+00   1.8658745e+04   8.1805000e+01   8.1704800e+01   3.5375760e+02   3.5343470e+02   0.0000000e+00   0.0000000e+00   0.0000000e+00   0.0000000e+00   2.2347939e+05   6.8743220e+02   1.6933932e+01   1.6674785e+01   6.5240623e+01   6.5280408e+01   0.0000000e+00   0.0000000e+00   0.0000000e+00   0.0000000e+00   3.0302620e+02   0.0000000e+00
   5.6666664e+00   1.8697966e+04   8.2008300e+01   8.2065000e+01   3.5436620e+02   3.5354590e+02   0.0000000e+00   0.0000000e+00   0.0000000e+00   0.0000000e+00   2.2384800e+05   6.9366403e+02   1.7089823e+01   1.6779509e+01   6.5307533e+01   6.4487678e+01   0.0000000e+00   0.0000000e+00   0.0000000e+00   0.0000000e+00   3.0408894e+02   0.0000000e+00
   5.7499998e+00   1.8752030e+04   8.1838900e+01   8.1850500e+01   3.5298330e+02   3.5213380e+02   0.0000000e+00   0.0000000e+00   0.0000000e+00   0.0000000e+00   2.2421755e+05   6.9248465e+02   1.7176439e+01   1.7090897e+01   6.5438833e+01   6.5535374e+01   0.0000000e+00   0.0000000e+00   0.0000000e+00   0.0000000e+00   3.0579664e+02   0.0000000e+00
   5.8333331e+00   1.8779015e+04   8.2135600e+01   8.2130800e+01   3.5499500e+02   3.5397520e+02   0.0000000e+00   0.0000000e+00   0.0000000e+00   0.0000000e+00   2.2457962e+05   6.9164070e+02   1.7509337e+01   1.7315822e+01   6.7628034e+01   6.7035410e+01   0.0000000e+00   0.0000000e+00   0.0000000e+00   0.0000000e+00   3.0656073e+02   0.0000000e+00
   5.9166664e+00   1.8831773e+04   8.2896900e+01   8.2779300e+01   3.5705580e+02   3.5620910e+02   0.0000000e+00   0.0000000e+00   0.0000000e+00   0.0000000e+00   2.2494131e+05   7.0158216e+02   1.7536500e+01   1.7611956e+01   6.7462390e+01   6.6481593e+01   0.0000000e+00   0.0000000e+00   0.0000000e+00   0.0000000e+00   3.1327331e+02   0.0000000e+00
   5.9999998e+00   1.8890378e+04   8.3220300e+01   8.2946400e+01   3.5853300e+02   3.5727120e+02   0.0000000e+00   0.0000000e+00   0.0000000e+00   0.0000000e+00   2.2531603e+05   7.0165866e+02   1.7924249e+01   1.7723423e+01   6.8049727e+01   6.7650820e+01   0.0000000e+00   0.0000000e+00   0.0000000e+00   0.0000000e+00   3.1065180e+02   0.0000000e+00
   6.0833331e+00   1.8911348e+04   8.3542100e+01   8.3367100e+01   3.6109310e+02   3.5939860e+02   0.0000000e+00   0.0000000e+00   0.0000000e+00   0.0000000e+00   2.2568849e+05   6.8503292e+02   1.7977907e+01   1.7761202e+01   6.9183286e+01   6.8871897e+01   0.0000000e+00   0.0000000e+00   0.0000000e+00   0.0000000e+00   3.1774702e+02   0.0000000e+00
   6.1666664e+00   1.8937285e+04   8.3602200e+01   8.3790700e+01   3.6122800e+02   3.6035990e+02   0.0000000e+00   0.0000000e+00   0.0000000e+00   0.0000000e+00   2.2605892e+05   6.8847724e+02   1.8570833e+01   1.8555649e+01   7.2286693e+01   7.0786175e+01   0.0000000e+00   0.0000000e+00   0.0000000e+00   0.0000000e+00   3.1891362e+02   0.0000000e+00
   6.2499998e+00   1.8994736e+04   8.3879500e+01   8.3447800e+01   3.6177250e+02   3.6002850e+02   0.0000000e+00   0.0000000e+00   0.0000000e+00   0.0000000e+00   2.2643522e+05   6.8317616e+02   1.8507070e+01   1.8573631e+01   7.1832701e+01   7.1363928e+01   0.0000000e+00   0.0000000e+00   0.0000000e+00   0.0000000e+00   3.2757989e+02   0.0000000e+00
   6.3333331e+00   1.8997769e+04   8.4513000e+01   8.4246800e+01   3.6399420e+02   3.6360360e+02   0.0000000e+00   0.0000000e+00   0.0000000e+00   0.0000000e+00   2.2680426e+05   6.8325125e+02   1.9111550e+01   1.8771407e+01   7.4412384e+01   7.4027536e+01   0.0000000e+00   0.0000000e+00   0.0000000e+00   0.0000000e+00   3.2976314e+02   0.0000000e+00
   6.4166664e+00   1.9019920e+04   8.4679600e+01   8.4772200e+01   3.6525830e+02   3.6487790e+02   0.0000000e+00   0.0000000e+00   0.0000000e+00   0.0000000e+00   2.2718274e+05   6.9892743e+02   1.8913554e+01   1.9074797e+01   7.4345487e+01   7.4538939e+01   0.0000000e+00   0.0000000e+00   0.0000000e+00   0.0000000e+00   3.3017770e+02   0.0000000e+00
   6.4999997e+00   1.9063891e+04   8.4739400e+01   8.4689500e+01   3.6638230e+02   3.6536630e+02   0.0000000e+00   0.0000000e+00   0.0000000e+00   0.0000000e+00   2.2756166e+05   7.0615815e+02   1.8818802e+01   1.8615143e+01   7.3984014e+01   7.4236615e+01   0.0000000e+00   0.0000000e+00   0.0000000e+00   0.0000000e+00   3.3167868e+02   0.0000000e+00
   6.5833331e+00   1.9093598e+04   8.4766800e+01   8.4780400e+01   3.6660140e+02   3.6586400e+02   0.0000000e+00   0.0000000e+00   0.0000000e+00   0.0000000e+00   2.2792873e+05   7.2750974e+02   1.8285520e+01   1.8304018e+01   7.2269909e+01   7.2505942e+01   0.0000000e+00   0.0000000e+00   0.0000000e+00   0.0000000e+00   3.4222716e+02   0.0000000e+00
   6.6666664e+00   1.9109624e+04   8.5049600e+01   8.5006700e+01   3.6725670e+02   3.6665660e+02   0.0000000e+00   0.0000000e+00   0.0000000e+00   0.0000000e+00   2.2830305e+05   7.2340686e+02   1.8068597e+01   1.8166845e+01   7.1222444e+01   7.1594785e+01   0.0000000e+00   0.0000000e+00   0.0000000e+00   0.0000000e+00   3.4377664e+02   0.0000000e+00
   6.7499997e+00   1.9141835e+04   8.5421800e+01   8.5237200e+01   3.6864950e+02   3.6844770e+02   0.0000000e+00   0.0000000e+00   0.0000000e+00   0.0000000e+00   2.2868766e+05   7.3456461e+02   1.8250852e+01   1.8220805e+01   7.0750009e+01   7.0555200e+01   0.0000000e+00   0.0000000e+00   0.0000000e+00   0.0000000e+00   3.4705987e+02   0.0000000e+00
   6.8333331e+00   1.9175843e+04   8.5730400e+01   8.5524200e+01   3.7060520e+02   3.6933160e+02   0.0000000e+00   0.0000000e+00   0.0000000e+00   0.0000000e+00   2.2905702e+05   7.4618563e+02   1.7977570e+01   1.8046545e+01   7.0787041e+01   7.0583494e+01   0.0000000e+00   0.0000000e+00   0.0000000e+00   0.0000000e+00   3.4718832e+02   0.0000000e+00
   6.9166664e+00   1.9191123e+04   8.5997400e+01   8.5685300e+01   3.7135700e+02   3.7022730e+02   0.0000000e+00   0.0000000e+00   0.0000000e+00   0.0000000e+00   2.2943590e+05   7.4619749e+02   1.7917017e+01   1.7736773e+01   6.9600053e+01   6.9243296e+01   0.0000000e+00   0.0000000e+00   0.0000000e+00   0.0000000e+00   3.4873577e+02   0.0000000e+00
   6.9999997e+00   1.9221362e+04   8.6206000e+01   8.6139200e+01   3.7252570e+02   3.7185490e+02   0.0000000e+00   0.0000000e+00   0.0000000e+00   0.0000000e+00   2.2982245e+05   7.4454430e+02   1.7972425e+01   1.7941489e+01   7.0549631e+01   7.0172020e+01   0.0000000e+00   0.0000000e+00   0.0000000e+00   0.0000000e+00   3.5497725e+02   0.0000000e+00
   7.0833331e+00   1.9235839e+04   8.6275400e+01   8.6210200e+01   3.7283740e+02   3.7262880e+02   0.0000000e+00   0.0000000e+00   0.0000000e+00   0.0000000e+00   2.3019271e+05   7.3451042e+02   1.8425995e+01   1.8193892e+01   6.9993780e+01   7.0107099e+01   0.0000000e+00   0.0000000e+00   0.0000000e+00   0.0000000e+00   3.4825794e+02   0.0000000e+00
   7.1666664e+00   1.9264320e+04   8.7263400e+01   8.7089200e+01   3.7651920e+02   3.7511580e+02   0.0000000e+00   0.0000000e+00   0.0000000e+00   0.0000000e+00   2.3056562e+05   7.3545570e+02   1.8873697e+01   1.8359890e+01   7.1700576e+01   7.1881108e+01   0.0000000e+00   0.0000000e+00   0.0000000e+00   0.0000000e+00   3.5165128e+02   0.0000000e+00
   7.2499997e+00   1.9264120e+04   8.6994800e+01   8.6951200e+01   3.7628170e+02   3.7605430e+02   0.0000000e+00   0.0000000e+00   0.0000000e+00   0.0000000e+00   2.3094423e+05   7.2656913e+02   1.8522297e+01   1.8398110e+01   7.1659596e+01   7.1324374e+01   0.0000000e+00   0.0000000e+00   0.0000000e+00   0.0000000e+00   3.5483676e+02   0.0000000e+00
   7.3333330e+00   1.9296727e+04   8.6359400e+01   8.6383500e+01   3.7457380e+02   3.7381650e+02   0.0000000e+00   0.0000000e+00   0.0000000e+00   0.0000000e+00   2.3133315e+05   7.1485285e+02   1.8230805e+01   1.8352234e+01   7.2152343e+01   7.1163575e+01   0.0000000e+00   0.0000000e+00   0.0000000e+00   0.0000000e+00   3.6854913e+02   0.0000000e+00
   7.4166664e+00   1.9311988e+04   8.7128300e+01   8.7021600e+01   3.7678310e+02   3.7659280e+02   0.0000000e+00   0.0000000e+00   0.0000000e+00   0.0000000e+00   2.3171654e+05   7.2527744e+02   1.8760513e+01   1.8643757e+01   7.3378049e+01   7.2820021e+01   0.0000000e+00   0.0000000e+00   0.0000000e+00   0.0000000e+00   3.6375571e+02   0.0000000e+00
   7.4999997e+00   1.9353169e+04   8.6575700e+01   8.6282700e+01   3.7403960e+02   3.7363490e+02   0.0000000e+00   0.0000000e+00   0.0000000e+00   0.0000000e+00   2.3209788e+05   7.2274245e+02   1.8687145e+01   1.8588425e+01   7.2757362e+01   7.1817413e+01   0.0000000e+00   0.0000000e+00   0.0000000e+00   0.0000000e+00   3.6027395e+02   0.0000000e+00
   7.5833330e+00   1.9392201e+04   8.6305700e+01   8.6126200e+01   3.7377500e+02   3.7297210e+02   0.0000000e+00   0.0000000e+00   0.0000000e+00   0.0000000e+00   2.3246908e+05   7.1627057e+02   1.8839882e+01   1.8782634e+01   7.3287252e+01   7.2750850e+01   0.0000000e+00   0.0000000e+00   0.0000000e+00   0.0000000e+00   3.6704855e+02   0.0000000e+00
   7.6666664e+00   1.9423152e+04   8.6416500e+01   8.6173000e+01   3.7396520e+02   3.7322760e+02   0.0000000e+00   0.0000000e+00   0.0000000e+00   0.0000000e+00   2.3287112e+05   7.0397054e+02   1.8802904e+01   1.8322184e+01   7.2308394e+01   7.2068641e+01   0.0000000e+00   0.0000000e+00   0.0000000e+00   0.0000000e+00   3.7286397e+02   0.0000000e+00
   7.7499997e+00   1.9440416e+04   8.6113100e+01   8.5865900e+01   3.7223310e+02   3.7244900e+02   0.0000000e+00   0.0000000e+00   0.0000000e+00   0.0000000e+00   2.3324413e+05   7.0445800e+02   1.8681547e+01   1.8836857e+01   7.3217056e+01   7.2912371e+01   0.0000000e+00   0.0000000e+00   0.0000000e+00   0.0000000e+00   3.7357737e+02   0.0000000e+00
   7.8333330e+00   1.9478678e+04   8.6563800e+01   8.6580700e+01   3.7500910e+02   3.7492420e+02   0.0000000e+00   0.0000000e+00   0.0000000e+00   0.0000000e+00   2.3363631e+05   6.9612470e+02   1.8492342e+01   1.8494726e+01   7.3311317e+01   7.2477130e+01   0.0000000e+00   0.0000000e+00   0.0000000e+00   0.0000000e+00   3.6976640e+02   0.0000000e+00
   7.9166664e+00   1.9507795e+04   8.6247300e+01   8.6152900e+01   3.7338540e+02   3.7290550e+02   0.0000000e+00   0.0000000e+00   0.0000000e+00   0.0000000e+00   2.3401378e+05   7.1889228e+02   1.8394509e+01   1.8649094e+01   7.2873499e+01   7.2860216e+01   0.0000000e+00   0.0000000e+00   0.0000000e+00   0.0000000e+00   3.7186550e+02   0.0000000e+00
   7.9999997e+00   1.9541361e+04   8.6549600e+01   8.6395900e+01   3.7414870e+02   3.7406130e+02   0.0000000e+00   0.0000000e+00   0.0000000e+00   0.0000000e+00   2.3440634e+05   7.1194214e+02   1.8587305e+01   1.8233826e+01   7.2447366e+01   7.2598388e+01   0.0000000e+00   0.0000000e+00   0.0000000e+00   0.0000000e+00   3.7837032e+02   0.0000000e+00
   8.0833330e+00   1.9565670e+04   8.6191300e+01   8.6120900e+01   3.7273010e+02   3.7291330e+02   0.0000000e+00   0.0000000e+00   0.0000000e+00   0.0000000e+00   2.3478681e+05   7.1332281e+02   1.8289958e+01   1.8029015e+01   7.0505856e+01   7.1040095e+01   0.0000000e+00   0.0000000e+00   0.0000000e+00   0.0000000e+00   3.8353634e+02   0.0000000e+00
   8.1666663e+00   1.9600420e+04   8.5718100e+01   8.5942300e+01   3.7193680e+02   3.7231820e+02   0.0000000e+00   0.0000000e+00   0.0000000e+00   0.0000000e+00   2.3517408e+05   7.2161715e+02   1.8229412e+01   1.8048372e+01   7.1256726e+01   6.9979053e+01   0.0000000e+00   0.0000000e+00   0.0000000e+00   0.0000000e+00   3.8200852e+02   0.0000000e+00
   8.2499997e+00   1.9617173e+04   8.6034900e+01   8.6018900e+01   3.7312650e+02   3.7296250e+02   0.0000000e+00   0.0000000e+00   0.0000000e+00   0.0000000e+00   2.3556452e+05   7.1194493e+02   1.7946144e+01   1.7960696e+01   7.0793456e+01   7.0368159e+01   0.0000000e+00   0.0000000e+00   0.0000000e+00   0.0000000e+00   3.8257596e+02   0.0000000e+00
   8.3333330e+00   1.9675409e+04   8.5668200e+01   8.5779700e+01   3.7145180e+02   3.7130020e+02   0.0000000e+00   0.0000000e+00   0.0000000e+00   0.0000000e+00   2.3594905e+05   7.0803843e+02   1.7935626e+01   1.7831342e+01   6.9543288e+01   6.8722091e+01   0.0000000e+00   0.0000000e+00   0.0000000e+00   0.0000000e+00   3.7977992e+02   0.0000000e+00
   8.4166663e+00   1.9722506e+04   8.5860500e+01   8.6104900e+01   3.7220870e+02   3.7191750e+02   0.0000000e+00   0.0000000e+00   0.0000000e+00   0.0000000e+00   2.3633944e+05   6.9897139e+02   1.8124996e+01   1.8280572e+01   7.0686398e+01   7.0046381e+01   0.0000000e+00   0.0000000e+00   0.0000000e+00   0.0000000e+00   3.8627395e+02   0.0000000e+00
   8.4999997e+00   1.9743227e+04   8.6090100e+01   8.6462300e+01   3.7311260e+02   3.7289550e+02   0.0000000e+00   0.0000000e+00   0.0000000e+00   0.0000000e+00   2.3672793e+05   6.9522347e+02   1.8032906e+01   1.8140399e+01   7.0168102e+01   6.9988082e+01   0.0000000e+00   0.0000000e+00   0.0000000e+00   0.0000000e+00   3.9029434e+02   0.0000000e+00
   8.5833330e+00   1.9814105e+04   8.6303700e+01   8.6438800e+01   3.7373470e+02   3.7335090e+02   0.0000000e+00   0.0000000e+00   0.0000000e+00   0.0000000e+00   2.3711998e+05   6.9186970e+02   1.8423762e+01   1.8211618e+01   7.0975885e+01   7.0566788e+01   0.0000000e+00   0.0000000e+00   0.0000000e+00   0.0000000e+00   3.9417242e+02   0.0000000e+00
   8.6666663e+00   1.9840876e+04   8.6475800e+01   8.6525300e+01   3.7373700e+02   3.7382840e+02   0.0000000e+00   0.0000000e+00   0.0000000e+00   0.0000000e+00   2.3749292e+05   6.8326811e+02   1.8364105e+01   1.8331044e+01   7.1117212e+01   7.0018316e+01   0.0000000e+00   0.0000000e+00   0.0000000e+00   0.0000000e+00   3.9299466e+02   0.0000000e+00
   8.7499997e+00   1.9894230e+04   8.6971100e+01   8.6902800e+01   3.7654940e+02   3.7572100e+02   0.0000000e+00   0.0000000e+00   0.0000000e+00   0.0000000e+00   2.3789368e+05   6.8916818e+02   1.8281107e+01   1.8302712e+01   7.2160957e+01   7.1124786e+01   0.0000000e+00   0.0000000e+00   0.0000000e+00   0.0000000e+00   4.0047175e+02   0.0000000e+00
   8.8333330e+00   1.9928321e+04   8.7073100e+01   8.7085600e+01   3.7647830e+02   3.7575780e+02   0.0000000e+00   0.0000000e+00   0.0000000e+00   0.0000000e+00   2.3828406e+05   6.8792607e+02   1.8282735e+01   1.8478664e+01   7.1714409e+01   7.1237544e+01   0.0000000e+00   0.0000000e+00   0.0000000e+00   0.0000000e+00   3.9623111e+02   0.0000000e+00
   8.9166663e+00   1.9974799e+04   8.7481400e+01   8.7266300e+01   3.7820660e+02   3.7683750e+02   0.0000000e+00   0.0000000e+00   0.0000000e+00   0.0000000e+00   2.3866870e+05   6.8617131e+02   1.8581307e+01   1.8357491e+01   7.1693549e+01   7.1347960e+01   0.0000000e+00   0.0000000e+00   0.0000000e+00   0.0000000e+00   3.9674132e+02   0.0000000e+00
   8.9999996e+00   1.9997385e+04   8.7695100e+01   8.7778200e+01   3.7928500e+02   3.7786610e+02   0.0000000e+00   0.0000000e+00   0.0000000e+00   0.0000000e+00   2.3906286e+05   6.9104158e+02   1.8441208e+01   1.8166965e+01   7.1193133e+01   7.1023452e+01   0.0000000e+00   0.0000000e+00   0.0000000e+00   0.0000000e+00   3.9998596e+02   0.0000000e+00
   9.0833330e+00   2.0030406e+04   8.7662400e+01   8.7543200e+01   3.7859910e+02   3.7779990e+02   0.0000000e+00   0.0000000e+00   0.0000000e+00   0.0000000e+00   2.3945061e+05   6.9175382e+02   1.8358500e+01   1.8049867e+01   7.1429019e+01   7.1268134e+01   0.0000000e+00   0.0000000e+00   0.0000000e+00   0.0000000e+00   3.9893570e+02   0.0000000e+00
   9.1666663e+00   2.0079712e+04   8.8071800e+01   8.7938800e+01   3.7994560e+02   3.7915770e+02   0.0000000e+00   0.0000000e+00   0.0000000e+00   0.0000000e+00   2.3985188e+05   6.9905470e+02   1.8521462e+01   1.7979721e+01   7.1306425e+01   7.1202822e+01   0.0000000e+00   0.0000000e+00   0.0000000e+00   0.0000000e+00   4.0153933e+02   0.0000000e+00
   9.2499996e+00   2.0105924e+04   8.7786100e+01   8.7669800e+01   3.7916400e+02   3.7807600e+02   0.0000000e+00   0.0000000e+00   0.0000000e+00   0.0000000e+00   2.4023798e+05   7.1398576e+02   1.8028262e+01   1.8052500e+01   6.9981125e+01   6.9926769e+01   0.0000000e+00   0.0000000e+00   0.0000000e+00   0.0000000e+00   4.0228264e+02   0.0000000e+00
   9.3333330e+00   2.0153222e+04   8.8703700e+01   8.8673900e+01   3.8233670e+02   3.8221850e+02   0.0000000e+00   0.0000000e+00   0.0000000e+00   0.0000000e+00   2.4064007e+05   7.2190060e+02   1.8054055e+01   1.8227451e+01   7.0822616e+01   7.0300496e+01   0.0000000e+00   0.0000000e+00   0.0000000e+00   0.0000000e+00   4.0255367e+02   0.0000000e+00
   9.4166663e+00   2.0190132e+04   8.8827900e+01   8.8788800e+01   3.8320200e+02   3.8267690e+02   0.0000000e+00   0.0000000e+00   0.0000000e+00   0.0000000e+00   2.4103706e+05   7.2137435e+02   1.8094165e+01   1.7838835e+01   6.9163629e+01   6.8819180e+01   0.0000000e+00   0.0000000e+00   0.0000000e+00   0.0000000e+00   4.1477156e+02   0.0000000e+00
   9.4999996e+00   2.0230544e+04   8.8646800e+01   8.8570700e+01   3.8327220e+02   3.8145880e+02   0.0000000e+00   0.0000000e+00   0.0000000e+00   0.0000000e+00   2.4143795e+05   7.1664028e+02   1.7942900e+01   1.7904124e+01   6.9517983e+01   6.9246925e+01   0.0000000e+00   0.0000000e+00   0.0000000e+00   0.0000000e+00   4.1056619e+02   0.0000000e+00
   9.5833330e+00   2.0254621e+04   8.9411500e+01   8.9541100e+01   3.8576330e+02   3.8485960e+02   0.0000000e+00   0.0000000e+00   0.0000000e+00   0.0000000e+00   2.4182879e+05   7.1735418e+02   1.7969136e+01   1.8322944e+01   7.0647246e+01   7.0644544e+01   0.0000000e+00   0.0000000e+00   0.0000000e+00   0.0000000e+00   4.1432451e+02   0.0000000e+00
   9.6666663e+00   2.0270212e+04   8.9559700e+01   8.9374300e+01   3.8661380e+02   3.8639090e+02   0.0000000e+00   0.0000000e+00   0.0000000e+00   0.0000000e+00   2.4222935e+05   7.0738194e+02   1.8708090e+01   1.8321577e+01   7.1426880e+01   7.0551358e+01   0.0000000e+00   0.0000000e+00   0.0000000e+00   0.0000000e+00   4.1773433e+02   0.0000000e+00
   9.7499996e+00   2.0297049e+04   8.9531800e+01   8.9450200e+01   3.8636970e+02   3.8531930e+02   0.0000000e+00   0.0000000e+00   0.0000000e+00   0.0000000e+00   2.4262911e+05   7.0529831e+02   1.8547706e+01   1.8541745e+01   7.2023728e+01   7.1596347e+01   0.0000000e+00   0.0000000e+00   0.0000000e+00   0.0000000e+00   4.3453793e+02   0.0000000e+00
   9.8333329e+00   2.0349491e+04   9.0484100e+01   9.0191300e+01   3.9006520e+02   3.8900500e+02   0.0000000e+00   0.0000000e+00   0.0000000e+00   0.0000000e+00   2.4302692e+05   7.0938487e+02   1.8749168e+01   1.9050333e+01   7.3599093e+01   7.3822534e+01   0.0000000e+00   0.0000000e+00   0.0000000e+00   0.0000000e+00   4.3173895e+02   0.0000000e+00
   9.9166663e+00   2.0397258e+04   9.0097600e+01   9.0254800e+01   3.8994170e+02   3.8876750e+02   0.0000000e+00   0.0000000e+00   0.0000000e+00   0.0000000e+00   2.4343227e+05   7.1302130e+02   1.8740630e+01   1.8947923e+01   7.3684282e+01   7.3144851e+01   0.0000000e+00   0.0000000e+00   0.0000000e+00   0.0000000e+00   4.3355234e+02   0.0000000e+00
   9.9999996e+00   2.0412546e+04   9.0311600e+01   9.0252800e+01   3.9031100e+02   3.8929740e+02   0.0000000e+00   0.0000000e+00   0.0000000e+00   0.0000000e+00   2.4383545e+05   7.3086111e+02   1.8598744e+01   1.8852263e+01   7.3388870e+01   7.3262246e+01   0.0000000e+00   0.0000000e+00   0.0000000e+00   0.0000000e+00   4.3118945e+02   0.0000000e+00
   1.0083333e+01   2.0428585e+04   9.0663800e+01   9.0713900e+01   3.9202610e+02   3.9149720e+02   0.0000000e+00   0.0000000e+00   0.0000000e+00   0.0000000e+00   2.4422815e+05   7.3659969e+02   1.8677480e+01   1.8983901e+01   7.2310802e+01   7.2898241e+01   0.0000000e+00   0.0000000e+00   0.0000000e+00   0.0000000e+00   4.4089845e+02   0.0000000e+00
