   0.0000000e+00   1.6684510e+04   7.3841000e+01   7.3862600e+01   3.2028650e+02   3.1972610e+02   0.0000000e+00   0.0000000e+00   0.0000000e+00   0.0000000e+00   2.0019832e+05   3.0485732e+01   8.7148215e+00   8.8070243e+00   1.6982157e+01   1.5540998e+01   0.0000000e+00   0.0000000e+00   0.0000000e+00   0.0000000e+00   2.5229198e+01   0.0000000e+00
   1.6666666e-01   1.6743073e+04   7.3805500e+01   7.3988600e+01   3.2005200e+02   3.1934320e+02   0.0000000e+00   0.0000000e+00   0.0000000e+00   0.0000000e+00   2.0085275e+05   1.0313889e+02   9.7512450e+00   9.8060841e+00   2.7121690e+01   2.5702620e+01   0.0000000e+00   0.0000000e+00   0.0000000e+00   0.0000000e+00   5.2761027e+01   0.0000000e+00
   3.3333332e-01   1.6804506e+04   7.3752700e+01   7.4126100e+01   3.2197480e+02   3.2049880e+02   0.0000000e+00   0.0000000e+00   0.0000000e+00   0.0000000e+00   2.0151478e+05   1.9124827e+02   1.0018262e+01   1.0679186e+01   3.2411137e+01   3.0848896e+01   0.0000000e+00   0.0000000e+00   0.0000000e+00   0.0000000e+00   7.0874651e+01   0.0000000e+00
   4.9999998e-01   1.6863338e+04   7.4736500e+01   7.4066200e+01   3.2182440e+02   3.2060960e+02   0.0000000e+00   0.0000000e+00   0.0000000e+00   0.0000000e+00   2.0218103e+05   2.6861391e+02   1.0337967e+01   1.0519728e+01   3.2705518e+01   3.1685798e+01   0.0000000e+00   0.0000000e+00   0.0000000e+00   0.0000000e+00   8.4924872e+01   0.0000000e+00
   6.6666664e-01   1.6933159e+04   7.3755300e+01   7.4713500e+01   3.2350600e+02   3.2171560e+02   0.0000000e+00   0.0000000e+00   0.0000000e+00   0.0000000e+00   2.0285236e+05   3.3305310e+02   1.0606813e+01   1.0798633e+01   3.4574833e+01   3.3627194e+01   0.0000000e+00   0.0000000e+00   0.0000000e+00   0.0000000e+00   9.8159582e+01   0.0000000e+00
   8.3333330e-01   1.7013166e+04   7.4580300e+01   7.5151100e+01   3.2320860e+02   3.2261720e+02   0.0000000e+00   0.0000000e+00   0.0000000e+00   0.0000000e+00   2.0351199e+05   3.9738449e+02   1.0850646e+01   1.0937113e+01   3.4315475e+01   3.4649247e+01   0.0000000e+00   0.0000000e+00   0.0000000e+00   0.0000000e+00   1.0831264e+02   0.0000000e+00
   9.9999996e-01   1.7081804e+04   7.5224000e+01   7.4524800e+01   3.2347880e+02   3.2238820e+02   0.0000000e+00   0.0000000e+00   0.0000000e+00   0.0000000e+00   2.0418115e+05   4.2241567e+02   1.1395579e+01   1.0874181e+01   3.6322173e+01   3.5877467e+01   0.0000000e+00   0.0000000e+00   0.0000000e+00   0.0000000e+00   1.1709424e+02   0.0000000e+00
   1.1666666e+00   1.7133165e+04   7.6234100e+01   7.6067700e+01   3.2870240e+02   3.2804260e+02   0.0000000e+00   0.0000000e+00   0.0000000e+00   0.0000000e+00   2.0485281e+05   4.2362944e+02   1.2161360e+01   1.1748477e+01   3.8980546e+01   3.8480175e+01   0.0000000e+00   0.0000000e+00   0.0000000e+00   0.0000000e+00   1.3152121e+02   0.0000000e+00
   1.3333333e+00   1.7187223e+04   7.6498700e+01   7.6286000e+01   3.2891660e+02   3.2887110e+02   0.0000000e+00   0.0000000e+00   0.0000000e+00   0.0000000e+00   2.0552750e+05   4.2921767e+02   1.3137460e+01   1.2778370e+01   4.4043467e+01   4.3767500e+01   0.0000000e+00   0.0000000e+00   0.0000000e+00   0.0000000e+00   1.3734277e+02   0.0000000e+00
   1.4999999e+00   1.7249153e+04   7.6208100e+01   7.6007500e+01   3.2975420e+02   3.2883990e+02   0.0000000e+00   0.0000000e+00   0.0000000e+00   0.0000000e+00   2.0620070e+05   4.3006456e+02   1.3953396e+01   1.3597953e+01   4.8259543e+01   4.7821675e+01   0.0000000e+00   0.0000000e+00   0.0000000e+00   0.0000000e+00   1.4789832e+02   0.0000000e+00
   1.6666666e+00   1.7315447e+04   7.6280300e+01   7.6156200e+01   3.2922210e+02   3.2848390e+02   0.0000000e+00   0.0000000e+00   0.0000000e+00   0.0000000e+00   2.0687433e+05   4.3879330e+02   1.4658841e+01   1.4089125e+01   5.1861486e+01   5.0974597e+01   0.0000000e+00   0.0000000e+00   0.0000000e+00   0.0000000e+00   1.4778041e+02   0.0000000e+00
   1.8333333e+00   1.7370138e+04   7.7192700e+01   7.7009600e+01   3.3280780e+02   3.3175690e+02   0.0000000e+00   0.0000000e+00   0.0000000e+00   0.0000000e+00   2.0755531e+05   4.8236980e+02   1.4124522e+01   1.4643721e+01   5.1777369e+01   5.0809711e+01   0.0000000e+00   0.0000000e+00   0.0000000e+00   0.0000000e+00   1.5804354e+02   0.0000000e+00
   1.9999999e+00   1.7428384e+04   7.6676100e+01   7.6245100e+01   3.3007950e+02   3.3117960e+02   0.0000000e+00   0.0000000e+00   0.0000000e+00   0.0000000e+00   2.0823642e+05   5.1228035e+02   1.3860411e+01   1.3887912e+01   4.8918363e+01   5.1264305e+01   0.0000000e+00   0.0000000e+00   0.0000000e+00   0.0000000e+00   1.6542805e+02   0.0000000e+00
   2.1666666e+00   1.7483872e+04   7.7356700e+01   7.8214700e+01   3.3692430e+02   3.3567830e+02   0.0000000e+00   0.0000000e+00   0.0000000e+00   0.0000000e+00   2.0892688e+05   5.7168964e+02   1.3854756e+01   1.3958133e+01   4.9964834e+01   5.0093969e+01   0.0000000e+00   0.0000000e+00   0.0000000e+00   0.0000000e+00   1.7233148e+02   0.0000000e+00
   2.3333332e+00   1.7520893e+04   7.8846300e+01   7.8771400e+01   3.4030890e+02   3.4016150e+02   0.0000000e+00   0.0000000e+00   0.0000000e+00   0.0000000e+00   2.0961102e+05   5.7810673e+02   1.4463492e+01   1.4053957e+01   5.0689305e+01   5.0756391e+01   0.0000000e+00   0.0000000e+00   0.0000000e+00   0.0000000e+00   1.7895117e+02   0.0000000e+00
   2.4999999e+00   1.7549336e+04   7.8957000e+01   7.8852000e+01   3.4239370e+02   3.4138150e+02   0.0000000e+00   0.0000000e+00   0.0000000e+00   0.0000000e+00   2.1029619e+05   5.7862123e+02   1.4897286e+01   1.5061507e+01   5.4180333e+01   5.3699938e+01   0.0000000e+00   0.0000000e+00   0.0000000e+00   0.0000000e+00   1.8025163e+02   0.0000000e+00
   2.6666666e+00   1.7598976e+04   7.8538600e+01   7.9083500e+01   3.4067800e+02   3.4175370e+02   0.0000000e+00   0.0000000e+00   0.0000000e+00   0.0000000e+00   2.1098534e+05   5.4451824e+02   1.5724733e+01   1.5513832e+01   5.7533800e+01   5.8201022e+01   0.0000000e+00   0.0000000e+00   0.0000000e+00   0.0000000e+00   1.8465053e+02   0.0000000e+00
   2.8333332e+00   1.7652444e+04   7.8758600e+01   7.9203800e+01   3.4216370e+02   3.4144310e+02   0.0000000e+00   0.0000000e+00   0.0000000e+00   0.0000000e+00   2.1168017e+05   5.5301580e+02   1.5216264e+01   1.5693626e+01   5.6819392e+01   5.7510596e+01   0.0000000e+00   0.0000000e+00   0.0000000e+00   0.0000000e+00   1.8906758e+02   0.0000000e+00
   2.9999999e+00   1.7667704e+04   7.9071800e+01   7.8588300e+01   3.4097910e+02   3.4171920e+02   0.0000000e+00   0.0000000e+00   0.0000000e+00   0.0000000e+00   2.1238798e+05   5.9235179e+02   1.5517375e+01   1.4595674e+01   5.7035080e+01   5.7430455e+01   0.0000000e+00   0.0000000e+00   0.0000000e+00   0.0000000e+00   2.0549789e+02   0.0000000e+00
   3.1666665e+00   1.7731593e+04   7.8363500e+01   7.8555300e+01   3.3922950e+02   3.3960640e+02   0.0000000e+00   0.0000000e+00   0.0000000e+00   0.0000000e+00   2.1308619e+05   5.7280772e+02   1.5402516e+01   1.4862672e+01   5.7165644e+01   5.6874887e+01   0.0000000e+00   0.0000000e+00   0.0000000e+00   0.0000000e+00   2.0438654e+02   0.0000000e+00
   3.3333332e+00   1.7822875e+04   7.7528900e+01   7.8023900e+01   3.3582870e+02   3.3634790e+02   0.0000000e+00   0.0000000e+00   0.0000000e+00   0.0000000e+00   2.1379180e+05   5.6236151e+02   1.5205028e+01   1.5699114e+01   5.8236426e+01   5.7486191e+01   0.0000000e+00   0.0000000e+00   0.0000000e+00   0.0000000e+00   2.0781741e+02   0.0000000e+00
   3.4999999e+00   1.7896278e+04   7.8425000e+01   7.8445100e+01   3.3994490e+02   3.4070120e+02   0.0000000e+00   0.0000000e+00   0.0000000e+00   0.0000000e+00   2.1449092e+05   5.8286904e+02   1.5408463e+01   1.6226507e+01   5.8029475e+01   5.8478224e+01   0.0000000e+00   0.0000000e+00   0.0000000e+00   0.0000000e+00   2.0995170e+02   0.0000000e+00
   3.6666665e+00   1.7957141e+04   7.8946100e+01   7.9151800e+01   3.4157680e+02   3.4200860e+02   0.0000000e+00   0.0000000e+00   0.0000000e+00   0.0000000e+00   2.1521047e+05   5.9156603e+02   1.5795985e+01   1.5757804e+01   5.9671772e+01   5.9496650e+01   0.0000000e+00   0.0000000e+00   0.0000000e+00   0.0000000e+00   2.1797645e+02   0.0000000e+00
   3.8333332e+00   1.8018442e+04   7.9775900e+01   7.9824300e+01   3.4513850e+02   3.4537540e+02   0.0000000e+00   0.0000000e+00   0.0000000e+00   0.0000000e+00   2.1591169e+05   6.1702619e+02   1.6168507e+01   1.5959997e+01   6.0083425e+01   5.9949843e+01   0.0000000e+00   0.0000000e+00   0.0000000e+00   0.0000000e+00   2.2550697e+02   0.0000000e+00
   3.9999998e+00   1.8086931e+04   8.0002300e+01   7.9952600e+01   3.4478210e+02   3.4512510e+02   0.0000000e+00   0.0000000e+00   0.0000000e+00   0.0000000e+00   2.1660347e+05   5.9724125e+02   1.6827216e+01   1.6804279e+01   6.2920020e+01   6.2240368e+01   0.0000000e+00   0.0000000e+00   0.0000000e+00   0.0000000e+00   2.2592711e+02   0.0000000e+00
   4.1666665e+00   1.8174964e+04   7.9825300e+01   7.9332500e+01   3.4349700e+02   3.4358370e+02   0.0000000e+00   0.0000000e+00   0.0000000e+00   0.0000000e+00   2.1729949e+05   5.8999822e+02   1.6052406e+01   1.6268756e+01   6.3132524e+01   6.3403848e+01   0.0000000e+00   0.0000000e+00   0.0000000e+00   0.0000000e+00   2.2418539e+02   0.0000000e+00
   4.3333332e+00   1.8232272e+04   7.9859800e+01   7.9727400e+01   3.4544720e+02   3.4292440e+02   0.0000000e+00   0.0000000e+00   0.0000000e+00   0.0000000e+00   2.1801105e+05   5.7659646e+02   1.6372213e+01   1.6251225e+01   6.1600483e+01   6.0971225e+01   0.0000000e+00   0.0000000e+00   0.0000000e+00   0.0000000e+00   2.2071240e+02   0.0000000e+00
   4.4999998e+00   1.8319658e+04   8.0482200e+01   8.0409100e+01   3.4915130e+02   3.4728540e+02   0.0000000e+00   0.0000000e+00   0.0000000e+00   0.0000000e+00   2.1873404e+05   6.2252900e+02   1.6463037e+01   1.6904121e+01   6.2834478e+01   6.3991681e+01   0.0000000e+00   0.0000000e+00   0.0000000e+00   0.0000000e+00   2.2220358e+02   0.0000000e+00
   4.6666665e+00   1.8402209e+04   8.0461900e+01   8.0932700e+01   3.4963530e+02   3.4792330e+02   0.0000000e+00   0.0000000e+00   0.0000000e+00   0.0000000e+00   2.1946688e+05   6.4226384e+02   1.6145662e+01   1.5860704e+01   6.1001323e+01   6.1325107e+01   0.0000000e+00   0.0000000e+00   0.0000000e+00   0.0000000e+00   2.4234812e+02   0.0000000e+00
   4.8333331e+00   1.8399204e+04   8.2452900e+01   8.2235200e+01   3.5628550e+02   3.5469070e+02   0.0000000e+00   0.0000000e+00   0.0000000e+00   0.0000000e+00   2.2019002e+05   6.3925140e+02   1.6377063e+01   1.6326627e+01   6.2545497e+01   6.2402619e+01   0.0000000e+00   0.0000000e+00   0.0000000e+00   0.0000000e+00   2.5063975e+02   0.0000000e+00
   4.9999998e+00   1.8479742e+04   8.2371800e+01   8.2320800e+01   3.5602170e+02   3.5617810e+02   0.0000000e+00   0.0000000e+00   0.0000000e+00   0.0000000e+00   2.2092044e+05   6.2151455e+02   1.6249731e+01   1.6460747e+01   6.1920514e+01   6.2447320e+01   0.0000000e+00   0.0000000e+00   0.0000000e+00   0.0000000e+00   2.5116092e+02   0.0000000e+00
   5.1666665e+00   1.8531859e+04   8.1995200e+01   8.2240300e+01   3.5507790e+02   3.5519880e+02   0.0000000e+00   0.0000000e+00   0.0000000e+00   0.0000000e+00   2.2164386e+05   5.9563035e+02   1.6152296e+01   1.6050387e+01   6.1902742e+01   6.2461936e+01   0.0000000e+00   0.0000000e+00   0.0000000e+00   0.0000000e+00   2.5571972e+02   0.0000000e+00
   5.3333331e+00   1.8589351e+04   8.2762400e+01   8.2711300e+01   3.5649410e+02   3.5733300e+02   0.0000000e+00   0.0000000e+00   0.0000000e+00   0.0000000e+00   2.2238268e+05   6.3976306e+02   1.6848452e+01   1.6638865e+01   6.2079207e+01   6.2479578e+01   0.0000000e+00   0.0000000e+00   0.0000000e+00   0.0000000e+00   2.7262608e+02   0.0000000e+00
   5.4999998e+00   1.8627094e+04   8.2655700e+01   8.2390500e+01   3.5622730e+02   3.5639190e+02   0.0000000e+00   0.0000000e+00   0.0000000e+00   0.0000000e+00   2.2311402e+05   6.5299056e+02   1.6366000e+01   1.6844310e+01   6.1612353e+01   6.0913652e+01   0.0000000e+00   0.0000000e+00   0.0000000e+00   0.0000000e+00   2.7831202e+02   0.0000000e+00
   5.6666664e+00   1.8708909e+04   8.2210200e+01   8.1877900e+01   3.5609420e+02   3.5407540e+02   0.0000000e+00   0.0000000e+00   0.0000000e+00   0.0000000e+00   2.2384358e+05   6.4653732e+02   1.7138529e+01   1.7215982e+01   6.6307411e+01   6.5322359e+01   0.0000000e+00   0.0000000e+00   0.0000000e+00   0.0000000e+00   2.8321120e+02   0.0000000e+00
   5.8333331e+00   1.8783564e+04   8.2281200e+01   8.2424900e+01   3.5620800e+02   3.5399730e+02   0.0000000e+00   0.0000000e+00   0.0000000e+00   0.0000000e+00   2.2458597e+05   6.5122121e+02   1.7763679e+01   1.7085788e+01   6.6336819e+01   6.5913934e+01   0.0000000e+00   0.0000000e+00   0.0000000e+00   0.0000000e+00   2.8699807e+02   0.0000000e+00
   5.9999998e+00   1.8883830e+04   8.1919700e+01   8.2239800e+01   3.5401050e+02   3.5423510e+02   0.0000000e+00   0.0000000e+00   0.0000000e+00   0.0000000e+00   2.2532365e+05   6.3647263e+02   1.8000963e+01   1.7821522e+01   6.9213587e+01   6.9655102e+01   0.0000000e+00   0.0000000e+00   0.0000000e+00   0.0000000e+00   2.9709249e+02   0.0000000e+00
   6.1666664e+00   1.8982491e+04   8.2328600e+01   8.2836900e+01   3.5575510e+02   3.5343710e+02   0.0000000e+00   0.0000000e+00   0.0000000e+00   0.0000000e+00   2.2605672e+05   6.6874916e+02   1.7987812e+01   1.7864406e+01   6.9798505e+01   6.9560022e+01   0.0000000e+00   0.0000000e+00   0.0000000e+00   0.0000000e+00   2.9960108e+02   0.0000000e+00
   6.3333331e+00   1.9081744e+04   8.3462000e+01   8.2933700e+01   3.5730470e+02   3.5584810e+02   0.0000000e+00   0.0000000e+00   0.0000000e+00   0.0000000e+00   2.2678063e+05   7.1545681e+02   1.7377162e+01   1.7261921e+01   6.7736161e+01   6.9547815e+01   0.0000000e+00   0.0000000e+00   0.0000000e+00   0.0000000e+00   2.9945526e+02   0.0000000e+00
   6.4999997e+00   1.9157817e+04   8.4483300e+01   8.3858500e+01   3.6342510e+02   3.6097990e+02   0.0000000e+00   0.0000000e+00   0.0000000e+00   0.0000000e+00   2.2754336e+05   6.9382412e+02   1.7844443e+01   1.7586865e+01   6.6720680e+01   6.7153088e+01   0.0000000e+00   0.0000000e+00   0.0000000e+00   0.0000000e+00   3.2176588e+02   0.0000000e+00
   6.6666664e+00   1.9188882e+04   8.5798900e+01   8.6025700e+01   3.7038040e+02   3.6862120e+02   0.0000000e+00   0.0000000e+00   0.0000000e+00   0.0000000e+00   2.2830365e+05   7.0659652e+02   1.7672857e+01   1.7038846e+01   6.8006389e+01   6.7596289e+01   0.0000000e+00   0.0000000e+00   0.0000000e+00   0.0000000e+00   3.2538419e+02   0.0000000e+00
   6.8333331e+00   1.9210882e+04   8.8545400e+01   8.7446100e+01   3.7671660e+02   3.7615800e+02   0.0000000e+00   0.0000000e+00   0.0000000e+00   0.0000000e+00   2.2904214e+05   7.1098245e+02   1.7292213e+01   1.7978265e+01   6.6728084e+01   6.7274545e+01   0.0000000e+00   0.0000000e+00   0.0000000e+00   0.0000000e+00   3.2829791e+02   0.0000000e+00
   6.9999997e+00   1.9228521e+04   8.8404800e+01   8.8150900e+01   3.8251250e+02   3.8088520e+02   0.0000000e+00   0.0000000e+00   0.0000000e+00   0.0000000e+00   2.2979186e+05   7.2264463e+02   1.7361108e+01   1.7093658e+01   6.5420103e+01   6.5380103e+01   0.0000000e+00   0.0000000e+00   0.0000000e+00   0.0000000e+00   3.3948963e+02   0.0000000e+00
   7.1666664e+00   1.9261741e+04   8.8983700e+01   8.8022700e+01   3.8226140e+02   3.8176580e+02   0.0000000e+00   0.0000000e+00   0.0000000e+00   0.0000000e+00   2.3054371e+05   7.0487853e+02   1.8591272e+01   1.8325741e+01   7.0710942e+01   6.8946394e+01   0.0000000e+00   0.0000000e+00   0.0000000e+00   0.0000000e+00   3.3854841e+02   0.0000000e+00
   7.3333330e+00   1.9304326e+04   8.8320900e+01   8.9517100e+01   3.8341900e+02   3.8283680e+02   0.0000000e+00   0.0000000e+00   0.0000000e+00   0.0000000e+00   2.3129471e+05   7.0140116e+02   1.8530485e+01   1.8305311e+01   7.1357914e+01   7.0619472e+01   0.0000000e+00   0.0000000e+00   0.0000000e+00   0.0000000e+00   3.4863178e+02   0.0000000e+00
   7.4999997e+00   1.9316093e+04   8.9320100e+01   8.9415300e+01   3.8599830e+02   3.8529490e+02   0.0000000e+00   0.0000000e+00   0.0000000e+00   0.0000000e+00   2.3204816e+05   6.5570484e+02   1.9676406e+01   1.9505109e+01   7.4456822e+01   7.3517953e+01   0.0000000e+00   0.0000000e+00   0.0000000e+00   0.0000000e+00   3.5586758e+02   0.0000000e+00
   7.6666664e+00   1.9333842e+04   8.8212100e+01   8.9210400e+01   3.8578010e+02   3.8669850e+02   0.0000000e+00   0.0000000e+00   0.0000000e+00   0.0000000e+00   2.3281554e+05   6.8055966e+02   1.9064928e+01   1.9506901e+01   7.6989580e+01   7.7395238e+01   0.0000000e+00   0.0000000e+00   0.0000000e+00   0.0000000e+00   3.6686201e+02   0.0000000e+00
   7.8333330e+00   1.9368941e+04   8.7172800e+01   8.7037300e+01   3.8157470e+02   3.8150300e+02   0.0000000e+00   0.0000000e+00   0.0000000e+00   0.0000000e+00   2.3356029e+05   6.8289039e+02   1.8951745e+01   1.8765610e+01   7.4260903e+01   7.5770624e+01   0.0000000e+00   0.0000000e+00   0.0000000e+00   0.0000000e+00   3.6819120e+02   0.0000000e+00
   7.9999997e+00   1.9453422e+04   8.5669400e+01   8.5861400e+01   3.7243160e+02   3.7416150e+02   0.0000000e+00   0.0000000e+00   0.0000000e+00   0.0000000e+00   2.3432901e+05   7.1604663e+02   1.7417245e+01   1.7612422e+01   6.8902440e+01   6.9829192e+01   0.0000000e+00   0.0000000e+00   0.0000000e+00   0.0000000e+00   3.6031599e+02   0.0000000e+00
   8.1666663e+00   1.9514391e+04   8.4688900e+01   8.4884500e+01   3.6636820e+02   3.6792900e+02   0.0000000e+00   0.0000000e+00   0.0000000e+00   0.0000000e+00   2.3510216e+05   7.4730853e+02   1.7439872e+01   1.7579837e+01   6.8615599e+01   6.9395901e+01   0.0000000e+00   0.0000000e+00   0.0000000e+00   0.0000000e+00   3.6722695e+02   0.0000000e+00
   8.3333330e+00   1.9639558e+04   8.3564800e+01   8.3913100e+01   3.6407460e+02   3.6471630e+02   0.0000000e+00   0.0000000e+00   0.0000000e+00   0.0000000e+00   2.3586756e+05   7.8212293e+02   1.6821329e+01   1.7471625e+01   6.5374189e+01   6.5959364e+01   0.0000000e+00   0.0000000e+00   0.0000000e+00   0.0000000e+00   3.7090506e+02   0.0000000e+00
   8.4999997e+00   1.9754769e+04   8.4482700e+01   8.3901800e+01   3.6353520e+02   3.6276150e+02   0.0000000e+00   0.0000000e+00   0.0000000e+00   0.0000000e+00   2.3663823e+05   7.4982527e+02   1.8024061e+01   1.7812200e+01   6.9516047e+01   6.7731371e+01   0.0000000e+00   0.0000000e+00   0.0000000e+00   0.0000000e+00   3.6780735e+02   0.0000000e+00
   8.6666663e+00   1.9835424e+04   8.5235000e+01   8.5634200e+01   3.7075490e+02   3.6869750e+02   0.0000000e+00   0.0000000e+00   0.0000000e+00   0.0000000e+00   2.3744320e+05   6.9128179e+02   1.8794305e+01   1.8760586e+01   7.2609556e+01   7.1346060e+01   0.0000000e+00   0.0000000e+00   0.0000000e+00   0.0000000e+00   3.8593410e+02   0.0000000e+00
   8.8333330e+00   1.9955890e+04   8.6921200e+01   8.6154000e+01   3.7286680e+02   3.7087620e+02   0.0000000e+00   0.0000000e+00   0.0000000e+00   0.0000000e+00   2.3821601e+05   6.6808118e+02   1.9228322e+01   1.9595338e+01   7.5529128e+01   7.5435825e+01   0.0000000e+00   0.0000000e+00   0.0000000e+00   0.0000000e+00   3.9983880e+02   0.0000000e+00
   8.9999996e+00   2.0041878e+04   8.9702800e+01   8.9991000e+01   3.8713340e+02   3.8598100e+02   0.0000000e+00   0.0000000e+00   0.0000000e+00   0.0000000e+00   2.3902002e+05   6.5976177e+02   1.9850292e+01   2.0072823e+01   7.7640179e+01   7.7344054e+01   0.0000000e+00   0.0000000e+00   0.0000000e+00   0.0000000e+00   3.9689459e+02   0.0000000e+00
   9.1666663e+00   2.0097374e+04   9.0427500e+01   9.0792600e+01   3.9194250e+02   3.9054330e+02   0.0000000e+00   0.0000000e+00   0.0000000e+00   0.0000000e+00   2.3980317e+05   6.8368569e+02   1.9428239e+01   1.9898869e+01   7.8937994e+01   7.8863792e+01   0.0000000e+00   0.0000000e+00   0.0000000e+00   0.0000000e+00   3.9335352e+02   0.0000000e+00
   9.3333330e+00   2.0180083e+04   9.1796600e+01   9.1870200e+01   3.9476760e+02   3.9363530e+02   0.0000000e+00   0.0000000e+00   0.0000000e+00   0.0000000e+00   2.4062674e+05   7.2742699e+02   1.8720205e+01   1.8951076e+01   7.4750340e+01   7.5866396e+01   0.0000000e+00   0.0000000e+00   0.0000000e+00   0.0000000e+00   3.9437095e+02   0.0000000e+00
   9.4999996e+00   2.0157791e+04   9.1956900e+01   9.1658000e+01   3.9879180e+02   3.9839400e+02   0.0000000e+00   0.0000000e+00   0.0000000e+00   0.0000000e+00   2.4143065e+05   7.4888913e+02   1.8283475e+01   1.8978463e+01   7.1634998e+01   7.2900272e+01   0.0000000e+00   0.0000000e+00   0.0000000e+00   0.0000000e+00   4.1139189e+02   0.0000000e+00
   9.6666663e+00   2.0202599e+04   9.1393400e+01   9.0483000e+01   3.9339150e+02   3.9300110e+02   0.0000000e+00   0.0000000e+00   0.0000000e+00   0.0000000e+00   2.4220182e+05   7.7013840e+02   1.7767465e+01   1.8148560e+01   6.8692319e+01   6.8198157e+01   0.0000000e+00   0.0000000e+00   0.0000000e+00   0.0000000e+00   4.1787509e+02   0.0000000e+00
   9.8333329e+00   2.0240437e+04   9.0568400e+01   9.0443500e+01   3.9220310e+02   3.9411810e+02   0.0000000e+00   0.0000000e+00   0.0000000e+00   0.0000000e+00   2.4299787e+05   7.3882135e+02   1.7320379e+01   1.7315906e+01   6.6901549e+01   6.7483312e+01   0.0000000e+00   0.0000000e+00   0.0000000e+00   0.0000000e+00   4.1769567e+02   0.0000000e+00
   9.9999996e+00   2.0303540e+04   8.9542200e+01   8.9439700e+01   3.8939700e+02   3.8918360e+02   0.0000000e+00   0.0000000e+00   0.0000000e+00   0.0000000e+00   2.4379053e+05   7.2703431e+02   1.7707472e+01   1.7931980e+01   6.7207155e+01   6.7037457e+01   0.0000000e+00   0.0000000e+00   0.0000000e+00   0.0000000e+00   4.2340753e+02   0.0000000e+00
   1.0166666e+01   2.0407158e+04   8.9105400e+01   8.9166300e+01   3.8562990e+02   3.8590190e+02   0.0000000e+00   0.0000000e+00   0.0000000e+00   0.0000000e+00   2.4459084e+05   6.8179271e+02   1.8221358e+01   1.9159738e+01   7.0411750e+01   6.9611571e+01   0.0000000e+00   0.0000000e+00   0.0000000e+00   0.0000000e+00   4.2596230e+02   0.0000000e+00
