   0.0000000e+00   1.6684219e+04   7.3900500e+01   7.3814100e+01   3.2001920e+02   3.1973290e+02   0.0000000e+00   0.0000000e+00   0.0000000e+00   0.0000000e+00   2.0019759e+05   3.0573624e+01   8.7260767e+00   8.6530820e+00   1.7239303e+01   1.5459788e+01   0.0000000e+00   0.0000000e+00   0.0000000e+00   0.0000000e+00   2.5834754e+01   0.0000000e+00
   8.3333330e-02   1.6714022e+04   7.4342800e+01   7.4026200e+01   3.2038330e+02   3.2004080e+02   0.0000000e+00   0.0000000e+00   0.0000000e+00   0.0000000e+00   2.0052757e+05   5.6429757e+01   9.3884452e+00   9.3029226e+00   2.2635565e+01   2.0912060e+01   0.0000000e+00   0.0000000e+00   0.0000000e+00   0.0000000e+00   4.1776917e+01   0.0000000e+00
   1.6666666e-01   1.6745550e+04   7.3984300e+01   7.3825900e+01   3.1975750e+02   3.2014930e+02   0.0000000e+00   0.0000000e+00   0.0000000e+00   0.0000000e+00   2.0085694e+05   7.5639738e+01   9.5935946e+00   9.5400781e+00   2.4643417e+01   2.2859599e+01   0.0000000e+00   0.0000000e+00   0.0000000e+00   0.0000000e+00   5.2540395e+01   0.0000000e+00
   2.4999999e-01   1.6776141e+04   7.3827400e+01   7.4070500e+01   3.2036920e+02   3.1960040e+02   0.0000000e+00   0.0000000e+00   0.0000000e+00   0.0000000e+00   2.0118601e+05   9.0210599e+01   9.6517628e+00   9.5539865e+00   2.5328763e+01   2.3238768e+01   0.0000000e+00   0.0000000e+00   0.0000000e+00   0.0000000e+00   6.2763300e+01   0.0000000e+00
   3.3333332e-01   1.6807443e+04   7.4015700e+01   7.3887300e+01   3.2028360e+02   3.2029000e+02   0.0000000e+00   0.0000000e+00   0.0000000e+00   0.0000000e+00   2.0151717e+05   1.0021351e+02   9.6788750e+00   9.6187032e+00   2.5648274e+01   2.3584311e+01   0.0000000e+00   0.0000000e+00   0.0000000e+00   0.0000000e+00   7.1276796e+01   0.0000000e+00
   4.1666665e-01   1.6839094e+04   7.4021300e+01   7.4306400e+01   3.2047990e+02   3.2037390e+02   0.0000000e+00   0.0000000e+00   0.0000000e+00   0.0000000e+00   2.0184904e+05   1.0930981e+02   9.6308630e+00   9.6508670e+00   2.5627518e+01   2.3573601e+01   0.0000000e+00   0.0000000e+00   0.0000000e+00   0.0000000e+00   7.9187178e+01   0.0000000e+00
   4.9999998e-01   1.6875808e+04   7.4204900e+01   7.4185500e+01   3.2175060e+02   3.2082350e+02   0.0000000e+00   0.0000000e+00   0.0000000e+00   0.0000000e+00   2.0218126e+05   1.1621073e+02   9.6705671e+00   9.5744795e+00   2.5404168e+01   2.3499501e+01   0.0000000e+00   0.0000000e+00   0.0000000e+00   0.0000000e+00   8.5683209e+01   0.0000000e+00
   5.8333331e-01   1.6901987e+04   7.4453500e+01   7.4609800e+01   3.2182400e+02   3.2123590e+02   0.0000000e+00   0.0000000e+00   0.0000000e+00   0.0000000e+00   2.0251179e+05   1.2360088e+02   9.7753360e+00   9.7202259e+00   2.5706970e+01   2.3879055e+01   0.0000000e+00   0.0000000e+00   0.0000000e+00   0.0000000e+00   9.0564635e+01   0.0000000e+00
   6.6666664e-01   1.6938074e+04   7.4609100e+01   7.4363200e+01   3.2190120e+02   3.2193180e+02   0.0000000e+00   0.0000000e+00   0.0000000e+00   0.0000000e+00   2.0284358e+05   1.2823879e+02   9.9906796e+00   9.8292801e+00   2.5824038e+01   2.3831272e+01   0.0000000e+00   0.0000000e+00   0.0000000e+00   0.0000000e+00   9.8422636e+01   0.0000000e+00
   7.4999997e-01   1.6967882e+04   7.4636200e+01   7.4539300e+01   3.2238690e+02   3.2204100e+02   0.0000000e+00   0.0000000e+00   0.0000000e+00   0.0000000e+00   2.0317714e+05   1.3236433e+02   9.8714028e+00   9.6316526e+00   2.5618974e+01   2.3990862e+01   0.0000000e+00   0.0000000e+00   0.0000000e+00   0.0000000e+00   1.0320122e+02   0.0000000e+00
   8.3333330e-01   1.7002189e+04   7.4768400e+01   7.4970000e+01   3.2358070e+02   3.2255380e+02   0.0000000e+00   0.0000000e+00   0.0000000e+00   0.0000000e+00   2.0351273e+05   1.3997106e+02   9.7451351e+00   9.5900415e+00   2.5744004e+01   2.3919702e+01   0.0000000e+00   0.0000000e+00   0.0000000e+00   0.0000000e+00   1.0781400e+02   0.0000000e+00
   9.1666663e-01   1.7035473e+04   7.5152800e+01   7.4944000e+01   3.2414140e+02   3.2399150e+02   0.0000000e+00   0.0000000e+00   0.0000000e+00   0.0000000e+00   2.0384526e+05   1.4498219e+02   9.8334288e+00   9.7743039e+00   2.5884741e+01   2.4141357e+01   0.0000000e+00   0.0000000e+00   0.0000000e+00   0.0000000e+00   1.1437142e+02   0.0000000e+00
   9.9999996e-01   1.7068735e+04   7.5290400e+01   7.5360600e+01   3.2489810e+02   3.2419620e+02   0.0000000e+00   0.0000000e+00   0.0000000e+00   0.0000000e+00   2.0417929e+05   1.4767024e+02   9.9153567e+00   1.0015648e+01   2.5810613e+01   2.4531846e+01   0.0000000e+00   0.0000000e+00   0.0000000e+00   0.0000000e+00   1.1935829e+02   0.0000000e+00
   1.0833333e+00   1.7099540e+04   7.5525900e+01   7.5263500e+01   3.2633250e+02   3.2528440e+02   0.0000000e+00   0.0000000e+00   0.0000000e+00   0.0000000e+00   2.0451701e+05   1.4954348e+02   9.9795435e+00   9.6784108e+00   2.6094299e+01   2.3857507e+01   0.0000000e+00   0.0000000e+00   0.0000000e+00   0.0000000e+00   1.2562710e+02   0.0000000e+00
   1.1666666e+00   1.7124448e+04   7.5514400e+01   7.5483400e+01   3.2639030e+02   3.2591930e+02   0.0000000e+00   0.0000000e+00   0.0000000e+00   0.0000000e+00   2.0485307e+05   1.5325297e+02   9.8502028e+00   9.8948934e+00   2.6347091e+01   2.4281873e+01   0.0000000e+00   0.0000000e+00   0.0000000e+00   0.0000000e+00   1.2862795e+02   0.0000000e+00
   1.2500000e+00   1.7155166e+04   7.5924600e+01   7.5847400e+01   3.2811460e+02   3.2693830e+02   0.0000000e+00   0.0000000e+00   0.0000000e+00   0.0000000e+00   2.0519538e+05   1.5547258e+02   9.7814254e+00   9.7590285e+00   2.6094409e+01   2.3862348e+01   0.0000000e+00   0.0000000e+00   0.0000000e+00   0.0000000e+00   1.3195153e+02   0.0000000e+00
   1.3333333e+00   1.7185395e+04   7.5962700e+01   7.5870800e+01   3.2844170e+02   3.2825410e+02   0.0000000e+00   0.0000000e+00   0.0000000e+00   0.0000000e+00   2.0553029e+05   1.5715438e+02   9.9780091e+00   9.8462684e+00   2.5852018e+01   2.4193331e+01   0.0000000e+00   0.0000000e+00   0.0000000e+00   0.0000000e+00   1.3626767e+02   0.0000000e+00
   1.4166666e+00   1.7214894e+04   7.6297500e+01   7.6300100e+01   3.2961480e+02   3.2896170e+02   0.0000000e+00   0.0000000e+00   0.0000000e+00   0.0000000e+00   2.0586865e+05   1.5919730e+02   9.9725593e+00   9.8095394e+00   2.6340414e+01   2.4008375e+01   0.0000000e+00   0.0000000e+00   0.0000000e+00   0.0000000e+00   1.4211228e+02   0.0000000e+00
   1.4999999e+00   1.7245426e+04   7.6792300e+01   7.6756700e+01   3.3055110e+02   3.3099560e+02   0.0000000e+00   0.0000000e+00   0.0000000e+00   0.0000000e+00   2.0620836e+05   1.6258843e+02   9.9752349e+00   9.8420420e+00   2.5964106e+01   2.4106852e+01   0.0000000e+00   0.0000000e+00   0.0000000e+00   0.0000000e+00   1.4600626e+02   0.0000000e+00
   1.5833333e+00   1.7266178e+04   7.6724600e+01   7.6778700e+01   3.3229990e+02   3.3071890e+02   0.0000000e+00   0.0000000e+00   0.0000000e+00   0.0000000e+00   2.0654532e+05   1.6390626e+02   1.0061733e+01   9.8513771e+00   2.5928108e+01   2.4062215e+01   0.0000000e+00   0.0000000e+00   0.0000000e+00   0.0000000e+00   1.5200265e+02   0.0000000e+00
   1.6666666e+00   1.7290195e+04   7.7432800e+01   7.7098800e+01   3.3289130e+02   3.3252040e+02   0.0000000e+00   0.0000000e+00   0.0000000e+00   0.0000000e+00   2.0688760e+05   1.6670897e+02   1.0063559e+01   9.7997675e+00   2.6574700e+01   2.4462331e+01   0.0000000e+00   0.0000000e+00   0.0000000e+00   0.0000000e+00   1.5250414e+02   0.0000000e+00
   1.7499999e+00   1.7315082e+04   7.7386400e+01   7.7245700e+01   3.3412010e+02   3.3379910e+02   0.0000000e+00   0.0000000e+00   0.0000000e+00   0.0000000e+00   2.0722848e+05   1.6743544e+02   9.7685125e+00   9.9292090e+00   2.6566600e+01   2.4263697e+01   0.0000000e+00   0.0000000e+00   0.0000000e+00   0.0000000e+00   1.5585947e+02   0.0000000e+00
   1.8333333e+00   1.7338542e+04   7.7476700e+01   7.7518700e+01   3.3510360e+02   3.3398910e+02   0.0000000e+00   0.0000000e+00   0.0000000e+00   0.0000000e+00   2.0756446e+05   1.6741419e+02   1.0041232e+01   9.9291444e+00   2.6498009e+01   2.4568015e+01   0.0000000e+00   0.0000000e+00   0.0000000e+00   0.0000000e+00   1.6119201e+02   0.0000000e+00
   1.9166666e+00   1.7359455e+04   7.7741300e+01   7.7548000e+01   3.3601840e+02   3.3514970e+02   0.0000000e+00   0.0000000e+00   0.0000000e+00   0.0000000e+00   2.0790799e+05   1.6788543e+02   9.9934259e+00   9.7817516e+00   2.6486797e+01   2.4472719e+01   0.0000000e+00   0.0000000e+00   0.0000000e+00   0.0000000e+00   1.6636440e+02   0.0000000e+00
   1.9999999e+00   1.7379566e+04   7.7876900e+01   7.8111600e+01   3.3604120e+02   3.3548800e+02   0.0000000e+00   0.0000000e+00   0.0000000e+00   0.0000000e+00   2.0824983e+05   1.6820532e+02   1.0240724e+01   9.9277088e+00   2.6611973e+01   2.4283036e+01   0.0000000e+00   0.0000000e+00   0.0000000e+00   0.0000000e+00   1.6574988e+02   0.0000000e+00
   2.0833333e+00   1.7406922e+04   7.7715400e+01   7.8025100e+01   3.3707330e+02   3.3603920e+02   0.0000000e+00   0.0000000e+00   0.0000000e+00   0.0000000e+00   2.0859167e+05   1.6619925e+02   9.9544820e+00   9.9687014e+00   2.6346949e+01   2.4250692e+01   0.0000000e+00   0.0000000e+00   0.0000000e+00   0.0000000e+00   1.7080290e+02   0.0000000e+00
   2.1666666e+00   1.7429202e+04   7.7776100e+01   7.7724700e+01   3.3692970e+02   3.3624930e+02   0.0000000e+00   0.0000000e+00   0.0000000e+00   0.0000000e+00   2.0893915e+05   1.6914439e+02   1.0170384e+01   1.0059296e+01   2.6910109e+01   2.4342757e+01   0.0000000e+00   0.0000000e+00   0.0000000e+00   0.0000000e+00   1.7173411e+02   0.0000000e+00
   2.2499999e+00   1.7456825e+04   7.7930400e+01   7.7980900e+01   3.3736980e+02   3.3672400e+02   0.0000000e+00   0.0000000e+00   0.0000000e+00   0.0000000e+00   2.0928042e+05   1.7092304e+02   1.0219374e+01   9.9776295e+00   2.6984230e+01   2.4400733e+01   0.0000000e+00   0.0000000e+00   0.0000000e+00   0.0000000e+00   1.7406541e+02   0.0000000e+00
   2.3333332e+00   1.7481778e+04   7.8069300e+01   7.8234100e+01   3.3795000e+02   3.3739520e+02   0.0000000e+00   0.0000000e+00   0.0000000e+00   0.0000000e+00   2.0962487e+05   1.7038561e+02   1.0129944e+01   1.0057187e+01   2.7043566e+01   2.4505686e+01   0.0000000e+00   0.0000000e+00   0.0000000e+00   0.0000000e+00   1.7954820e+02   0.0000000e+00
   2.4166666e+00   1.7509240e+04   7.8210600e+01   7.8155000e+01   3.3821840e+02   3.3809540e+02   0.0000000e+00   0.0000000e+00   0.0000000e+00   0.0000000e+00   2.0996734e+05   1.6902564e+02   1.0026949e+01   9.9526419e+00   2.6883720e+01   2.5043115e+01   0.0000000e+00   0.0000000e+00   0.0000000e+00   0.0000000e+00   1.8103372e+02   0.0000000e+00
   2.4999999e+00   1.7531021e+04   7.8008100e+01   7.7957600e+01   3.3903730e+02   3.3812820e+02   0.0000000e+00   0.0000000e+00   0.0000000e+00   0.0000000e+00   2.1030177e+05   1.6888382e+02   1.0181434e+01   9.9478489e+00   2.6503040e+01   2.4420086e+01   0.0000000e+00   0.0000000e+00   0.0000000e+00   0.0000000e+00   1.8471506e+02   0.0000000e+00
   2.5833332e+00   1.7560198e+04   7.8452100e+01   7.8190200e+01   3.3837040e+02   3.3833870e+02   0.0000000e+00   0.0000000e+00   0.0000000e+00   0.0000000e+00   2.1065157e+05   1.7093754e+02   1.0085032e+01   1.0053006e+01   2.6787310e+01   2.4456700e+01   0.0000000e+00   0.0000000e+00   0.0000000e+00   0.0000000e+00   1.9067711e+02   0.0000000e+00
   2.6666666e+00   1.7584782e+04   7.8625700e+01   7.8236600e+01   3.3875030e+02   3.3832200e+02   0.0000000e+00   0.0000000e+00   0.0000000e+00   0.0000000e+00   2.1100291e+05   1.6987460e+02   9.8644478e+00   1.0054717e+01   2.6383562e+01   2.4779599e+01   0.0000000e+00   0.0000000e+00   0.0000000e+00   0.0000000e+00   1.9312804e+02   0.0000000e+00
   2.7499999e+00   1.7615745e+04   7.8274500e+01   7.8322200e+01   3.3898510e+02   3.3871720e+02   0.0000000e+00   0.0000000e+00   0.0000000e+00   0.0000000e+00   2.1134845e+05   1.7074629e+02   1.0032857e+01   9.6292294e+00   2.6516097e+01   2.4389496e+01   0.0000000e+00   0.0000000e+00   0.0000000e+00   0.0000000e+00   1.9563157e+02   0.0000000e+00
   2.8333332e+00   1.7642042e+04   7.8280300e+01   7.8182600e+01   3.3925660e+02   3.3853320e+02   0.0000000e+00   0.0000000e+00   0.0000000e+00   0.0000000e+00   2.1169354e+05   1.7198396e+02   1.0041206e+01   9.9596073e+00   2.5938910e+01   2.4566287e+01   0.0000000e+00   0.0000000e+00   0.0000000e+00   0.0000000e+00   1.9772884e+02   0.0000000e+00
   2.9166665e+00   1.7673011e+04   7.8328200e+01   7.8494000e+01   3.3992580e+02   3.3884020e+02   0.0000000e+00   0.0000000e+00   0.0000000e+00   0.0000000e+00   2.1204059e+05   1.7366322e+02   1.0120866e+01   9.9123958e+00   2.6957073e+01   2.4681799e+01   0.0000000e+00   0.0000000e+00   0.0000000e+00   0.0000000e+00   2.0148888e+02   0.0000000e+00
   2.9999999e+00   1.7704269e+04   7.8287800e+01   7.8424500e+01   3.3944220e+02   3.3906240e+02   0.0000000e+00   0.0000000e+00   0.0000000e+00   0.0000000e+00   2.1238673e+05   1.7406252e+02   1.0259966e+01   1.0038345e+01   2.6853960e+01   2.5300255e+01   0.0000000e+00   0.0000000e+00   0.0000000e+00   0.0000000e+00   2.0641544e+02   0.0000000e+00
   3.0833332e+00   1.7733698e+04   7.8720900e+01   7.8423100e+01   3.3971070e+02   3.3951560e+02   0.0000000e+00   0.0000000e+00   0.0000000e+00   0.0000000e+00   2.1274403e+05   1.7341499e+02   1.0076267e+01   1.0015714e+01   2.7132192e+01   2.4505714e+01   0.0000000e+00   0.0000000e+00   0.0000000e+00   0.0000000e+00   2.1083284e+02   0.0000000e+00
   3.1666665e+00   1.7771324e+04   7.8641700e+01   7.8534600e+01   3.4013190e+02   3.3999700e+02   0.0000000e+00   0.0000000e+00   0.0000000e+00   0.0000000e+00   2.1308925e+05   1.7492625e+02   1.0081978e+01   1.0062372e+01   2.6529219e+01   2.4456615e+01   0.0000000e+00   0.0000000e+00   0.0000000e+00   0.0000000e+00   2.1242588e+02   0.0000000e+00
   3.2499999e+00   1.7799545e+04   7.8534500e+01   7.8514700e+01   3.3974100e+02   3.4030580e+02   0.0000000e+00   0.0000000e+00   0.0000000e+00   0.0000000e+00   2.1343967e+05   1.7275012e+02   9.9629682e+00   9.8548920e+00   2.6426285e+01   2.4454678e+01   0.0000000e+00   0.0000000e+00   0.0000000e+00   0.0000000e+00   2.1597214e+02   0.0000000e+00
   3.3333332e+00   1.7836683e+04   7.8775600e+01   7.8495800e+01   3.4005130e+02   3.4055080e+02   0.0000000e+00   0.0000000e+00   0.0000000e+00   0.0000000e+00   2.1379424e+05   1.7638800e+02   1.0050948e+01   9.8882638e+00   2.6466725e+01   2.4250832e+01   0.0000000e+00   0.0000000e+00   0.0000000e+00   0.0000000e+00   2.2037374e+02   0.0000000e+00
   3.4166665e+00   1.7861681e+04   7.8703400e+01   7.8773400e+01   3.4094250e+02   3.4000090e+02   0.0000000e+00   0.0000000e+00   0.0000000e+00   0.0000000e+00   2.1414844e+05   1.7519824e+02   9.9727516e+00   9.9762120e+00   2.6796134e+01   2.4533481e+01   0.0000000e+00   0.0000000e+00   0.0000000e+00   0.0000000e+00   2.2362438e+02   0.0000000e+00
   3.4999999e+00   1.7905308e+04   7.8685000e+01   7.8846900e+01   3.4078510e+02   3.4008340e+02   0.0000000e+00   0.0000000e+00   0.0000000e+00   0.0000000e+00   2.1450320e+05   1.7694595e+02   1.0208271e+01   9.9066783e+00   2.6786080e+01   2.4422074e+01   0.0000000e+00   0.0000000e+00   0.0000000e+00   0.0000000e+00   2.2395273e+02   0.0000000e+00
   3.5833332e+00   1.7939731e+04   7.9013900e+01   7.8562100e+01   3.4100200e+02   3.4076790e+02   0.0000000e+00   0.0000000e+00   0.0000000e+00   0.0000000e+00   2.1485495e+05   1.7545942e+02   1.0249742e+01   9.9657150e+00   2.7092822e+01   2.4751567e+01   0.0000000e+00   0.0000000e+00   0.0000000e+00   0.0000000e+00   2.2886012e+02   0.0000000e+00
   3.6666665e+00   1.7974661e+04   7.9138900e+01   7.9125100e+01   3.4149180e+02   3.4079310e+02   0.0000000e+00   0.0000000e+00   0.0000000e+00   0.0000000e+00   2.1520562e+05   1.7723535e+02   1.0151074e+01   9.9191476e+00   2.6554066e+01   2.5109399e+01   0.0000000e+00   0.0000000e+00   0.0000000e+00   0.0000000e+00   2.3360732e+02   0.0000000e+00
   3.7499998e+00   1.8013047e+04   7.9157000e+01   7.9272100e+01   3.4273500e+02   3.4140940e+02   0.0000000e+00   0.0000000e+00   0.0000000e+00   0.0000000e+00   2.1556319e+05   1.7595844e+02   1.0170314e+01   9.9201463e+00   2.6334561e+01   2.4596437e+01   0.0000000e+00   0.0000000e+00   0.0000000e+00   0.0000000e+00   2.3612504e+02   0.0000000e+00
   3.8333332e+00   1.8045955e+04   7.9455500e+01   7.9267200e+01   3.4374160e+02   3.4277120e+02   0.0000000e+00   0.0000000e+00   0.0000000e+00   0.0000000e+00   2.1591467e+05   1.7702819e+02   1.0216225e+01   9.9647144e+00   2.6568440e+01   2.4189356e+01   0.0000000e+00   0.0000000e+00   0.0000000e+00   0.0000000e+00   2.3793492e+02   0.0000000e+00
   3.9166665e+00   1.8078953e+04   7.9730100e+01   7.9467500e+01   3.4426950e+02   3.4334650e+02   0.0000000e+00   0.0000000e+00   0.0000000e+00   0.0000000e+00   2.1627022e+05   1.7296034e+02   1.0152269e+01   9.9636977e+00   2.6760241e+01   2.4766642e+01   0.0000000e+00   0.0000000e+00   0.0000000e+00   0.0000000e+00   2.3614511e+02   0.0000000e+00
   3.9999998e+00   1.8113379e+04   7.9924700e+01   7.9759700e+01   3.4521550e+02   3.4458680e+02   0.0000000e+00   0.0000000e+00   0.0000000e+00   0.0000000e+00   2.1662015e+05   1.6948383e+02   9.9691508e+00   1.0046753e+01   2.6678947e+01   2.4696005e+01   0.0000000e+00   0.0000000e+00   0.0000000e+00   0.0000000e+00   2.4639734e+02   0.0000000e+00
   4.0833332e+00   1.8142574e+04   8.0193500e+01   8.0224100e+01   3.4649770e+02   3.4565170e+02   0.0000000e+00   0.0000000e+00   0.0000000e+00   0.0000000e+00   2.1698148e+05   1.7368210e+02   1.0272819e+01   1.0111869e+01   2.6579651e+01   2.4793763e+01   0.0000000e+00   0.0000000e+00   0.0000000e+00   0.0000000e+00   2.4960564e+02   0.0000000e+00
   4.1666665e+00   1.8173742e+04   8.0307700e+01   8.0522400e+01   3.4792310e+02   3.4684490e+02   0.0000000e+00   0.0000000e+00   0.0000000e+00   0.0000000e+00   2.1733549e+05   1.7211219e+02   1.0189014e+01   9.8430273e+00   2.6962950e+01   2.4773522e+01   0.0000000e+00   0.0000000e+00   0.0000000e+00   0.0000000e+00   2.5096952e+02   0.0000000e+00
   4.2499998e+00   1.8197198e+04   8.0861700e+01   8.0519700e+01   3.4934160e+02   3.4849260e+02   0.0000000e+00   0.0000000e+00   0.0000000e+00   0.0000000e+00   2.1769177e+05   1.7031227e+02   1.0404461e+01   1.0275494e+01   2.6685035e+01   2.4848197e+01   0.0000000e+00   0.0000000e+00   0.0000000e+00   0.0000000e+00   2.5373408e+02   0.0000000e+00
   4.3333332e+00   1.8228225e+04   8.0922400e+01   8.0931200e+01   3.5049940e+02   3.4917340e+02   0.0000000e+00   0.0000000e+00   0.0000000e+00   0.0000000e+00   2.1804656e+05   1.7302220e+02   1.0117411e+01   1.0130199e+01   2.7213409e+01   2.5467230e+01   0.0000000e+00   0.0000000e+00   0.0000000e+00   0.0000000e+00   2.5322844e+02   0.0000000e+00
   4.4166665e+00   1.8249936e+04   8.0982200e+01   8.1403900e+01   3.5108460e+02   3.5044650e+02   0.0000000e+00   0.0000000e+00   0.0000000e+00   0.0000000e+00   2.1840431e+05   1.7345238e+02   1.0283465e+01   1.0190964e+01   2.7381582e+01   2.5070887e+01   0.0000000e+00   0.0000000e+00   0.0000000e+00   0.0000000e+00   2.5958121e+02   0.0000000e+00
   4.4999998e+00   1.8275731e+04   8.1217600e+01   8.1153600e+01   3.5148020e+02   3.5070900e+02   0.0000000e+00   0.0000000e+00   0.0000000e+00   0.0000000e+00   2.1876544e+05   1.7063363e+02   1.0459483e+01   1.0222683e+01   2.7170566e+01   2.5238772e+01   0.0000000e+00   0.0000000e+00   0.0000000e+00   0.0000000e+00   2.6181141e+02   0.0000000e+00
   4.5833331e+00   1.8303567e+04   8.1501400e+01   8.1350100e+01   3.5263150e+02   3.5164350e+02   0.0000000e+00   0.0000000e+00   0.0000000e+00   0.0000000e+00   2.1913052e+05   1.6982417e+02   1.0300699e+01   1.0187576e+01   2.6884720e+01   2.4792904e+01   0.0000000e+00   0.0000000e+00   0.0000000e+00   0.0000000e+00   2.7071172e+02   0.0000000e+00
   4.6666665e+00   1.8334779e+04   8.1881300e+01   8.1733200e+01   3.5306820e+02   3.5210670e+02   0.0000000e+00   0.0000000e+00   0.0000000e+00   0.0000000e+00   2.1948736e+05   1.7379842e+02   1.0055422e+01   1.0177395e+01   2.6853340e+01   2.5056191e+01   0.0000000e+00   0.0000000e+00   0.0000000e+00   0.0000000e+00   2.7343501e+02   0.0000000e+00
   4.7499998e+00   1.8356127e+04   8.1922500e+01   8.1696600e+01   3.5395770e+02   3.5367150e+02   0.0000000e+00   0.0000000e+00   0.0000000e+00   0.0000000e+00   2.1985250e+05   1.7277401e+02   1.0330448e+01   1.0113386e+01   2.7068572e+01   2.4782098e+01   0.0000000e+00   0.0000000e+00   0.0000000e+00   0.0000000e+00   2.7441295e+02   0.0000000e+00
   4.8333331e+00   1.8383965e+04   8.2060300e+01   8.2215500e+01   3.5525340e+02   3.5446590e+02   0.0000000e+00   0.0000000e+00   0.0000000e+00   0.0000000e+00   2.2021689e+05   1.7339901e+02   1.0323503e+01   1.0262173e+01   2.7439976e+01   2.5451943e+01   0.0000000e+00   0.0000000e+00   0.0000000e+00   0.0000000e+00   2.7727042e+02   0.0000000e+00
   4.9166665e+00   1.8408125e+04   8.2189000e+01   8.2037500e+01   3.5547480e+02   3.5491800e+02   0.0000000e+00   0.0000000e+00   0.0000000e+00   0.0000000e+00   2.2056710e+05   1.7372850e+02   1.0284039e+01   1.0161507e+01   2.7667290e+01   2.5118033e+01   0.0000000e+00   0.0000000e+00   0.0000000e+00   0.0000000e+00   2.8033866e+02   0.0000000e+00
   4.9999998e+00   1.8434957e+04   8.2362200e+01   8.2570700e+01   3.5597180e+02   3.5566840e+02   0.0000000e+00   0.0000000e+00   0.0000000e+00   0.0000000e+00   2.2093311e+05   1.7729144e+02   1.0492246e+01   1.0357854e+01   2.7332470e+01   2.5488554e+01   0.0000000e+00   0.0000000e+00   0.0000000e+00   0.0000000e+00   2.7684567e+02   0.0000000e+00
   5.0833331e+00   1.8458519e+04   8.2548200e+01   8.2386100e+01   3.5680900e+02   3.5611100e+02   0.0000000e+00   0.0000000e+00   0.0000000e+00   0.0000000e+00   2.2129577e+05   1.7488697e+02   1.0368145e+01   1.0141702e+01   2.7269292e+01   2.5333240e+01   0.0000000e+00   0.0000000e+00   0.0000000e+00   0.0000000e+00   2.8035784e+02   0.0000000e+00
   5.1666665e+00   1.8482905e+04   8.2549300e+01   8.2429700e+01   3.5779870e+02   3.5705150e+02   0.0000000e+00   0.0000000e+00   0.0000000e+00   0.0000000e+00   2.2166339e+05   1.7864479e+02   1.0269563e+01   1.0028705e+01   2.7201702e+01   2.4808740e+01   0.0000000e+00   0.0000000e+00   0.0000000e+00   0.0000000e+00   2.8678414e+02   0.0000000e+00
   5.2499998e+00   1.8511230e+04   8.2439600e+01   8.2202900e+01   3.5728190e+02   3.5705510e+02   0.0000000e+00   0.0000000e+00   0.0000000e+00   0.0000000e+00   2.2202363e+05   1.8062477e+02   1.0308985e+01   1.0004976e+01   2.7634992e+01   2.5546439e+01   0.0000000e+00   0.0000000e+00   0.0000000e+00   0.0000000e+00   2.8840477e+02   0.0000000e+00
   5.3333331e+00   1.8537682e+04   8.2348800e+01   8.2168400e+01   3.5680600e+02   3.5659300e+02   0.0000000e+00   0.0000000e+00   0.0000000e+00   0.0000000e+00   2.2238716e+05   1.8132116e+02   1.0390021e+01   1.0407184e+01   2.7481261e+01   2.5651845e+01   0.0000000e+00   0.0000000e+00   0.0000000e+00   0.0000000e+00   2.9078889e+02   0.0000000e+00
   5.4166665e+00   1.8564410e+04   8.2542300e+01   8.2453400e+01   3.5665040e+02   3.5728640e+02   0.0000000e+00   0.0000000e+00   0.0000000e+00   0.0000000e+00   2.2275705e+05   1.7990323e+02   1.0532194e+01   1.0201139e+01   2.6842765e+01   2.5684629e+01   0.0000000e+00   0.0000000e+00   0.0000000e+00   0.0000000e+00   2.9499324e+02   0.0000000e+00
   5.4999998e+00   1.8595576e+04   8.2466300e+01   8.2644200e+01   3.5660320e+02   3.5693620e+02   0.0000000e+00   0.0000000e+00   0.0000000e+00   0.0000000e+00   2.2311748e+05   1.8035407e+02   1.0407915e+01   1.0349353e+01   2.6919625e+01   2.4944365e+01   0.0000000e+00   0.0000000e+00   0.0000000e+00   0.0000000e+00   2.9940345e+02   0.0000000e+00
   5.5833331e+00   1.8628855e+04   8.2582800e+01   8.2223200e+01   3.5701110e+02   3.5640000e+02   0.0000000e+00   0.0000000e+00   0.0000000e+00   0.0000000e+00   2.2348919e+05   1.7964849e+02   1.0353399e+01   1.0303621e+01   2.7014088e+01   2.4547298e+01   0.0000000e+00   0.0000000e+00   0.0000000e+00   0.0000000e+00   2.9915912e+02   0.0000000e+00
   5.6666664e+00   1.8663567e+04   8.2552500e+01   8.2323500e+01   3.5736090e+02   3.5695210e+02   0.0000000e+00   0.0000000e+00   0.0000000e+00   0.0000000e+00   2.2385414e+05   1.7688407e+02   1.0436701e+01   1.0428745e+01   2.7346181e+01   2.5257656e+01   0.0000000e+00   0.0000000e+00   0.0000000e+00   0.0000000e+00   3.0396029e+02   0.0000000e+00
   5.7499998e+00   1.8693898e+04   8.2749800e+01   8.2592700e+01   3.5787650e+02   3.5715200e+02   0.0000000e+00   0.0000000e+00   0.0000000e+00   0.0000000e+00   2.2421965e+05   1.7595429e+02   1.0580614e+01   1.0077597e+01   2.7288809e+01   2.5571869e+01   0.0000000e+00   0.0000000e+00   0.0000000e+00   0.0000000e+00   3.0581023e+02   0.0000000e+00
   5.8333331e+00   1.8726001e+04   8.2370000e+01   8.2710800e+01   3.5847300e+02   3.5779630e+02   0.0000000e+00   0.0000000e+00   0.0000000e+00   0.0000000e+00   2.2459416e+05   1.7669965e+02   1.0174982e+01   1.0216585e+01   2.7348365e+01   2.5067749e+01   0.0000000e+00   0.0000000e+00   0.0000000e+00   0.0000000e+00   3.1187087e+02   0.0000000e+00
   5.9166664e+00   1.8759016e+04   8.2735900e+01   8.2921100e+01   3.5792670e+02   3.5793800e+02   0.0000000e+00   0.0000000e+00   0.0000000e+00   0.0000000e+00   2.2496351e+05   1.8329449e+02   1.0390965e+01   1.0320810e+01   2.7314845e+01   2.5369512e+01   0.0000000e+00   0.0000000e+00   0.0000000e+00   0.0000000e+00   3.1182129e+02   0.0000000e+00
   5.9999998e+00   1.8788476e+04   8.2953100e+01   8.3043600e+01   3.5860550e+02   3.5835140e+02   0.0000000e+00   0.0000000e+00   0.0000000e+00   0.0000000e+00   2.2533281e+05   1.7903925e+02   1.0510944e+01   1.0150636e+01   2.7287527e+01   2.5150614e+01   0.0000000e+00   0.0000000e+00   0.0000000e+00   0.0000000e+00   3.1677217e+02   0.0000000e+00
   6.0833331e+00   1.8827056e+04   8.2874100e+01   8.3073500e+01   3.5907950e+02   3.5840430e+02   0.0000000e+00   0.0000000e+00   0.0000000e+00   0.0000000e+00   2.2569731e+05   1.7829205e+02   1.0282968e+01   1.0250454e+01   2.7696510e+01   2.5032018e+01   0.0000000e+00   0.0000000e+00   0.0000000e+00   0.0000000e+00   3.1597420e+02   0.0000000e+00
   6.1666664e+00   1.8861257e+04   8.3137400e+01   8.3169200e+01   3.5916210e+02   3.5853080e+02   0.0000000e+00   0.0000000e+00   0.0000000e+00   0.0000000e+00   2.2606577e+05   1.7824343e+02   1.0510469e+01   1.0363306e+01   2.7155190e+01   2.5189984e+01   0.0000000e+00   0.0000000e+00   0.0000000e+00   0.0000000e+00   3.0939648e+02   0.0000000e+00
   6.2499998e+00   1.8898493e+04   8.3431000e+01   8.3117600e+01   3.5943690e+02   3.5902570e+02   0.0000000e+00   0.0000000e+00   0.0000000e+00   0.0000000e+00   2.2643808e+05   1.8052628e+02   1.0349500e+01   1.0188658e+01   2.7223885e+01   2.4695640e+01   0.0000000e+00   0.0000000e+00   0.0000000e+00   0.0000000e+00   3.1400026e+02   0.0000000e+00
   6.3333331e+00   1.8937576e+04   8.3522000e+01   8.3289100e+01   3.6009480e+02   3.5913510e+02   0.0000000e+00   0.0000000e+00   0.0000000e+00   0.0000000e+00   2.2681335e+05   1.8036950e+02   1.0418818e+01   1.0309323e+01   2.7582746e+01   2.5491289e+01   0.0000000e+00   0.0000000e+00   0.0000000e+00   0.0000000e+00   3.1556701e+02   0.0000000e+00
   6.4166664e+00   1.8965616e+04   8.3501800e+01   8.3205300e+01   3.6105600e+02   3.6005130e+02   0.0000000e+00   0.0000000e+00   0.0000000e+00   0.0000000e+00   2.2717864e+05   1.8018717e+02   1.0404913e+01   1.0314252e+01   2.7388835e+01   2.5524444e+01   0.0000000e+00   0.0000000e+00   0.0000000e+00   0.0000000e+00   3.1973174e+02   0.0000000e+00
   6.4999997e+00   1.9003326e+04   8.3790700e+01   8.3593200e+01   3.6226890e+02   3.6103620e+02   0.0000000e+00   0.0000000e+00   0.0000000e+00   0.0000000e+00   2.2754380e+05   1.8369945e+02   1.0440230e+01   1.0508004e+01   2.7235351e+01   2.5499257e+01   0.0000000e+00   0.0000000e+00   0.0000000e+00   0.0000000e+00   3.2327414e+02   0.0000000e+00
   6.5833331e+00   1.9037224e+04   8.4013600e+01   8.3971600e+01   3.6263110e+02   3.6148140e+02   0.0000000e+00   0.0000000e+00   0.0000000e+00   0.0000000e+00   2.2791004e+05   1.7823667e+02   1.0482500e+01   1.0453206e+01   2.7350825e+01   2.5454447e+01   0.0000000e+00   0.0000000e+00   0.0000000e+00   0.0000000e+00   3.2470465e+02   0.0000000e+00
   6.6666664e+00   1.9075088e+04   8.4224200e+01   8.4178500e+01   3.6400760e+02   3.6276030e+02   0.0000000e+00   0.0000000e+00   0.0000000e+00   0.0000000e+00   2.2827753e+05   1.7980073e+02   1.0258472e+01   1.0394481e+01   2.7154647e+01   2.5210553e+01   0.0000000e+00   0.0000000e+00   0.0000000e+00   0.0000000e+00   3.3254820e+02   0.0000000e+00
   6.7499997e+00   1.9103763e+04   8.4182000e+01   8.4209600e+01   3.6431190e+02   3.6343220e+02   0.0000000e+00   0.0000000e+00   0.0000000e+00   0.0000000e+00   2.2864952e+05   1.8094752e+02   1.0468841e+01   1.0314141e+01   2.7502670e+01   2.5816872e+01   0.0000000e+00   0.0000000e+00   0.0000000e+00   0.0000000e+00   3.3221948e+02   0.0000000e+00
   6.8333331e+00   1.9139805e+04   8.4598300e+01   8.4688400e+01   3.6485550e+02   3.6461270e+02   0.0000000e+00   0.0000000e+00   0.0000000e+00   0.0000000e+00   2.2903508e+05   1.8132170e+02   1.0595327e+01   1.0287997e+01   2.7716342e+01   2.5764753e+01   0.0000000e+00   0.0000000e+00   0.0000000e+00   0.0000000e+00   3.3261764e+02   0.0000000e+00
   6.9166664e+00   1.9172363e+04   8.4798800e+01   8.4920600e+01   3.6647360e+02   3.6557370e+02   0.0000000e+00   0.0000000e+00   0.0000000e+00   0.0000000e+00   2.2941628e+05   1.8036904e+02   1.0550282e+01   1.0365010e+01   2.7807395e+01   2.5507180e+01   0.0000000e+00   0.0000000e+00   0.0000000e+00   0.0000000e+00   3.3883768e+02   0.0000000e+00
   6.9999997e+00   1.9205255e+04   8.4799200e+01   8.5050000e+01   3.6762640e+02   3.6684090e+02   0.0000000e+00   0.0000000e+00   0.0000000e+00   0.0000000e+00   2.2980250e+05   1.7923186e+02   1.0528654e+01   1.0415102e+01   2.7695511e+01   2.6308569e+01   0.0000000e+00   0.0000000e+00   0.0000000e+00   0.0000000e+00   3.3942227e+02   0.0000000e+00
   7.0833331e+00   1.9235182e+04   8.5426100e+01   8.5308400e+01   3.6818720e+02   3.6793130e+02   0.0000000e+00   0.0000000e+00   0.0000000e+00   0.0000000e+00   2.3018440e+05   1.8052799e+02   1.0518954e+01   1.0476797e+01   2.8151952e+01   2.5415916e+01   0.0000000e+00   0.0000000e+00   0.0000000e+00   0.0000000e+00   3.3588853e+02   0.0000000e+00
   7.1666664e+00   1.9267961e+04   8.5298600e+01   8.5673000e+01   3.6968530e+02   3.6862250e+02   0.0000000e+00   0.0000000e+00   0.0000000e+00   0.0000000e+00   2.3056428e+05   1.8311836e+02   1.0394356e+01   1.0423662e+01   2.7887500e+01   2.5229634e+01   0.0000000e+00   0.0000000e+00   0.0000000e+00   0.0000000e+00   3.3983595e+02   0.0000000e+00
   7.2499997e+00   1.9294035e+04   8.6152700e+01   8.5508200e+01   3.7159160e+02   3.7085050e+02   0.0000000e+00   0.0000000e+00   0.0000000e+00   0.0000000e+00   2.3093939e+05   1.8565345e+02   1.0621688e+01   1.0412655e+01   2.8235105e+01   2.5753223e+01   0.0000000e+00   0.0000000e+00   0.0000000e+00   0.0000000e+00   3.4527435e+02   0.0000000e+00
   7.3333330e+00   1.9324682e+04   8.6013400e+01   8.5932700e+01   3.7170980e+02   3.7163960e+02   0.0000000e+00   0.0000000e+00   0.0000000e+00   0.0000000e+00   2.3132451e+05   1.8723963e+02   1.0583602e+01   1.0482307e+01   2.7654028e+01   2.5867857e+01   0.0000000e+00   0.0000000e+00   0.0000000e+00   0.0000000e+00   3.4752262e+02   0.0000000e+00
   7.4166664e+00   1.9352964e+04   8.6243100e+01   8.6075300e+01   3.7290730e+02   3.7185680e+02   0.0000000e+00   0.0000000e+00   0.0000000e+00   0.0000000e+00   2.3170822e+05   1.8268529e+02   1.0475360e+01   1.0338739e+01   2.7613996e+01   2.5699738e+01   0.0000000e+00   0.0000000e+00   0.0000000e+00   0.0000000e+00   3.4911062e+02   0.0000000e+00
   7.4999997e+00   1.9380021e+04   8.6628300e+01   8.6088500e+01   3.7314040e+02   3.7259800e+02   0.0000000e+00   0.0000000e+00   0.0000000e+00   0.0000000e+00   2.3208339e+05   1.8177027e+02   1.0352935e+01   1.0485364e+01   2.7806931e+01   2.5111512e+01   0.0000000e+00   0.0000000e+00   0.0000000e+00   0.0000000e+00   3.4961080e+02   0.0000000e+00
   7.5833330e+00   1.9407540e+04   8.6313700e+01   8.6343700e+01   3.7337830e+02   3.7284380e+02   0.0000000e+00   0.0000000e+00   0.0000000e+00   0.0000000e+00   2.3246722e+05   1.8145157e+02   1.0578274e+01   1.0456907e+01   2.7719145e+01   2.6014290e+01   0.0000000e+00   0.0000000e+00   0.0000000e+00   0.0000000e+00   3.4896061e+02   0.0000000e+00
   7.6666664e+00   1.9436323e+04   8.6609400e+01   8.6310600e+01   3.7435480e+02   3.7340070e+02   0.0000000e+00   0.0000000e+00   0.0000000e+00   0.0000000e+00   2.3283960e+05   1.8065838e+02   1.0516658e+01   1.0549192e+01   2.8125206e+01   2.6126944e+01   0.0000000e+00   0.0000000e+00   0.0000000e+00   0.0000000e+00   3.5274155e+02   0.0000000e+00
   7.7499997e+00   1.9467712e+04   8.6876100e+01   8.6585800e+01   3.7507440e+02   3.7459510e+02   0.0000000e+00   0.0000000e+00   0.0000000e+00   0.0000000e+00   2.3322796e+05   1.8026115e+02   1.0565080e+01   1.0396261e+01   2.8185977e+01   2.5580094e+01   0.0000000e+00   0.0000000e+00   0.0000000e+00   0.0000000e+00   3.5710080e+02   0.0000000e+00
   7.8333330e+00   1.9490987e+04   8.6742200e+01   8.6736600e+01   3.7552060e+02   3.7475710e+02   0.0000000e+00   0.0000000e+00   0.0000000e+00   0.0000000e+00   2.3359989e+05   1.7579202e+02   1.0597678e+01   1.0700200e+01   2.8250285e+01   2.5431755e+01   0.0000000e+00   0.0000000e+00   0.0000000e+00   0.0000000e+00   3.5822332e+02   0.0000000e+00
   7.9166664e+00   1.9516499e+04   8.6948700e+01   8.6767700e+01   3.7647160e+02   3.7565130e+02   0.0000000e+00   0.0000000e+00   0.0000000e+00   0.0000000e+00   2.3398304e+05   1.7487165e+02   1.0589149e+01   1.0481561e+01   2.8527586e+01   2.5850527e+01   0.0000000e+00   0.0000000e+00   0.0000000e+00   0.0000000e+00   3.6125334e+02   0.0000000e+00
   7.9999997e+00   1.9545405e+04   8.7198700e+01   8.6956000e+01   3.7614960e+02   3.7596720e+02   0.0000000e+00   0.0000000e+00   0.0000000e+00   0.0000000e+00   2.3436652e+05   1.7672409e+02   1.0411852e+01   1.0552194e+01   2.7789988e+01   2.5648374e+01   0.0000000e+00   0.0000000e+00   0.0000000e+00   0.0000000e+00   3.6110463e+02   0.0000000e+00
   8.0833330e+00   1.9580659e+04   8.6974100e+01   8.7089000e+01   3.7717830e+02   3.7631570e+02   0.0000000e+00   0.0000000e+00   0.0000000e+00   0.0000000e+00   2.3476413e+05   1.7804472e+02   1.0624345e+01   1.0541100e+01   2.7929943e+01   2.5600128e+01   0.0000000e+00   0.0000000e+00   0.0000000e+00   0.0000000e+00   3.6260264e+02   0.0000000e+00
   8.1666663e+00   1.9611843e+04   8.7209200e+01   8.7215400e+01   3.7656560e+02   3.7643170e+02   0.0000000e+00   0.0000000e+00   0.0000000e+00   0.0000000e+00   2.3515342e+05   1.7735171e+02   1.0641013e+01   1.0608433e+01   2.8106108e+01   2.5951583e+01   0.0000000e+00   0.0000000e+00   0.0000000e+00   0.0000000e+00   3.6293021e+02   0.0000000e+00
   8.2499997e+00   1.9647394e+04   8.7185400e+01   8.7182300e+01   3.7739080e+02   3.7644300e+02   0.0000000e+00   0.0000000e+00   0.0000000e+00   0.0000000e+00   2.3553549e+05   1.7967430e+02   1.0422720e+01   1.0742374e+01   2.8398270e+01   2.5337236e+01   0.0000000e+00   0.0000000e+00   0.0000000e+00   0.0000000e+00   3.6833881e+02   0.0000000e+00
   8.3333330e+00   1.9677370e+04   8.7652800e+01   8.7272800e+01   3.7781270e+02   3.7724620e+02   0.0000000e+00   0.0000000e+00   0.0000000e+00   0.0000000e+00   2.3592858e+05   1.8300306e+02   1.0685863e+01   1.0590354e+01   2.7880806e+01   2.5601448e+01   0.0000000e+00   0.0000000e+00   0.0000000e+00   0.0000000e+00   3.7142143e+02   0.0000000e+00
   8.4166663e+00   1.9711033e+04   8.7422900e+01   8.7633600e+01   3.7852260e+02   3.7796580e+02   0.0000000e+00   0.0000000e+00   0.0000000e+00   0.0000000e+00   2.3632396e+05   1.8573421e+02   1.0818621e+01   1.0436917e+01   2.7790641e+01   2.6579121e+01   0.0000000e+00   0.0000000e+00   0.0000000e+00   0.0000000e+00   3.7511520e+02   0.0000000e+00
   8.4999997e+00   1.9742398e+04   8.7459000e+01   8.7452300e+01   3.7830560e+02   3.7827130e+02   0.0000000e+00   0.0000000e+00   0.0000000e+00   0.0000000e+00   2.3671477e+05   1.8403337e+02   1.0570936e+01   1.0402295e+01   2.7675159e+01   2.5915799e+01   0.0000000e+00   0.0000000e+00   0.0000000e+00   0.0000000e+00   3.8007377e+02   0.0000000e+00
   8.5833330e+00   1.9779506e+04   8.7485500e+01   8.7519900e+01   3.7844620e+02   3.7809050e+02   0.0000000e+00   0.0000000e+00   0.0000000e+00   0.0000000e+00   2.3709521e+05   1.8362008e+02   1.0597048e+01   1.0529477e+01   2.7975796e+01   2.5645637e+01   0.0000000e+00   0.0000000e+00   0.0000000e+00   0.0000000e+00   3.7774079e+02   0.0000000e+00
   8.6666663e+00   1.9812581e+04   8.7542100e+01   8.7871500e+01   3.7845110e+02   3.7753210e+02   0.0000000e+00   0.0000000e+00   0.0000000e+00   0.0000000e+00   2.3749219e+05   1.8398668e+02   1.0604861e+01   1.0552854e+01   2.8147828e+01   2.6175803e+01   0.0000000e+00   0.0000000e+00   0.0000000e+00   0.0000000e+00   3.7943266e+02   0.0000000e+00
   8.7499997e+00   1.9846390e+04   8.7444200e+01   8.7740700e+01   3.7878520e+02   3.7812590e+02   0.0000000e+00   0.0000000e+00   0.0000000e+00   0.0000000e+00   2.3788026e+05   1.8461587e+02   1.0686510e+01   1.0459551e+01   2.8157883e+01   2.5519710e+01   0.0000000e+00   0.0000000e+00   0.0000000e+00   0.0000000e+00   3.8188599e+02   0.0000000e+00
   8.8333330e+00   1.9879706e+04   8.7820700e+01   8.7932100e+01   3.7952670e+02   3.7885900e+02   0.0000000e+00   0.0000000e+00   0.0000000e+00   0.0000000e+00   2.3828416e+05   1.8901332e+02   1.0857096e+01   1.0930857e+01   2.8970050e+01   2.6465592e+01   0.0000000e+00   0.0000000e+00   0.0000000e+00   0.0000000e+00   3.8611307e+02   0.0000000e+00
   8.9166663e+00   1.9919589e+04   8.7956800e+01   8.7652300e+01   3.7988900e+02   3.7997300e+02   0.0000000e+00   0.0000000e+00   0.0000000e+00   0.0000000e+00   2.3865606e+05   1.8777052e+02   1.0873406e+01   1.0655109e+01   2.8984936e+01   2.5845860e+01   0.0000000e+00   0.0000000e+00   0.0000000e+00   0.0000000e+00   3.8788231e+02   0.0000000e+00
   8.9999996e+00   1.9954765e+04   8.8213700e+01   8.7857300e+01   3.8055220e+02   3.8012490e+02   0.0000000e+00   0.0000000e+00   0.0000000e+00   0.0000000e+00   2.3905873e+05   1.8756112e+02   1.0842186e+01   1.0697532e+01   2.8478444e+01   2.6345336e+01   0.0000000e+00   0.0000000e+00   0.0000000e+00   0.0000000e+00   3.8242921e+02   0.0000000e+00
   9.0833330e+00   1.9989840e+04   8.8210300e+01   8.8004000e+01   3.8109270e+02   3.8050160e+02   0.0000000e+00   0.0000000e+00   0.0000000e+00   0.0000000e+00   2.3945145e+05   1.8771324e+02   1.0570489e+01   1.0688639e+01   2.8316961e+01   2.6287508e+01   0.0000000e+00   0.0000000e+00   0.0000000e+00   0.0000000e+00   3.7907028e+02   0.0000000e+00
   9.1666663e+00   2.0024939e+04   8.8305500e+01   8.8427000e+01   3.8198860e+02   3.8031520e+02   0.0000000e+00   0.0000000e+00   0.0000000e+00   0.0000000e+00   2.3984851e+05   1.8511283e+02   1.0587341e+01   1.0546449e+01   2.8049890e+01   2.6232904e+01   0.0000000e+00   0.0000000e+00   0.0000000e+00   0.0000000e+00   3.8261443e+02   0.0000000e+00
   9.2499996e+00   2.0059195e+04   8.8667600e+01   8.8382200e+01   3.8232500e+02   3.8186960e+02   0.0000000e+00   0.0000000e+00   0.0000000e+00   0.0000000e+00   2.4022810e+05   1.8524169e+02   1.0931169e+01   1.0551486e+01   2.8826971e+01   2.5846156e+01   0.0000000e+00   0.0000000e+00   0.0000000e+00   0.0000000e+00   3.8272785e+02   0.0000000e+00
   9.3333330e+00   2.0095714e+04   8.8716900e+01   8.8803800e+01   3.8400050e+02   3.8252390e+02   0.0000000e+00   0.0000000e+00   0.0000000e+00   0.0000000e+00   2.4062140e+05   1.8403069e+02   1.0850020e+01   1.0567700e+01   2.8572010e+01   2.6479738e+01   0.0000000e+00   0.0000000e+00   0.0000000e+00   0.0000000e+00   3.8868961e+02   0.0000000e+00
   9.4166663e+00   2.0132264e+04   8.9073400e+01   8.8775300e+01   3.8409780e+02   3.8391130e+02   0.0000000e+00   0.0000000e+00   0.0000000e+00   0.0000000e+00   2.4101827e+05   1.8533149e+02   1.0847570e+01   1.0711913e+01   2.8702735e+01   2.5666946e+01   0.0000000e+00   0.0000000e+00   0.0000000e+00   0.0000000e+00   3.8969484e+02   0.0000000e+00
   9.4999996e+00   2.0169046e+04   8.9325000e+01   8.9265900e+01   3.8592770e+02   3.8417280e+02   0.0000000e+00   0.0000000e+00   0.0000000e+00   0.0000000e+00   2.4142111e+05   1.8548759e+02   1.0879081e+01   1.0663478e+01   2.8682569e+01   2.6307066e+01   0.0000000e+00   0.0000000e+00   0.0000000e+00   0.0000000e+00   3.9310419e+02   0.0000000e+00
   9.5833330e+00   2.0200838e+04   8.9431900e+01   8.9367800e+01   3.8640110e+02   3.8537340e+02   0.0000000e+00   0.0000000e+00   0.0000000e+00   0.0000000e+00   2.4181276e+05   1.8709493e+02   1.0658749e+01   1.0581962e+01   2.8152142e+01   2.6119667e+01   0.0000000e+00   0.0000000e+00   0.0000000e+00   0.0000000e+00   4.0159018e+02   0.0000000e+00
   9.6666663e+00   2.0236529e+04   8.9685900e+01   8.9428200e+01   3.8754200e+02   3.8653770e+02   0.0000000e+00   0.0000000e+00   0.0000000e+00   0.0000000e+00   2.4221814e+05   1.9027118e+02   1.0735128e+01   1.0729574e+01   2.8850665e+01   2.6204207e+01   0.0000000e+00   0.0000000e+00   0.0000000e+00   0.0000000e+00   3.9497153e+02   0.0000000e+00
   9.7499996e+00   2.0272845e+04   8.9893200e+01   8.9839600e+01   3.8765510e+02   3.8745840e+02   0.0000000e+00   0.0000000e+00   0.0000000e+00   0.0000000e+00   2.4261381e+05   1.8911062e+02   1.0773579e+01   1.0504633e+01   2.8543304e+01   2.6093956e+01   0.0000000e+00   0.0000000e+00   0.0000000e+00   0.0000000e+00   3.8876807e+02   0.0000000e+00
   9.8333329e+00   2.0303660e+04   9.0183200e+01   8.9900000e+01   3.8945470e+02   3.8829090e+02   0.0000000e+00   0.0000000e+00   0.0000000e+00   0.0000000e+00   2.4300700e+05   1.9238557e+02   1.0734475e+01   1.0811933e+01   2.8719419e+01   2.5941966e+01   0.0000000e+00   0.0000000e+00   0.0000000e+00   0.0000000e+00   3.9282227e+02   0.0000000e+00
   9.9166663e+00   2.0337215e+04   9.0530900e+01   9.0381500e+01   3.9038670e+02   3.9013930e+02   0.0000000e+00   0.0000000e+00   0.0000000e+00   0.0000000e+00   2.4341639e+05   1.8843587e+02   1.0903061e+01   1.0700131e+01   2.8806589e+01   2.6521988e+01   0.0000000e+00   0.0000000e+00   0.0000000e+00   0.0000000e+00   3.9183536e+02   0.0000000e+00
   9.9999996e+00   2.0368787e+04   9.0502200e+01   9.0392100e+01   3.9165890e+02   3.9076410e+02   0.0000000e+00   0.0000000e+00   0.0000000e+00   0.0000000e+00   2.4380544e+05   1.8979204e+02   1.0896195e+01   1.0626770e+01   2.8432815e+01   2.6897175e+01   0.0000000e+00   0.0000000e+00   0.0000000e+00   0.0000000e+00   3.9584124e+02   0.0000000e+00
   1.0083333e+01   2.0396310e+04   9.0830800e+01   9.1015300e+01   3.9237590e+02   3.9209330e+02   0.0000000e+00   0.0000000e+00   0.0000000e+00   0.0000000e+00   2.4420462e+05   1.8877806e+02   1.1157841e+01   1.0794875e+01   2.8679739e+01   2.6688481e+01   0.0000000e+00   0.0000000e+00   0.0000000e+00   0.0000000e+00   3.9200842e+02   0.0000000e+00
