   0.0000000e+00   1.6684000e+04   7.4000000e+01   7.4000000e+01   3.2000000e+02   3.2000000e+02   0.0000000e+00   0.0000000e+00   0.0000000e+00   0.0000000e+00   2.0019800e+05   0.0000000e+00   0.0000000e+00   0.0000000e+00   0.0000000e+00   0.0000000e+00   0.0000000e+00   0.0000000e+00   0.0000000e+00   0.0000000e+00   0.0000000e+00   0.0000000e+00
   8.3333330e-02   1.6276000e+04   7.2000000e+01   7.2000000e+01   3.1700000e+02   3.1800000e+02   5.5000000e+01   5.4000000e+01   1.7300000e+02   9.8000000e+01   2.0052700e+05   0.0000000e+00   0.0000000e+00   0.0000000e+00   0.0000000e+00   0.0000000e+00   0.0000000e+00   0.0000000e+00   0.0000000e+00   0.0000000e+00   0.0000000e+00   0.0000000e+00
   1.6666666e-01   1.5837000e+04   6.8000000e+01   6.8000000e+01   3.0400000e+02   3.1000000e+02   6.0000000e+01   6.0000000e+01   2.4200000e+02   2.0700000e+02   2.0085600e+05   0.0000000e+00   0.0000000e+00   0.0000000e+00   0.0000000e+00   0.0000000e+00   0.0000000e+00   0.0000000e+00   0.0000000e+00   0.0000000e+00   0.0000000e+00   0.0000000e+00
   2.4999999e-01   1.5420000e+04   6.2000000e+01   6.3000000e+01   2.8400000e+02   2.9400000e+02   6.2000000e+01   6.2000000e+01   2.6300000e+02   2.5100000e+02   2.0118600e+05   0.0000000e+00   0.0000000e+00   0.0000000e+00   0.0000000e+00   0.0000000e+00   0.0000000e+00   0.0000000e+00   0.0000000e+00   0.0000000e+00   0.0000000e+00   0.0000000e+00
   3.3333332e-01   1.5053000e+04   5.6000000e+01   5.6000000e+01   2.5800000e+02   2.7000000e+02   6.3000000e+01   6.3000000e+01   2.7000000e+02   2.6600000e+02   2.0151700e+05   0.0000000e+00   0.0000000e+00   0.0000000e+00   0.0000000e+00   0.0000000e+00   0.0000000e+00   0.0000000e+00   0.0000000e+00   0.0000000e+00   0.0000000e+00   0.0000000e+00
   4.1666665e-01   1.4745000e+04   4.9000000e+01   4.9000000e+01   2.2900000e+02   2.4300000e+02   6.3000000e+01   6.3000000e+01   2.7100000e+02   2.7000000e+02   2.0184700e+05   0.0000000e+00   0.0000000e+00   0.0000000e+00   0.0000000e+00   0.0000000e+00   0.0000000e+00   0.0000000e+00   0.0000000e+00   0.0000000e+00   0.0000000e+00   0.0000000e+00
   4.9999998e-01   1.4500000e+04   4.2000000e+01   4.2000000e+01   1.9900000e+02   2.1400000e+02   6.2000000e+01   6.2000000e+01   2.7100000e+02   2.7100000e+02   2.0217900e+05   0.0000000e+00   0.0000000e+00   0.0000000e+00   0.0000000e+00   0.0000000e+00   0.0000000e+00   0.0000000e+00   0.0000000e+00   0.0000000e+00   0.0000000e+00   0.0000000e+00
   5.8333331e-01   1.4314000e+04   3.6000000e+01   3.6000000e+01   1.7000000e+02   1.8500000e+02   6.2000000e+01   6.2000000e+01   2.7000000e+02   2.7000000e+02   2.0251200e+05   0.0000000e+00   0.0000000e+00   0.0000000e+00   0.0000000e+00   0.0000000e+00   0.0000000e+00   0.0000000e+00   0.0000000e+00   0.0000000e+00   0.0000000e+00   0.0000000e+00
   6.6666664e-01   1.4181000e+04   3.0000000e+01   3.1000000e+01   1.4400000e+02   1.5700000e+02   6.2000000e+01   6.2000000e+01   2.7000000e+02   2.6900000e+02   2.0284500e+05   0.0000000e+00   0.0000000e+00   0.0000000e+00   0.0000000e+00   0.0000000e+00   0.0000000e+00   0.0000000e+00   0.0000000e+00   0.0000000e+00   0.0000000e+00   0.0000000e+00
   7.4999997e-01   1.4095000e+04   2.5000000e+01   2.5000000e+01   1.2100000e+02   1.3300000e+02   6.2000000e+01   6.2000000e+01   2.6900000e+02   2.6900000e+02   2.0317900e+05   0.0000000e+00   0.0000000e+00   0.0000000e+00   0.0000000e+00   0.0000000e+00   0.0000000e+00   0.0000000e+00   0.0000000e+00   0.0000000e+00   0.0000000e+00   0.0000000e+00
   8.3333330e-01   1.4049000e+04   2.1000000e+01   2.1000000e+01   1.0100000e+02   1.1100000e+02   6.2000000e+01   6.2000000e+01   2.6900000e+02   2.6900000e+02   2.0351400e+05   0.0000000e+00   0.0000000e+00   0.0000000e+00   0.0000000e+00   0.0000000e+00   0.0000000e+00   0.0000000e+00   0.0000000e+00   0.0000000e+00   0.0000000e+00   0.0000000e+00
   9.1666663e-01   1.4036000e+04   1.7000000e+01   1.8000000e+01   8.4000000e+01   9.3000000e+01   6.2000000e+01   6.2000000e+01   2.6900000e+02   2.6900000e+02   2.0384900e+05   0.0000000e+00   0.0000000e+00   0.0000000e+00   0.0000000e+00   0.0000000e+00   0.0000000e+00   0.0000000e+00   0.0000000e+00   0.0000000e+00   0.0000000e+00   0.0000000e+00
   9.9999996e-01   1.4051000e+04   1.4000000e+01   1.5000000e+01   7.0000000e+01   7.7000000e+01   6.2000000e+01   6.2000000e+01   2.7000000e+02   2.6900000e+02   2.0418400e+05   0.0000000e+00   0.0000000e+00   0.0000000e+00   0.0000000e+00   0.0000000e+00   0.0000000e+00   0.0000000e+00   0.0000000e+00   0.0000000e+00   0.0000000e+00   0.0000000e+00
   1.0833333e+00   1.4088000e+04   1.2000000e+01   1.2000000e+01   5.8000000e+01   6.4000000e+01   6.2000000e+01   6.2000000e+01   2.7000000e+02   2.6900000e+02   2.0452000e+05   0.0000000e+00   0.0000000e+00   0.0000000e+00   0.0000000e+00   0.0000000e+00   0.0000000e+00   0.0000000e+00   0.0000000e+00   0.0000000e+00   0.0000000e+00   0.0000000e+00
   1.1666666e+00   1.4144000e+04   1.0000000e+01   1.0000000e+01   4.8000000e+01   5.3000000e+01   6.3000000e+01   6.3000000e+01   2.7000000e+02   2.7000000e+02   2.0485600e+05   0.0000000e+00   0.0000000e+00   0.0000000e+00   0.0000000e+00   0.0000000e+00   0.0000000e+00   0.0000000e+00   0.0000000e+00   0.0000000e+00   0.0000000e+00   0.0000000e+00
   1.2500000e+00   1.4215000e+04   8.0000000e+00   8.0000000e+00   4.0000000e+01   4.4000000e+01   6.3000000e+01   6.3000000e+01   2.7100000e+02   2.7100000e+02   2.0519300e+05   0.0000000e+00   0.0000000e+00   0.0000000e+00   0.0000000e+00   0.0000000e+00   0.0000000e+00   0.0000000e+00   0.0000000e+00   0.0000000e+00   0.0000000e+00   0.0000000e+00
   1.3333333e+00   1.4299000e+04   7.0000000e+00   7.0000000e+00   3.3000000e+01   3.7000000e+01   6.3000000e+01   6.3000000e+01   2.7200000e+02   2.7100000e+02   2.0553000e+05   0.0000000e+00   0.0000000e+00   0.0000000e+00   0.0000000e+00   0.0000000e+00   0.0000000e+00   0.0000000e+00   0.0000000e+00   0.0000000e+00   0.0000000e+00   0.0000000e+00
   1.4166666e+00   1.4393000e+04   6.0000000e+00   6.0000000e+00   2.8000000e+01   3.1000000e+01   6.3000000e+01   6.3000000e+01   2.7300000e+02   2.7200000e+02   2.0586800e+05   0.0000000e+00   0.0000000e+00   0.0000000e+00   0.0000000e+00   0.0000000e+00   0.0000000e+00   0.0000000e+00   0.0000000e+00   0.0000000e+00   0.0000000e+00   0.0000000e+00
   1.4999999e+00   1.4494000e+04   5.0000000e+00   5.0000000e+00   2.4000000e+01   2.6000000e+01   6.3000000e+01   6.3000000e+01   2.7400000e+02   2.7300000e+02   2.0620600e+05   0.0000000e+00   0.0000000e+00   0.0000000e+00   0.0000000e+00   0.0000000e+00   0.0000000e+00   0.0000000e+00   0.0000000e+00   0.0000000e+00   0.0000000e+00   0.0000000e+00
   1.5833333e+00   1.4601000e+04   4.0000000e+00   4.0000000e+00   2.0000000e+01   2.2000000e+01   6.4000000e+01   6.3000000e+01   2.7400000e+02   2.7300000e+02   2.0654500e+05   0.0000000e+00   0.0000000e+00   0.0000000e+00   0.0000000e+00   0.0000000e+00   0.0000000e+00   0.0000000e+00   0.0000000e+00   0.0000000e+00   0.0000000e+00   0.0000000e+00
   1.6666666e+00   1.4714000e+04   4.0000000e+00   4.0000000e+00   1.7000000e+01   1.8000000e+01   6.4000000e+01   6.4000000e+01   2.7500000e+02   2.7400000e+02   2.0688500e+05   0.0000000e+00   0.0000000e+00   0.0000000e+00   0.0000000e+00   0.0000000e+00   0.0000000e+00   0.0000000e+00   0.0000000e+00   0.0000000e+00   0.0000000e+00   0.0000000e+00
   1.7499999e+00   1.4830000e+04   3.0000000e+00   3.0000000e+00   1.5000000e+01   1.6000000e+01   6.4000000e+01   6.4000000e+01   2.7600000e+02   2.7500000e+02   2.0722500e+05   0.0000000e+00   0.0000000e+00   0.0000000e+00   0.0000000e+00   0.0000000e+00   0.0000000e+00   0.0000000e+00   0.0000000e+00   0.0000000e+00   0.0000000e+00   0.0000000e+00
   1.8333333e+00   1.4948000e+04   3.0000000e+00   3.0000000e+00   1.3000000e+01   1.4000000e+01   6.4000000e+01   6.4000000e+01   2.7700000e+02   2.7600000e+02   2.0756600e+05   0.0000000e+00   0.0000000e+00   0.0000000e+00   0.0000000e+00   0.0000000e+00   0.0000000e+00   0.0000000e+00   0.0000000e+00   0.0000000e+00   0.0000000e+00   0.0000000e+00
   1.9166666e+00   1.5068000e+04   2.0000000e+00   2.0000000e+00   1.1000000e+01   1.2000000e+01   6.4000000e+01   6.4000000e+01   2.7800000e+02   2.7700000e+02   2.0790700e+05   0.0000000e+00   0.0000000e+00   0.0000000e+00   0.0000000e+00   0.0000000e+00   0.0000000e+00   0.0000000e+00   0.0000000e+00   0.0000000e+00   0.0000000e+00   0.0000000e+00
   1.9999999e+00   1.5191000e+04   2.0000000e+00   2.0000000e+00   9.0000000e+00   1.0000000e+01   6.4000000e+01   6.4000000e+01   2.7900000e+02   2.7800000e+02   2.0824800e+05   0.0000000e+00   0.0000000e+00   0.0000000e+00   0.0000000e+00   0.0000000e+00   0.0000000e+00   0.0000000e+00   0.0000000e+00   0.0000000e+00   0.0000000e+00   0.0000000e+00
   2.0833333e+00   1.5316000e+04   2.0000000e+00   2.0000000e+00   8.0000000e+00   9.0000000e+00   6.5000000e+01   6.5000000e+01   2.7900000e+02   2.7900000e+02   2.0859100e+05   0.0000000e+00   0.0000000e+00   0.0000000e+00   0.0000000e+00   0.0000000e+00   0.0000000e+00   0.0000000e+00   0.0000000e+00   0.0000000e+00   0.0000000e+00   0.0000000e+00
   2.1666666e+00   1.5441000e+04   2.0000000e+00   2.0000000e+00   7.0000000e+00   8.0000000e+00   6.5000000e+01   6.5000000e+01   2.8100000e+02   2.8000000e+02   2.0893400e+05   0.0000000e+00   0.0000000e+00   0.0000000e+00   0.0000000e+00   0.0000000e+00   0.0000000e+00   0.0000000e+00   0.0000000e+00   0.0000000e+00   0.0000000e+00   0.0000000e+00
   2.2499999e+00   1.5566000e+04   1.0000000e+00   1.0000000e+00   7.0000000e+00   7.0000000e+00   6.5000000e+01   6.5000000e+01   2.8200000e+02   2.8100000e+02   2.0927800e+05   0.0000000e+00   0.0000000e+00   0.0000000e+00   0.0000000e+00   0.0000000e+00   0.0000000e+00   0.0000000e+00   0.0000000e+00   0.0000000e+00   0.0000000e+00   0.0000000e+00
   2.3333332e+00   1.5692000e+04   1.0000000e+00   1.0000000e+00   6.0000000e+00   6.0000000e+00   6.5000000e+01   6.5000000e+01   2.8300000e+02   2.8200000e+02   2.0962200e+05   0.0000000e+00   0.0000000e+00   0.0000000e+00   0.0000000e+00   0.0000000e+00   0.0000000e+00   0.0000000e+00   0.0000000e+00   0.0000000e+00   0.0000000e+00   1.0000000e-04
   2.4166666e+00   1.5818000e+04   1.0000000e+00   1.0000000e+00   5.0000000e+00   5.0000000e+00   6.6000000e+01   6.6000000e+01   2.8400000e+02   2.8300000e+02   2.0996600e+05   0.0000000e+00   0.0000000e+00   0.0000000e+00   0.0000000e+00   0.0000000e+00   0.0000000e+00   0.0000000e+00   0.0000000e+00   0.0000000e+00   0.0000000e+00   1.9999000e-04
   2.4999999e+00   1.5945000e+04   1.0000000e+00   1.0000000e+00   4.0000000e+00   5.0000000e+00   6.6000000e+01   6.6000000e+01   2.8500000e+02   2.8400000e+02   2.1031100e+05   0.0000000e+00   0.0000000e+00   0.0000000e+00   0.0000000e+00   0.0000000e+00   0.0000000e+00   0.0000000e+00   0.0000000e+00   0.0000000e+00   0.0000000e+00   2.9997000e-04
   2.5833332e+00   1.6072000e+04   1.0000000e+00   1.0000000e+00   4.0000000e+00   4.0000000e+00   6.6000000e+01   6.6000000e+01   2.8600000e+02   2.8500000e+02   2.1065700e+05   0.0000000e+00   0.0000000e+00   0.0000000e+00   0.0000000e+00   0.0000000e+00   0.0000000e+00   0.0000000e+00   0.0000000e+00   0.0000000e+00   0.0000000e+00   3.9994000e-04
   2.6666666e+00   1.6198000e+04   1.0000000e+00   1.0000000e+00   4.0000000e+00   4.0000000e+00   6.6000000e+01   6.6000000e+01   2.8700000e+02   2.8600000e+02   2.1100300e+05   0.0000000e+00   0.0000000e+00   0.0000000e+00   0.0000000e+00   0.0000000e+00   0.0000000e+00   0.0000000e+00   0.0000000e+00   0.0000000e+00   0.0000000e+00   6.9982002e-04
   2.7499999e+00   1.6323000e+04   1.0000000e+00   1.0000000e+00   4.0000000e+00   4.0000000e+00   6.7000000e+01   6.6000000e+01   2.8800000e+02   2.8700000e+02   2.1135000e+05   0.0000000e+00   0.0000000e+00   0.0000000e+00   0.0000000e+00   0.0000000e+00   0.0000000e+00   0.0000000e+00   0.0000000e+00   0.0000000e+00   0.0000000e+00   1.3993301e-03
   2.8333332e+00   1.6447000e+04   1.0000000e+00   1.0000000e+00   4.0000000e+00   4.0000000e+00   6.7000000e+01   6.7000000e+01   2.8900000e+02   2.8800000e+02   2.1169700e+05   0.0000000e+00   0.0000000e+00   0.0000000e+00   0.0000000e+00   0.0000000e+00   0.0000000e+00   0.0000000e+00   0.0000000e+00   0.0000000e+00   0.0000000e+00   2.0983506e-03
   2.9166665e+00   1.6570000e+04   1.0000000e+00   1.0000000e+00   4.0000000e+00   4.0000000e+00   6.7000000e+01   6.7000000e+01   2.9000000e+02   2.8900000e+02   2.1204500e+05   0.0000000e+00   0.0000000e+00   0.0000000e+00   0.0000000e+00   0.0000000e+00   0.0000000e+00   0.0000000e+00   0.0000000e+00   0.0000000e+00   0.0000000e+00   2.6970916e-03
   2.9999999e+00   1.6692000e+04   1.0000000e+00   1.0000000e+00   4.0000000e+00   4.0000000e+00   6.7000000e+01   6.7000000e+01   2.9100000e+02   2.9000000e+02   2.1239400e+05   0.0000000e+00   0.0000000e+00   0.0000000e+00   0.0000000e+00   0.0000000e+00   0.0000000e+00   0.0000000e+00   0.0000000e+00   0.0000000e+00   0.0000000e+00   2.8965522e-03
   3.0833332e+00   1.6813000e+04   1.0000000e+00   1.0000000e+00   4.0000000e+00   4.0000000e+00   6.7000000e+01   6.7000000e+01   2.9200000e+02   2.9100000e+02   2.1274300e+05   0.0000000e+00   0.0000000e+00   0.0000000e+00   0.0000000e+00   0.0000000e+00   0.0000000e+00   0.0000000e+00   0.0000000e+00   0.0000000e+00   0.0000000e+00   3.6942349e-03
   3.1666665e+00   1.6933000e+04   1.0000000e+00   1.0000000e+00   4.0000000e+00   4.0000000e+00   6.8000000e+01   6.8000000e+01   2.9200000e+02   2.9100000e+02   2.1309300e+05   0.0000000e+00   0.0000000e+00   0.0000000e+00   0.0000000e+00   0.0000000e+00   0.0000000e+00   0.0000000e+00   0.0000000e+00   0.0000000e+00   0.0000000e+00   4.1923878e-03
   3.2499999e+00   1.7052000e+04   1.0000000e+00   1.0000000e+00   4.0000000e+00   4.0000000e+00   6.8000000e+01   6.8000000e+01   2.9300000e+02   2.9300000e+02   2.1344300e+05   0.0000000e+00   0.0000000e+00   0.0000000e+00   0.0000000e+00   0.0000000e+00   0.0000000e+00   0.0000000e+00   0.0000000e+00   0.0000000e+00   0.0000000e+00   5.0886147e-03
   3.3333332e+00   1.7170000e+04   1.0000000e+00   1.0000000e+00   4.0000000e+00   4.0000000e+00   6.8000000e+01   6.8000000e+01   2.9400000e+02   2.9400000e+02   2.1379400e+05   0.0000000e+00   0.0000000e+00   0.0000000e+00   0.0000000e+00   0.0000000e+00   0.0000000e+00   0.0000000e+00   0.0000000e+00   0.0000000e+00   0.0000000e+00   5.2875970e-03
   3.4166665e+00   1.7287000e+04   1.0000000e+00   1.0000000e+00   4.0000000e+00   4.0000000e+00   6.8000000e+01   6.8000000e+01   2.9500000e+02   2.9400000e+02   2.1414500e+05   0.0000000e+00   0.0000000e+00   0.0000000e+00   0.0000000e+00   0.0000000e+00   0.0000000e+00   0.0000000e+00   0.0000000e+00   0.0000000e+00   0.0000000e+00   6.3817806e-03
   3.4999999e+00   1.7403000e+04   1.0000000e+00   1.0000000e+00   4.0000000e+00   4.0000000e+00   6.9000000e+01   6.8000000e+01   2.9600000e+02   2.9500000e+02   2.1449700e+05   0.0000000e+00   0.0000000e+00   0.0000000e+00   0.0000000e+00   0.0000000e+00   0.0000000e+00   0.0000000e+00   0.0000000e+00   0.0000000e+00   0.0000000e+00   7.1766752e-03
   3.5833332e+00   1.7518000e+04   1.0000000e+00   1.0000000e+00   4.0000000e+00   4.0000000e+00   6.9000000e+01   6.9000000e+01   2.9700000e+02   2.9600000e+02   2.1484900e+05   0.0000000e+00   0.0000000e+00   0.0000000e+00   0.0000000e+00   0.0000000e+00   0.0000000e+00   0.0000000e+00   0.0000000e+00   0.0000000e+00   0.0000000e+00   7.8716515e-03
   3.6666665e+00   1.7632000e+04   1.0000000e+00   1.0000000e+00   4.0000000e+00   4.0000000e+00   6.9000000e+01   6.9000000e+01   2.9800000e+02   2.9800000e+02   2.1520200e+05   0.0000000e+00   0.0000000e+00   0.0000000e+00   0.0000000e+00   0.0000000e+00   0.0000000e+00   0.0000000e+00   0.0000000e+00   0.0000000e+00   0.0000000e+00   8.5661413e-03
   3.7499998e+00   1.7745000e+04   1.0000000e+00   1.0000000e+00   4.0000000e+00   4.0000000e+00   6.9000000e+01   6.9000000e+01   2.9900000e+02   2.9800000e+02   2.1555600e+05   0.0000000e+00   0.0000000e+00   0.0000000e+00   0.0000000e+00   0.0000000e+00   0.0000000e+00   0.0000000e+00   0.0000000e+00   0.0000000e+00   0.0000000e+00   9.0618583e-03
   3.8333332e+00   1.7857000e+04   1.0000000e+00   1.0000000e+00   4.0000000e+00   4.0000000e+00   7.0000000e+01   6.9000000e+01   3.0000000e+02   2.9900000e+02   2.1591000e+05   0.0000000e+00   0.0000000e+00   0.0000000e+00   0.0000000e+00   0.0000000e+00   0.0000000e+00   0.0000000e+00   0.0000000e+00   0.0000000e+00   0.0000000e+00   9.2600459e-03
   3.9166665e+00   1.7969000e+04   1.0000000e+00   1.0000000e+00   4.0000000e+00   4.0000000e+00   7.0000000e+01   7.0000000e+01   3.0100000e+02   3.0000000e+02   2.1626500e+05   0.0000000e+00   0.0000000e+00   0.0000000e+00   0.0000000e+00   0.0000000e+00   0.0000000e+00   0.0000000e+00   0.0000000e+00   0.0000000e+00   0.0000000e+00   9.9535639e-03
   3.9999998e+00   1.8079000e+04   1.0000000e+00   1.0000000e+00   4.0000000e+00   4.0000000e+00   7.0000000e+01   7.0000000e+01   3.0200000e+02   3.0200000e+02   2.1662000e+05   0.0000000e+00   0.0000000e+00   0.0000000e+00   0.0000000e+00   0.0000000e+00   0.0000000e+00   0.0000000e+00   0.0000000e+00   0.0000000e+00   0.0000000e+00   1.0250578e-02
   4.0833332e+00   1.8188000e+04   1.0000000e+00   1.0000000e+00   4.0000000e+00   4.0000000e+00   7.0000000e+01   7.0000000e+01   3.0300000e+02   3.0200000e+02   2.1697600e+05   0.0000000e+00   0.0000000e+00   0.0000000e+00   0.0000000e+00   0.0000000e+00   0.0000000e+00   0.0000000e+00   0.0000000e+00   0.0000000e+00   0.0000000e+00   1.0745453e-02
   4.1666665e+00   1.8297000e+04   1.0000000e+00   1.0000000e+00   4.0000000e+00   4.0000000e+00   7.0000000e+01   7.0000000e+01   3.0400000e+02   3.0300000e+02   2.1733200e+05   0.0000000e+00   0.0000000e+00   0.0000000e+00   0.0000000e+00   0.0000000e+00   0.0000000e+00   0.0000000e+00   0.0000000e+00   0.0000000e+00   0.0000000e+00   1.1141154e-02
   4.2499998e+00   1.8405000e+04   1.0000000e+00   1.0000000e+00   4.0000000e+00   4.0000000e+00   7.1000000e+01   7.0000000e+01   3.0500000e+02   3.0400000e+02   2.1768900e+05   0.0000000e+00   0.0000000e+00   0.0000000e+00   0.0000000e+00   0.0000000e+00   0.0000000e+00   0.0000000e+00   0.0000000e+00   0.0000000e+00   0.0000000e+00   1.1734470e-02
   4.3333332e+00   1.8512000e+04   1.0000000e+00   1.0000000e+00   4.0000000e+00   4.0000000e+00   7.1000000e+01   7.1000000e+01   3.0600000e+02   3.0500000e+02   2.1804700e+05   0.0000000e+00   0.0000000e+00   0.0000000e+00   0.0000000e+00   0.0000000e+00   0.0000000e+00   0.0000000e+00   0.0000000e+00   0.0000000e+00   0.0000000e+00   1.2623909e-02
   4.4166665e+00   1.8618000e+04   1.0000000e+00   1.0000000e+00   4.0000000e+00   4.0000000e+00   7.1000000e+01   7.1000000e+01   3.0700000e+02   3.0600000e+02   2.1840500e+05   0.0000000e+00   0.0000000e+00   0.0000000e+00   0.0000000e+00   0.0000000e+00   0.0000000e+00   0.0000000e+00   0.0000000e+00   0.0000000e+00   0.0000000e+00   1.2821384e-02
   4.4999998e+00   1.8723000e+04   1.0000000e+00   1.0000000e+00   4.0000000e+00   4.0000000e+00   7.1000000e+01   7.1000000e+01   3.0800000e+02   3.0700000e+02   2.1876400e+05   0.0000000e+00   0.0000000e+00   0.0000000e+00   0.0000000e+00   0.0000000e+00   0.0000000e+00   0.0000000e+00   0.0000000e+00   0.0000000e+00   0.0000000e+00   1.3413691e-02
   4.5833331e+00   1.8827000e+04   1.0000000e+00   1.0000000e+00   4.0000000e+00   4.0000000e+00   7.1000000e+01   7.1000000e+01   3.0900000e+02   3.0800000e+02   2.1912300e+05   0.0000000e+00   0.0000000e+00   0.0000000e+00   0.0000000e+00   0.0000000e+00   0.0000000e+00   0.0000000e+00   0.0000000e+00   0.0000000e+00   0.0000000e+00   1.3906984e-02
   4.6666665e+00   1.8930000e+04   1.0000000e+00   1.0000000e+00   4.0000000e+00   4.0000000e+00   7.2000000e+01   7.2000000e+01   3.1000000e+02   3.0900000e+02   2.1948300e+05   0.0000000e+00   0.0000000e+00   0.0000000e+00   0.0000000e+00   0.0000000e+00   0.0000000e+00   0.0000000e+00   0.0000000e+00   0.0000000e+00   0.0000000e+00   1.4005593e-02
   4.7499998e+00   1.9033000e+04   1.0000000e+00   1.0000000e+00   4.0000000e+00   4.0000000e+00   7.2000000e+01   7.2000000e+01   3.1100000e+02   3.1000000e+02   2.1984400e+05   0.0000000e+00   0.0000000e+00   0.0000000e+00   0.0000000e+00   0.0000000e+00   0.0000000e+00   0.0000000e+00   0.0000000e+00   0.0000000e+00   0.0000000e+00   1.4498591e-02
   4.8333331e+00   1.9135000e+04   1.0000000e+00   1.0000000e+00   4.0000000e+00   4.0000000e+00   7.2000000e+01   7.2000000e+01   3.1100000e+02   3.1100000e+02   2.2020600e+05   0.0000000e+00   0.0000000e+00   0.0000000e+00   0.0000000e+00   0.0000000e+00   0.0000000e+00   0.0000000e+00   0.0000000e+00   0.0000000e+00   0.0000000e+00   1.4892791e-02
   4.9166665e+00   1.9236000e+04   1.0000000e+00   1.0000000e+00   4.0000000e+00   4.0000000e+00   7.2000000e+01   7.2000000e+01   3.1200000e+02   3.1100000e+02   2.2056700e+05   0.0000000e+00   0.0000000e+00   0.0000000e+00   0.0000000e+00   0.0000000e+00   0.0000000e+00   0.0000000e+00   0.0000000e+00   0.0000000e+00   0.0000000e+00   1.5286834e-02
   4.9999998e+00   1.9337000e+04   1.0000000e+00   1.0000000e+00   4.0000000e+00   4.0000000e+00   7.3000000e+01   7.2000000e+01   3.1300000e+02   3.1200000e+02   2.2093000e+05   0.0000000e+00   0.0000000e+00   0.0000000e+00   0.0000000e+00   0.0000000e+00   0.0000000e+00   0.0000000e+00   0.0000000e+00   0.0000000e+00   0.0000000e+00   1.5680719e-02
   5.0833331e+00   1.9436000e+04   1.0000000e+00   1.0000000e+00   4.0000000e+00   4.0000000e+00   7.3000000e+01   7.3000000e+01   3.1400000e+02   3.1300000e+02   2.2129300e+05   0.0000000e+00   0.0000000e+00   0.0000000e+00   0.0000000e+00   0.0000000e+00   0.0000000e+00   0.0000000e+00   0.0000000e+00   0.0000000e+00   0.0000000e+00   1.5976015e-02
   5.1666665e+00   1.9535000e+04   1.0000000e+00   1.0000000e+00   4.0000000e+00   4.0000000e+00   7.3000000e+01   7.3000000e+01   3.1500000e+02   3.1400000e+02   2.2165600e+05   0.0000000e+00   0.0000000e+00   0.0000000e+00   0.0000000e+00   0.0000000e+00   0.0000000e+00   0.0000000e+00   0.0000000e+00   0.0000000e+00   0.0000000e+00   1.6172820e-02
   5.2499998e+00   1.9633000e+04   1.0000000e+00   1.0000000e+00   4.0000000e+00   4.0000000e+00   7.3000000e+01   7.3000000e+01   3.1600000e+02   3.1500000e+02   2.2202000e+05   0.0000000e+00   0.0000000e+00   0.0000000e+00   0.0000000e+00   0.0000000e+00   0.0000000e+00   0.0000000e+00   0.0000000e+00   0.0000000e+00   0.0000000e+00   1.6467968e-02
   5.3333331e+00   1.9730000e+04   1.0000000e+00   1.0000000e+00   4.0000000e+00   4.0000000e+00   7.4000000e+01   7.3000000e+01   3.1700000e+02   3.1600000e+02   2.2238500e+05   0.0000000e+00   0.0000000e+00   0.0000000e+00   0.0000000e+00   0.0000000e+00   0.0000000e+00   0.0000000e+00   0.0000000e+00   0.0000000e+00   0.0000000e+00   1.6959734e-02
   5.4166665e+00   1.9826000e+04   1.0000000e+00   1.0000000e+00   4.0000000e+00   4.0000000e+00   7.4000000e+01   7.3000000e+01   3.1800000e+02   3.1700000e+02   2.2275100e+05   0.0000000e+00   0.0000000e+00   0.0000000e+00   0.0000000e+00   0.0000000e+00   0.0000000e+00   0.0000000e+00   0.0000000e+00   0.0000000e+00   0.0000000e+00   1.7156342e-02
   5.4999998e+00   1.9922000e+04   1.0000000e+00   1.0000000e+00   4.0000000e+00   4.0000000e+00   7.4000000e+01   7.4000000e+01   3.1800000e+02   3.1800000e+02   2.2311700e+05   0.0000000e+00   0.0000000e+00   0.0000000e+00   0.0000000e+00   0.0000000e+00   0.0000000e+00   0.0000000e+00   0.0000000e+00   0.0000000e+00   0.0000000e+00   1.7451195e-02
   5.5833331e+00   2.0017000e+04   1.0000000e+00   1.0000000e+00   4.0000000e+00   4.0000000e+00   7.4000000e+01   7.4000000e+01   3.2000000e+02   3.1900000e+02   2.2348400e+05   0.0000000e+00   0.0000000e+00   0.0000000e+00   0.0000000e+00   0.0000000e+00   0.0000000e+00   0.0000000e+00   0.0000000e+00   0.0000000e+00   0.0000000e+00   1.7745960e-02
   5.6666664e+00   2.0111000e+04   1.0000000e+00   1.0000000e+00   4.0000000e+00   4.0000000e+00   7.4000000e+01   7.4000000e+01   3.2000000e+02   3.2000000e+02   2.2385200e+05   0.0000000e+00   0.0000000e+00   0.0000000e+00   0.0000000e+00   0.0000000e+00   0.0000000e+00   0.0000000e+00   0.0000000e+00   0.0000000e+00   0.0000000e+00   1.7942411e-02
   5.7499998e+00   2.0205000e+04   1.0000000e+00   1.0000000e+00   4.0000000e+00   4.0000000e+00   7.4000000e+01   7.4000000e+01   3.2100000e+02   3.2100000e+02   2.2421900e+05   0.0000000e+00   0.0000000e+00   0.0000000e+00   0.0000000e+00   0.0000000e+00   0.0000000e+00   0.0000000e+00   0.0000000e+00   0.0000000e+00   0.0000000e+00   1.8237028e-02
   5.8333331e+00   2.0298000e+04   1.0000000e+00   1.0000000e+00   4.0000000e+00   4.0000000e+00   7.5000000e+01   7.5000000e+01   3.2200000e+02   3.2100000e+02   2.2458700e+05   0.0000000e+00   0.0000000e+00   0.0000000e+00   0.0000000e+00   0.0000000e+00   0.0000000e+00   0.0000000e+00   0.0000000e+00   0.0000000e+00   0.0000000e+00   1.8531557e-02
   5.9166664e+00   2.0390000e+04   1.0000000e+00   1.0000000e+00   4.0000000e+00   4.0000000e+00   7.5000000e+01   7.5000000e+01   3.2400000e+02   3.2300000e+02   2.2495600e+05   0.0000000e+00   0.0000000e+00   0.0000000e+00   0.0000000e+00   0.0000000e+00   0.0000000e+00   0.0000000e+00   0.0000000e+00   0.0000000e+00   0.0000000e+00   1.9316732e-02
   5.9999998e+00   2.0481000e+04   1.0000000e+00   1.0000000e+00   4.0000000e+00   4.0000000e+00   7.5000000e+01   7.5000000e+01   3.2400000e+02   3.2400000e+02   2.2532600e+05   0.0000000e+00   0.0000000e+00   0.0000000e+00   0.0000000e+00   0.0000000e+00   0.0000000e+00   0.0000000e+00   0.0000000e+00   0.0000000e+00   0.0000000e+00   2.0003210e-02
   6.0833331e+00   2.0572000e+04   1.0000000e+00   1.0000000e+00   4.0000000e+00   4.0000000e+00   7.5000000e+01   7.5000000e+01   3.2500000e+02   3.2400000e+02   2.2569600e+05   0.0000000e+00   0.0000000e+00   0.0000000e+00   0.0000000e+00   0.0000000e+00   0.0000000e+00   0.0000000e+00   0.0000000e+00   0.0000000e+00   0.0000000e+00   2.0297209e-02
   6.1666664e+00   2.0662000e+04   1.0000000e+00   1.0000000e+00   4.0000000e+00   4.0000000e+00   7.5000000e+01   7.5000000e+01   3.2600000e+02   3.2500000e+02   2.2606600e+05   0.0000000e+00   0.0000000e+00   0.0000000e+00   0.0000000e+00   0.0000000e+00   0.0000000e+00   0.0000000e+00   0.0000000e+00   0.0000000e+00   0.0000000e+00   2.0591120e-02
   6.2499998e+00   2.0752000e+04   1.0000000e+00   1.0000000e+00   5.0000000e+00   4.0000000e+00   7.5000000e+01   7.5000000e+01   3.2600000e+02   3.2500000e+02   2.2643600e+05   0.0000000e+00   0.0000000e+00   0.0000000e+00   0.0000000e+00   0.0000000e+00   0.0000000e+00   0.0000000e+00   0.0000000e+00   0.0000000e+00   0.0000000e+00   2.0689061e-02
   6.3333331e+00   2.0840000e+04   1.0000000e+00   1.0000000e+00   5.0000000e+00   5.0000000e+00   7.6000000e+01   7.6000000e+01   3.2700000e+02   3.2600000e+02   2.2680800e+05   0.0000000e+00   0.0000000e+00   0.0000000e+00   0.0000000e+00   0.0000000e+00   0.0000000e+00   0.0000000e+00   0.0000000e+00   0.0000000e+00   0.0000000e+00   2.1080785e-02
   6.4166664e+00   2.0926000e+04   1.0000000e+00   1.0000000e+00   5.0000000e+00   5.0000000e+00   7.6000000e+01   7.6000000e+01   3.2800000e+02   3.2800000e+02   2.2718000e+05   0.0000000e+00   0.0000000e+00   0.0000000e+00   0.0000000e+00   0.0000000e+00   0.0000000e+00   0.0000000e+00   0.0000000e+00   0.0000000e+00   0.0000000e+00   2.1178677e-02
   6.4999997e+00   2.1012000e+04   1.0000000e+00   1.0000000e+00   5.0000000e+00   5.0000000e+00   7.6000000e+01   7.6000000e+01   3.2900000e+02   3.2900000e+02   2.2755300e+05   0.0000000e+00   0.0000000e+00   0.0000000e+00   0.0000000e+00   0.0000000e+00   0.0000000e+00   0.0000000e+00   0.0000000e+00   0.0000000e+00   0.0000000e+00   2.1178677e-02
   6.5833331e+00   2.1097000e+04   1.0000000e+00   1.0000000e+00   5.0000000e+00   5.0000000e+00   7.6000000e+01   7.6000000e+01   3.3000000e+02   3.2900000e+02   2.2792700e+05   0.0000000e+00   0.0000000e+00   0.0000000e+00   0.0000000e+00   0.0000000e+00   0.0000000e+00   0.0000000e+00   0.0000000e+00   0.0000000e+00   0.0000000e+00   2.1472323e-02
   6.6666664e+00   2.1182000e+04   1.0000000e+00   1.0000000e+00   5.0000000e+00   5.0000000e+00   7.6000000e+01   7.7000000e+01   3.3100000e+02   3.3000000e+02   2.2830200e+05   0.0000000e+00   0.0000000e+00   0.0000000e+00   0.0000000e+00   0.0000000e+00   0.0000000e+00   0.0000000e+00   0.0000000e+00   0.0000000e+00   0.0000000e+00   2.1570176e-02
   6.7499997e+00   2.1266000e+04   1.0000000e+00   1.0000000e+00   5.0000000e+00   5.0000000e+00   7.7000000e+01   7.7000000e+01   3.3200000e+02   3.3100000e+02   2.2867700e+05   0.0000000e+00   0.0000000e+00   0.0000000e+00   0.0000000e+00   0.0000000e+00   0.0000000e+00   0.0000000e+00   0.0000000e+00   0.0000000e+00   0.0000000e+00   2.1668019e-02
   6.8333331e+00   2.1349000e+04   1.0000000e+00   1.0000000e+00   5.0000000e+00   5.0000000e+00   7.7000000e+01   7.7000000e+01   3.3300000e+02   3.3200000e+02   2.2905300e+05   0.0000000e+00   0.0000000e+00   0.0000000e+00   0.0000000e+00   0.0000000e+00   0.0000000e+00   0.0000000e+00   0.0000000e+00   0.0000000e+00   0.0000000e+00   2.1765852e-02
   6.9166664e+00   2.1432000e+04   1.0000000e+00   1.0000000e+00   5.0000000e+00   5.0000000e+00   7.7000000e+01   7.7000000e+01   3.3400000e+02   3.3300000e+02   2.2943000e+05   0.0000000e+00   0.0000000e+00   0.0000000e+00   0.0000000e+00   0.0000000e+00   0.0000000e+00   0.0000000e+00   0.0000000e+00   0.0000000e+00   0.0000000e+00   2.1863676e-02
   6.9999997e+00   2.1514000e+04   1.0000000e+00   1.0000000e+00   5.0000000e+00   5.0000000e+00   7.7000000e+01   7.7000000e+01   3.3500000e+02   3.3300000e+02   2.2980700e+05   0.0000000e+00   0.0000000e+00   0.0000000e+00   0.0000000e+00   0.0000000e+00   0.0000000e+00   0.0000000e+00   0.0000000e+00   0.0000000e+00   0.0000000e+00   2.1961489e-02
   7.0833331e+00   2.1596000e+04   1.0000000e+00   1.0000000e+00   5.0000000e+00   5.0000000e+00   7.8000000e+01   7.8000000e+01   3.3500000e+02   3.3400000e+02   2.3018500e+05   0.0000000e+00   0.0000000e+00   0.0000000e+00   0.0000000e+00   0.0000000e+00   0.0000000e+00   0.0000000e+00   0.0000000e+00   0.0000000e+00   0.0000000e+00   2.1961489e-02
   7.1666664e+00   2.1678000e+04   1.0000000e+00   1.0000000e+00   5.0000000e+00   5.0000000e+00   7.8000000e+01   7.8000000e+01   3.3600000e+02   3.3500000e+02   2.3056400e+05   0.0000000e+00   0.0000000e+00   0.0000000e+00   0.0000000e+00   0.0000000e+00   0.0000000e+00   0.0000000e+00   0.0000000e+00   0.0000000e+00   0.0000000e+00   2.2059293e-02
   7.2499997e+00   2.1759000e+04   1.0000000e+00   1.0000000e+00   5.0000000e+00   5.0000000e+00   7.8000000e+01   7.8000000e+01   3.3700000e+02   3.3600000e+02   2.3094300e+05   0.0000000e+00   0.0000000e+00   0.0000000e+00   0.0000000e+00   0.0000000e+00   0.0000000e+00   0.0000000e+00   0.0000000e+00   0.0000000e+00   0.0000000e+00   2.2059293e-02
   7.3333330e+00   2.1839000e+04   1.0000000e+00   1.0000000e+00   6.0000000e+00   5.0000000e+00   7.8000000e+01   7.8000000e+01   3.3800000e+02   3.3700000e+02   2.3132200e+05   0.0000000e+00   0.0000000e+00   0.0000000e+00   0.0000000e+00   0.0000000e+00   0.0000000e+00   0.0000000e+00   0.0000000e+00   0.0000000e+00   0.0000000e+00   2.2059293e-02
   7.4166664e+00   2.1918000e+04   2.0000000e+00   1.0000000e+00   6.0000000e+00   6.0000000e+00   7.8000000e+01   7.8000000e+01   3.3900000e+02   3.3800000e+02   2.3170200e+05   0.0000000e+00   0.0000000e+00   0.0000000e+00   0.0000000e+00   0.0000000e+00   0.0000000e+00   0.0000000e+00   0.0000000e+00   0.0000000e+00   0.0000000e+00   2.2059293e-02
   7.4999997e+00   2.1995000e+04   2.0000000e+00   2.0000000e+00   7.0000000e+00   7.0000000e+00   7.9000000e+01   7.9000000e+01   3.3900000e+02   3.3900000e+02   2.3208300e+05   0.0000000e+00   0.0000000e+00   0.0000000e+00   0.0000000e+00   0.0000000e+00   0.0000000e+00   0.0000000e+00   0.0000000e+00   0.0000000e+00   0.0000000e+00   2.2059293e-02
   7.5833330e+00   2.2068000e+04   2.0000000e+00   2.0000000e+00   8.0000000e+00   8.0000000e+00   7.9000000e+01   7.9000000e+01   3.4000000e+02   3.4000000e+02   2.3246500e+05   0.0000000e+00   0.0000000e+00   0.0000000e+00   0.0000000e+00   0.0000000e+00   0.0000000e+00   0.0000000e+00   0.0000000e+00   0.0000000e+00   0.0000000e+00   2.2059293e-02
   7.6666664e+00   2.2139000e+04   2.0000000e+00   2.0000000e+00   9.0000000e+00   9.0000000e+00   7.9000000e+01   7.9000000e+01   3.4100000e+02   3.4000000e+02   2.3284700e+05   0.0000000e+00   0.0000000e+00   0.0000000e+00   0.0000000e+00   0.0000000e+00   0.0000000e+00   0.0000000e+00   0.0000000e+00   0.0000000e+00   0.0000000e+00   2.2059293e-02
   7.7499997e+00   2.2208000e+04   3.0000000e+00   3.0000000e+00   1.0000000e+01   1.0000000e+01   7.9000000e+01   7.9000000e+01   3.4200000e+02   3.4100000e+02   2.3323000e+05   0.0000000e+00   0.0000000e+00   0.0000000e+00   0.0000000e+00   0.0000000e+00   0.0000000e+00   0.0000000e+00   0.0000000e+00   0.0000000e+00   0.0000000e+00   2.2059293e-02
   7.8333330e+00   2.2273000e+04   3.0000000e+00   3.0000000e+00   1.2000000e+01   1.1000000e+01   7.9000000e+01   7.9000000e+01   3.4200000e+02   3.4200000e+02   2.3361300e+05   0.0000000e+00   0.0000000e+00   0.0000000e+00   0.0000000e+00   0.0000000e+00   0.0000000e+00   0.0000000e+00   0.0000000e+00   0.0000000e+00   0.0000000e+00   2.2059293e-02
   7.9166664e+00   2.2334000e+04   3.0000000e+00   3.0000000e+00   1.4000000e+01   1.3000000e+01   7.9000000e+01   7.9000000e+01   3.4300000e+02   3.4200000e+02   2.3399700e+05   0.0000000e+00   0.0000000e+00   0.0000000e+00   0.0000000e+00   0.0000000e+00   0.0000000e+00   0.0000000e+00   0.0000000e+00   0.0000000e+00   0.0000000e+00   2.2059293e-02
   7.9999997e+00   2.2391000e+04   4.0000000e+00   4.0000000e+00   1.6000000e+01   1.5000000e+01   8.0000000e+01   8.0000000e+01   3.4300000e+02   3.4300000e+02   2.3438100e+05   0.0000000e+00   0.0000000e+00   0.0000000e+00   0.0000000e+00   0.0000000e+00   0.0000000e+00   0.0000000e+00   0.0000000e+00   0.0000000e+00   0.0000000e+00   2.2059293e-02
   8.0833330e+00   2.2441000e+04   5.0000000e+00   5.0000000e+00   1.9000000e+01   1.7000000e+01   8.0000000e+01   8.0000000e+01   3.4500000e+02   3.4400000e+02   2.3476600e+05   0.0000000e+00   0.0000000e+00   0.0000000e+00   0.0000000e+00   0.0000000e+00   0.0000000e+00   0.0000000e+00   0.0000000e+00   0.0000000e+00   0.0000000e+00   2.2059293e-02
   8.1666663e+00   2.2485000e+04   6.0000000e+00   5.0000000e+00   2.2000000e+01   2.0000000e+01   8.0000000e+01   8.0000000e+01   3.4500000e+02   3.4500000e+02   2.3515100e+05   0.0000000e+00   0.0000000e+00   0.0000000e+00   0.0000000e+00   0.0000000e+00   0.0000000e+00   0.0000000e+00   0.0000000e+00   0.0000000e+00   0.0000000e+00   2.2059293e-02
   8.2499997e+00   2.2522000e+04   6.0000000e+00   6.0000000e+00   2.5000000e+01   2.4000000e+01   8.0000000e+01   8.0000000e+01   3.4600000e+02   3.4600000e+02   2.3553800e+05   0.0000000e+00   0.0000000e+00   0.0000000e+00   0.0000000e+00   0.0000000e+00   0.0000000e+00   0.0000000e+00   0.0000000e+00   0.0000000e+00   0.0000000e+00   2.2059293e-02
   8.3333330e+00   2.2552000e+04   7.0000000e+00   7.0000000e+00   2.9000000e+01   2.7000000e+01   8.0000000e+01   8.0000000e+01   3.4600000e+02   3.4600000e+02   2.3592500e+05   0.0000000e+00   0.0000000e+00   0.0000000e+00   0.0000000e+00   0.0000000e+00   0.0000000e+00   0.0000000e+00   0.0000000e+00   0.0000000e+00   0.0000000e+00   2.2059293e-02
   8.4166663e+00   2.2574000e+04   8.0000000e+00   8.0000000e+00   3.3000000e+01   3.1000000e+01   8.0000000e+01   8.0000000e+01   3.4700000e+02   3.4600000e+02   2.3631300e+05   0.0000000e+00   0.0000000e+00   0.0000000e+00   0.0000000e+00   0.0000000e+00   0.0000000e+00   0.0000000e+00   0.0000000e+00   0.0000000e+00   0.0000000e+00   2.2059293e-02
   8.4999997e+00   2.2586000e+04   1.0000000e+01   9.0000000e+00   3.8000000e+01   3.5000000e+01   8.0000000e+01   8.0000000e+01   3.4700000e+02   3.4700000e+02   2.3670100e+05   0.0000000e+00   0.0000000e+00   0.0000000e+00   0.0000000e+00   0.0000000e+00   0.0000000e+00   0.0000000e+00   0.0000000e+00   0.0000000e+00   0.0000000e+00   2.2059293e-02
   8.5833330e+00   2.2587000e+04   1.1000000e+01   1.1000000e+01   4.4000000e+01   4.1000000e+01   8.0000000e+01   8.0000000e+01   3.4800000e+02   3.4700000e+02   2.3709000e+05   0.0000000e+00   0.0000000e+00   0.0000000e+00   0.0000000e+00   0.0000000e+00   0.0000000e+00   0.0000000e+00   0.0000000e+00   0.0000000e+00   0.0000000e+00   2.2059293e-02
   8.6666663e+00   2.2574000e+04   1.3000000e+01   1.3000000e+01   5.1000000e+01   4.7000000e+01   8.1000000e+01   8.1000000e+01   3.4800000e+02   3.4700000e+02   2.3747900e+05   0.0000000e+00   0.0000000e+00   0.0000000e+00   0.0000000e+00   0.0000000e+00   0.0000000e+00   0.0000000e+00   0.0000000e+00   0.0000000e+00   0.0000000e+00   2.2059293e-02
   8.7499997e+00   2.2546000e+04   1.5000000e+01   1.4000000e+01   5.9000000e+01   5.5000000e+01   8.1000000e+01   8.1000000e+01   3.4900000e+02   3.4800000e+02   2.3786900e+05   0.0000000e+00   0.0000000e+00   0.0000000e+00   0.0000000e+00   0.0000000e+00   0.0000000e+00   0.0000000e+00   0.0000000e+00   0.0000000e+00   0.0000000e+00   2.2059293e-02
   8.8333330e+00   2.2501000e+04   1.7000000e+01   1.7000000e+01   6.7000000e+01   6.3000000e+01   8.1000000e+01   8.1000000e+01   3.4900000e+02   3.4900000e+02   2.3826000e+05   0.0000000e+00   0.0000000e+00   0.0000000e+00   0.0000000e+00   0.0000000e+00   0.0000000e+00   0.0000000e+00   0.0000000e+00   0.0000000e+00   0.0000000e+00   2.2059293e-02
   8.9166663e+00   2.2439000e+04   1.9000000e+01   1.9000000e+01   7.7000000e+01   7.2000000e+01   8.1000000e+01   8.0000000e+01   3.4900000e+02   3.4900000e+02   2.3865100e+05   0.0000000e+00   0.0000000e+00   0.0000000e+00   0.0000000e+00   0.0000000e+00   0.0000000e+00   0.0000000e+00   0.0000000e+00   0.0000000e+00   0.0000000e+00   2.2059293e-02
   8.9999996e+00   2.2357000e+04   2.2000000e+01   2.1000000e+01   8.7000000e+01   8.2000000e+01   8.0000000e+01   8.1000000e+01   3.4900000e+02   3.4900000e+02   2.3904400e+05   0.0000000e+00   0.0000000e+00   0.0000000e+00   0.0000000e+00   0.0000000e+00   0.0000000e+00   0.0000000e+00   0.0000000e+00   0.0000000e+00   0.0000000e+00   2.2059293e-02
   9.0833330e+00   2.2255000e+04   2.4000000e+01   2.4000000e+01   9.8000000e+01   9.2000000e+01   8.0000000e+01   8.1000000e+01   3.4800000e+02   3.4800000e+02   2.3943700e+05   0.0000000e+00   0.0000000e+00   0.0000000e+00   0.0000000e+00   0.0000000e+00   0.0000000e+00   0.0000000e+00   0.0000000e+00   0.0000000e+00   0.0000000e+00   2.2059293e-02
   9.1666663e+00   2.2133000e+04   2.7000000e+01   2.6000000e+01   1.0900000e+02   1.0300000e+02   8.0000000e+01   8.0000000e+01   3.4800000e+02   3.4800000e+02   2.3983100e+05   0.0000000e+00   0.0000000e+00   0.0000000e+00   0.0000000e+00   0.0000000e+00   0.0000000e+00   0.0000000e+00   0.0000000e+00   0.0000000e+00   0.0000000e+00   2.2059293e-02
   9.2499996e+00   2.1990000e+04   3.0000000e+01   2.9000000e+01   1.2100000e+02   1.1500000e+02   8.0000000e+01   8.0000000e+01   3.4800000e+02   3.4700000e+02   2.4022500e+05   0.0000000e+00   0.0000000e+00   0.0000000e+00   0.0000000e+00   0.0000000e+00   0.0000000e+00   0.0000000e+00   0.0000000e+00   0.0000000e+00   0.0000000e+00   2.2059293e-02
   9.3333330e+00   2.1825000e+04   3.2000000e+01   3.2000000e+01   1.3300000e+02   1.2700000e+02   8.0000000e+01   8.0000000e+01   3.4700000e+02   3.4700000e+02   2.4062000e+05   0.0000000e+00   0.0000000e+00   0.0000000e+00   0.0000000e+00   0.0000000e+00   0.0000000e+00   0.0000000e+00   0.0000000e+00   0.0000000e+00   0.0000000e+00   2.2059293e-02
   9.4166663e+00   2.1641000e+04   3.5000000e+01   3.5000000e+01   1.4400000e+02   1.3800000e+02   8.0000000e+01   8.0000000e+01   3.4700000e+02   3.4700000e+02   2.4101600e+05   0.0000000e+00   0.0000000e+00   0.0000000e+00   0.0000000e+00   0.0000000e+00   0.0000000e+00   0.0000000e+00   0.0000000e+00   0.0000000e+00   0.0000000e+00   2.2059293e-02
   9.4999996e+00   2.1438000e+04   3.7000000e+01   3.7000000e+01   1.5500000e+02   1.4900000e+02   8.0000000e+01   8.0000000e+01   3.4600000e+02   3.4700000e+02   2.4141200e+05   0.0000000e+00   0.0000000e+00   0.0000000e+00   0.0000000e+00   0.0000000e+00   0.0000000e+00   0.0000000e+00   0.0000000e+00   0.0000000e+00   0.0000000e+00   2.2059293e-02
   9.5833330e+00   2.1221000e+04   3.9000000e+01   3.9000000e+01   1.6400000e+02   1.5900000e+02   7.9000000e+01   8.0000000e+01   3.4500000e+02   3.4500000e+02   2.4180800e+05   0.0000000e+00   0.0000000e+00   0.0000000e+00   0.0000000e+00   0.0000000e+00   0.0000000e+00   0.0000000e+00   0.0000000e+00   0.0000000e+00   0.0000000e+00   2.2059293e-02
   9.6666663e+00   2.0994000e+04   4.1000000e+01   4.1000000e+01   1.7200000e+02   1.6800000e+02   8.0000000e+01   7.9000000e+01   3.4400000e+02   3.4500000e+02   2.4220500e+05   0.0000000e+00   0.0000000e+00   0.0000000e+00   0.0000000e+00   0.0000000e+00   0.0000000e+00   0.0000000e+00   0.0000000e+00   0.0000000e+00   0.0000000e+00   2.2059293e-02
   9.7499996e+00   2.0758000e+04   4.2000000e+01   4.2000000e+01   1.7800000e+02   1.7500000e+02   7.9000000e+01   7.9000000e+01   3.4300000e+02   3.4300000e+02   2.4260300e+05   0.0000000e+00   0.0000000e+00   0.0000000e+00   0.0000000e+00   0.0000000e+00   0.0000000e+00   0.0000000e+00   0.0000000e+00   0.0000000e+00   0.0000000e+00   2.2059293e-02
   9.8333329e+00   2.0519000e+04   4.2000000e+01   4.2000000e+01   1.8200000e+02   1.8000000e+02   7.9000000e+01   7.9000000e+01   3.4200000e+02   3.4200000e+02   2.4300100e+05   0.0000000e+00   0.0000000e+00   0.0000000e+00   0.0000000e+00   0.0000000e+00   0.0000000e+00   0.0000000e+00   0.0000000e+00   0.0000000e+00   0.0000000e+00   2.2059293e-02
   9.9166663e+00   2.0284000e+04   4.2000000e+01   4.2000000e+01   1.8300000e+02   1.8200000e+02   7.9000000e+01   7.9000000e+01   3.4200000e+02   3.4100000e+02   2.4340000e+05   0.0000000e+00   0.0000000e+00   0.0000000e+00   0.0000000e+00   0.0000000e+00   0.0000000e+00   0.0000000e+00   0.0000000e+00   0.0000000e+00   0.0000000e+00   2.2059293e-02
   9.9999996e+00   2.0056000e+04   4.2000000e+01   4.2000000e+01   1.8200000e+02   1.8200000e+02   7.9000000e+01   7.9000000e+01   3.4100000e+02   3.4100000e+02   2.4380000e+05   0.0000000e+00   0.0000000e+00   0.0000000e+00   0.0000000e+00   0.0000000e+00   0.0000000e+00   0.0000000e+00   0.0000000e+00   0.0000000e+00   0.0000000e+00   2.2059293e-02
   1.0083333e+01   1.9839000e+04   4.1000000e+01   4.1000000e+01   1.7900000e+02   1.8000000e+02   7.8000000e+01   7.8000000e+01   3.4000000e+02   3.4000000e+02   2.4420100e+05   0.0000000e+00   0.0000000e+00   0.0000000e+00   0.0000000e+00   0.0000000e+00   0.0000000e+00   0.0000000e+00   0.0000000e+00   0.0000000e+00   0.0000000e+00   2.2059293e-02
