   0.0000000e+00   1.6684367e+04   7.4001800e+01   7.3809400e+01   3.2031940e+02   3.1948460e+02   0.0000000e+00   0.0000000e+00   0.0000000e+00   0.0000000e+00   2.0019811e+05   3.0582009e+01   8.6344804e+00   8.7331036e+00   1.7100890e+01   1.5538704e+01   0.0000000e+00   0.0000000e+00   0.0000000e+00   0.0000000e+00   2.4968475e+01   0.0000000e+00
   8.3333330e-02   1.6714846e+04   7.4181400e+01   7.3790000e+01   3.1995450e+02   3.2019330e+02   0.0000000e+00   0.0000000e+00   0.0000000e+00   0.0000000e+00   2.0052794e+05   6.3845210e+01   9.4201045e+00   9.2878483e+00   2.3160446e+01   2.1420112e+01   0.0000000e+00   0.0000000e+00   0.0000000e+00   0.0000000e+00   4.1284585e+01   0.0000000e+00
   1.6666666e-01   1.6743686e+04   7.3961500e+01   7.4031300e+01   3.2030780e+02   3.2012580e+02   0.0000000e+00   0.0000000e+00   0.0000000e+00   0.0000000e+00   2.0085702e+05   1.0270140e+02   1.0002831e+01   9.7903578e+00   2.7189435e+01   2.6070902e+01   0.0000000e+00   0.0000000e+00   0.0000000e+00   0.0000000e+00   5.2707422e+01   0.0000000e+00
   2.4999999e-01   1.6775083e+04   7.3982400e+01   7.3898000e+01   3.1952900e+02   3.1967890e+02   0.0000000e+00   0.0000000e+00   0.0000000e+00   0.0000000e+00   2.0118612e+05   1.4305184e+02   1.0217227e+01   1.0232491e+01   2.9680796e+01   2.9060252e+01   0.0000000e+00   0.0000000e+00   0.0000000e+00   0.0000000e+00   6.1515252e+01   0.0000000e+00
   3.3333332e-01   1.6805658e+04   7.3852500e+01   7.4138700e+01   3.2023250e+02   3.1997200e+02   0.0000000e+00   0.0000000e+00   0.0000000e+00   0.0000000e+00   2.0151811e+05   1.8712988e+02   1.0452534e+01   1.0469748e+01   3.1831710e+01   3.1424589e+01   0.0000000e+00   0.0000000e+00   0.0000000e+00   0.0000000e+00   6.8853164e+01   0.0000000e+00
   4.1666665e-01   1.6837703e+04   7.4041100e+01   7.3941300e+01   3.2052940e+02   3.2014570e+02   0.0000000e+00   0.0000000e+00   0.0000000e+00   0.0000000e+00   2.0184856e+05   2.2772569e+02   1.0456173e+01   1.0350631e+01   3.2292594e+01   3.1869786e+01   0.0000000e+00   0.0000000e+00   0.0000000e+00   0.0000000e+00   7.6954803e+01   0.0000000e+00
   4.9999998e-01   1.6876599e+04   7.3952000e+01   7.3861500e+01   3.2030370e+02   3.1986800e+02   0.0000000e+00   0.0000000e+00   0.0000000e+00   0.0000000e+00   2.0218115e+05   2.6861155e+02   1.0459122e+01   1.0588424e+01   3.3173015e+01   3.2761323e+01   0.0000000e+00   0.0000000e+00   0.0000000e+00   0.0000000e+00   8.3962696e+01   0.0000000e+00
   5.8333331e-01   1.6910380e+04   7.3858900e+01   7.3918700e+01   3.2042090e+02   3.1973190e+02   0.0000000e+00   0.0000000e+00   0.0000000e+00   0.0000000e+00   2.0251378e+05   3.0639274e+02   1.0700871e+01   1.0689496e+01   3.3426470e+01   3.3424230e+01   0.0000000e+00   0.0000000e+00   0.0000000e+00   0.0000000e+00   9.0063536e+01   0.0000000e+00
   6.6666664e-01   1.6953702e+04   7.4192900e+01   7.3790500e+01   3.1997660e+02   3.1925530e+02   0.0000000e+00   0.0000000e+00   0.0000000e+00   0.0000000e+00   2.0284565e+05   3.3411596e+02   1.0647564e+01   1.0742474e+01   3.3532556e+01   3.3472830e+01   0.0000000e+00   0.0000000e+00   0.0000000e+00   0.0000000e+00   9.4949819e+01   0.0000000e+00
   7.4999997e-01   1.6993050e+04   7.4093700e+01   7.4251800e+01   3.2015420e+02   3.1992140e+02   0.0000000e+00   0.0000000e+00   0.0000000e+00   0.0000000e+00   2.0317704e+05   3.5955130e+02   1.0708398e+01   1.0801457e+01   3.4344440e+01   3.3838379e+01   0.0000000e+00   0.0000000e+00   0.0000000e+00   0.0000000e+00   1.0261975e+02   0.0000000e+00
   8.3333330e-01   1.7023079e+04   7.4434000e+01   7.4142700e+01   3.2163470e+02   3.2039210e+02   0.0000000e+00   0.0000000e+00   0.0000000e+00   0.0000000e+00   2.0351146e+05   3.8757451e+02   1.0767239e+01   1.0802028e+01   3.3204182e+01   3.4243963e+01   0.0000000e+00   0.0000000e+00   0.0000000e+00   0.0000000e+00   1.0795875e+02   0.0000000e+00
   9.1666663e-01   1.7063288e+04   7.4912900e+01   7.4820500e+01   3.2305310e+02   3.2252310e+02   0.0000000e+00   0.0000000e+00   0.0000000e+00   0.0000000e+00   2.0384813e+05   3.9828319e+02   1.0945579e+01   1.0917042e+01   3.4841508e+01   3.4840411e+01   0.0000000e+00   0.0000000e+00   0.0000000e+00   0.0000000e+00   1.1048188e+02   0.0000000e+00
   9.9999996e-01   1.7109825e+04   7.4782300e+01   7.4636700e+01   3.2286320e+02   3.2140520e+02   0.0000000e+00   0.0000000e+00   0.0000000e+00   0.0000000e+00   2.0418478e+05   4.0448972e+02   1.1258081e+01   1.1255496e+01   3.6519984e+01   3.5732860e+01   0.0000000e+00   0.0000000e+00   0.0000000e+00   0.0000000e+00   1.1639071e+02   0.0000000e+00
   1.0833333e+00   1.7126342e+04   7.5373200e+01   7.5145100e+01   3.2501530e+02   3.2415190e+02   0.0000000e+00   0.0000000e+00   0.0000000e+00   0.0000000e+00   2.0451734e+05   4.0413883e+02   1.1605731e+01   1.1499777e+01   3.7551688e+01   3.7297069e+01   0.0000000e+00   0.0000000e+00   0.0000000e+00   0.0000000e+00   1.2058102e+02   0.0000000e+00
   1.1666666e+00   1.7159339e+04   7.5741200e+01   7.5495700e+01   3.2633520e+02   3.2526130e+02   0.0000000e+00   0.0000000e+00   0.0000000e+00   0.0000000e+00   2.0484836e+05   4.1149496e+02   1.2143030e+01   1.2025408e+01   4.0072707e+01   3.9357230e+01   0.0000000e+00   0.0000000e+00   0.0000000e+00   0.0000000e+00   1.2545927e+02   0.0000000e+00
   1.2500000e+00   1.7189620e+04   7.6098500e+01   7.5937400e+01   3.2810780e+02   3.2688590e+02   0.0000000e+00   0.0000000e+00   0.0000000e+00   0.0000000e+00   2.0518292e+05   4.1326152e+02   1.2543904e+01   1.2303740e+01   4.1952494e+01   4.0751934e+01   0.0000000e+00   0.0000000e+00   0.0000000e+00   0.0000000e+00   1.2853664e+02   0.0000000e+00
   1.3333333e+00   1.7213865e+04   7.6346200e+01   7.6132400e+01   3.2979350e+02   3.2879370e+02   0.0000000e+00   0.0000000e+00   0.0000000e+00   0.0000000e+00   2.0552049e+05   4.1459337e+02   1.2955552e+01   1.2731963e+01   4.4258284e+01   4.3092153e+01   0.0000000e+00   0.0000000e+00   0.0000000e+00   0.0000000e+00   1.3371691e+02   0.0000000e+00
   1.4166666e+00   1.7238082e+04   7.6642000e+01   7.6630000e+01   3.3052760e+02   3.3021450e+02   0.0000000e+00   0.0000000e+00   0.0000000e+00   0.0000000e+00   2.0586098e+05   4.3212839e+02   1.3059115e+01   1.2935070e+01   4.5033452e+01   4.4360981e+01   0.0000000e+00   0.0000000e+00   0.0000000e+00   0.0000000e+00   1.3477914e+02   0.0000000e+00
   1.4999999e+00   1.7253277e+04   7.6894500e+01   7.6820500e+01   3.3254800e+02   3.3175700e+02   0.0000000e+00   0.0000000e+00   0.0000000e+00   0.0000000e+00   2.0620128e+05   4.3403870e+02   1.3211965e+01   1.3224711e+01   4.6012872e+01   4.5253264e+01   0.0000000e+00   0.0000000e+00   0.0000000e+00   0.0000000e+00   1.4124977e+02   0.0000000e+00
   1.5833333e+00   1.7270618e+04   7.7696800e+01   7.7750700e+01   3.3585170e+02   3.3454160e+02   0.0000000e+00   0.0000000e+00   0.0000000e+00   0.0000000e+00   2.0654304e+05   4.3669746e+02   1.3510127e+01   1.3441191e+01   4.7469816e+01   4.6520706e+01   0.0000000e+00   0.0000000e+00   0.0000000e+00   0.0000000e+00   1.4445495e+02   0.0000000e+00
   1.6666666e+00   1.7284474e+04   7.7711400e+01   7.7588200e+01   3.3567640e+02   3.3506470e+02   0.0000000e+00   0.0000000e+00   0.0000000e+00   0.0000000e+00   2.0688411e+05   4.4395398e+02   1.3796737e+01   1.3495534e+01   4.8252970e+01   4.8186084e+01   0.0000000e+00   0.0000000e+00   0.0000000e+00   0.0000000e+00   1.5163227e+02   0.0000000e+00
   1.7499999e+00   1.7305325e+04   7.8041000e+01   7.7734600e+01   3.3665430e+02   3.3637570e+02   0.0000000e+00   0.0000000e+00   0.0000000e+00   0.0000000e+00   2.0722079e+05   4.4841564e+02   1.3793801e+01   1.3878899e+01   4.9409514e+01   4.9305025e+01   0.0000000e+00   0.0000000e+00   0.0000000e+00   0.0000000e+00   1.5403999e+02   0.0000000e+00
   1.8333333e+00   1.7328836e+04   7.7672500e+01   7.7776500e+01   3.3652610e+02   3.3624850e+02   0.0000000e+00   0.0000000e+00   0.0000000e+00   0.0000000e+00   2.0756037e+05   4.5799571e+02   1.4125849e+01   1.3886167e+01   5.0225330e+01   5.0594167e+01   0.0000000e+00   0.0000000e+00   0.0000000e+00   0.0000000e+00   1.6032372e+02   0.0000000e+00
   1.9166666e+00   1.7345034e+04   7.8026600e+01   7.7902900e+01   3.3738710e+02   3.3701030e+02   0.0000000e+00   0.0000000e+00   0.0000000e+00   0.0000000e+00   2.0789908e+05   4.7006805e+02   1.4014654e+01   1.4074981e+01   5.1161331e+01   5.1058093e+01   0.0000000e+00   0.0000000e+00   0.0000000e+00   0.0000000e+00   1.6150676e+02   0.0000000e+00
   1.9999999e+00   1.7362853e+04   7.8053700e+01   7.7803600e+01   3.3848550e+02   3.3805940e+02   0.0000000e+00   0.0000000e+00   0.0000000e+00   0.0000000e+00   2.0824171e+05   4.8682529e+02   1.3991676e+01   1.3969157e+01   5.1254808e+01   5.1672510e+01   0.0000000e+00   0.0000000e+00   0.0000000e+00   0.0000000e+00   1.6432652e+02   0.0000000e+00
   2.0833333e+00   1.7394461e+04   7.7960000e+01   7.7706000e+01   3.3745780e+02   3.3691810e+02   0.0000000e+00   0.0000000e+00   0.0000000e+00   0.0000000e+00   2.0858166e+05   5.0600494e+02   1.3693873e+01   1.3654721e+01   4.9805591e+01   5.0462711e+01   0.0000000e+00   0.0000000e+00   0.0000000e+00   0.0000000e+00   1.6698772e+02   0.0000000e+00
   2.1666666e+00   1.7408607e+04   7.7945100e+01   7.8099200e+01   3.3847140e+02   3.3845070e+02   0.0000000e+00   0.0000000e+00   0.0000000e+00   0.0000000e+00   2.0892835e+05   5.1627860e+02   1.4059746e+01   1.3999427e+01   5.0807719e+01   5.1175030e+01   0.0000000e+00   0.0000000e+00   0.0000000e+00   0.0000000e+00   1.6995641e+02   0.0000000e+00
   2.2499999e+00   1.7411933e+04   7.7625100e+01   7.7451500e+01   3.3670800e+02   3.3715280e+02   0.0000000e+00   0.0000000e+00   0.0000000e+00   0.0000000e+00   2.0927002e+05   5.2437324e+02   1.4055700e+01   1.4042021e+01   5.0582784e+01   5.0549672e+01   0.0000000e+00   0.0000000e+00   0.0000000e+00   0.0000000e+00   1.7417930e+02   0.0000000e+00
   2.3333332e+00   1.7440581e+04   7.7487000e+01   7.7717400e+01   3.3621730e+02   3.3650280e+02   0.0000000e+00   0.0000000e+00   0.0000000e+00   0.0000000e+00   2.0961513e+05   5.3442996e+02   1.4047803e+01   1.4209558e+01   5.0972964e+01   5.1037536e+01   0.0000000e+00   0.0000000e+00   0.0000000e+00   0.0000000e+00   1.7838729e+02   0.0000000e+00
   2.4166666e+00   1.7462476e+04   7.7563400e+01   7.7566100e+01   3.3612490e+02   3.3682140e+02   0.0000000e+00   0.0000000e+00   0.0000000e+00   0.0000000e+00   2.0995823e+05   5.3789261e+02   1.3770510e+01   1.3885543e+01   5.0499817e+01   5.0542803e+01   0.0000000e+00   0.0000000e+00   0.0000000e+00   0.0000000e+00   1.7803983e+02   0.0000000e+00
   2.4999999e+00   1.7488851e+04   7.7271100e+01   7.7023900e+01   3.3533970e+02   3.3552080e+02   0.0000000e+00   0.0000000e+00   0.0000000e+00   0.0000000e+00   2.1030660e+05   5.3821301e+02   1.4010533e+01   1.3955601e+01   5.1500902e+01   5.1067529e+01   0.0000000e+00   0.0000000e+00   0.0000000e+00   0.0000000e+00   1.8397742e+02   0.0000000e+00
   2.5833332e+00   1.7516203e+04   7.7208300e+01   7.6933100e+01   3.3419140e+02   3.3480930e+02   0.0000000e+00   0.0000000e+00   0.0000000e+00   0.0000000e+00   2.1064898e+05   5.4298169e+02   1.4291548e+01   1.4034654e+01   5.1443223e+01   5.1009483e+01   0.0000000e+00   0.0000000e+00   0.0000000e+00   0.0000000e+00   1.8758993e+02   0.0000000e+00
   2.6666666e+00   1.7550320e+04   7.6970600e+01   7.7064500e+01   3.3412260e+02   3.3399280e+02   0.0000000e+00   0.0000000e+00   0.0000000e+00   0.0000000e+00   2.1099176e+05   5.4709681e+02   1.4545635e+01   1.4587283e+01   5.3487992e+01   5.3180498e+01   0.0000000e+00   0.0000000e+00   0.0000000e+00   0.0000000e+00   1.9308533e+02   0.0000000e+00
   2.7499999e+00   1.7574231e+04   7.6954100e+01   7.6927600e+01   3.3348030e+02   3.3391770e+02   0.0000000e+00   0.0000000e+00   0.0000000e+00   0.0000000e+00   2.1133104e+05   5.4015091e+02   1.4440286e+01   1.4609322e+01   5.3993812e+01   5.3273674e+01   0.0000000e+00   0.0000000e+00   0.0000000e+00   0.0000000e+00   1.9248995e+02   0.0000000e+00
   2.8333332e+00   1.7625651e+04   7.6940400e+01   7.6870700e+01   3.3361140e+02   3.3333270e+02   0.0000000e+00   0.0000000e+00   0.0000000e+00   0.0000000e+00   2.1168269e+05   5.2880921e+02   1.5110403e+01   1.5015343e+01   5.5587329e+01   5.5228670e+01   0.0000000e+00   0.0000000e+00   0.0000000e+00   0.0000000e+00   1.9693564e+02   0.0000000e+00
   2.9166665e+00   1.7663447e+04   7.6956900e+01   7.7074700e+01   3.3367180e+02   3.3303530e+02   0.0000000e+00   0.0000000e+00   0.0000000e+00   0.0000000e+00   2.1202782e+05   5.3680908e+02   1.5137640e+01   1.5138865e+01   5.6764770e+01   5.6068262e+01   0.0000000e+00   0.0000000e+00   0.0000000e+00   0.0000000e+00   2.0360444e+02   0.0000000e+00
   2.9999999e+00   1.7705943e+04   7.6942300e+01   7.7078500e+01   3.3349680e+02   3.3302140e+02   0.0000000e+00   0.0000000e+00   0.0000000e+00   0.0000000e+00   2.1237535e+05   5.4134577e+02   1.5326587e+01   1.5279996e+01   5.7861351e+01   5.7005750e+01   0.0000000e+00   0.0000000e+00   0.0000000e+00   0.0000000e+00   2.0500228e+02   0.0000000e+00
   3.0833332e+00   1.7755065e+04   7.6695900e+01   7.6560400e+01   3.3224990e+02   3.3153450e+02   0.0000000e+00   0.0000000e+00   0.0000000e+00   0.0000000e+00   2.1272549e+05   5.4788764e+02   1.5732087e+01   1.5604317e+01   5.9035269e+01   5.8835498e+01   0.0000000e+00   0.0000000e+00   0.0000000e+00   0.0000000e+00   2.0889563e+02   0.0000000e+00
   3.1666665e+00   1.7800256e+04   7.6631400e+01   7.6548100e+01   3.3161780e+02   3.3081550e+02   0.0000000e+00   0.0000000e+00   0.0000000e+00   0.0000000e+00   2.1307632e+05   5.5152030e+02   1.5245425e+01   1.5364840e+01   5.7709335e+01   5.7745823e+01   0.0000000e+00   0.0000000e+00   0.0000000e+00   0.0000000e+00   2.1220172e+02   0.0000000e+00
   3.2499999e+00   1.7850759e+04   7.6692400e+01   7.6600200e+01   3.3162780e+02   3.3134830e+02   0.0000000e+00   0.0000000e+00   0.0000000e+00   0.0000000e+00   2.1342567e+05   5.5489530e+02   1.5534778e+01   1.5438692e+01   5.8237105e+01   5.8244674e+01   0.0000000e+00   0.0000000e+00   0.0000000e+00   0.0000000e+00   2.1329464e+02   0.0000000e+00
   3.3333332e+00   1.7885246e+04   7.7002000e+01   7.6707400e+01   3.3219900e+02   3.3189630e+02   0.0000000e+00   0.0000000e+00   0.0000000e+00   0.0000000e+00   2.1377108e+05   5.6144292e+02   1.5392793e+01   1.5554806e+01   5.8319778e+01   5.7974940e+01   0.0000000e+00   0.0000000e+00   0.0000000e+00   0.0000000e+00   2.2228729e+02   0.0000000e+00
   3.4166665e+00   1.7941379e+04   7.7132900e+01   7.7213600e+01   3.3255880e+02   3.3236940e+02   0.0000000e+00   0.0000000e+00   0.0000000e+00   0.0000000e+00   2.1412111e+05   5.7345502e+02   1.5068024e+01   1.5353083e+01   5.7754828e+01   5.7175948e+01   0.0000000e+00   0.0000000e+00   0.0000000e+00   0.0000000e+00   2.2197493e+02   0.0000000e+00
   3.4999999e+00   1.7971972e+04   7.7246400e+01   7.7227500e+01   3.3352350e+02   3.3310590e+02   0.0000000e+00   0.0000000e+00   0.0000000e+00   0.0000000e+00   2.1446882e+05   5.6986010e+02   1.5375946e+01   1.5209953e+01   5.7274426e+01   5.8079781e+01   0.0000000e+00   0.0000000e+00   0.0000000e+00   0.0000000e+00   2.2698569e+02   0.0000000e+00
   3.5833332e+00   1.8028157e+04   7.7709400e+01   7.7415700e+01   3.3425400e+02   3.3287170e+02   0.0000000e+00   0.0000000e+00   0.0000000e+00   0.0000000e+00   2.1481750e+05   5.8497496e+02   1.5419596e+01   1.5460647e+01   5.7178110e+01   5.7443766e+01   0.0000000e+00   0.0000000e+00   0.0000000e+00   0.0000000e+00   2.2518029e+02   0.0000000e+00
   3.6666665e+00   1.8081051e+04   7.7852100e+01   7.7819400e+01   3.3667910e+02   3.3524060e+02   0.0000000e+00   0.0000000e+00   0.0000000e+00   0.0000000e+00   2.1517684e+05   5.8642255e+02   1.5555823e+01   1.5419584e+01   5.8193446e+01   5.7607852e+01   0.0000000e+00   0.0000000e+00   0.0000000e+00   0.0000000e+00   2.2796441e+02   0.0000000e+00
   3.7499998e+00   1.8104204e+04   7.8855200e+01   7.8971000e+01   3.4050180e+02   3.3847250e+02   0.0000000e+00   0.0000000e+00   0.0000000e+00   0.0000000e+00   2.1553382e+05   5.8775011e+02   1.5331880e+01   1.5566888e+01   5.7808321e+01   5.7431520e+01   0.0000000e+00   0.0000000e+00   0.0000000e+00   0.0000000e+00   2.3322697e+02   0.0000000e+00
   3.8333332e+00   1.8154032e+04   7.9683200e+01   7.9349600e+01   3.4282680e+02   3.4113660e+02   0.0000000e+00   0.0000000e+00   0.0000000e+00   0.0000000e+00   2.1588299e+05   5.9700141e+02   1.5626460e+01   1.5533007e+01   5.9126552e+01   5.8489138e+01   0.0000000e+00   0.0000000e+00   0.0000000e+00   0.0000000e+00   2.3878873e+02   0.0000000e+00
   3.9166665e+00   1.8186844e+04   8.0333500e+01   8.0317600e+01   3.4601140e+02   3.4456810e+02   0.0000000e+00   0.0000000e+00   0.0000000e+00   0.0000000e+00   2.1623937e+05   5.9729356e+02   1.6147463e+01   1.5879306e+01   6.0509507e+01   6.0035055e+01   0.0000000e+00   0.0000000e+00   0.0000000e+00   0.0000000e+00   2.3971513e+02   0.0000000e+00
   3.9999998e+00   1.8236250e+04   8.1617000e+01   8.1195200e+01   3.5026010e+02   3.4883140e+02   0.0000000e+00   0.0000000e+00   0.0000000e+00   0.0000000e+00   2.1659654e+05   5.9542075e+02   1.6157996e+01   1.6233159e+01   6.1768383e+01   6.1283751e+01   0.0000000e+00   0.0000000e+00   0.0000000e+00   0.0000000e+00   2.4339174e+02   0.0000000e+00
   4.0833332e+00   1.8235936e+04   8.1685700e+01   8.1766600e+01   3.5322780e+02   3.5133410e+02   0.0000000e+00   0.0000000e+00   0.0000000e+00   0.0000000e+00   2.1695358e+05   5.8952860e+02   1.6526349e+01   1.6207276e+01   6.1968667e+01   6.1444658e+01   0.0000000e+00   0.0000000e+00   0.0000000e+00   0.0000000e+00   2.4296262e+02   0.0000000e+00
   4.1666665e+00   1.8257765e+04   8.2292200e+01   8.2354400e+01   3.5479850e+02   3.5361770e+02   0.0000000e+00   0.0000000e+00   0.0000000e+00   0.0000000e+00   2.1730784e+05   5.9764764e+02   1.6502044e+01   1.6465282e+01   6.3368433e+01   6.2925398e+01   0.0000000e+00   0.0000000e+00   0.0000000e+00   0.0000000e+00   2.5066244e+02   0.0000000e+00
   4.2499998e+00   1.8271177e+04   8.3038800e+01   8.3072200e+01   3.5829770e+02   3.5711050e+02   0.0000000e+00   0.0000000e+00   0.0000000e+00   0.0000000e+00   2.1766316e+05   6.1007740e+02   1.6672585e+01   1.6403326e+01   6.3752331e+01   6.3125503e+01   0.0000000e+00   0.0000000e+00   0.0000000e+00   0.0000000e+00   2.5598457e+02   0.0000000e+00
   4.3333332e+00   1.8277523e+04   8.3458800e+01   8.3334700e+01   3.5995260e+02   3.5886310e+02   0.0000000e+00   0.0000000e+00   0.0000000e+00   0.0000000e+00   2.1802457e+05   6.0625529e+02   1.6393547e+01   1.6506893e+01   6.2947963e+01   6.1892471e+01   0.0000000e+00   0.0000000e+00   0.0000000e+00   0.0000000e+00   2.5656235e+02   0.0000000e+00
   4.4166665e+00   1.8283513e+04   8.3581400e+01   8.3331600e+01   3.6015040e+02   3.5941230e+02   0.0000000e+00   0.0000000e+00   0.0000000e+00   0.0000000e+00   2.1838663e+05   6.1606637e+02   1.6656204e+01   1.6581892e+01   6.3449479e+01   6.2785302e+01   0.0000000e+00   0.0000000e+00   0.0000000e+00   0.0000000e+00   2.5841921e+02   0.0000000e+00
   4.4999998e+00   1.8290266e+04   8.3587700e+01   8.3489000e+01   3.6091250e+02   3.6045690e+02   0.0000000e+00   0.0000000e+00   0.0000000e+00   0.0000000e+00   2.1875077e+05   6.1589139e+02   1.6476015e+01   1.6593885e+01   6.2820523e+01   6.2538664e+01   0.0000000e+00   0.0000000e+00   0.0000000e+00   0.0000000e+00   2.6288545e+02   0.0000000e+00
   4.5833331e+00   1.8303717e+04   8.3575200e+01   8.3484600e+01   3.6133650e+02   3.6135400e+02   0.0000000e+00   0.0000000e+00   0.0000000e+00   0.0000000e+00   2.1911203e+05   6.1619062e+02   1.6536967e+01   1.6567330e+01   6.3778094e+01   6.3525926e+01   0.0000000e+00   0.0000000e+00   0.0000000e+00   0.0000000e+00   2.6885765e+02   0.0000000e+00
   4.6666665e+00   1.8319632e+04   8.3402300e+01   8.3584400e+01   3.6137660e+02   3.6156880e+02   0.0000000e+00   0.0000000e+00   0.0000000e+00   0.0000000e+00   2.1946845e+05   6.3089965e+02   1.6508868e+01   1.6570417e+01   6.3081909e+01   6.3132578e+01   0.0000000e+00   0.0000000e+00   0.0000000e+00   0.0000000e+00   2.7185570e+02   0.0000000e+00
   4.7499998e+00   1.8296407e+04   8.2925000e+01   8.2907200e+01   3.6000880e+02   3.6019680e+02   0.0000000e+00   0.0000000e+00   0.0000000e+00   0.0000000e+00   2.1982977e+05   6.2745670e+02   1.6479713e+01   1.6293119e+01   6.1740545e+01   6.2320057e+01   0.0000000e+00   0.0000000e+00   0.0000000e+00   0.0000000e+00   2.7759949e+02   0.0000000e+00
   4.8333331e+00   1.8319853e+04   8.3087900e+01   8.3174800e+01   3.6037440e+02   3.6029750e+02   0.0000000e+00   0.0000000e+00   0.0000000e+00   0.0000000e+00   2.2018581e+05   6.2454042e+02   1.6813674e+01   1.6669176e+01   6.3535100e+01   6.3984876e+01   0.0000000e+00   0.0000000e+00   0.0000000e+00   0.0000000e+00   2.7670573e+02   0.0000000e+00
   4.9166665e+00   1.8342010e+04   8.3043100e+01   8.3024200e+01   3.6083180e+02   3.6023500e+02   0.0000000e+00   0.0000000e+00   0.0000000e+00   0.0000000e+00   2.2054474e+05   6.2466261e+02   1.6807180e+01   1.6387973e+01   6.3251144e+01   6.3610413e+01   0.0000000e+00   0.0000000e+00   0.0000000e+00   0.0000000e+00   2.8011015e+02   0.0000000e+00
   4.9999998e+00   1.8354944e+04   8.2655700e+01   8.2630500e+01   3.5856440e+02   3.5934050e+02   0.0000000e+00   0.0000000e+00   0.0000000e+00   0.0000000e+00   2.2091486e+05   6.2487775e+02   1.6886316e+01   1.6597979e+01   6.4886597e+01   6.4999231e+01   0.0000000e+00   0.0000000e+00   0.0000000e+00   0.0000000e+00   2.8488053e+02   0.0000000e+00
   5.0833331e+00   1.8383706e+04   8.2399900e+01   8.2284500e+01   3.5701310e+02   3.5748540e+02   0.0000000e+00   0.0000000e+00   0.0000000e+00   0.0000000e+00   2.2126718e+05   6.2448254e+02   1.6964792e+01   1.6989686e+01   6.5139131e+01   6.4848418e+01   0.0000000e+00   0.0000000e+00   0.0000000e+00   0.0000000e+00   2.8499908e+02   0.0000000e+00
   5.1666665e+00   1.8415007e+04   8.1946300e+01   8.2140800e+01   3.5549660e+02   3.5613900e+02   0.0000000e+00   0.0000000e+00   0.0000000e+00   0.0000000e+00   2.2164162e+05   6.2770795e+02   1.6643080e+01   1.6717420e+01   6.4040999e+01   6.3452441e+01   0.0000000e+00   0.0000000e+00   0.0000000e+00   0.0000000e+00   2.8526359e+02   0.0000000e+00
   5.2499998e+00   1.8463173e+04   8.1834500e+01   8.1776300e+01   3.5451050e+02   3.5559600e+02   0.0000000e+00   0.0000000e+00   0.0000000e+00   0.0000000e+00   2.2201064e+05   6.1669923e+02   1.6814642e+01   1.6668048e+01   6.5203907e+01   6.4935046e+01   0.0000000e+00   0.0000000e+00   0.0000000e+00   0.0000000e+00   2.9104583e+02   0.0000000e+00
   5.3333331e+00   1.8482268e+04   8.1713900e+01   8.1638300e+01   3.5468060e+02   3.5495050e+02   0.0000000e+00   0.0000000e+00   0.0000000e+00   0.0000000e+00   2.2237306e+05   6.3201789e+02   1.6880662e+01   1.6944621e+01   6.4989756e+01   6.4744883e+01   0.0000000e+00   0.0000000e+00   0.0000000e+00   0.0000000e+00   2.9239211e+02   0.0000000e+00
   5.4166665e+00   1.8524904e+04   8.0993800e+01   8.1157500e+01   3.5132460e+02   3.5171650e+02   0.0000000e+00   0.0000000e+00   0.0000000e+00   0.0000000e+00   2.2274205e+05   6.4453818e+02   1.6878580e+01   1.6970754e+01   6.5471657e+01   6.5484912e+01   0.0000000e+00   0.0000000e+00   0.0000000e+00   0.0000000e+00   2.9588019e+02   0.0000000e+00
   5.4999998e+00   1.8577339e+04   8.0989800e+01   8.0879500e+01   3.5006290e+02   3.5084250e+02   0.0000000e+00   0.0000000e+00   0.0000000e+00   0.0000000e+00   2.2310861e+05   6.5025848e+02   1.6636820e+01   1.6687086e+01   6.4750585e+01   6.4626720e+01   0.0000000e+00   0.0000000e+00   0.0000000e+00   0.0000000e+00   3.0022583e+02   0.0000000e+00
   5.5833331e+00   1.8622356e+04   8.0833800e+01   8.0573400e+01   3.4952280e+02   3.4943480e+02   0.0000000e+00   0.0000000e+00   0.0000000e+00   0.0000000e+00   2.2347031e+05   6.5128072e+02   1.6509423e+01   1.6429839e+01   6.4386423e+01   6.4107188e+01   0.0000000e+00   0.0000000e+00   0.0000000e+00   0.0000000e+00   3.0004403e+02   0.0000000e+00
   5.6666664e+00   1.8678594e+04   8.0829900e+01   8.0574300e+01   3.4881140e+02   3.4836300e+02   0.0000000e+00   0.0000000e+00   0.0000000e+00   0.0000000e+00   2.2384270e+05   6.6127148e+02   1.6555331e+01   1.6626543e+01   6.4126485e+01   6.3747461e+01   0.0000000e+00   0.0000000e+00   0.0000000e+00   0.0000000e+00   3.0047239e+02   0.0000000e+00
   5.7499998e+00   1.8733450e+04   8.0883100e+01   8.0959800e+01   3.5026750e+02   3.4982490e+02   0.0000000e+00   0.0000000e+00   0.0000000e+00   0.0000000e+00   2.2421096e+05   6.5916246e+02   1.6727612e+01   1.6737903e+01   6.3899963e+01   6.3995403e+01   0.0000000e+00   0.0000000e+00   0.0000000e+00   0.0000000e+00   3.0330620e+02   0.0000000e+00
   5.8333331e+00   1.8781222e+04   8.0931200e+01   8.0718300e+01   3.5017240e+02   3.4921530e+02   0.0000000e+00   0.0000000e+00   0.0000000e+00   0.0000000e+00   2.2457740e+05   6.6341596e+02   1.7022821e+01   1.7151180e+01   6.6352053e+01   6.5571931e+01   0.0000000e+00   0.0000000e+00   0.0000000e+00   0.0000000e+00   3.0551086e+02   0.0000000e+00
   5.9166664e+00   1.8846232e+04   8.1389000e+01   8.1607600e+01   3.5183080e+02   3.5065050e+02   0.0000000e+00   0.0000000e+00   0.0000000e+00   0.0000000e+00   2.2493725e+05   6.7129996e+02   1.6962944e+01   1.6996462e+01   6.5751723e+01   6.5344367e+01   0.0000000e+00   0.0000000e+00   0.0000000e+00   0.0000000e+00   3.1021409e+02   0.0000000e+00
   5.9999998e+00   1.8905997e+04   8.1560200e+01   8.1716100e+01   3.5234080e+02   3.5085340e+02   0.0000000e+00   0.0000000e+00   0.0000000e+00   0.0000000e+00   2.2530864e+05   6.6963030e+02   1.7279752e+01   1.7176694e+01   6.6674113e+01   6.6081961e+01   0.0000000e+00   0.0000000e+00   0.0000000e+00   0.0000000e+00   3.0853880e+02   0.0000000e+00
   6.0833331e+00   1.8944313e+04   8.2328700e+01   8.2208500e+01   3.5511670e+02   3.5348210e+02   0.0000000e+00   0.0000000e+00   0.0000000e+00   0.0000000e+00   2.2568447e+05   6.6378187e+02   1.7663133e+01   1.7456967e+01   6.6799120e+01   6.6548108e+01   0.0000000e+00   0.0000000e+00   0.0000000e+00   0.0000000e+00   3.1649067e+02   0.0000000e+00
   6.1666664e+00   1.8971961e+04   8.2944600e+01   8.2856400e+01   3.5722180e+02   3.5550290e+02   0.0000000e+00   0.0000000e+00   0.0000000e+00   0.0000000e+00   2.2604938e+05   6.6980294e+02   1.7899278e+01   1.7965201e+01   6.8977717e+01   6.8458313e+01   0.0000000e+00   0.0000000e+00   0.0000000e+00   0.0000000e+00   3.1607669e+02   0.0000000e+00
   6.2499998e+00   1.9042297e+04   8.3031400e+01   8.2890400e+01   3.5818710e+02   3.5600650e+02   0.0000000e+00   0.0000000e+00   0.0000000e+00   0.0000000e+00   2.2642737e+05   6.7400357e+02   1.8035818e+01   1.7826463e+01   6.8506384e+01   6.8748246e+01   0.0000000e+00   0.0000000e+00   0.0000000e+00   0.0000000e+00   3.2259920e+02   0.0000000e+00
   6.3333331e+00   1.9055487e+04   8.4071700e+01   8.3666200e+01   3.6187460e+02   3.6031600e+02   0.0000000e+00   0.0000000e+00   0.0000000e+00   0.0000000e+00   2.2679702e+05   6.7818200e+02   1.8005404e+01   1.8005116e+01   7.0518892e+01   6.9801687e+01   0.0000000e+00   0.0000000e+00   0.0000000e+00   0.0000000e+00   3.2572906e+02   0.0000000e+00
   6.4166664e+00   1.9069818e+04   8.4826000e+01   8.4598900e+01   3.6504510e+02   3.6370480e+02   0.0000000e+00   0.0000000e+00   0.0000000e+00   0.0000000e+00   2.2717104e+05   6.9108250e+02   1.8279397e+01   1.8247014e+01   7.1830286e+01   7.1447648e+01   0.0000000e+00   0.0000000e+00   0.0000000e+00   0.0000000e+00   3.2740008e+02   0.0000000e+00
   6.4999997e+00   1.9117428e+04   8.4993500e+01   8.5250300e+01   3.6694400e+02   3.6537360e+02   0.0000000e+00   0.0000000e+00   0.0000000e+00   0.0000000e+00   2.2755250e+05   6.8998563e+02   1.8178474e+01   1.8122392e+01   7.1581390e+01   7.1225867e+01   0.0000000e+00   0.0000000e+00   0.0000000e+00   0.0000000e+00   3.3057782e+02   0.0000000e+00
   6.5833331e+00   1.9141507e+04   8.5238100e+01   8.5305800e+01   3.6782350e+02   3.6630200e+02   0.0000000e+00   0.0000000e+00   0.0000000e+00   0.0000000e+00   2.2791738e+05   7.1513171e+02   1.7893977e+01   1.7921613e+01   6.9974644e+01   7.0369846e+01   0.0000000e+00   0.0000000e+00   0.0000000e+00   0.0000000e+00   3.4120188e+02   0.0000000e+00
   6.6666664e+00   1.9161786e+04   8.5638300e+01   8.5462900e+01   3.6902940e+02   3.6781760e+02   0.0000000e+00   0.0000000e+00   0.0000000e+00   0.0000000e+00   2.2829839e+05   7.1033858e+02   1.8082726e+01   1.7867668e+01   6.9762676e+01   6.9825244e+01   0.0000000e+00   0.0000000e+00   0.0000000e+00   0.0000000e+00   3.4242069e+02   0.0000000e+00
   6.7499997e+00   1.9173228e+04   8.6153500e+01   8.5910000e+01   3.7159700e+02   3.7101750e+02   0.0000000e+00   0.0000000e+00   0.0000000e+00   0.0000000e+00   2.2867629e+05   7.1170926e+02   1.7926184e+01   1.7825024e+01   6.9835661e+01   6.9697747e+01   0.0000000e+00   0.0000000e+00   0.0000000e+00   0.0000000e+00   3.4841344e+02   0.0000000e+00
   6.8333331e+00   1.9201374e+04   8.6471400e+01   8.6598100e+01   3.7305350e+02   3.7208040e+02   0.0000000e+00   0.0000000e+00   0.0000000e+00   0.0000000e+00   2.2904884e+05   7.1331273e+02   1.8276613e+01   1.8182328e+01   7.0068202e+01   6.9739507e+01   0.0000000e+00   0.0000000e+00   0.0000000e+00   0.0000000e+00   3.5041809e+02   0.0000000e+00
   6.9166664e+00   1.9203016e+04   8.7081400e+01   8.7072000e+01   3.7631940e+02   3.7466800e+02   0.0000000e+00   0.0000000e+00   0.0000000e+00   0.0000000e+00   2.2942923e+05   7.1319295e+02   1.8078879e+01   1.7959885e+01   6.9918889e+01   6.9116737e+01   0.0000000e+00   0.0000000e+00   0.0000000e+00   0.0000000e+00   3.5020220e+02   0.0000000e+00
   6.9999997e+00   1.9227507e+04   8.7007400e+01   8.7207700e+01   3.7696920e+02   3.7575810e+02   0.0000000e+00   0.0000000e+00   0.0000000e+00   0.0000000e+00   2.2979871e+05   7.1063587e+02   1.8030698e+01   1.8132199e+01   7.0421560e+01   7.0164423e+01   0.0000000e+00   0.0000000e+00   0.0000000e+00   0.0000000e+00   3.5366299e+02   0.0000000e+00
   7.0833331e+00   1.9238230e+04   8.7141200e+01   8.7302300e+01   3.7755790e+02   3.7706610e+02   0.0000000e+00   0.0000000e+00   0.0000000e+00   0.0000000e+00   2.3018448e+05   7.0105898e+02   1.8317386e+01   1.8383833e+01   7.1834723e+01   7.1313527e+01   0.0000000e+00   0.0000000e+00   0.0000000e+00   0.0000000e+00   3.4576879e+02   0.0000000e+00
   7.1666664e+00   1.9254835e+04   8.6425600e+01   8.6891500e+01   3.7499440e+02   3.7393340e+02   0.0000000e+00   0.0000000e+00   0.0000000e+00   0.0000000e+00   2.3056266e+05   7.0795508e+02   1.8388972e+01   1.8388060e+01   7.1812580e+01   7.1649470e+01   0.0000000e+00   0.0000000e+00   0.0000000e+00   0.0000000e+00   3.4833538e+02   0.0000000e+00
   7.2499997e+00   1.9249658e+04   8.6696500e+01   8.6753200e+01   3.7473730e+02   3.7504570e+02   0.0000000e+00   0.0000000e+00   0.0000000e+00   0.0000000e+00   2.3093533e+05   7.0058157e+02   1.8436257e+01   1.8275905e+01   7.1452268e+01   7.1321152e+01   0.0000000e+00   0.0000000e+00   0.0000000e+00   0.0000000e+00   3.5219736e+02   0.0000000e+00
   7.3333330e+00   1.9289049e+04   8.6133100e+01   8.5918900e+01   3.7279250e+02   3.7260210e+02   0.0000000e+00   0.0000000e+00   0.0000000e+00   0.0000000e+00   2.3131624e+05   6.9762577e+02   1.8368923e+01   1.8381700e+01   7.1497476e+01   7.1681858e+01   0.0000000e+00   0.0000000e+00   0.0000000e+00   0.0000000e+00   3.6183742e+02   0.0000000e+00
   7.4166664e+00   1.9303644e+04   8.6478600e+01   8.6707300e+01   3.7494310e+02   3.7442910e+02   0.0000000e+00   0.0000000e+00   0.0000000e+00   0.0000000e+00   2.3170178e+05   7.0497618e+02   1.8455102e+01   1.8630291e+01   7.2468778e+01   7.1831303e+01   0.0000000e+00   0.0000000e+00   0.0000000e+00   0.0000000e+00   3.6008644e+02   0.0000000e+00
   7.4999997e+00   1.9345403e+04   8.5963000e+01   8.6013800e+01   3.7248310e+02   3.7178010e+02   0.0000000e+00   0.0000000e+00   0.0000000e+00   0.0000000e+00   2.3208360e+05   7.0138269e+02   1.8017966e+01   1.7929355e+01   7.0527915e+01   7.0692318e+01   0.0000000e+00   0.0000000e+00   0.0000000e+00   0.0000000e+00   3.5984418e+02   0.0000000e+00
   7.5833330e+00   1.9398146e+04   8.6041900e+01   8.5667700e+01   3.7154020e+02   3.7134450e+02   0.0000000e+00   0.0000000e+00   0.0000000e+00   0.0000000e+00   2.3245441e+05   7.0624039e+02   1.8295535e+01   1.8367826e+01   7.0815764e+01   7.0745422e+01   0.0000000e+00   0.0000000e+00   0.0000000e+00   0.0000000e+00   3.6449949e+02   0.0000000e+00
   7.6666664e+00   1.9422030e+04   8.5876900e+01   8.5863700e+01   3.7153970e+02   3.7142320e+02   0.0000000e+00   0.0000000e+00   0.0000000e+00   0.0000000e+00   2.3285405e+05   6.9325591e+02   1.7990373e+01   1.7890319e+01   6.9451839e+01   6.9158681e+01   0.0000000e+00   0.0000000e+00   0.0000000e+00   0.0000000e+00   3.6871199e+02   0.0000000e+00
   7.7499997e+00   1.9451177e+04   8.5666500e+01   8.5573300e+01   3.7153990e+02   3.7093650e+02   0.0000000e+00   0.0000000e+00   0.0000000e+00   0.0000000e+00   2.3323136e+05   6.9871204e+02   1.7959436e+01   1.8009110e+01   6.9740948e+01   6.9244624e+01   0.0000000e+00   0.0000000e+00   0.0000000e+00   0.0000000e+00   3.7180735e+02   0.0000000e+00
   7.8333330e+00   1.9488320e+04   8.6131000e+01   8.6054000e+01   3.7259570e+02   3.7275040e+02   0.0000000e+00   0.0000000e+00   0.0000000e+00   0.0000000e+00   2.3362871e+05   6.8371199e+02   1.8134545e+01   1.8204088e+01   7.0330132e+01   6.9968036e+01   0.0000000e+00   0.0000000e+00   0.0000000e+00   0.0000000e+00   3.7121656e+02   0.0000000e+00
   7.9166664e+00   1.9517075e+04   8.6167800e+01   8.6308300e+01   3.7318450e+02   3.7365260e+02   0.0000000e+00   0.0000000e+00   0.0000000e+00   0.0000000e+00   2.3401275e+05   7.0766712e+02   1.8279285e+01   1.8202928e+01   7.1016291e+01   7.0825674e+01   0.0000000e+00   0.0000000e+00   0.0000000e+00   0.0000000e+00   3.7078434e+02   0.0000000e+00
   7.9999997e+00   1.9535310e+04   8.6288000e+01   8.6211600e+01   3.7392110e+02   3.7399330e+02   0.0000000e+00   0.0000000e+00   0.0000000e+00   0.0000000e+00   2.3439066e+05   6.9279299e+02   1.7955425e+01   1.7896828e+01   6.9912068e+01   7.0299697e+01   0.0000000e+00   0.0000000e+00   0.0000000e+00   0.0000000e+00   3.7935547e+02   0.0000000e+00
   8.0833330e+00   1.9581551e+04   8.5899600e+01   8.5885200e+01   3.7211940e+02   3.7213780e+02   0.0000000e+00   0.0000000e+00   0.0000000e+00   0.0000000e+00   2.3476675e+05   6.9736243e+02   1.7886540e+01   1.7801054e+01   7.0000350e+01   6.9651481e+01   0.0000000e+00   0.0000000e+00   0.0000000e+00   0.0000000e+00   3.8455009e+02   0.0000000e+00
   8.1666663e+00   1.9626299e+04   8.5770100e+01   8.5862200e+01   3.7221300e+02   3.7145630e+02   0.0000000e+00   0.0000000e+00   0.0000000e+00   0.0000000e+00   2.3515341e+05   7.0687146e+02   1.7521380e+01   1.7760359e+01   6.8940793e+01   6.8138432e+01   0.0000000e+00   0.0000000e+00   0.0000000e+00   0.0000000e+00   3.8303037e+02   0.0000000e+00
   8.2499997e+00   1.9693067e+04   8.5675800e+01   8.5688800e+01   3.7075630e+02   3.7030400e+02   0.0000000e+00   0.0000000e+00   0.0000000e+00   0.0000000e+00   2.3555188e+05   7.0110656e+02   1.7554837e+01   1.7894440e+01   6.8821262e+01   6.8702953e+01   0.0000000e+00   0.0000000e+00   0.0000000e+00   0.0000000e+00   3.8688634e+02   0.0000000e+00
   8.3333330e+00   1.9731099e+04   8.6046200e+01   8.5690000e+01   3.7149990e+02   3.7082310e+02   0.0000000e+00   0.0000000e+00   0.0000000e+00   0.0000000e+00   2.3593372e+05   7.0119234e+02   1.7512154e+01   1.7534105e+01   6.7545234e+01   6.7723445e+01   0.0000000e+00   0.0000000e+00   0.0000000e+00   0.0000000e+00   3.8147629e+02   0.0000000e+00
   8.4166663e+00   1.9784070e+04   8.6481100e+01   8.6610100e+01   3.7362160e+02   3.7258900e+02   0.0000000e+00   0.0000000e+00   0.0000000e+00   0.0000000e+00   2.3632326e+05   6.9044557e+02   1.7734331e+01   1.7740816e+01   6.8314605e+01   6.7964736e+01   0.0000000e+00   0.0000000e+00   0.0000000e+00   0.0000000e+00   3.9086444e+02   0.0000000e+00
   8.4999997e+00   1.9820170e+04   8.6529800e+01   8.6101200e+01   3.7312980e+02   3.7211020e+02   0.0000000e+00   0.0000000e+00   0.0000000e+00   0.0000000e+00   2.3671716e+05   6.9472944e+02   1.7563694e+01   1.7738247e+01   6.8599139e+01   6.7961141e+01   0.0000000e+00   0.0000000e+00   0.0000000e+00   0.0000000e+00   3.9385159e+02   0.0000000e+00
   8.5833330e+00   1.9875142e+04   8.6032400e+01   8.6324600e+01   3.7246420e+02   3.7137510e+02   0.0000000e+00   0.0000000e+00   0.0000000e+00   0.0000000e+00   2.3710829e+05   7.0266824e+02   1.7723328e+01   1.7805683e+01   6.8464474e+01   6.7876144e+01   0.0000000e+00   0.0000000e+00   0.0000000e+00   0.0000000e+00   3.9546224e+02   0.0000000e+00
   8.6666663e+00   1.9905027e+04   8.6907300e+01   8.6857000e+01   3.7538600e+02   3.7425390e+02   0.0000000e+00   0.0000000e+00   0.0000000e+00   0.0000000e+00   2.3748462e+05   6.9491044e+02   1.7863158e+01   1.7936742e+01   6.9276106e+01   6.8708354e+01   0.0000000e+00   0.0000000e+00   0.0000000e+00   0.0000000e+00   3.9776184e+02   0.0000000e+00
   8.7499997e+00   1.9954814e+04   8.7293000e+01   8.7147800e+01   3.7620830e+02   3.7496170e+02   0.0000000e+00   0.0000000e+00   0.0000000e+00   0.0000000e+00   2.3787697e+05   7.1116533e+02   1.7998543e+01   1.7809179e+01   6.9928019e+01   6.9564482e+01   0.0000000e+00   0.0000000e+00   0.0000000e+00   0.0000000e+00   3.9984825e+02   0.0000000e+00
   8.8333330e+00   1.9986439e+04   8.7731400e+01   8.7614700e+01   3.7864280e+02   3.7646810e+02   0.0000000e+00   0.0000000e+00   0.0000000e+00   0.0000000e+00   2.3827604e+05   7.0111995e+02   1.8233582e+01   1.8142226e+01   7.0704745e+01   6.9824421e+01   0.0000000e+00   0.0000000e+00   0.0000000e+00   0.0000000e+00   3.9428551e+02   0.0000000e+00
   8.9166663e+00   2.0026181e+04   8.8291300e+01   8.8315200e+01   3.8138060e+02   3.7998910e+02   0.0000000e+00   0.0000000e+00   0.0000000e+00   0.0000000e+00   2.3865467e+05   6.9746829e+02   1.8385376e+01   1.8325180e+01   7.1212723e+01   7.0037565e+01   0.0000000e+00   0.0000000e+00   0.0000000e+00   0.0000000e+00   4.0059722e+02   0.0000000e+00
   8.9999996e+00   2.0043939e+04   8.8943500e+01   8.8660800e+01   3.8345970e+02   3.8182690e+02   0.0000000e+00   0.0000000e+00   0.0000000e+00   0.0000000e+00   2.3905101e+05   6.9773214e+02   1.8452283e+01   1.8353175e+01   7.1458637e+01   7.0931195e+01   0.0000000e+00   0.0000000e+00   0.0000000e+00   0.0000000e+00   4.0127991e+02   0.0000000e+00
   9.0833330e+00   2.0069834e+04   8.8956300e+01   8.8750200e+01   3.8384990e+02   3.8272410e+02   0.0000000e+00   0.0000000e+00   0.0000000e+00   0.0000000e+00   2.3944558e+05   6.9193265e+02   1.8591803e+01   1.8461839e+01   7.1908584e+01   7.1599031e+01   0.0000000e+00   0.0000000e+00   0.0000000e+00   0.0000000e+00   4.0259656e+02   0.0000000e+00
   9.1666663e+00   2.0107404e+04   8.9350900e+01   8.9445800e+01   3.8624060e+02   3.8551380e+02   0.0000000e+00   0.0000000e+00   0.0000000e+00   0.0000000e+00   2.3984617e+05   6.9977679e+02   1.8564483e+01   1.8646824e+01   7.3017489e+01   7.2320885e+01   0.0000000e+00   0.0000000e+00   0.0000000e+00   0.0000000e+00   4.0187066e+02   0.0000000e+00
   9.2499996e+00   2.0126373e+04   8.9530700e+01   8.9382600e+01   3.8595530e+02   3.8466980e+02   0.0000000e+00   0.0000000e+00   0.0000000e+00   0.0000000e+00   2.4022979e+05   7.1786989e+02   1.8405323e+01   1.8286177e+01   7.1413428e+01   7.2043322e+01   0.0000000e+00   0.0000000e+00   0.0000000e+00   0.0000000e+00   3.9962966e+02   0.0000000e+00
   9.3333330e+00   2.0154024e+04   9.0216000e+01   9.0288900e+01   3.8945520e+02   3.8927510e+02   0.0000000e+00   0.0000000e+00   0.0000000e+00   0.0000000e+00   2.4062994e+05   7.1867231e+02   1.8606390e+01   1.8155297e+01   7.1691395e+01   7.1429988e+01   0.0000000e+00   0.0000000e+00   0.0000000e+00   0.0000000e+00   4.0643561e+02   0.0000000e+00
   9.4166663e+00   2.0176644e+04   9.0223300e+01   9.0078200e+01   3.9037060e+02   3.8945410e+02   0.0000000e+00   0.0000000e+00   0.0000000e+00   0.0000000e+00   2.4102657e+05   7.2245425e+02   1.8164169e+01   1.7965727e+01   7.0085534e+01   6.9772199e+01   0.0000000e+00   0.0000000e+00   0.0000000e+00   0.0000000e+00   4.1634551e+02   0.0000000e+00
   9.4999996e+00   2.0208017e+04   8.9744400e+01   9.0013100e+01   3.8860950e+02   3.8737360e+02   0.0000000e+00   0.0000000e+00   0.0000000e+00   0.0000000e+00   2.4143316e+05   7.1835861e+02   1.8302392e+01   1.8125043e+01   7.0741646e+01   7.0869842e+01   0.0000000e+00   0.0000000e+00   0.0000000e+00   0.0000000e+00   4.1183868e+02   0.0000000e+00
   9.5833330e+00   2.0230462e+04   9.0421700e+01   9.0527000e+01   3.9152290e+02   3.9067920e+02   0.0000000e+00   0.0000000e+00   0.0000000e+00   0.0000000e+00   2.4182730e+05   7.1780881e+02   1.8674537e+01   1.8626314e+01   7.1903498e+01   7.1708686e+01   0.0000000e+00   0.0000000e+00   0.0000000e+00   0.0000000e+00   4.1605240e+02   0.0000000e+00
   9.6666663e+00   2.0230815e+04   9.0687700e+01   9.0780900e+01   3.9193800e+02   3.9178780e+02   0.0000000e+00   0.0000000e+00   0.0000000e+00   0.0000000e+00   2.4222264e+05   7.1509413e+02   1.8450285e+01   1.8614525e+01   7.1477857e+01   7.1252143e+01   0.0000000e+00   0.0000000e+00   0.0000000e+00   0.0000000e+00   4.1830610e+02   0.0000000e+00
   9.7499996e+00   2.0251647e+04   9.0368700e+01   9.0437900e+01   3.9133930e+02   3.9123500e+02   0.0000000e+00   0.0000000e+00   0.0000000e+00   0.0000000e+00   2.4262116e+05   7.1821799e+02   1.8643077e+01   1.8402250e+01   7.1798003e+01   7.1460853e+01   0.0000000e+00   0.0000000e+00   0.0000000e+00   0.0000000e+00   4.3318066e+02   0.0000000e+00
   9.8333329e+00   2.0285133e+04   9.0862100e+01   9.0803900e+01   3.9302900e+02   3.9224900e+02   0.0000000e+00   0.0000000e+00   0.0000000e+00   0.0000000e+00   2.4302304e+05   7.1205018e+02   1.8597206e+01   1.9015836e+01   7.3262742e+01   7.3456145e+01   0.0000000e+00   0.0000000e+00   0.0000000e+00   0.0000000e+00   4.3547955e+02   0.0000000e+00
   9.9166663e+00   2.0317045e+04   9.1004500e+01   9.0942100e+01   3.9311640e+02   3.9245590e+02   0.0000000e+00   0.0000000e+00   0.0000000e+00   0.0000000e+00   2.4341642e+05   7.1851709e+02   1.8772819e+01   1.8812175e+01   7.2930812e+01   7.3082132e+01   0.0000000e+00   0.0000000e+00   0.0000000e+00   0.0000000e+00   4.3334293e+02   0.0000000e+00
   9.9999996e+00   2.0337305e+04   9.0712600e+01   9.0561700e+01   3.9264210e+02   3.9202420e+02   0.0000000e+00   0.0000000e+00   0.0000000e+00   0.0000000e+00   2.4382494e+05   7.2735470e+02   1.8583103e+01   1.8723105e+01   7.3138120e+01   7.3002111e+01   0.0000000e+00   0.0000000e+00   0.0000000e+00   0.0000000e+00   4.3416283e+02   0.0000000e+00
   1.0083333e+01   2.0353940e+04   9.0826100e+01   9.0861700e+01   3.9348650e+02   3.9354500e+02   0.0000000e+00   0.0000000e+00   0.0000000e+00   0.0000000e+00   2.4422036e+05   7.3683581e+02   1.8796249e+01   1.8782999e+01   7.3008619e+01   7.2921290e+01   0.0000000e+00   0.0000000e+00   0.0000000e+00   0.0000000e+00   4.4227737e+02   0.0000000e+00
