   0.0000000e+00   1.6684447e+04   7.3966100e+01   7.3755300e+01   3.2055120e+02   3.1948360e+02   0.0000000e+00   0.0000000e+00   0.0000000e+00   0.0000000e+00   2.0019834e+05   3.0201758e+01   8.7339899e+00   8.7209304e+00   1.7115843e+01   1.5572616e+01   0.0000000e+00   0.0000000e+00   0.0000000e+00   0.0000000e+00   2.5422293e+01   0.0000000e+00
   8.3333330e-02   1.6713317e+04   7.4165100e+01   7.4173400e+01   3.2038490e+02   3.2034850e+02   0.0000000e+00   0.0000000e+00   0.0000000e+00   0.0000000e+00   2.0052777e+05   6.2758967e+01   9.4570178e+00   9.2443863e+00   2.3115155e+01   2.1176971e+01   0.0000000e+00   0.0000000e+00   0.0000000e+00   0.0000000e+00   4.1509485e+01   0.0000000e+00
   1.6666666e-01   1.6743593e+04   7.4056200e+01   7.4139300e+01   3.2053180e+02   3.2006160e+02   0.0000000e+00   0.0000000e+00   0.0000000e+00   0.0000000e+00   2.0085674e+05   1.0210573e+02   9.8156750e+00   9.6796831e+00   2.7047339e+01   2.5707433e+01   0.0000000e+00   0.0000000e+00   0.0000000e+00   0.0000000e+00   5.3195884e+01   0.0000000e+00
   2.4999999e-01   1.6775342e+04   7.3979900e+01   7.3826700e+01   3.1957370e+02   3.2023860e+02   0.0000000e+00   0.0000000e+00   0.0000000e+00   0.0000000e+00   2.0118556e+05   1.4308342e+02   1.0326159e+01   9.9258511e+00   2.9771265e+01   2.9191860e+01   0.0000000e+00   0.0000000e+00   0.0000000e+00   0.0000000e+00   6.1977603e+01   0.0000000e+00
   3.3333332e-01   1.6802874e+04   7.3893800e+01   7.4074500e+01   3.2021840e+02   3.2018880e+02   0.0000000e+00   0.0000000e+00   0.0000000e+00   0.0000000e+00   2.0151744e+05   1.8657569e+02   1.0421803e+01   1.0462175e+01   3.1897342e+01   3.1683373e+01   0.0000000e+00   0.0000000e+00   0.0000000e+00   0.0000000e+00   7.0501802e+01   0.0000000e+00
   4.1666665e-01   1.6834958e+04   7.4011700e+01   7.4113700e+01   3.2072700e+02   3.1993200e+02   0.0000000e+00   0.0000000e+00   0.0000000e+00   0.0000000e+00   2.0184929e+05   2.2730793e+02   1.0590797e+01   1.0414481e+01   3.2420700e+01   3.2256535e+01   0.0000000e+00   0.0000000e+00   0.0000000e+00   0.0000000e+00   7.8114449e+01   0.0000000e+00
   4.9999998e-01   1.6876414e+04   7.3894800e+01   7.4071500e+01   3.2031240e+02   3.1955740e+02   0.0000000e+00   0.0000000e+00   0.0000000e+00   0.0000000e+00   2.0218156e+05   2.7291380e+02   1.0545798e+01   1.0500439e+01   3.3228100e+01   3.3018003e+01   0.0000000e+00   0.0000000e+00   0.0000000e+00   0.0000000e+00   8.5702520e+01   0.0000000e+00
   5.8333331e-01   1.6908942e+04   7.3971300e+01   7.4014400e+01   3.2031530e+02   3.1954700e+02   0.0000000e+00   0.0000000e+00   0.0000000e+00   0.0000000e+00   2.0251346e+05   3.0967499e+02   1.0534381e+01   1.0452144e+01   3.3212416e+01   3.3735062e+01   0.0000000e+00   0.0000000e+00   0.0000000e+00   0.0000000e+00   9.1684784e+01   0.0000000e+00
   6.6666664e-01   1.6947147e+04   7.4013300e+01   7.3796000e+01   3.1996490e+02   3.1933880e+02   0.0000000e+00   0.0000000e+00   0.0000000e+00   0.0000000e+00   2.0284288e+05   3.3956986e+02   1.0607826e+01   1.0477727e+01   3.3699662e+01   3.3151463e+01   0.0000000e+00   0.0000000e+00   0.0000000e+00   0.0000000e+00   9.6829054e+01   0.0000000e+00
   7.4999997e-01   1.6995531e+04   7.4167300e+01   7.4057500e+01   3.2022450e+02   3.1943510e+02   0.0000000e+00   0.0000000e+00   0.0000000e+00   0.0000000e+00   2.0317961e+05   3.6688463e+02   1.0652974e+01   1.0720517e+01   3.3620058e+01   3.3806817e+01   0.0000000e+00   0.0000000e+00   0.0000000e+00   0.0000000e+00   1.0507740e+02   0.0000000e+00
   8.3333330e-01   1.7029019e+04   7.4248500e+01   7.4026600e+01   3.2079860e+02   3.1979370e+02   0.0000000e+00   0.0000000e+00   0.0000000e+00   0.0000000e+00   2.0351163e+05   3.8786690e+02   1.0701439e+01   1.0890480e+01   3.4549220e+01   3.4278064e+01   0.0000000e+00   0.0000000e+00   0.0000000e+00   0.0000000e+00   1.0809754e+02   0.0000000e+00
   9.1666663e-01   1.7057845e+04   7.4574500e+01   7.4683000e+01   3.2224150e+02   3.2187350e+02   0.0000000e+00   0.0000000e+00   0.0000000e+00   0.0000000e+00   2.0384703e+05   4.0282049e+02   1.1147496e+01   1.1043691e+01   3.6154287e+01   3.5348859e+01   0.0000000e+00   0.0000000e+00   0.0000000e+00   0.0000000e+00   1.1379899e+02   0.0000000e+00
   9.9999996e-01   1.7111073e+04   7.4861100e+01   7.4964300e+01   3.2338260e+02   3.2198870e+02   0.0000000e+00   0.0000000e+00   0.0000000e+00   0.0000000e+00   2.0418169e+05   4.1228201e+02   1.1476845e+01   1.1535438e+01   3.8029410e+01   3.6678971e+01   0.0000000e+00   0.0000000e+00   0.0000000e+00   0.0000000e+00   1.1944962e+02   0.0000000e+00
   1.0833333e+00   1.7137894e+04   7.5589300e+01   7.5387200e+01   3.2512090e+02   3.2457600e+02   0.0000000e+00   0.0000000e+00   0.0000000e+00   0.0000000e+00   2.0451660e+05   4.1940348e+02   1.1841151e+01   1.1982714e+01   3.9076591e+01   3.8854426e+01   0.0000000e+00   0.0000000e+00   0.0000000e+00   0.0000000e+00   1.2400707e+02   0.0000000e+00
   1.1666666e+00   1.7174079e+04   7.5965800e+01   7.5733100e+01   3.2685440e+02   3.2562250e+02   0.0000000e+00   0.0000000e+00   0.0000000e+00   0.0000000e+00   2.0485327e+05   4.2476987e+02   1.2418899e+01   1.2408105e+01   4.1697543e+01   4.0834205e+01   0.0000000e+00   0.0000000e+00   0.0000000e+00   0.0000000e+00   1.2917515e+02   0.0000000e+00
   1.2500000e+00   1.7198599e+04   7.6356000e+01   7.5872600e+01   3.2843590e+02   3.2751020e+02   0.0000000e+00   0.0000000e+00   0.0000000e+00   0.0000000e+00   2.0518688e+05   4.2885342e+02   1.2866500e+01   1.2667029e+01   4.4214884e+01   4.3526247e+01   0.0000000e+00   0.0000000e+00   0.0000000e+00   0.0000000e+00   1.3344407e+02   0.0000000e+00
   1.3333333e+00   1.7219386e+04   7.6315700e+01   7.6259700e+01   3.3036920e+02   3.2914810e+02   0.0000000e+00   0.0000000e+00   0.0000000e+00   0.0000000e+00   2.0552455e+05   4.3501412e+02   1.3374562e+01   1.3118836e+01   4.6310599e+01   4.5527225e+01   0.0000000e+00   0.0000000e+00   0.0000000e+00   0.0000000e+00   1.3776596e+02   0.0000000e+00
   1.4166666e+00   1.7243627e+04   7.6617600e+01   7.6655400e+01   3.3109800e+02   3.3003920e+02   0.0000000e+00   0.0000000e+00   0.0000000e+00   0.0000000e+00   2.0586341e+05   4.4225063e+02   1.3273492e+01   1.3241593e+01   4.7064499e+01   4.5984929e+01   0.0000000e+00   0.0000000e+00   0.0000000e+00   0.0000000e+00   1.3994791e+02   0.0000000e+00
   1.4999999e+00   1.7255529e+04   7.7189300e+01   7.7430700e+01   3.3295060e+02   3.3318990e+02   0.0000000e+00   0.0000000e+00   0.0000000e+00   0.0000000e+00   2.0620693e+05   4.4846987e+02   1.3478235e+01   1.3646553e+01   4.8602284e+01   4.8234244e+01   0.0000000e+00   0.0000000e+00   0.0000000e+00   0.0000000e+00   1.4560046e+02   0.0000000e+00
   1.5833333e+00   1.7289555e+04   7.7206800e+01   7.7118300e+01   3.3341440e+02   3.3256940e+02   0.0000000e+00   0.0000000e+00   0.0000000e+00   0.0000000e+00   2.0654277e+05   4.5623980e+02   1.3792232e+01   1.3829614e+01   4.9583196e+01   4.9190397e+01   0.0000000e+00   0.0000000e+00   0.0000000e+00   0.0000000e+00   1.5026635e+02   0.0000000e+00
   1.6666666e+00   1.7300392e+04   7.7378600e+01   7.7486100e+01   3.3545310e+02   3.3423170e+02   0.0000000e+00   0.0000000e+00   0.0000000e+00   0.0000000e+00   2.0688201e+05   4.7379584e+02   1.4064069e+01   1.3627985e+01   5.0853794e+01   5.0709719e+01   0.0000000e+00   0.0000000e+00   0.0000000e+00   0.0000000e+00   1.5621272e+02   0.0000000e+00
   1.7499999e+00   1.7320876e+04   7.7792300e+01   7.7616000e+01   3.3602490e+02   3.3559580e+02   0.0000000e+00   0.0000000e+00   0.0000000e+00   0.0000000e+00   2.0722362e+05   4.8130657e+02   1.4206313e+01   1.3923733e+01   5.1758949e+01   5.1917877e+01   0.0000000e+00   0.0000000e+00   0.0000000e+00   0.0000000e+00   1.5967377e+02   0.0000000e+00
   1.8333333e+00   1.7318621e+04   7.7998400e+01   7.8157700e+01   3.3847360e+02   3.3831970e+02   0.0000000e+00   0.0000000e+00   0.0000000e+00   0.0000000e+00   2.0756301e+05   5.0249783e+02   1.3877812e+01   1.4197598e+01   5.1347393e+01   5.1352612e+01   0.0000000e+00   0.0000000e+00   0.0000000e+00   0.0000000e+00   1.6427824e+02   0.0000000e+00
   1.9166666e+00   1.7357265e+04   7.8164500e+01   7.8070000e+01   3.3761250e+02   3.3764390e+02   0.0000000e+00   0.0000000e+00   0.0000000e+00   0.0000000e+00   2.0790201e+05   5.2018831e+02   1.4095202e+01   1.4039473e+01   5.1642642e+01   5.2064375e+01   0.0000000e+00   0.0000000e+00   0.0000000e+00   0.0000000e+00   1.6785144e+02   0.0000000e+00
   1.9999999e+00   1.7370587e+04   7.8425600e+01   7.8552700e+01   3.4005460e+02   3.3891530e+02   0.0000000e+00   0.0000000e+00   0.0000000e+00   0.0000000e+00   2.0824392e+05   5.3750260e+02   1.4086806e+01   1.4128764e+01   5.1880200e+01   5.2066586e+01   0.0000000e+00   0.0000000e+00   0.0000000e+00   0.0000000e+00   1.7465809e+02   0.0000000e+00
   2.0833333e+00   1.7368941e+04   7.8555600e+01   7.8460700e+01   3.3995100e+02   3.3968690e+02   0.0000000e+00   0.0000000e+00   0.0000000e+00   0.0000000e+00   2.0858633e+05   5.4034239e+02   1.4056460e+01   1.4280485e+01   5.1146212e+01   5.1323974e+01   0.0000000e+00   0.0000000e+00   0.0000000e+00   0.0000000e+00   1.7457584e+02   0.0000000e+00
   2.1666666e+00   1.7408295e+04   7.8315500e+01   7.8502300e+01   3.3952730e+02   3.3950630e+02   0.0000000e+00   0.0000000e+00   0.0000000e+00   0.0000000e+00   2.0893195e+05   5.4952354e+02   1.4245752e+01   1.4526448e+01   5.2053029e+01   5.2453784e+01   0.0000000e+00   0.0000000e+00   0.0000000e+00   0.0000000e+00   1.8092080e+02   0.0000000e+00
   2.2499999e+00   1.7447983e+04   7.8106700e+01   7.8249400e+01   3.3841170e+02   3.3889580e+02   0.0000000e+00   0.0000000e+00   0.0000000e+00   0.0000000e+00   2.0927123e+05   5.5230002e+02   1.4718192e+01   1.4401949e+01   5.3127327e+01   5.2774455e+01   0.0000000e+00   0.0000000e+00   0.0000000e+00   0.0000000e+00   1.8513024e+02   0.0000000e+00
   2.3333332e+00   1.7474108e+04   7.8265300e+01   7.8357400e+01   3.3859200e+02   3.3853220e+02   0.0000000e+00   0.0000000e+00   0.0000000e+00   0.0000000e+00   2.0961028e+05   5.6063517e+02   1.4607863e+01   1.4665755e+01   5.4235001e+01   5.3600551e+01   0.0000000e+00   0.0000000e+00   0.0000000e+00   0.0000000e+00   1.8718957e+02   0.0000000e+00
   2.4166666e+00   1.7502227e+04   7.7968200e+01   7.7999200e+01   3.3809320e+02   3.3793190e+02   0.0000000e+00   0.0000000e+00   0.0000000e+00   0.0000000e+00   2.0995905e+05   5.5255156e+02   1.4877356e+01   1.4805848e+01   5.4743171e+01   5.3923042e+01   0.0000000e+00   0.0000000e+00   0.0000000e+00   0.0000000e+00   1.8920063e+02   0.0000000e+00
   2.4999999e+00   1.7507617e+04   7.7626400e+01   7.7627600e+01   3.3673880e+02   3.3677640e+02   0.0000000e+00   0.0000000e+00   0.0000000e+00   0.0000000e+00   2.1030052e+05   5.5797004e+02   1.5047733e+01   1.5015587e+01   5.5512398e+01   5.4652682e+01   0.0000000e+00   0.0000000e+00   0.0000000e+00   0.0000000e+00   1.9342074e+02   0.0000000e+00
   2.5833332e+00   1.7538831e+04   7.8006500e+01   7.8044300e+01   3.3726110e+02   3.3765930e+02   0.0000000e+00   0.0000000e+00   0.0000000e+00   0.0000000e+00   2.1064442e+05   5.5830481e+02   1.5224028e+01   1.5027339e+01   5.6760378e+01   5.5675743e+01   0.0000000e+00   0.0000000e+00   0.0000000e+00   0.0000000e+00   1.9746558e+02   0.0000000e+00
   2.6666666e+00   1.7561200e+04   7.7737000e+01   7.7660400e+01   3.3696240e+02   3.3667600e+02   0.0000000e+00   0.0000000e+00   0.0000000e+00   0.0000000e+00   2.1098482e+05   5.6049639e+02   1.5506221e+01   1.5498196e+01   5.8927260e+01   5.7766793e+01   0.0000000e+00   0.0000000e+00   0.0000000e+00   0.0000000e+00   2.0270641e+02   0.0000000e+00
   2.7499999e+00   1.7610928e+04   7.7714600e+01   7.7997700e+01   3.3696730e+02   3.3772420e+02   0.0000000e+00   0.0000000e+00   0.0000000e+00   0.0000000e+00   2.1133433e+05   5.5811699e+02   1.5479706e+01   1.5732007e+01   5.8893111e+01   5.8466145e+01   0.0000000e+00   0.0000000e+00   0.0000000e+00   0.0000000e+00   2.0439299e+02   0.0000000e+00
   2.8333332e+00   1.7639566e+04   7.8097400e+01   7.8065700e+01   3.3722390e+02   3.3725920e+02   0.0000000e+00   0.0000000e+00   0.0000000e+00   0.0000000e+00   2.1168113e+05   5.6310108e+02   1.5828758e+01   1.5912897e+01   6.0256389e+01   5.9533561e+01   0.0000000e+00   0.0000000e+00   0.0000000e+00   0.0000000e+00   2.1248248e+02   0.0000000e+00
   2.9166665e+00   1.7675670e+04   7.7700800e+01   7.8040600e+01   3.3684390e+02   3.3672850e+02   0.0000000e+00   0.0000000e+00   0.0000000e+00   0.0000000e+00   2.1202997e+05   5.7266608e+02   1.5873616e+01   1.5750872e+01   6.0242270e+01   5.9959604e+01   0.0000000e+00   0.0000000e+00   0.0000000e+00   0.0000000e+00   2.1843326e+02   0.0000000e+00
   2.9999999e+00   1.7716633e+04   7.7751100e+01   7.7746200e+01   3.3664320e+02   3.3570530e+02   0.0000000e+00   0.0000000e+00   0.0000000e+00   0.0000000e+00   2.1238072e+05   5.8075586e+02   1.5944315e+01   1.6342806e+01   6.1268789e+01   6.0556226e+01   0.0000000e+00   0.0000000e+00   0.0000000e+00   0.0000000e+00   2.1905512e+02   0.0000000e+00
   3.0833332e+00   1.7754282e+04   7.7570000e+01   7.7467000e+01   3.3532310e+02   3.3498380e+02   0.0000000e+00   0.0000000e+00   0.0000000e+00   0.0000000e+00   2.1272519e+05   5.9415003e+02   1.6074487e+01   1.5942657e+01   6.0919825e+01   6.1069073e+01   0.0000000e+00   0.0000000e+00   0.0000000e+00   0.0000000e+00   2.2557389e+02   0.0000000e+00
   3.1666665e+00   1.7784661e+04   7.7313500e+01   7.7470700e+01   3.3510050e+02   3.3443720e+02   0.0000000e+00   0.0000000e+00   0.0000000e+00   0.0000000e+00   2.1307175e+05   5.9940132e+02   1.5979648e+01   1.6069293e+01   6.1792927e+01   6.1322465e+01   0.0000000e+00   0.0000000e+00   0.0000000e+00   0.0000000e+00   2.2752133e+02   0.0000000e+00
   3.2499999e+00   1.7838878e+04   7.7613900e+01   7.7445200e+01   3.3582230e+02   3.3543560e+02   0.0000000e+00   0.0000000e+00   0.0000000e+00   0.0000000e+00   2.1342559e+05   6.0629265e+02   1.6175388e+01   1.6101401e+01   6.1338686e+01   6.0743248e+01   0.0000000e+00   0.0000000e+00   0.0000000e+00   0.0000000e+00   2.3471408e+02   0.0000000e+00
   3.3333332e+00   1.7884423e+04   7.7403700e+01   7.7333900e+01   3.3502590e+02   3.3468850e+02   0.0000000e+00   0.0000000e+00   0.0000000e+00   0.0000000e+00   2.1377720e+05   6.2630316e+02   1.6150412e+01   1.6001900e+01   6.1459466e+01   6.1406108e+01   0.0000000e+00   0.0000000e+00   0.0000000e+00   0.0000000e+00   2.3890517e+02   0.0000000e+00
   3.4166665e+00   1.7930693e+04   7.7997300e+01   7.7766000e+01   3.3597400e+02   3.3510440e+02   0.0000000e+00   0.0000000e+00   0.0000000e+00   0.0000000e+00   2.1412937e+05   6.1768492e+02   1.6204578e+01   1.6336889e+01   6.2001374e+01   6.2220510e+01   0.0000000e+00   0.0000000e+00   0.0000000e+00   0.0000000e+00   2.4079575e+02   0.0000000e+00
   3.4999999e+00   1.7968160e+04   7.8301600e+01   7.7978300e+01   3.3789820e+02   3.3692970e+02   0.0000000e+00   0.0000000e+00   0.0000000e+00   0.0000000e+00   2.1447282e+05   6.3294586e+02   1.6222372e+01   1.6106973e+01   6.2103126e+01   6.1596496e+01   0.0000000e+00   0.0000000e+00   0.0000000e+00   0.0000000e+00   2.4680853e+02   0.0000000e+00
   3.5833332e+00   1.8019368e+04   7.8458200e+01   7.8241200e+01   3.3761690e+02   3.3659960e+02   0.0000000e+00   0.0000000e+00   0.0000000e+00   0.0000000e+00   2.1482475e+05   6.3395671e+02   1.6691324e+01   1.6601861e+01   6.3196949e+01   6.2709275e+01   0.0000000e+00   0.0000000e+00   0.0000000e+00   0.0000000e+00   2.4828512e+02   0.0000000e+00
   3.6666665e+00   1.8059238e+04   7.8681100e+01   7.8276600e+01   3.3858730e+02   3.3761220e+02   0.0000000e+00   0.0000000e+00   0.0000000e+00   0.0000000e+00   2.1517852e+05   6.4134980e+02   1.6566359e+01   1.6421847e+01   6.3289613e+01   6.3480153e+01   0.0000000e+00   0.0000000e+00   0.0000000e+00   0.0000000e+00   2.5367335e+02   0.0000000e+00
   3.7499998e+00   1.8086119e+04   7.8918300e+01   7.9039900e+01   3.4102430e+02   3.3984720e+02   0.0000000e+00   0.0000000e+00   0.0000000e+00   0.0000000e+00   2.1552967e+05   6.4621146e+02   1.6745604e+01   1.6622032e+01   6.4233392e+01   6.4056049e+01   0.0000000e+00   0.0000000e+00   0.0000000e+00   0.0000000e+00   2.5507921e+02   0.0000000e+00
   3.8333332e+00   1.8112221e+04   7.9842400e+01   7.9674600e+01   3.4402610e+02   3.4295550e+02   0.0000000e+00   0.0000000e+00   0.0000000e+00   0.0000000e+00   2.1588331e+05   6.6030238e+02   1.6804166e+01   1.6806670e+01   6.3888400e+01   6.4644101e+01   0.0000000e+00   0.0000000e+00   0.0000000e+00   0.0000000e+00   2.6054854e+02   0.0000000e+00
   3.9166665e+00   1.8140783e+04   8.0189100e+01   7.9899800e+01   3.4548040e+02   3.4467640e+02   0.0000000e+00   0.0000000e+00   0.0000000e+00   0.0000000e+00   2.1623802e+05   6.6317164e+02   1.7163607e+01   1.6997925e+01   6.5735159e+01   6.5067416e+01   0.0000000e+00   0.0000000e+00   0.0000000e+00   0.0000000e+00   2.6418349e+02   0.0000000e+00
   3.9999998e+00   1.8171493e+04   8.0197200e+01   7.9931800e+01   3.4594860e+02   3.4514060e+02   0.0000000e+00   0.0000000e+00   0.0000000e+00   0.0000000e+00   2.1658792e+05   6.6492626e+02   1.7306243e+01   1.7063331e+01   6.6129192e+01   6.6028286e+01   0.0000000e+00   0.0000000e+00   0.0000000e+00   0.0000000e+00   2.6958003e+02   0.0000000e+00
   4.0833332e+00   1.8193821e+04   8.0805800e+01   8.0975600e+01   3.4948170e+02   3.4800040e+02   0.0000000e+00   0.0000000e+00   0.0000000e+00   0.0000000e+00   2.1694788e+05   6.6503898e+02   1.7218599e+01   1.7331493e+01   6.6757953e+01   6.6505207e+01   0.0000000e+00   0.0000000e+00   0.0000000e+00   0.0000000e+00   2.7175150e+02   0.0000000e+00
   4.1666665e+00   1.8219254e+04   8.2054900e+01   8.1618800e+01   3.5254400e+02   3.5178890e+02   0.0000000e+00   0.0000000e+00   0.0000000e+00   0.0000000e+00   2.1730014e+05   6.7138893e+02   1.7418870e+01   1.7444945e+01   6.6948058e+01   6.7261124e+01   0.0000000e+00   0.0000000e+00   0.0000000e+00   0.0000000e+00   2.7703249e+02   0.0000000e+00
   4.2499998e+00   1.8228453e+04   8.2244300e+01   8.2062800e+01   3.5430350e+02   3.5357870e+02   0.0000000e+00   0.0000000e+00   0.0000000e+00   0.0000000e+00   2.1765842e+05   6.7529733e+02   1.7534964e+01   1.7589525e+01   6.8068438e+01   6.7470521e+01   0.0000000e+00   0.0000000e+00   0.0000000e+00   0.0000000e+00   2.8089581e+02   0.0000000e+00
   4.3333332e+00   1.8237629e+04   8.2575900e+01   8.2660000e+01   3.5750380e+02   3.5689890e+02   0.0000000e+00   0.0000000e+00   0.0000000e+00   0.0000000e+00   2.1801507e+05   6.7561857e+02   1.7922588e+01   1.8040913e+01   7.0095608e+01   6.9984549e+01   0.0000000e+00   0.0000000e+00   0.0000000e+00   0.0000000e+00   2.8136577e+02   0.0000000e+00
   4.4166665e+00   1.8236906e+04   8.2667300e+01   8.2722700e+01   3.5752560e+02   3.5657390e+02   0.0000000e+00   0.0000000e+00   0.0000000e+00   0.0000000e+00   2.1837011e+05   6.7726890e+02   1.8196662e+01   1.8144755e+01   7.0859203e+01   7.0631391e+01   0.0000000e+00   0.0000000e+00   0.0000000e+00   0.0000000e+00   2.8673095e+02   0.0000000e+00
   4.4999998e+00   1.8250558e+04   8.2881900e+01   8.2897600e+01   3.5923450e+02   3.5868450e+02   0.0000000e+00   0.0000000e+00   0.0000000e+00   0.0000000e+00   2.1872927e+05   6.8745492e+02   1.7800203e+01   1.8064334e+01   7.0280456e+01   7.0813021e+01   0.0000000e+00   0.0000000e+00   0.0000000e+00   0.0000000e+00   2.8770406e+02   0.0000000e+00
   4.5833331e+00   1.8258643e+04   8.2158000e+01   8.2399500e+01   3.5715220e+02   3.5708390e+02   0.0000000e+00   0.0000000e+00   0.0000000e+00   0.0000000e+00   2.1908629e+05   7.0256661e+02   1.8181702e+01   1.7996747e+01   7.1124092e+01   7.1061333e+01   0.0000000e+00   0.0000000e+00   0.0000000e+00   0.0000000e+00   2.9141841e+02   0.0000000e+00
   4.6666665e+00   1.8293597e+04   8.2726700e+01   8.2518600e+01   3.5763440e+02   3.5737450e+02   0.0000000e+00   0.0000000e+00   0.0000000e+00   0.0000000e+00   2.1945131e+05   7.1369543e+02   1.8241515e+01   1.7920250e+01   7.0217894e+01   7.1269424e+01   0.0000000e+00   0.0000000e+00   0.0000000e+00   0.0000000e+00   2.9487369e+02   0.0000000e+00
   4.7499998e+00   1.8303550e+04   8.2555000e+01   8.2312600e+01   3.5686400e+02   3.5713410e+02   0.0000000e+00   0.0000000e+00   0.0000000e+00   0.0000000e+00   2.1980991e+05   7.1789414e+02   1.8030876e+01   1.8240273e+01   7.0560516e+01   7.0675848e+01   0.0000000e+00   0.0000000e+00   0.0000000e+00   0.0000000e+00   2.9401325e+02   0.0000000e+00
   4.8333331e+00   1.8335613e+04   8.2113200e+01   8.2029300e+01   3.5644020e+02   3.5569070e+02   0.0000000e+00   0.0000000e+00   0.0000000e+00   0.0000000e+00   2.2016515e+05   7.2329065e+02   1.8058416e+01   1.8025669e+01   7.0537859e+01   7.0365727e+01   0.0000000e+00   0.0000000e+00   0.0000000e+00   0.0000000e+00   3.0086804e+02   0.0000000e+00
   4.9166665e+00   1.8380626e+04   8.1370300e+01   8.1738200e+01   3.5247750e+02   3.5300870e+02   0.0000000e+00   0.0000000e+00   0.0000000e+00   0.0000000e+00   2.2052576e+05   7.2802891e+02   1.8154893e+01   1.8222279e+01   7.1077257e+01   7.1215942e+01   0.0000000e+00   0.0000000e+00   0.0000000e+00   0.0000000e+00   3.0497177e+02   0.0000000e+00
   4.9999998e+00   1.8405238e+04   8.1331700e+01   8.1277000e+01   3.5200020e+02   3.5209940e+02   0.0000000e+00   0.0000000e+00   0.0000000e+00   0.0000000e+00   2.2089411e+05   7.3547480e+02   1.8083213e+01   1.7940537e+01   7.0969212e+01   7.0613470e+01   0.0000000e+00   0.0000000e+00   0.0000000e+00   0.0000000e+00   3.1194281e+02   0.0000000e+00
   5.0833331e+00   1.8458265e+04   8.1220500e+01   8.1331100e+01   3.5171610e+02   3.5145940e+02   0.0000000e+00   0.0000000e+00   0.0000000e+00   0.0000000e+00   2.2126176e+05   7.3297904e+02   1.7975361e+01   1.7961134e+01   7.0552677e+01   7.0018615e+01   0.0000000e+00   0.0000000e+00   0.0000000e+00   0.0000000e+00   3.1502258e+02   0.0000000e+00
   5.1666665e+00   1.8487195e+04   8.1277200e+01   8.1077000e+01   3.5200440e+02   3.5088820e+02   0.0000000e+00   0.0000000e+00   0.0000000e+00   0.0000000e+00   2.2162313e+05   7.1582752e+02   1.7873637e+01   1.8244165e+01   7.1085905e+01   7.0810917e+01   0.0000000e+00   0.0000000e+00   0.0000000e+00   0.0000000e+00   3.1582054e+02   0.0000000e+00
   5.2499998e+00   1.8508555e+04   8.0780400e+01   8.1145400e+01   3.5017200e+02   3.5081200e+02   0.0000000e+00   0.0000000e+00   0.0000000e+00   0.0000000e+00   2.2198088e+05   7.2290936e+02   1.8298291e+01   1.8267792e+01   7.1260416e+01   7.1134307e+01   0.0000000e+00   0.0000000e+00   0.0000000e+00   0.0000000e+00   3.2441369e+02   0.0000000e+00
   5.3333331e+00   1.8548647e+04   8.1109000e+01   8.1222800e+01   3.5126950e+02   3.5115660e+02   0.0000000e+00   0.0000000e+00   0.0000000e+00   0.0000000e+00   2.2234752e+05   7.1767602e+02   1.8473176e+01   1.8460592e+01   7.2402871e+01   7.1855691e+01   0.0000000e+00   0.0000000e+00   0.0000000e+00   0.0000000e+00   3.2429389e+02   0.0000000e+00
   5.4166665e+00   1.8584529e+04   8.1588800e+01   8.1544100e+01   3.5287470e+02   3.5254890e+02   0.0000000e+00   0.0000000e+00   0.0000000e+00   0.0000000e+00   2.2270970e+05   7.2123229e+02   1.8858030e+01   1.8706658e+01   7.3160524e+01   7.2825134e+01   0.0000000e+00   0.0000000e+00   0.0000000e+00   0.0000000e+00   3.3374216e+02   0.0000000e+00
   5.4999998e+00   1.8629119e+04   8.1614900e+01   8.1729300e+01   3.5298350e+02   3.5231720e+02   0.0000000e+00   0.0000000e+00   0.0000000e+00   0.0000000e+00   2.2307434e+05   7.2001305e+02   1.8745078e+01   1.8611466e+01   7.3626082e+01   7.3200090e+01   0.0000000e+00   0.0000000e+00   0.0000000e+00   0.0000000e+00   3.3279659e+02   0.0000000e+00
   5.5833331e+00   1.8671279e+04   8.1483900e+01   8.1376500e+01   3.5242180e+02   3.5243190e+02   0.0000000e+00   0.0000000e+00   0.0000000e+00   0.0000000e+00   2.2343792e+05   7.2051982e+02   1.8691979e+01   1.8935263e+01   7.3765933e+01   7.3632274e+01   0.0000000e+00   0.0000000e+00   0.0000000e+00   0.0000000e+00   3.3766895e+02   0.0000000e+00
   5.6666664e+00   1.8723792e+04   8.1468200e+01   8.1378500e+01   3.5208040e+02   3.5136930e+02   0.0000000e+00   0.0000000e+00   0.0000000e+00   0.0000000e+00   2.2380819e+05   7.1475547e+02   1.8980727e+01   1.9086709e+01   7.4513628e+01   7.3819537e+01   0.0000000e+00   0.0000000e+00   0.0000000e+00   0.0000000e+00   3.4209517e+02   0.0000000e+00
   5.7499998e+00   1.8752245e+04   8.1756700e+01   8.1792800e+01   3.5335400e+02   3.5308030e+02   0.0000000e+00   0.0000000e+00   0.0000000e+00   0.0000000e+00   2.2417444e+05   7.2434807e+02   1.8709450e+01   1.8795882e+01   7.3730290e+01   7.3837350e+01   0.0000000e+00   0.0000000e+00   0.0000000e+00   0.0000000e+00   3.4791893e+02   0.0000000e+00
   5.8333331e+00   1.8820174e+04   8.2165700e+01   8.2318400e+01   3.5516170e+02   3.5385250e+02   0.0000000e+00   0.0000000e+00   0.0000000e+00   0.0000000e+00   2.2454513e+05   7.3264562e+02   1.8588120e+01   1.8687888e+01   7.3983141e+01   7.3449102e+01   0.0000000e+00   0.0000000e+00   0.0000000e+00   0.0000000e+00   3.5427886e+02   0.0000000e+00
   5.9166664e+00   1.8864957e+04   8.3064700e+01   8.2775500e+01   3.5783320e+02   3.5709420e+02   0.0000000e+00   0.0000000e+00   0.0000000e+00   0.0000000e+00   2.2491390e+05   7.3501579e+02   1.8988548e+01   1.8900821e+01   7.5398027e+01   7.4470937e+01   0.0000000e+00   0.0000000e+00   0.0000000e+00   0.0000000e+00   3.5232159e+02   0.0000000e+00
   5.9999998e+00   1.8894719e+04   8.3076200e+01   8.3281900e+01   3.5941630e+02   3.5805400e+02   0.0000000e+00   0.0000000e+00   0.0000000e+00   0.0000000e+00   2.2528395e+05   7.4445179e+02   1.9346385e+01   1.9356407e+01   7.6494831e+01   7.6297847e+01   0.0000000e+00   0.0000000e+00   0.0000000e+00   0.0000000e+00   3.5885937e+02   0.0000000e+00
   6.0833331e+00   1.8949170e+04   8.3936300e+01   8.3790000e+01   3.6171410e+02   3.6008420e+02   0.0000000e+00   0.0000000e+00   0.0000000e+00   0.0000000e+00   2.2565307e+05   7.6017599e+02   1.9348170e+01   1.9199119e+01   7.7146690e+01   7.6777129e+01   0.0000000e+00   0.0000000e+00   0.0000000e+00   0.0000000e+00   3.5831362e+02   0.0000000e+00
   6.1666664e+00   1.8965020e+04   8.3831300e+01   8.4083000e+01   3.6246010e+02   3.6099020e+02   0.0000000e+00   0.0000000e+00   0.0000000e+00   0.0000000e+00   2.2602600e+05   7.7322843e+02   1.9270308e+01   1.9226598e+01   7.5790576e+01   7.5572782e+01   0.0000000e+00   0.0000000e+00   0.0000000e+00   0.0000000e+00   3.6536850e+02   0.0000000e+00
   6.2499998e+00   1.8998986e+04   8.5033500e+01   8.4639500e+01   3.6659280e+02   3.6481590e+02   0.0000000e+00   0.0000000e+00   0.0000000e+00   0.0000000e+00   2.2639270e+05   7.8391327e+02   1.9280626e+01   1.9169217e+01   7.5865892e+01   7.5764221e+01   0.0000000e+00   0.0000000e+00   0.0000000e+00   0.0000000e+00   3.6834687e+02   0.0000000e+00
   6.3333331e+00   1.9015817e+04   8.5454700e+01   8.5307200e+01   3.6992680e+02   3.6760960e+02   0.0000000e+00   0.0000000e+00   0.0000000e+00   0.0000000e+00   2.2676866e+05   7.9456084e+02   1.9036496e+01   1.9222871e+01   7.5185240e+01   7.5167611e+01   0.0000000e+00   0.0000000e+00   0.0000000e+00   0.0000000e+00   3.7263924e+02   0.0000000e+00
   6.4166664e+00   1.9037559e+04   8.5983800e+01   8.5834600e+01   3.7157680e+02   3.6995280e+02   0.0000000e+00   0.0000000e+00   0.0000000e+00   0.0000000e+00   2.2715543e+05   7.9408632e+02   1.9349154e+01   1.9159325e+01   7.5849583e+01   7.5749332e+01   0.0000000e+00   0.0000000e+00   0.0000000e+00   0.0000000e+00   3.7782944e+02   0.0000000e+00
   6.4999997e+00   1.9043875e+04   8.6751100e+01   8.6867500e+01   3.7512200e+02   3.7409030e+02   0.0000000e+00   0.0000000e+00   0.0000000e+00   0.0000000e+00   2.2752710e+05   7.8859474e+02   1.9100619e+01   1.9249764e+01   7.5535672e+01   7.5549165e+01   0.0000000e+00   0.0000000e+00   0.0000000e+00   0.0000000e+00   3.8458389e+02   0.0000000e+00
   6.5833331e+00   1.9073360e+04   8.6661900e+01   8.6601900e+01   3.7429720e+02   3.7362460e+02   0.0000000e+00   0.0000000e+00   0.0000000e+00   0.0000000e+00   2.2789489e+05   7.9639261e+02   1.9082772e+01   1.9054751e+01   7.4914631e+01   7.4868494e+01   0.0000000e+00   0.0000000e+00   0.0000000e+00   0.0000000e+00   3.8836121e+02   0.0000000e+00
   6.6666664e+00   1.9086230e+04   8.7027300e+01   8.6997000e+01   3.7615780e+02   3.7546250e+02   0.0000000e+00   0.0000000e+00   0.0000000e+00   0.0000000e+00   2.2827102e+05   7.9385542e+02   1.9372286e+01   1.9438266e+01   7.5850959e+01   7.5083766e+01   0.0000000e+00   0.0000000e+00   0.0000000e+00   0.0000000e+00   3.9003480e+02   0.0000000e+00
   6.7499997e+00   1.9096442e+04   8.7239800e+01   8.6881900e+01   3.7664780e+02   3.7649460e+02   0.0000000e+00   0.0000000e+00   0.0000000e+00   0.0000000e+00   2.2865413e+05   7.9037085e+02   1.9838237e+01   1.9718627e+01   7.7805052e+01   7.7819839e+01   0.0000000e+00   0.0000000e+00   0.0000000e+00   0.0000000e+00   3.9111082e+02   0.0000000e+00
   6.8333331e+00   1.9094101e+04   8.7130900e+01   8.7185000e+01   3.7785370e+02   3.7759270e+02   0.0000000e+00   0.0000000e+00   0.0000000e+00   0.0000000e+00   2.2902399e+05   7.8052433e+02   2.0036684e+01   1.9974766e+01   7.8681197e+01   7.8420328e+01   0.0000000e+00   0.0000000e+00   0.0000000e+00   0.0000000e+00   3.9357879e+02   0.0000000e+00
   6.9166664e+00   1.9094466e+04   8.7150000e+01   8.6999100e+01   3.7692490e+02   3.7655640e+02   0.0000000e+00   0.0000000e+00   0.0000000e+00   0.0000000e+00   2.2940557e+05   7.6231414e+02   2.0369796e+01   2.0115038e+01   8.0153213e+01   7.9215834e+01   0.0000000e+00   0.0000000e+00   0.0000000e+00   0.0000000e+00   4.0071417e+02   0.0000000e+00
   6.9999997e+00   1.9129415e+04   8.6707100e+01   8.6980300e+01   3.7641040e+02   3.7634490e+02   0.0000000e+00   0.0000000e+00   0.0000000e+00   0.0000000e+00   2.2977982e+05   7.5805316e+02   2.0418722e+01   2.0156690e+01   8.0344171e+01   8.0242852e+01   0.0000000e+00   0.0000000e+00   0.0000000e+00   0.0000000e+00   4.0021948e+02   0.0000000e+00
   7.0833331e+00   1.9144705e+04   8.6466500e+01   8.6548100e+01   3.7535270e+02   3.7590810e+02   0.0000000e+00   0.0000000e+00   0.0000000e+00   0.0000000e+00   2.3016111e+05   7.5217755e+02   2.0138462e+01   2.0217432e+01   8.0704004e+01   7.9999550e+01   0.0000000e+00   0.0000000e+00   0.0000000e+00   0.0000000e+00   4.0995142e+02   0.0000000e+00
   7.1666664e+00   1.9172733e+04   8.5813300e+01   8.5491600e+01   3.7180330e+02   3.7185620e+02   0.0000000e+00   0.0000000e+00   0.0000000e+00   0.0000000e+00   2.3051997e+05   7.5616281e+02   2.0303863e+01   2.0088023e+01   8.1128997e+01   8.0420934e+01   0.0000000e+00   0.0000000e+00   0.0000000e+00   0.0000000e+00   4.1258515e+02   0.0000000e+00
   7.2499997e+00   1.9208379e+04   8.5760700e+01   8.5374400e+01   3.7154480e+02   3.7157150e+02   0.0000000e+00   0.0000000e+00   0.0000000e+00   0.0000000e+00   2.3089705e+05   7.6445309e+02   1.9972624e+01   1.9719389e+01   7.9642759e+01   7.9922117e+01   0.0000000e+00   0.0000000e+00   0.0000000e+00   0.0000000e+00   4.1446358e+02   0.0000000e+00
   7.3333330e+00   1.9255058e+04   8.5232600e+01   8.5290700e+01   3.6883610e+02   3.6946680e+02   0.0000000e+00   0.0000000e+00   0.0000000e+00   0.0000000e+00   2.3126786e+05   7.8066403e+02   1.9633503e+01   1.9827519e+01   7.8297794e+01   7.8784038e+01   0.0000000e+00   0.0000000e+00   0.0000000e+00   0.0000000e+00   4.1637136e+02   0.0000000e+00
   7.4166664e+00   1.9271995e+04   8.4785100e+01   8.5039500e+01   3.6850580e+02   3.6911150e+02   0.0000000e+00   0.0000000e+00   0.0000000e+00   0.0000000e+00   2.3165110e+05   7.8671517e+02   1.9697114e+01   1.9833781e+01   7.8503626e+01   7.8689627e+01   0.0000000e+00   0.0000000e+00   0.0000000e+00   0.0000000e+00   4.1884479e+02   0.0000000e+00
   7.4999997e+00   1.9331949e+04   8.4427900e+01   8.4471200e+01   3.6602870e+02   3.6601050e+02   0.0000000e+00   0.0000000e+00   0.0000000e+00   0.0000000e+00   2.3202652e+05   7.8716198e+02   1.9716345e+01   1.9918088e+01   7.8103691e+01   7.7911610e+01   0.0000000e+00   0.0000000e+00   0.0000000e+00   0.0000000e+00   4.1587543e+02   0.0000000e+00
   7.5833330e+00   1.9379670e+04   8.4314500e+01   8.4213700e+01   3.6482190e+02   3.6516030e+02   0.0000000e+00   0.0000000e+00   0.0000000e+00   0.0000000e+00   2.3240542e+05   7.9580272e+02   1.9680897e+01   1.9831045e+01   7.9037837e+01   7.8804635e+01   0.0000000e+00   0.0000000e+00   0.0000000e+00   0.0000000e+00   4.2087152e+02   0.0000000e+00
   7.6666664e+00   1.9394551e+04   8.4354000e+01   8.4239000e+01   3.6468160e+02   3.6506800e+02   0.0000000e+00   0.0000000e+00   0.0000000e+00   0.0000000e+00   2.3278046e+05   7.9293878e+02   1.9631261e+01   1.9314160e+01   7.7979621e+01   7.7851329e+01   0.0000000e+00   0.0000000e+00   0.0000000e+00   0.0000000e+00   4.1764345e+02   0.0000000e+00
   7.7499997e+00   1.9463798e+04   8.3688000e+01   8.3584000e+01   3.6220710e+02   3.6182250e+02   0.0000000e+00   0.0000000e+00   0.0000000e+00   0.0000000e+00   2.3316984e+05   8.0580571e+02   1.9346330e+01   1.9352405e+01   7.7505216e+01   7.7420023e+01   0.0000000e+00   0.0000000e+00   0.0000000e+00   0.0000000e+00   4.2357476e+02   0.0000000e+00
   7.8333330e+00   1.9501339e+04   8.4101600e+01   8.4199000e+01   3.6448110e+02   3.6425170e+02   0.0000000e+00   0.0000000e+00   0.0000000e+00   0.0000000e+00   2.3355474e+05   8.1075006e+02   1.9582774e+01   1.9711176e+01   7.8049944e+01   7.7708431e+01   0.0000000e+00   0.0000000e+00   0.0000000e+00   0.0000000e+00   4.2788671e+02   0.0000000e+00
   7.9166664e+00   1.9565321e+04   8.4142100e+01   8.4049300e+01   3.6415720e+02   3.6332860e+02   0.0000000e+00   0.0000000e+00   0.0000000e+00   0.0000000e+00   2.3394482e+05   8.0943065e+02   1.9770306e+01   2.0006036e+01   7.8418402e+01   7.7935471e+01   0.0000000e+00   0.0000000e+00   0.0000000e+00   0.0000000e+00   4.3537102e+02   0.0000000e+00
   7.9999997e+00   1.9623187e+04   8.4250700e+01   8.3866200e+01   3.6337850e+02   3.6287120e+02   0.0000000e+00   0.0000000e+00   0.0000000e+00   0.0000000e+00   2.3432685e+05   8.2221966e+02   2.0380495e+01   2.0052020e+01   7.9497521e+01   7.9496984e+01   0.0000000e+00   0.0000000e+00   0.0000000e+00   0.0000000e+00   4.2968943e+02   0.0000000e+00
   8.0833330e+00   1.9642376e+04   8.4357200e+01   8.4593500e+01   3.6458240e+02   3.6414310e+02   0.0000000e+00   0.0000000e+00   0.0000000e+00   0.0000000e+00   2.3470998e+05   8.1572817e+02   2.0021746e+01   2.0351611e+01   8.1060853e+01   8.0386566e+01   0.0000000e+00   0.0000000e+00   0.0000000e+00   0.0000000e+00   4.3314027e+02   0.0000000e+00
   8.1666663e+00   1.9707021e+04   8.4701700e+01   8.4807000e+01   3.6625330e+02   3.6466150e+02   0.0000000e+00   0.0000000e+00   0.0000000e+00   0.0000000e+00   2.3509334e+05   8.1883592e+02   2.0263839e+01   2.0278310e+01   8.1499535e+01   8.1394354e+01   0.0000000e+00   0.0000000e+00   0.0000000e+00   0.0000000e+00   4.3609449e+02   0.0000000e+00
   8.2499997e+00   1.9769091e+04   8.4618000e+01   8.4831300e+01   3.6575330e+02   3.6487730e+02   0.0000000e+00   0.0000000e+00   0.0000000e+00   0.0000000e+00   2.3547469e+05   8.1525566e+02   2.0274042e+01   2.0428646e+01   8.0700036e+01   8.0619596e+01   0.0000000e+00   0.0000000e+00   0.0000000e+00   0.0000000e+00   4.3895408e+02   0.0000000e+00
   8.3333330e+00   1.9799613e+04   8.5857300e+01   8.5883900e+01   3.7026010e+02   3.6897470e+02   0.0000000e+00   0.0000000e+00   0.0000000e+00   0.0000000e+00   2.3586704e+05   8.1073239e+02   2.0590652e+01   2.0609088e+01   8.2237768e+01   8.1120518e+01   0.0000000e+00   0.0000000e+00   0.0000000e+00   0.0000000e+00   4.4013622e+02   0.0000000e+00
   8.4166663e+00   1.9877557e+04   8.6714200e+01   8.6726100e+01   3.7365330e+02   3.7205660e+02   0.0000000e+00   0.0000000e+00   0.0000000e+00   0.0000000e+00   2.3625018e+05   8.2173270e+02   2.0771833e+01   2.0715501e+01   8.2854165e+01   8.2167955e+01   0.0000000e+00   0.0000000e+00   0.0000000e+00   0.0000000e+00   4.4916307e+02   0.0000000e+00
   8.4999997e+00   1.9898210e+04   8.7691900e+01   8.7528400e+01   3.7699980e+02   3.7591490e+02   0.0000000e+00   0.0000000e+00   0.0000000e+00   0.0000000e+00   2.3663080e+05   8.2774525e+02   2.0799366e+01   2.0648022e+01   8.2824456e+01   8.2230148e+01   0.0000000e+00   0.0000000e+00   0.0000000e+00   0.0000000e+00   4.4886976e+02   0.0000000e+00
   8.5833330e+00   1.9938260e+04   8.7791000e+01   8.7990400e+01   3.7838560e+02   3.7729290e+02   0.0000000e+00   0.0000000e+00   0.0000000e+00   0.0000000e+00   2.3702217e+05   8.4222430e+02   2.0544891e+01   2.0654059e+01   8.2307680e+01   8.2136848e+01   0.0000000e+00   0.0000000e+00   0.0000000e+00   0.0000000e+00   4.5412026e+02   0.0000000e+00
   8.6666663e+00   1.9983435e+04   8.8570500e+01   8.8384800e+01   3.8114350e+02   3.7980840e+02   0.0000000e+00   0.0000000e+00   0.0000000e+00   0.0000000e+00   2.3741982e+05   8.4905749e+02   2.1082805e+01   2.0866573e+01   8.3534105e+01   8.3597424e+01   0.0000000e+00   0.0000000e+00   0.0000000e+00   0.0000000e+00   4.5728437e+02   0.0000000e+00
   8.7499997e+00   2.0012754e+04   8.9560900e+01   8.9201600e+01   3.8466680e+02   3.8293730e+02   0.0000000e+00   0.0000000e+00   0.0000000e+00   0.0000000e+00   2.3780901e+05   8.5728235e+02   2.0889053e+01   2.0877800e+01   8.2604156e+01   8.2649279e+01   0.0000000e+00   0.0000000e+00   0.0000000e+00   0.0000000e+00   4.6576226e+02   0.0000000e+00
   8.8333330e+00   2.0023144e+04   9.0467500e+01   9.0406900e+01   3.8906670e+02   3.8722310e+02   0.0000000e+00   0.0000000e+00   0.0000000e+00   0.0000000e+00   2.3820173e+05   8.5761819e+02   2.1030159e+01   2.0986243e+01   8.3900318e+01   8.3804256e+01   0.0000000e+00   0.0000000e+00   0.0000000e+00   0.0000000e+00   4.7306380e+02   0.0000000e+00
   8.9166663e+00   2.0038780e+04   9.0824500e+01   9.0557200e+01   3.9157130e+02   3.8982320e+02   0.0000000e+00   0.0000000e+00   0.0000000e+00   0.0000000e+00   2.3860020e+05   8.6014424e+02   2.1171720e+01   2.1037770e+01   8.4169467e+01   8.3964826e+01   0.0000000e+00   0.0000000e+00   0.0000000e+00   0.0000000e+00   4.7629255e+02   0.0000000e+00
   8.9999996e+00   2.0035979e+04   9.1256600e+01   9.1337900e+01   3.9415440e+02   3.9261670e+02   0.0000000e+00   0.0000000e+00   0.0000000e+00   0.0000000e+00   2.3898880e+05   8.6253717e+02   2.1064053e+01   2.1216747e+01   8.4553761e+01   8.4202431e+01   0.0000000e+00   0.0000000e+00   0.0000000e+00   0.0000000e+00   4.7613935e+02   0.0000000e+00
   9.0833330e+00   2.0065883e+04   9.1267600e+01   9.1134700e+01   3.9376740e+02   3.9264840e+02   0.0000000e+00   0.0000000e+00   0.0000000e+00   0.0000000e+00   2.3939321e+05   8.6069628e+02   2.0770954e+01   2.0750263e+01   8.3071160e+01   8.2689562e+01   0.0000000e+00   0.0000000e+00   0.0000000e+00   0.0000000e+00   4.8706604e+02   0.0000000e+00
   9.1666663e+00   2.0070488e+04   9.1869600e+01   9.1651800e+01   3.9614020e+02   3.9559390e+02   0.0000000e+00   0.0000000e+00   0.0000000e+00   0.0000000e+00   2.3978818e+05   8.5868847e+02   2.1317473e+01   2.0975733e+01   8.4165263e+01   8.4222556e+01   0.0000000e+00   0.0000000e+00   0.0000000e+00   0.0000000e+00   4.9281063e+02   0.0000000e+00
   9.2499996e+00   2.0108584e+04   9.1864700e+01   9.1778100e+01   3.9687260e+02   3.9568890e+02   0.0000000e+00   0.0000000e+00   0.0000000e+00   0.0000000e+00   2.4017394e+05   8.3619391e+02   2.1321699e+01   2.1119523e+01   8.4766798e+01   8.4904013e+01   0.0000000e+00   0.0000000e+00   0.0000000e+00   0.0000000e+00   4.9589232e+02   0.0000000e+00
   9.3333330e+00   2.0090427e+04   9.2447000e+01   9.2417900e+01   3.9930630e+02   3.9882820e+02   0.0000000e+00   0.0000000e+00   0.0000000e+00   0.0000000e+00   2.4058116e+05   8.3678184e+02   2.1372582e+01   2.1265077e+01   8.4720151e+01   8.4329773e+01   0.0000000e+00   0.0000000e+00   0.0000000e+00   0.0000000e+00   4.9998537e+02   0.0000000e+00
   9.4166663e+00   2.0092326e+04   9.1991000e+01   9.1808600e+01   3.9853000e+02   3.9835530e+02   0.0000000e+00   0.0000000e+00   0.0000000e+00   0.0000000e+00   2.4096431e+05   8.4106372e+02   2.1060272e+01   2.1185643e+01   8.4091780e+01   8.3342872e+01   0.0000000e+00   0.0000000e+00   0.0000000e+00   0.0000000e+00   4.9923123e+02   0.0000000e+00
   9.4999996e+00   2.0120575e+04   9.1875700e+01   9.1770800e+01   3.9833700e+02   3.9773490e+02   0.0000000e+00   0.0000000e+00   0.0000000e+00   0.0000000e+00   2.4135563e+05   8.2604739e+02   2.1418453e+01   2.1413106e+01   8.5320633e+01   8.4454520e+01   0.0000000e+00   0.0000000e+00   0.0000000e+00   0.0000000e+00   5.0621395e+02   0.0000000e+00
   9.5833330e+00   2.0108863e+04   9.1592700e+01   9.1238200e+01   3.9629300e+02   3.9703650e+02   0.0000000e+00   0.0000000e+00   0.0000000e+00   0.0000000e+00   2.4175621e+05   8.2808706e+02   2.1347486e+01   2.1304174e+01   8.5113182e+01   8.5052244e+01   0.0000000e+00   0.0000000e+00   0.0000000e+00   0.0000000e+00   5.1210640e+02   0.0000000e+00
   9.6666663e+00   2.0145066e+04   9.1344300e+01   9.1488200e+01   3.9742820e+02   3.9688740e+02   0.0000000e+00   0.0000000e+00   0.0000000e+00   0.0000000e+00   2.4215421e+05   8.1788408e+02   2.1642796e+01   2.1412835e+01   8.5767305e+01   8.5115959e+01   0.0000000e+00   0.0000000e+00   0.0000000e+00   0.0000000e+00   5.1547036e+02   0.0000000e+00
   9.7499996e+00   2.0189023e+04   9.1011400e+01   9.1297900e+01   3.9502880e+02   3.9478360e+02   0.0000000e+00   0.0000000e+00   0.0000000e+00   0.0000000e+00   2.4255888e+05   8.1579200e+02   2.1735881e+01   2.1394259e+01   8.6050433e+01   8.5899894e+01   0.0000000e+00   0.0000000e+00   0.0000000e+00   0.0000000e+00   5.1316811e+02   0.0000000e+00
   9.8333329e+00   2.0195818e+04   9.0549500e+01   9.0583200e+01   3.9327970e+02   3.9346400e+02   0.0000000e+00   0.0000000e+00   0.0000000e+00   0.0000000e+00   2.4295071e+05   8.1472317e+02   2.1671422e+01   2.1483050e+01   8.6062716e+01   8.5798569e+01   0.0000000e+00   0.0000000e+00   0.0000000e+00   0.0000000e+00   5.2261526e+02   0.0000000e+00
   9.9166663e+00   2.0238205e+04   9.0098400e+01   9.0277200e+01   3.9071100e+02   3.9097520e+02   0.0000000e+00   0.0000000e+00   0.0000000e+00   0.0000000e+00   2.4335606e+05   8.1822768e+02   2.1661737e+01   2.1371894e+01   8.6655553e+01   8.6040651e+01   0.0000000e+00   0.0000000e+00   0.0000000e+00   0.0000000e+00   5.2228920e+02   0.0000000e+00
   9.9999996e+00   2.0267742e+04   9.0561900e+01   9.0725900e+01   3.9228040e+02   3.9303100e+02   0.0000000e+00   0.0000000e+00   0.0000000e+00   0.0000000e+00   2.4376342e+05   8.2090228e+02   2.1605292e+01   2.1369652e+01   8.6364254e+01   8.5152078e+01   0.0000000e+00   0.0000000e+00   0.0000000e+00   0.0000000e+00   5.2808312e+02   0.0000000e+00
   1.0083333e+01   2.0300918e+04   9.0126100e+01   9.0182900e+01   3.9174560e+02   3.9225620e+02   0.0000000e+00   0.0000000e+00   0.0000000e+00   0.0000000e+00   2.4415268e+05   8.2305984e+02   2.1607357e+01   2.1477904e+01   8.7083191e+01   8.6635818e+01   0.0000000e+00   0.0000000e+00   0.0000000e+00   0.0000000e+00   5.3408313e+02   0.0000000e+00
