   0.0000000e+00   1.6684356e+04   7.3943500e+01   7.3844700e+01   3.2035250e+02   3.1963750e+02   0.0000000e+00   0.0000000e+00   0.0000000e+00   0.0000000e+00   2.0019830e+05   3.0347163e+01   8.8614423e+00   8.6949837e+00   1.6907224e+01   1.5540986e+01   0.0000000e+00   0.0000000e+00   0.0000000e+00   0.0000000e+00   2.5381356e+01   0.0000000e+00
   8.3333330e-02   1.6714213e+04   7.3871900e+01   7.3789700e+01   3.1978340e+02   3.1972310e+02   0.0000000e+00   0.0000000e+00   0.0000000e+00   0.0000000e+00   2.0052695e+05   6.3869100e+01   9.2965226e+00   9.2014206e+00   2.3312572e+01   2.1486959e+01   0.0000000e+00   0.0000000e+00   0.0000000e+00   0.0000000e+00   4.1789951e+01   0.0000000e+00
   1.6666666e-01   1.6745969e+04   7.3844100e+01   7.3736500e+01   3.1960620e+02   3.1951330e+02   0.0000000e+00   0.0000000e+00   0.0000000e+00   0.0000000e+00   2.0085642e+05   1.0177136e+02   1.0039157e+01   9.7667398e+00   2.7219049e+01   2.5481129e+01   0.0000000e+00   0.0000000e+00   0.0000000e+00   0.0000000e+00   5.3057991e+01   0.0000000e+00
   2.4999999e-01   1.6778868e+04   7.3706800e+01   7.3899800e+01   3.1950850e+02   3.1915710e+02   0.0000000e+00   0.0000000e+00   0.0000000e+00   0.0000000e+00   2.0118665e+05   1.4467774e+02   1.0118640e+01   1.0071172e+01   3.0332872e+01   2.9224097e+01   0.0000000e+00   0.0000000e+00   0.0000000e+00   0.0000000e+00   6.2523516e+01   0.0000000e+00
   3.3333332e-01   1.6812564e+04   7.3870000e+01   7.3875100e+01   3.1974020e+02   3.1935950e+02   0.0000000e+00   0.0000000e+00   0.0000000e+00   0.0000000e+00   2.0151729e+05   1.8539397e+02   1.0504206e+01   1.0287268e+01   3.1812930e+01   3.1336459e+01   0.0000000e+00   0.0000000e+00   0.0000000e+00   0.0000000e+00   7.1171480e+01   0.0000000e+00
   4.1666665e-01   1.6847112e+04   7.3919800e+01   7.4021200e+01   3.1974650e+02   3.1979250e+02   0.0000000e+00   0.0000000e+00   0.0000000e+00   0.0000000e+00   2.0184873e+05   2.3010004e+02   1.0418917e+01   1.0496445e+01   3.2764200e+01   3.2858686e+01   0.0000000e+00   0.0000000e+00   0.0000000e+00   0.0000000e+00   7.7254515e+01   0.0000000e+00
   4.9999998e-01   1.6881794e+04   7.4023600e+01   7.4093600e+01   3.2022970e+02   3.1961390e+02   0.0000000e+00   0.0000000e+00   0.0000000e+00   0.0000000e+00   2.0218043e+05   2.7409078e+02   1.0740679e+01   1.0459760e+01   3.3030686e+01   3.3415608e+01   0.0000000e+00   0.0000000e+00   0.0000000e+00   0.0000000e+00   8.4973133e+01   0.0000000e+00
   5.8333331e-01   1.6916949e+04   7.4158500e+01   7.4080300e+01   3.2042910e+02   3.2006040e+02   0.0000000e+00   0.0000000e+00   0.0000000e+00   0.0000000e+00   2.0251283e+05   3.0610397e+02   1.0685279e+01   1.0593407e+01   3.3393381e+01   3.3690522e+01   0.0000000e+00   0.0000000e+00   0.0000000e+00   0.0000000e+00   8.9802503e+01   0.0000000e+00
   6.6666664e-01   1.6951923e+04   7.4157600e+01   7.4201200e+01   3.2121930e+02   3.2018210e+02   0.0000000e+00   0.0000000e+00   0.0000000e+00   0.0000000e+00   2.0284530e+05   3.4025491e+02   1.0506446e+01   1.0636147e+01   3.3475144e+01   3.3325783e+01   0.0000000e+00   0.0000000e+00   0.0000000e+00   0.0000000e+00   9.5605339e+01   0.0000000e+00
   7.4999997e-01   1.6987485e+04   7.4467500e+01   7.4202700e+01   3.2141160e+02   3.2061670e+02   0.0000000e+00   0.0000000e+00   0.0000000e+00   0.0000000e+00   2.0317899e+05   3.6505815e+02   1.0689826e+01   1.0766801e+01   3.3148820e+01   3.3343191e+01   0.0000000e+00   0.0000000e+00   0.0000000e+00   0.0000000e+00   1.0068018e+02   0.0000000e+00
   8.3333330e-01   1.7022292e+04   7.4517800e+01   7.4539700e+01   3.2218030e+02   3.2159440e+02   0.0000000e+00   0.0000000e+00   0.0000000e+00   0.0000000e+00   2.0351296e+05   3.8219588e+02   1.0964456e+01   1.0617132e+01   3.4638602e+01   3.3920497e+01   0.0000000e+00   0.0000000e+00   0.0000000e+00   0.0000000e+00   1.0542118e+02   0.0000000e+00
   9.1666663e-01   1.7056507e+04   7.4899500e+01   7.4704200e+01   3.2332080e+02   3.2226330e+02   0.0000000e+00   0.0000000e+00   0.0000000e+00   0.0000000e+00   2.0384792e+05   4.0202039e+02   1.1071461e+01   1.1042577e+01   3.5421290e+01   3.5162531e+01   0.0000000e+00   0.0000000e+00   0.0000000e+00   0.0000000e+00   1.1064402e+02   0.0000000e+00
   9.9999996e-01   1.7089393e+04   7.5031600e+01   7.4997800e+01   3.2444210e+02   3.2350800e+02   0.0000000e+00   0.0000000e+00   0.0000000e+00   0.0000000e+00   2.0418290e+05   4.1153403e+02   1.1386930e+01   1.1199694e+01   3.6643195e+01   3.6328574e+01   0.0000000e+00   0.0000000e+00   0.0000000e+00   0.0000000e+00   1.1613617e+02   0.0000000e+00
   1.0833333e+00   1.7120889e+04   7.5335500e+01   7.5497500e+01   3.2534650e+02   3.2488050e+02   0.0000000e+00   0.0000000e+00   0.0000000e+00   0.0000000e+00   2.0451866e+05   4.2016035e+02   1.1698069e+01   1.1553317e+01   3.7415235e+01   3.7147277e+01   0.0000000e+00   0.0000000e+00   0.0000000e+00   0.0000000e+00   1.2018398e+02   0.0000000e+00
   1.1666666e+00   1.7150787e+04   7.5659100e+01   7.5694100e+01   3.2672430e+02   3.2586110e+02   0.0000000e+00   0.0000000e+00   0.0000000e+00   0.0000000e+00   2.0485482e+05   4.2594612e+02   1.1980152e+01   1.2070124e+01   3.9876428e+01   3.8916635e+01   0.0000000e+00   0.0000000e+00   0.0000000e+00   0.0000000e+00   1.2297210e+02   0.0000000e+00
   1.2500000e+00   1.7178680e+04   7.5968400e+01   7.6038200e+01   3.2815590e+02   3.2700580e+02   0.0000000e+00   0.0000000e+00   0.0000000e+00   0.0000000e+00   2.0519103e+05   4.2365514e+02   1.2288462e+01   1.2553513e+01   4.1715952e+01   4.0707398e+01   0.0000000e+00   0.0000000e+00   0.0000000e+00   0.0000000e+00   1.2813536e+02   0.0000000e+00
   1.3333333e+00   1.7205598e+04   7.6363900e+01   7.6374800e+01   3.2927590e+02   3.2866850e+02   0.0000000e+00   0.0000000e+00   0.0000000e+00   0.0000000e+00   2.0552864e+05   4.1855840e+02   1.2705244e+01   1.2823719e+01   4.4135632e+01   4.3471110e+01   0.0000000e+00   0.0000000e+00   0.0000000e+00   0.0000000e+00   1.3225990e+02   0.0000000e+00
   1.4166666e+00   1.7231328e+04   7.6662500e+01   7.6498100e+01   3.3096880e+02   3.2987320e+02   0.0000000e+00   0.0000000e+00   0.0000000e+00   0.0000000e+00   2.0586630e+05   4.2320321e+02   1.3262593e+01   1.3186879e+01   4.6404402e+01   4.5700453e+01   0.0000000e+00   0.0000000e+00   0.0000000e+00   0.0000000e+00   1.3645776e+02   0.0000000e+00
   1.4999999e+00   1.7255015e+04   7.6759300e+01   7.6880200e+01   3.3226940e+02   3.3140240e+02   0.0000000e+00   0.0000000e+00   0.0000000e+00   0.0000000e+00   2.0620517e+05   4.3080614e+02   1.3153109e+01   1.3383817e+01   4.7592118e+01   4.7685174e+01   0.0000000e+00   0.0000000e+00   0.0000000e+00   0.0000000e+00   1.4360297e+02   0.0000000e+00
   1.5833333e+00   1.7276935e+04   7.7353100e+01   7.7178900e+01   3.3315430e+02   3.3290170e+02   0.0000000e+00   0.0000000e+00   0.0000000e+00   0.0000000e+00   2.0654403e+05   4.3595007e+02   1.3973079e+01   1.3827951e+01   4.9573760e+01   4.8869480e+01   0.0000000e+00   0.0000000e+00   0.0000000e+00   0.0000000e+00   1.4514230e+02   0.0000000e+00
   1.6666666e+00   1.7298801e+04   7.7450900e+01   7.7165200e+01   3.3442860e+02   3.3362260e+02   0.0000000e+00   0.0000000e+00   0.0000000e+00   0.0000000e+00   2.0688342e+05   4.4718705e+02   1.3761618e+01   1.3789022e+01   5.0319685e+01   4.9522785e+01   0.0000000e+00   0.0000000e+00   0.0000000e+00   0.0000000e+00   1.4943545e+02   0.0000000e+00
   1.7499999e+00   1.7320667e+04   7.7252600e+01   7.7554100e+01   3.3510700e+02   3.3431300e+02   0.0000000e+00   0.0000000e+00   0.0000000e+00   0.0000000e+00   2.0722373e+05   4.6690359e+02   1.3938200e+01   1.3967598e+01   5.1087344e+01   5.0830198e+01   0.0000000e+00   0.0000000e+00   0.0000000e+00   0.0000000e+00   1.5468755e+02   0.0000000e+00
   1.8333333e+00   1.7341708e+04   7.7759600e+01   7.7566200e+01   3.3594030e+02   3.3506930e+02   0.0000000e+00   0.0000000e+00   0.0000000e+00   0.0000000e+00   2.0756422e+05   4.7388440e+02   1.3910455e+01   1.3702423e+01   5.0036308e+01   5.0022414e+01   0.0000000e+00   0.0000000e+00   0.0000000e+00   0.0000000e+00   1.5893500e+02   0.0000000e+00
   1.9166666e+00   1.7362760e+04   7.7946000e+01   7.7712800e+01   3.3665180e+02   3.3590600e+02   0.0000000e+00   0.0000000e+00   0.0000000e+00   0.0000000e+00   2.0790568e+05   4.8934341e+02   1.3902569e+01   1.3917539e+01   5.1265411e+01   5.1220048e+01   0.0000000e+00   0.0000000e+00   0.0000000e+00   0.0000000e+00   1.6225503e+02   0.0000000e+00
   1.9999999e+00   1.7384457e+04   7.7821900e+01   7.7875200e+01   3.3667140e+02   3.3657820e+02   0.0000000e+00   0.0000000e+00   0.0000000e+00   0.0000000e+00   2.0824708e+05   5.0968979e+02   1.3991274e+01   1.3843106e+01   5.0873095e+01   5.0551576e+01   0.0000000e+00   0.0000000e+00   0.0000000e+00   0.0000000e+00   1.6965597e+02   0.0000000e+00
   2.0833333e+00   1.7407483e+04   7.7871300e+01   7.7728500e+01   3.3694010e+02   3.3665390e+02   0.0000000e+00   0.0000000e+00   0.0000000e+00   0.0000000e+00   2.0858936e+05   5.2486090e+02   1.3925614e+01   1.3820430e+01   5.0736743e+01   5.0264243e+01   0.0000000e+00   0.0000000e+00   0.0000000e+00   0.0000000e+00   1.7123256e+02   0.0000000e+00
   2.1666666e+00   1.7431312e+04   7.7926600e+01   7.7833500e+01   3.3686140e+02   3.3672790e+02   0.0000000e+00   0.0000000e+00   0.0000000e+00   0.0000000e+00   2.0893224e+05   5.2315698e+02   1.4271664e+01   1.4049566e+01   5.0255069e+01   5.0711969e+01   0.0000000e+00   0.0000000e+00   0.0000000e+00   0.0000000e+00   1.7675687e+02   0.0000000e+00
   2.2499999e+00   1.7457408e+04   7.7740600e+01   7.7857200e+01   3.3655960e+02   3.3665800e+02   0.0000000e+00   0.0000000e+00   0.0000000e+00   0.0000000e+00   2.0927606e+05   5.3200984e+02   1.4060209e+01   1.4100095e+01   5.1740444e+01   5.1321927e+01   0.0000000e+00   0.0000000e+00   0.0000000e+00   0.0000000e+00   1.7570778e+02   0.0000000e+00
   2.3333332e+00   1.7484275e+04   7.7775800e+01   7.7769500e+01   3.3656220e+02   3.3642470e+02   0.0000000e+00   0.0000000e+00   0.0000000e+00   0.0000000e+00   2.0962023e+05   5.3693171e+02   1.4414288e+01   1.4390882e+01   5.1854445e+01   5.1568188e+01   0.0000000e+00   0.0000000e+00   0.0000000e+00   0.0000000e+00   1.7950846e+02   0.0000000e+00
   2.4166666e+00   1.7513017e+04   7.7842400e+01   7.7473700e+01   3.3631860e+02   3.3604680e+02   0.0000000e+00   0.0000000e+00   0.0000000e+00   0.0000000e+00   2.0996500e+05   5.3380290e+02   1.4421094e+01   1.4332503e+01   5.2147625e+01   5.2366280e+01   0.0000000e+00   0.0000000e+00   0.0000000e+00   0.0000000e+00   1.8313336e+02   0.0000000e+00
   2.4999999e+00   1.7542580e+04   7.7702600e+01   7.7731100e+01   3.3647780e+02   3.3597560e+02   0.0000000e+00   0.0000000e+00   0.0000000e+00   0.0000000e+00   2.1031002e+05   5.4455147e+02   1.4617617e+01   1.4640062e+01   5.3396459e+01   5.3504462e+01   0.0000000e+00   0.0000000e+00   0.0000000e+00   0.0000000e+00   1.8528011e+02   0.0000000e+00
   2.5833332e+00   1.7572794e+04   7.7683500e+01   7.7786000e+01   3.3654550e+02   3.3609030e+02   0.0000000e+00   0.0000000e+00   0.0000000e+00   0.0000000e+00   2.1065511e+05   5.3510787e+02   1.4976787e+01   1.4965848e+01   5.5199459e+01   5.5104083e+01   0.0000000e+00   0.0000000e+00   0.0000000e+00   0.0000000e+00   1.9107173e+02   0.0000000e+00
   2.6666666e+00   1.7604533e+04   7.7611300e+01   7.7763600e+01   3.3614750e+02   3.3610830e+02   0.0000000e+00   0.0000000e+00   0.0000000e+00   0.0000000e+00   2.1100082e+05   5.3690591e+02   1.5117171e+01   1.5220817e+01   5.6532903e+01   5.5937149e+01   0.0000000e+00   0.0000000e+00   0.0000000e+00   0.0000000e+00   1.9709228e+02   0.0000000e+00
   2.7499999e+00   1.7638291e+04   7.7562000e+01   7.7697700e+01   3.3649290e+02   3.3578310e+02   0.0000000e+00   0.0000000e+00   0.0000000e+00   0.0000000e+00   2.1134801e+05   5.4901257e+02   1.5056229e+01   1.5128001e+01   5.6425784e+01   5.6135671e+01   0.0000000e+00   0.0000000e+00   0.0000000e+00   0.0000000e+00   1.9896476e+02   0.0000000e+00
   2.8333332e+00   1.7672175e+04   7.7664500e+01   7.7721500e+01   3.3639050e+02   3.3609220e+02   0.0000000e+00   0.0000000e+00   0.0000000e+00   0.0000000e+00   2.1169525e+05   5.5398551e+02   1.5187100e+01   1.5190287e+01   5.7141062e+01   5.7109569e+01   0.0000000e+00   0.0000000e+00   0.0000000e+00   0.0000000e+00   2.0377611e+02   0.0000000e+00
   2.9166665e+00   1.7706422e+04   7.7864100e+01   7.7749200e+01   3.3682630e+02   3.3629170e+02   0.0000000e+00   0.0000000e+00   0.0000000e+00   0.0000000e+00   2.1204279e+05   5.5873574e+02   1.5001111e+01   1.5083847e+01   5.6120719e+01   5.5764838e+01   0.0000000e+00   0.0000000e+00   0.0000000e+00   0.0000000e+00   2.0648244e+02   0.0000000e+00
   2.9999999e+00   1.7741643e+04   7.7914300e+01   7.7956200e+01   3.3746170e+02   3.3653460e+02   0.0000000e+00   0.0000000e+00   0.0000000e+00   0.0000000e+00   2.1239119e+05   5.6076666e+02   1.5037931e+01   1.5074442e+01   5.6722033e+01   5.5803693e+01   0.0000000e+00   0.0000000e+00   0.0000000e+00   0.0000000e+00   2.1208383e+02   0.0000000e+00
   3.0833332e+00   1.7776623e+04   7.8170500e+01   7.8003900e+01   3.3759550e+02   3.3742840e+02   0.0000000e+00   0.0000000e+00   0.0000000e+00   0.0000000e+00   2.1274017e+05   5.7221510e+02   1.5370343e+01   1.4965416e+01   5.6907719e+01   5.6744754e+01   0.0000000e+00   0.0000000e+00   0.0000000e+00   0.0000000e+00   2.1556551e+02   0.0000000e+00
   3.1666665e+00   1.7811145e+04   7.8264700e+01   7.8335100e+01   3.3850550e+02   3.3777300e+02   0.0000000e+00   0.0000000e+00   0.0000000e+00   0.0000000e+00   2.1308966e+05   5.6961702e+02   1.4960722e+01   1.5091288e+01   5.6003089e+01   5.6635184e+01   0.0000000e+00   0.0000000e+00   0.0000000e+00   0.0000000e+00   2.1843402e+02   0.0000000e+00
   3.2499999e+00   1.7845117e+04   7.8423900e+01   7.8451000e+01   3.3917920e+02   3.3853260e+02   0.0000000e+00   0.0000000e+00   0.0000000e+00   0.0000000e+00   2.1343950e+05   5.8405615e+02   1.5202773e+01   1.5259950e+01   5.6181491e+01   5.6355150e+01   0.0000000e+00   0.0000000e+00   0.0000000e+00   0.0000000e+00   2.2369905e+02   0.0000000e+00
   3.3333332e+00   1.7878204e+04   7.8935300e+01   7.8587600e+01   3.3991170e+02   3.3913330e+02   0.0000000e+00   0.0000000e+00   0.0000000e+00   0.0000000e+00   2.1379027e+05   5.9136091e+02   1.5422986e+01   1.5392986e+01   5.7888037e+01   5.6944682e+01   0.0000000e+00   0.0000000e+00   0.0000000e+00   0.0000000e+00   2.2630743e+02   0.0000000e+00
   3.4166665e+00   1.7910829e+04   7.8938800e+01   7.8835500e+01   3.4108310e+02   3.3973790e+02   0.0000000e+00   0.0000000e+00   0.0000000e+00   0.0000000e+00   2.1414141e+05   5.8678754e+02   1.5530981e+01   1.5518909e+01   5.7480031e+01   5.7605972e+01   0.0000000e+00   0.0000000e+00   0.0000000e+00   0.0000000e+00   2.2673245e+02   0.0000000e+00
   3.4999999e+00   1.7942948e+04   7.9074700e+01   7.9138700e+01   3.4170890e+02   3.4100100e+02   0.0000000e+00   0.0000000e+00   0.0000000e+00   0.0000000e+00   2.1449328e+05   5.8345721e+02   1.5542666e+01   1.5604589e+01   5.8120960e+01   5.7781655e+01   0.0000000e+00   0.0000000e+00   0.0000000e+00   0.0000000e+00   2.3325617e+02   0.0000000e+00
   3.5833332e+00   1.7974558e+04   7.9316700e+01   7.9318200e+01   3.4265730e+02   3.4209910e+02   0.0000000e+00   0.0000000e+00   0.0000000e+00   0.0000000e+00   2.1484605e+05   5.9267345e+02   1.5848152e+01   1.5796060e+01   5.9902583e+01   5.9358401e+01   0.0000000e+00   0.0000000e+00   0.0000000e+00   0.0000000e+00   2.3603752e+02   0.0000000e+00
   3.6666665e+00   1.8005942e+04   7.9408700e+01   7.9503200e+01   3.4341370e+02   3.4279160e+02   0.0000000e+00   0.0000000e+00   0.0000000e+00   0.0000000e+00   2.1519941e+05   5.9750252e+02   1.5815937e+01   1.6118858e+01   6.1901864e+01   6.0327706e+01   0.0000000e+00   0.0000000e+00   0.0000000e+00   0.0000000e+00   2.4254025e+02   0.0000000e+00
   3.7499998e+00   1.8036439e+04   7.9687200e+01   7.9780200e+01   3.4445500e+02   3.4357610e+02   0.0000000e+00   0.0000000e+00   0.0000000e+00   0.0000000e+00   2.1555337e+05   5.9953845e+02   1.6350232e+01   1.6128983e+01   6.1480724e+01   6.1246936e+01   0.0000000e+00   0.0000000e+00   0.0000000e+00   0.0000000e+00   2.4576432e+02   0.0000000e+00
   3.8333332e+00   1.8065875e+04   8.0052800e+01   7.9893100e+01   3.4567290e+02   3.4439290e+02   0.0000000e+00   0.0000000e+00   0.0000000e+00   0.0000000e+00   2.1590753e+05   5.9806238e+02   1.6450340e+01   1.6296547e+01   6.2926591e+01   6.2154127e+01   0.0000000e+00   0.0000000e+00   0.0000000e+00   0.0000000e+00   2.4956356e+02   0.0000000e+00
   3.9166665e+00   1.8094751e+04   8.0182100e+01   8.0031800e+01   3.4652700e+02   3.4551190e+02   0.0000000e+00   0.0000000e+00   0.0000000e+00   0.0000000e+00   2.1626266e+05   6.0967616e+02   1.6505041e+01   1.6704122e+01   6.3341388e+01   6.3819639e+01   0.0000000e+00   0.0000000e+00   0.0000000e+00   0.0000000e+00   2.5273470e+02   0.0000000e+00
   3.9999998e+00   1.8124057e+04   8.0430800e+01   8.0417600e+01   3.4707950e+02   3.4637750e+02   0.0000000e+00   0.0000000e+00   0.0000000e+00   0.0000000e+00   2.1661901e+05   6.0931049e+02   1.6524501e+01   1.6462354e+01   6.2802686e+01   6.3003188e+01   0.0000000e+00   0.0000000e+00   0.0000000e+00   0.0000000e+00   2.5501572e+02   0.0000000e+00
   4.0833332e+00   1.8151375e+04   8.0683300e+01   8.0688900e+01   3.4823740e+02   3.4750360e+02   0.0000000e+00   0.0000000e+00   0.0000000e+00   0.0000000e+00   2.1697462e+05   6.1452771e+02   1.6268290e+01   1.6191422e+01   6.2329103e+01   6.1691354e+01   0.0000000e+00   0.0000000e+00   0.0000000e+00   0.0000000e+00   2.5292080e+02   0.0000000e+00
   4.1666665e+00   1.8178120e+04   8.0743900e+01   8.0787400e+01   3.4910040e+02   3.4842210e+02   0.0000000e+00   0.0000000e+00   0.0000000e+00   0.0000000e+00   2.1733072e+05   6.1642254e+02   1.6276578e+01   1.6318267e+01   6.2471674e+01   6.2337620e+01   0.0000000e+00   0.0000000e+00   0.0000000e+00   0.0000000e+00   2.5392706e+02   0.0000000e+00
   4.2499998e+00   1.8204533e+04   8.1018700e+01   8.1014100e+01   3.4976890e+02   3.4932360e+02   0.0000000e+00   0.0000000e+00   0.0000000e+00   0.0000000e+00   2.1768740e+05   6.2062632e+02   1.6247066e+01   1.6190149e+01   6.2192923e+01   6.2346825e+01   0.0000000e+00   0.0000000e+00   0.0000000e+00   0.0000000e+00   2.5664854e+02   0.0000000e+00
   4.3333332e+00   1.8230510e+04   8.1134100e+01   8.1069700e+01   3.5101630e+02   3.5005610e+02   0.0000000e+00   0.0000000e+00   0.0000000e+00   0.0000000e+00   2.1804486e+05   6.3560039e+02   1.6559122e+01   1.6441748e+01   6.2502701e+01   6.3231378e+01   0.0000000e+00   0.0000000e+00   0.0000000e+00   0.0000000e+00   2.6094638e+02   0.0000000e+00
   4.4166665e+00   1.8257006e+04   8.1184100e+01   8.1491500e+01   3.5152010e+02   3.5094690e+02   0.0000000e+00   0.0000000e+00   0.0000000e+00   0.0000000e+00   2.1840366e+05   6.3040134e+02   1.6399887e+01   1.6432429e+01   6.1871609e+01   6.2283857e+01   0.0000000e+00   0.0000000e+00   0.0000000e+00   0.0000000e+00   2.6263098e+02   0.0000000e+00
   4.4999998e+00   1.8282937e+04   8.1412500e+01   8.1530300e+01   3.5217170e+02   3.5185900e+02   0.0000000e+00   0.0000000e+00   0.0000000e+00   0.0000000e+00   2.1876252e+05   6.3557224e+02   1.6653002e+01   1.6543308e+01   6.3616302e+01   6.3208772e+01   0.0000000e+00   0.0000000e+00   0.0000000e+00   0.0000000e+00   2.6769517e+02   0.0000000e+00
   4.5833331e+00   1.8308925e+04   8.1530900e+01   8.1545900e+01   3.5290240e+02   3.5218400e+02   0.0000000e+00   0.0000000e+00   0.0000000e+00   0.0000000e+00   2.1912189e+05   6.2169694e+02   1.6526759e+01   1.6482071e+01   6.3043075e+01   6.3260899e+01   0.0000000e+00   0.0000000e+00   0.0000000e+00   0.0000000e+00   2.7210498e+02   0.0000000e+00
   4.6666665e+00   1.8335015e+04   8.1606800e+01   8.1553400e+01   3.5329450e+02   3.5292900e+02   0.0000000e+00   0.0000000e+00   0.0000000e+00   0.0000000e+00   2.1948187e+05   6.1456247e+02   1.6639317e+01   1.6443582e+01   6.3112874e+01   6.2755196e+01   0.0000000e+00   0.0000000e+00   0.0000000e+00   0.0000000e+00   2.7376852e+02   0.0000000e+00
   4.7499998e+00   1.8361874e+04   8.1741700e+01   8.1642200e+01   3.5344010e+02   3.5303060e+02   0.0000000e+00   0.0000000e+00   0.0000000e+00   0.0000000e+00   2.1984225e+05   6.1892007e+02   1.6816470e+01   1.6715087e+01   6.3651399e+01   6.4055936e+01   0.0000000e+00   0.0000000e+00   0.0000000e+00   0.0000000e+00   2.7656264e+02   0.0000000e+00
   4.8333331e+00   1.8390096e+04   8.1834000e+01   8.1673600e+01   3.5369700e+02   3.5324250e+02   0.0000000e+00   0.0000000e+00   0.0000000e+00   0.0000000e+00   2.2020404e+05   6.2616297e+02   1.6690791e+01   1.6555817e+01   6.4510684e+01   6.4203365e+01   0.0000000e+00   0.0000000e+00   0.0000000e+00   0.0000000e+00   2.7998253e+02   0.0000000e+00
   4.9166665e+00   1.8418850e+04   8.1719700e+01   8.1820200e+01   3.5405650e+02   3.5325330e+02   0.0000000e+00   0.0000000e+00   0.0000000e+00   0.0000000e+00   2.2056608e+05   6.1984680e+02   1.6922611e+01   1.6882309e+01   6.4995524e+01   6.4978576e+01   0.0000000e+00   0.0000000e+00   0.0000000e+00   0.0000000e+00   2.8392947e+02   0.0000000e+00
   4.9999998e+00   1.8449141e+04   8.1745400e+01   8.1793500e+01   3.5382400e+02   3.5356620e+02   0.0000000e+00   0.0000000e+00   0.0000000e+00   0.0000000e+00   2.2092886e+05   6.3947317e+02   1.6783079e+01   1.6761556e+01   6.4270450e+01   6.3633095e+01   0.0000000e+00   0.0000000e+00   0.0000000e+00   0.0000000e+00   2.8668863e+02   0.0000000e+00
   5.0833331e+00   1.8480317e+04   8.1856700e+01   8.1824900e+01   3.5401750e+02   3.5347320e+02   0.0000000e+00   0.0000000e+00   0.0000000e+00   0.0000000e+00   2.2129225e+05   6.4275828e+02   1.6848144e+01   1.6790671e+01   6.5307846e+01   6.5702526e+01   0.0000000e+00   0.0000000e+00   0.0000000e+00   0.0000000e+00   2.8600436e+02   0.0000000e+00
   5.1666665e+00   1.8512157e+04   8.1749300e+01   8.1891500e+01   3.5463490e+02   3.5360480e+02   0.0000000e+00   0.0000000e+00   0.0000000e+00   0.0000000e+00   2.2165625e+05   6.4821449e+02   1.6656974e+01   1.6661359e+01   6.3390266e+01   6.3487179e+01   0.0000000e+00   0.0000000e+00   0.0000000e+00   0.0000000e+00   2.8760183e+02   0.0000000e+00
   5.2499998e+00   1.8544371e+04   8.1966700e+01   8.1852500e+01   3.5473160e+02   3.5425080e+02   0.0000000e+00   0.0000000e+00   0.0000000e+00   0.0000000e+00   2.2202099e+05   6.5289242e+02   1.6425650e+01   1.6391431e+01   6.2381545e+01   6.2708158e+01   0.0000000e+00   0.0000000e+00   0.0000000e+00   0.0000000e+00   2.9036556e+02   0.0000000e+00
   5.3333331e+00   1.8577092e+04   8.1950400e+01   8.2126600e+01   3.5506430e+02   3.5448440e+02   0.0000000e+00   0.0000000e+00   0.0000000e+00   0.0000000e+00   2.2238611e+05   6.5718744e+02   1.6664505e+01   1.6818836e+01   6.3956499e+01   6.3561180e+01   0.0000000e+00   0.0000000e+00   0.0000000e+00   0.0000000e+00   2.9356790e+02   0.0000000e+00
   5.4166665e+00   1.8609642e+04   8.2224800e+01   8.2086800e+01   3.5507040e+02   3.5504680e+02   0.0000000e+00   0.0000000e+00   0.0000000e+00   0.0000000e+00   2.2275131e+05   6.5889060e+02   1.6800211e+01   1.6722058e+01   6.3454421e+01   6.3538095e+01   0.0000000e+00   0.0000000e+00   0.0000000e+00   0.0000000e+00   2.9161946e+02   0.0000000e+00
   5.4999998e+00   1.8643325e+04   8.2244800e+01   8.2181200e+01   3.5576940e+02   3.5485070e+02   0.0000000e+00   0.0000000e+00   0.0000000e+00   0.0000000e+00   2.2311738e+05   6.5853459e+02   1.6819529e+01   1.6909564e+01   6.4157726e+01   6.3601649e+01   0.0000000e+00   0.0000000e+00   0.0000000e+00   0.0000000e+00   2.9929728e+02   0.0000000e+00
   5.5833331e+00   1.8676644e+04   8.2369800e+01   8.2441600e+01   3.5624090e+02   3.5571100e+02   0.0000000e+00   0.0000000e+00   0.0000000e+00   0.0000000e+00   2.2348431e+05   6.5458132e+02   1.6832141e+01   1.6962752e+01   6.5649879e+01   6.4594769e+01   0.0000000e+00   0.0000000e+00   0.0000000e+00   0.0000000e+00   3.0361714e+02   0.0000000e+00
   5.6666664e+00   1.8709618e+04   8.2635600e+01   8.2521800e+01   3.5646000e+02   3.5651190e+02   0.0000000e+00   0.0000000e+00   0.0000000e+00   0.0000000e+00   2.2385119e+05   6.6644324e+02   1.7085550e+01   1.6951568e+01   6.4659597e+01   6.4335394e+01   0.0000000e+00   0.0000000e+00   0.0000000e+00   0.0000000e+00   3.0761941e+02   0.0000000e+00
   5.7499998e+00   1.8742323e+04   8.2712000e+01   8.2699100e+01   3.5785840e+02   3.5676040e+02   0.0000000e+00   0.0000000e+00   0.0000000e+00   0.0000000e+00   2.2421891e+05   6.5576320e+02   1.7351915e+01   1.7250731e+01   6.5792922e+01   6.6015504e+01   0.0000000e+00   0.0000000e+00   0.0000000e+00   0.0000000e+00   3.0740859e+02   0.0000000e+00
   5.8333331e+00   1.8775155e+04   8.2770900e+01   8.2849100e+01   3.5850950e+02   3.5803010e+02   0.0000000e+00   0.0000000e+00   0.0000000e+00   0.0000000e+00   2.2458740e+05   6.5848206e+02   1.7474546e+01   1.7159125e+01   6.7088761e+01   6.6122518e+01   0.0000000e+00   0.0000000e+00   0.0000000e+00   0.0000000e+00   3.0822168e+02   0.0000000e+00
   5.9166664e+00   1.8807359e+04   8.3144700e+01   8.3024000e+01   3.5931780e+02   3.5873140e+02   0.0000000e+00   0.0000000e+00   0.0000000e+00   0.0000000e+00   2.2495638e+05   6.5071876e+02   1.7456513e+01   1.7494806e+01   6.7693846e+01   6.7206609e+01   0.0000000e+00   0.0000000e+00   0.0000000e+00   0.0000000e+00   3.1286183e+02   0.0000000e+00
   5.9999998e+00   1.8839198e+04   8.3249000e+01   8.3092100e+01   3.6026410e+02   3.5947820e+02   0.0000000e+00   0.0000000e+00   0.0000000e+00   0.0000000e+00   2.2532629e+05   6.6199845e+02   1.7315403e+01   1.7403888e+01   6.6524512e+01   6.6485436e+01   0.0000000e+00   0.0000000e+00   0.0000000e+00   0.0000000e+00   3.2202151e+02   0.0000000e+00
   6.0833331e+00   1.8870926e+04   8.3476200e+01   8.3481300e+01   3.6087280e+02   3.6007480e+02   0.0000000e+00   0.0000000e+00   0.0000000e+00   0.0000000e+00   2.2569691e+05   6.5968156e+02   1.7789893e+01   1.7538244e+01   6.8554898e+01   6.8521090e+01   0.0000000e+00   0.0000000e+00   0.0000000e+00   0.0000000e+00   3.2315285e+02   0.0000000e+00
   6.1666664e+00   1.8902466e+04   8.3804200e+01   8.3386300e+01   3.6162150e+02   3.6099720e+02   0.0000000e+00   0.0000000e+00   0.0000000e+00   0.0000000e+00   2.2606757e+05   6.6387309e+02   1.7405584e+01   1.7750768e+01   6.8221430e+01   6.7170132e+01   0.0000000e+00   0.0000000e+00   0.0000000e+00   0.0000000e+00   3.2869537e+02   0.0000000e+00
   6.2499998e+00   1.8933689e+04   8.3940200e+01   8.3689000e+01   3.6239310e+02   3.6153470e+02   0.0000000e+00   0.0000000e+00   0.0000000e+00   0.0000000e+00   2.2643924e+05   6.5601477e+02   1.7645984e+01   1.7748301e+01   6.8945169e+01   6.8096335e+01   0.0000000e+00   0.0000000e+00   0.0000000e+00   0.0000000e+00   3.2684376e+02   0.0000000e+00
   6.3333331e+00   1.8965283e+04   8.3796000e+01   8.3703300e+01   3.6325030e+02   3.6223380e+02   0.0000000e+00   0.0000000e+00   0.0000000e+00   0.0000000e+00   2.2681119e+05   6.5894423e+02   1.7916944e+01   1.7820966e+01   6.9112209e+01   6.9096418e+01   0.0000000e+00   0.0000000e+00   0.0000000e+00   0.0000000e+00   3.2700950e+02   0.0000000e+00
   6.4166664e+00   1.8996773e+04   8.3935500e+01   8.4176800e+01   3.6344910e+02   3.6285720e+02   0.0000000e+00   0.0000000e+00   0.0000000e+00   0.0000000e+00   2.2718413e+05   6.6047831e+02   1.7825889e+01   1.7541126e+01   6.8548797e+01   6.8547205e+01   0.0000000e+00   0.0000000e+00   0.0000000e+00   0.0000000e+00   3.2718385e+02   0.0000000e+00
   6.4999997e+00   1.9028564e+04   8.4113800e+01   8.4215800e+01   3.6403960e+02   3.6347810e+02   0.0000000e+00   0.0000000e+00   0.0000000e+00   0.0000000e+00   2.2755754e+05   6.7419568e+02   1.8058966e+01   1.7862837e+01   7.0356508e+01   6.9854283e+01   0.0000000e+00   0.0000000e+00   0.0000000e+00   0.0000000e+00   3.3247974e+02   0.0000000e+00
   6.5833331e+00   1.9059992e+04   8.4179900e+01   8.4402900e+01   3.6482660e+02   3.6395300e+02   0.0000000e+00   0.0000000e+00   0.0000000e+00   0.0000000e+00   2.2793174e+05   6.6835537e+02   1.7487942e+01   1.7727780e+01   6.8267724e+01   6.8642089e+01   0.0000000e+00   0.0000000e+00   0.0000000e+00   0.0000000e+00   3.3353846e+02   0.0000000e+00
   6.6666664e+00   1.9091124e+04   8.4684800e+01   8.4424400e+01   3.6566050e+02   3.6482120e+02   0.0000000e+00   0.0000000e+00   0.0000000e+00   0.0000000e+00   2.2830668e+05   6.7628720e+02   1.7470225e+01   1.7580944e+01   6.7798365e+01   6.7228378e+01   0.0000000e+00   0.0000000e+00   0.0000000e+00   0.0000000e+00   3.3597175e+02   0.0000000e+00
   6.7499997e+00   1.9122093e+04   8.4709400e+01   8.4700100e+01   3.6628760e+02   3.6557090e+02   0.0000000e+00   0.0000000e+00   0.0000000e+00   0.0000000e+00   2.2868185e+05   6.8679949e+02   1.7779892e+01   1.7348050e+01   6.8402857e+01   6.7835321e+01   0.0000000e+00   0.0000000e+00   0.0000000e+00   0.0000000e+00   3.3517304e+02   0.0000000e+00
   6.8333331e+00   1.9152917e+04   8.4919600e+01   8.4908900e+01   3.6696950e+02   3.6639000e+02   0.0000000e+00   0.0000000e+00   0.0000000e+00   0.0000000e+00   2.2905805e+05   6.9717616e+02   1.7401592e+01   1.7479135e+01   6.7275548e+01   6.6743812e+01   0.0000000e+00   0.0000000e+00   0.0000000e+00   0.0000000e+00   3.3886317e+02   0.0000000e+00
   6.9166664e+00   1.9183122e+04   8.5049300e+01   8.5087500e+01   3.6761580e+02   3.6686110e+02   0.0000000e+00   0.0000000e+00   0.0000000e+00   0.0000000e+00   2.2943468e+05   6.9944924e+02   1.7347419e+01   1.7245944e+01   6.6197637e+01   6.6036766e+01   0.0000000e+00   0.0000000e+00   0.0000000e+00   0.0000000e+00   3.3948368e+02   0.0000000e+00
   6.9999997e+00   1.9213141e+04   8.5175300e+01   8.5268500e+01   3.6837020e+02   3.6792400e+02   0.0000000e+00   0.0000000e+00   0.0000000e+00   0.0000000e+00   2.2981108e+05   7.0195973e+02   1.7563650e+01   1.7385443e+01   6.7679724e+01   6.7071749e+01   0.0000000e+00   0.0000000e+00   0.0000000e+00   0.0000000e+00   3.3627491e+02   0.0000000e+00
   7.0833331e+00   1.9242875e+04   8.5317800e+01   8.5278800e+01   3.6892980e+02   3.6822310e+02   0.0000000e+00   0.0000000e+00   0.0000000e+00   0.0000000e+00   2.3018858e+05   6.8419497e+02   1.7825537e+01   1.7674589e+01   6.8179583e+01   6.7275357e+01   0.0000000e+00   0.0000000e+00   0.0000000e+00   0.0000000e+00   3.4332927e+02   0.0000000e+00
   7.1666664e+00   1.9272770e+04   8.5447500e+01   8.5482700e+01   3.6973490e+02   3.6880800e+02   0.0000000e+00   0.0000000e+00   0.0000000e+00   0.0000000e+00   2.3056628e+05   6.7394696e+02   1.8012176e+01   1.7836029e+01   6.8394724e+01   6.7903371e+01   0.0000000e+00   0.0000000e+00   0.0000000e+00   0.0000000e+00   3.4754476e+02   0.0000000e+00
   7.2499997e+00   1.9302478e+04   8.5631800e+01   8.5638000e+01   3.7061210e+02   3.6964050e+02   0.0000000e+00   0.0000000e+00   0.0000000e+00   0.0000000e+00   2.3094514e+05   6.7877657e+02   1.7914802e+01   1.7932984e+01   6.8584822e+01   6.8405146e+01   0.0000000e+00   0.0000000e+00   0.0000000e+00   0.0000000e+00   3.4981746e+02   0.0000000e+00
   7.3333330e+00   1.9332447e+04   8.5844200e+01   8.5615900e+01   3.7147200e+02   3.7007900e+02   0.0000000e+00   0.0000000e+00   0.0000000e+00   0.0000000e+00   2.3132465e+05   6.7653014e+02   1.8160410e+01   1.8031164e+01   7.0216071e+01   6.9235758e+01   0.0000000e+00   0.0000000e+00   0.0000000e+00   0.0000000e+00   3.4835648e+02   0.0000000e+00
   7.4166664e+00   1.9362365e+04   8.5899300e+01   8.5831700e+01   3.7157760e+02   3.7131650e+02   0.0000000e+00   0.0000000e+00   0.0000000e+00   0.0000000e+00   2.3170458e+05   6.6851731e+02   1.8080377e+01   1.8327214e+01   7.0775583e+01   6.9794930e+01   0.0000000e+00   0.0000000e+00   0.0000000e+00   0.0000000e+00   3.5484377e+02   0.0000000e+00
   7.4999997e+00   1.9393538e+04   8.5940600e+01   8.5999800e+01   3.7166540e+02   3.7169870e+02   0.0000000e+00   0.0000000e+00   0.0000000e+00   0.0000000e+00   2.3208512e+05   6.7159520e+02   1.8268471e+01   1.8174087e+01   7.0418625e+01   7.0196211e+01   0.0000000e+00   0.0000000e+00   0.0000000e+00   0.0000000e+00   3.6309040e+02   0.0000000e+00
   7.5833330e+00   1.9423804e+04   8.6121900e+01   8.6130400e+01   3.7249050e+02   3.7191040e+02   0.0000000e+00   0.0000000e+00   0.0000000e+00   0.0000000e+00   2.3246601e+05   6.6875372e+02   1.7870181e+01   1.7701241e+01   6.9060472e+01   6.8859022e+01   0.0000000e+00   0.0000000e+00   0.0000000e+00   0.0000000e+00   3.6573029e+02   0.0000000e+00
   7.6666664e+00   1.9455824e+04   8.6247700e+01   8.6137300e+01   3.7302510e+02   3.7247860e+02   0.0000000e+00   0.0000000e+00   0.0000000e+00   0.0000000e+00   2.3284885e+05   6.8204531e+02   1.7464107e+01   1.7646563e+01   6.8852793e+01   6.8800224e+01   0.0000000e+00   0.0000000e+00   0.0000000e+00   0.0000000e+00   3.7268712e+02   0.0000000e+00
   7.7499997e+00   1.9487652e+04   8.6283700e+01   8.6473500e+01   3.7380570e+02   3.7275840e+02   0.0000000e+00   0.0000000e+00   0.0000000e+00   0.0000000e+00   2.3323178e+05   6.9384429e+02   1.7524272e+01   1.7831520e+01   6.9055481e+01   6.9395879e+01   0.0000000e+00   0.0000000e+00   0.0000000e+00   0.0000000e+00   3.7705301e+02   0.0000000e+00
   7.8333330e+00   1.9519847e+04   8.6559000e+01   8.6556300e+01   3.7374450e+02   3.7364900e+02   0.0000000e+00   0.0000000e+00   0.0000000e+00   0.0000000e+00   2.3361519e+05   6.9402488e+02   1.7476935e+01   1.7200919e+01   6.7894998e+01   6.7808553e+01   0.0000000e+00   0.0000000e+00   0.0000000e+00   0.0000000e+00   3.8316761e+02   0.0000000e+00
   7.9166664e+00   1.9552816e+04   8.6400300e+01   8.6535800e+01   3.7402650e+02   3.7404370e+02   0.0000000e+00   0.0000000e+00   0.0000000e+00   0.0000000e+00   2.3399940e+05   7.0167913e+02   1.7240365e+01   1.7432266e+01   6.7424546e+01   6.7379296e+01   0.0000000e+00   0.0000000e+00   0.0000000e+00   0.0000000e+00   3.8088814e+02   0.0000000e+00
   7.9999997e+00   1.9585009e+04   8.6790100e+01   8.6684800e+01   3.7507830e+02   3.7430260e+02   0.0000000e+00   0.0000000e+00   0.0000000e+00   0.0000000e+00   2.3438394e+05   7.0027591e+02   1.7401394e+01   1.7271951e+01   6.6713017e+01   6.6230385e+01   0.0000000e+00   0.0000000e+00   0.0000000e+00   0.0000000e+00   3.7930393e+02   0.0000000e+00
   8.0833330e+00   1.9618133e+04   8.6878000e+01   8.6678600e+01   3.7548710e+02   3.7497660e+02   0.0000000e+00   0.0000000e+00   0.0000000e+00   0.0000000e+00   2.3476954e+05   6.9692921e+02   1.7317203e+01   1.7440365e+01   6.6508671e+01   6.5840291e+01   0.0000000e+00   0.0000000e+00   0.0000000e+00   0.0000000e+00   3.7569290e+02   0.0000000e+00
   8.1666663e+00   1.9651020e+04   8.7045200e+01   8.7058300e+01   3.7630110e+02   3.7546420e+02   0.0000000e+00   0.0000000e+00   0.0000000e+00   0.0000000e+00   2.3515583e+05   6.9531813e+02   1.7314674e+01   1.7870748e+01   6.7096294e+01   6.6579315e+01   0.0000000e+00   0.0000000e+00   0.0000000e+00   0.0000000e+00   3.8644545e+02   0.0000000e+00
   8.2499997e+00   1.9682903e+04   8.7129200e+01   8.7106100e+01   3.7720270e+02   3.7647030e+02   0.0000000e+00   0.0000000e+00   0.0000000e+00   0.0000000e+00   2.3554211e+05   6.8007871e+02   1.7529342e+01   1.7513381e+01   6.6929766e+01   6.6183106e+01   0.0000000e+00   0.0000000e+00   0.0000000e+00   0.0000000e+00   3.8767571e+02   0.0000000e+00
   8.3333330e+00   1.9714532e+04   8.7284000e+01   8.7563600e+01   3.7788280e+02   3.7701600e+02   0.0000000e+00   0.0000000e+00   0.0000000e+00   0.0000000e+00   2.3592893e+05   6.8203424e+02   1.7823460e+01   1.7764440e+01   6.9061486e+01   6.7408960e+01   0.0000000e+00   0.0000000e+00   0.0000000e+00   0.0000000e+00   3.8500163e+02   0.0000000e+00
   8.4166663e+00   1.9746594e+04   8.7565300e+01   8.7529600e+01   3.7855890e+02   3.7806330e+02   0.0000000e+00   0.0000000e+00   0.0000000e+00   0.0000000e+00   2.3631657e+05   6.7863033e+02   1.7819424e+01   1.7740941e+01   6.8893448e+01   6.8212497e+01   0.0000000e+00   0.0000000e+00   0.0000000e+00   0.0000000e+00   3.8338957e+02   0.0000000e+00
   8.4999997e+00   1.9777619e+04   8.7765500e+01   8.7653700e+01   3.7946400e+02   3.7882330e+02   0.0000000e+00   0.0000000e+00   0.0000000e+00   0.0000000e+00   2.3670493e+05   6.7712096e+02   1.8458407e+01   1.8132933e+01   7.1430303e+01   7.0271308e+01   0.0000000e+00   0.0000000e+00   0.0000000e+00   0.0000000e+00   3.8669760e+02   0.0000000e+00
   8.5833330e+00   1.9809671e+04   8.7825200e+01   8.7714000e+01   3.7977270e+02   3.7926230e+02   0.0000000e+00   0.0000000e+00   0.0000000e+00   0.0000000e+00   2.3709386e+05   6.7760556e+02   1.8345782e+01   1.8385690e+01   7.1549379e+01   7.0762596e+01   0.0000000e+00   0.0000000e+00   0.0000000e+00   0.0000000e+00   3.9279944e+02   0.0000000e+00
   8.6666663e+00   1.9841838e+04   8.7979300e+01   8.7950100e+01   3.8047470e+02   3.7989760e+02   0.0000000e+00   0.0000000e+00   0.0000000e+00   0.0000000e+00   2.3748383e+05   6.8453990e+02   1.8119026e+01   1.7921198e+01   7.0914951e+01   7.0528415e+01   0.0000000e+00   0.0000000e+00   0.0000000e+00   0.0000000e+00   3.9246463e+02   0.0000000e+00
   8.7499997e+00   1.9873411e+04   8.8040300e+01   8.8010800e+01   3.8094060e+02   3.8047130e+02   0.0000000e+00   0.0000000e+00   0.0000000e+00   0.0000000e+00   2.3787358e+05   6.8633909e+02   1.8431350e+01   1.8298999e+01   7.1364512e+01   7.1489506e+01   0.0000000e+00   0.0000000e+00   0.0000000e+00   0.0000000e+00   3.9414998e+02   0.0000000e+00
   8.8333330e+00   1.9905853e+04   8.8214900e+01   8.8067000e+01   3.8122320e+02   3.8069080e+02   0.0000000e+00   0.0000000e+00   0.0000000e+00   0.0000000e+00   2.3826379e+05   6.9008137e+02   1.8386890e+01   1.8295977e+01   7.1299179e+01   7.0878689e+01   0.0000000e+00   0.0000000e+00   0.0000000e+00   0.0000000e+00   3.9683269e+02   0.0000000e+00
   8.9166663e+00   1.9939589e+04   8.8411800e+01   8.8281400e+01   3.8186830e+02   3.8102680e+02   0.0000000e+00   0.0000000e+00   0.0000000e+00   0.0000000e+00   2.3865584e+05   6.9386434e+02   1.8628170e+01   1.8269170e+01   7.2320987e+01   7.1585382e+01   0.0000000e+00   0.0000000e+00   0.0000000e+00   0.0000000e+00   3.9668823e+02   0.0000000e+00
   8.9999996e+00   1.9973745e+04   8.8509700e+01   8.8415400e+01   3.8193930e+02   3.8163500e+02   0.0000000e+00   0.0000000e+00   0.0000000e+00   0.0000000e+00   2.3904821e+05   7.0233104e+02   1.8192927e+01   1.8358016e+01   7.1533168e+01   7.0770043e+01   0.0000000e+00   0.0000000e+00   0.0000000e+00   0.0000000e+00   3.9672352e+02   0.0000000e+00
   9.0833330e+00   2.0007870e+04   8.8515100e+01   8.8466000e+01   3.8275200e+02   3.8170300e+02   0.0000000e+00   0.0000000e+00   0.0000000e+00   0.0000000e+00   2.3944101e+05   6.9431893e+02   1.8323224e+01   1.8117756e+01   7.0985408e+01   7.0742013e+01   0.0000000e+00   0.0000000e+00   0.0000000e+00   0.0000000e+00   4.0658556e+02   0.0000000e+00
   9.1666663e+00   2.0042179e+04   8.8613300e+01   8.8579400e+01   3.8307440e+02   3.8260080e+02   0.0000000e+00   0.0000000e+00   0.0000000e+00   0.0000000e+00   2.3983458e+05   7.0282498e+02   1.8285420e+01   1.8303847e+01   7.0473125e+01   6.9847356e+01   0.0000000e+00   0.0000000e+00   0.0000000e+00   0.0000000e+00   4.1112483e+02   0.0000000e+00
   9.2499996e+00   2.0075779e+04   8.8701200e+01   8.8789800e+01   3.8402640e+02   3.8336870e+02   0.0000000e+00   0.0000000e+00   0.0000000e+00   0.0000000e+00   2.4022834e+05   7.0916701e+02   1.8539166e+01   1.8471820e+01   7.1326101e+01   7.1851798e+01   0.0000000e+00   0.0000000e+00   0.0000000e+00   0.0000000e+00   4.1616689e+02   0.0000000e+00
   9.3333330e+00   2.0110431e+04   8.8777800e+01   8.8726400e+01   3.8439170e+02   3.8385940e+02   0.0000000e+00   0.0000000e+00   0.0000000e+00   0.0000000e+00   2.4062338e+05   7.0883592e+02   1.7825572e+01   1.7854361e+01   6.9646024e+01   6.9824632e+01   0.0000000e+00   0.0000000e+00   0.0000000e+00   0.0000000e+00   4.2298185e+02   0.0000000e+00
   9.4166663e+00   2.0144613e+04   8.9104900e+01   8.9011700e+01   3.8517460e+02   3.8455220e+02   0.0000000e+00   0.0000000e+00   0.0000000e+00   0.0000000e+00   2.4101890e+05   7.1508527e+02   1.7840816e+01   1.7788080e+01   6.9436813e+01   6.9581597e+01   0.0000000e+00   0.0000000e+00   0.0000000e+00   0.0000000e+00   4.2563134e+02   0.0000000e+00
   9.4999996e+00   2.0179726e+04   8.8999500e+01   8.9356300e+01   3.8555260e+02   3.8523130e+02   0.0000000e+00   0.0000000e+00   0.0000000e+00   0.0000000e+00   2.4141557e+05   6.9936762e+02   1.7924420e+01   1.8026415e+01   6.8632947e+01   6.8503488e+01   0.0000000e+00   0.0000000e+00   0.0000000e+00   0.0000000e+00   4.2877068e+02   0.0000000e+00
   9.5833330e+00   2.0214257e+04   8.9370600e+01   8.9492100e+01   3.8630760e+02   3.8609850e+02   0.0000000e+00   0.0000000e+00   0.0000000e+00   0.0000000e+00   2.4181250e+05   7.0919211e+02   1.7769469e+01   1.8042901e+01   6.8805221e+01   6.9128306e+01   0.0000000e+00   0.0000000e+00   0.0000000e+00   0.0000000e+00   4.2756249e+02   0.0000000e+00
   9.6666663e+00   2.0248968e+04   8.9488100e+01   8.9506400e+01   3.8724520e+02   3.8626460e+02   0.0000000e+00   0.0000000e+00   0.0000000e+00   0.0000000e+00   2.4221025e+05   7.0830393e+02   1.8224315e+01   1.7995809e+01   7.0635811e+01   7.0213117e+01   0.0000000e+00   0.0000000e+00   0.0000000e+00   0.0000000e+00   4.3328673e+02   0.0000000e+00
   9.7499996e+00   2.0283082e+04   8.9739900e+01   8.9570000e+01   3.8806410e+02   3.8703470e+02   0.0000000e+00   0.0000000e+00   0.0000000e+00   0.0000000e+00   2.4260801e+05   7.0377499e+02   1.7913189e+01   1.7750121e+01   6.9764317e+01   6.9555262e+01   0.0000000e+00   0.0000000e+00   0.0000000e+00   0.0000000e+00   4.4487465e+02   0.0000000e+00
   9.8333329e+00   2.0316658e+04   8.9823400e+01   8.9984100e+01   3.8867300e+02   3.8792720e+02   0.0000000e+00   0.0000000e+00   0.0000000e+00   0.0000000e+00   2.4300681e+05   6.9844293e+02   1.8527778e+01   1.8080087e+01   7.0748518e+01   7.0386761e+01   0.0000000e+00   0.0000000e+00   0.0000000e+00   0.0000000e+00   4.4098956e+02   0.0000000e+00
   9.9166663e+00   2.0349953e+04   9.0214500e+01   9.0178000e+01   3.8960910e+02   3.8878660e+02   0.0000000e+00   0.0000000e+00   0.0000000e+00   0.0000000e+00   2.4340594e+05   6.9568992e+02   1.8332651e+01   1.8236753e+01   7.0972285e+01   6.9714368e+01   0.0000000e+00   0.0000000e+00   0.0000000e+00   0.0000000e+00   4.4214321e+02   0.0000000e+00
   9.9999996e+00   2.0382342e+04   9.0403800e+01   9.0360400e+01   3.9079760e+02   3.8997050e+02   0.0000000e+00   0.0000000e+00   0.0000000e+00   0.0000000e+00   2.4380713e+05   6.8681740e+02   1.8591705e+01   1.8503733e+01   7.2020431e+01   7.1642933e+01   0.0000000e+00   0.0000000e+00   0.0000000e+00   0.0000000e+00   4.4455234e+02   0.0000000e+00
   1.0083333e+01   2.0414690e+04   9.0333800e+01   9.0517200e+01   3.9182760e+02   3.9075240e+02   0.0000000e+00   0.0000000e+00   0.0000000e+00   0.0000000e+00   2.4420826e+05   6.8528771e+02   1.8516016e+01   1.8595238e+01   7.2404497e+01   7.1401978e+01   0.0000000e+00   0.0000000e+00   0.0000000e+00   0.0000000e+00   4.4718921e+02   0.0000000e+00
