  4.9701066e+000  4.6308551e+000
  6.1524276e+000  7.8048469e+000
  6.7780124e-001  6.8509695e+000
  8.0641635e+000  2.2104292e+000
  7.0037549e+000  6.1237025e+000
  5.9162419e+000  6.7876091e+000
  8.3135388e+000  2.2012198e+000
  2.1572287e+000  1.5855455e+000
  2.1756884e+000  4.4655480e+000
  1.1562945e+000  6.7043079e+000
  6.8375920e+000  8.2613222e+000
  3.1481293e+000  4.4332292e+000
  7.8821120e+000  5.7672385e+000
  2.5211496e+000  2.2536077e+000
  5.2407793e+000  2.1289960e+000
  8.6824929e+000  5.6871809e+000
  3.7298843e+000  8.8167905e+000
  8.0917726e+000  7.7997948e+000
  8.3597307e+000  2.2107935e+000
  5.3903472e+000  8.1821978e+000
  6.6693000e+000  8.1772724e+000
  3.3778654e+000  7.9072413e+000
  6.2116960e+000  1.9298840e+000
  5.0421311e+000  3.0279796e+000
  5.4887856e+000  5.3901010e+000
  7.0132008e+000  5.3058822e+000
  1.7634641e+000  6.9289926e+000
  8.5049184e+000  1.9536348e+000
  8.9072399e+000  5.6018464e+000
  5.3440989e+000  4.4012474e+000
  8.2924165e+000  5.6449851e+000
  7.5915385e+000  2.4077301e+000
  3.0416841e+000  2.2485641e+000
  2.2510723e+000  4.2990952e+000
  3.3743986e+000  1.2892530e+000
  8.1907305e+000  5.7304184e+000
  6.8530358e+000  8.3443597e+000
  1.4942260e+000  7.5851703e+000
  3.1749586e+000  9.1068261e+000
  7.7211464e+000  1.9835632e+000
  1.6662263e+000  2.2174601e+000
  6.5449762e+000  1.5954332e+000
  2.6126262e+000  1.5382989e+000
  7.7314692e+000  2.1980920e+000
  1.6786058e+000  4.2644050e+000
  2.4517672e+000  8.9570167e+000
  1.1580421e+000  3.4512288e+000
  5.5397059e+000  8.4295264e+000
  8.7002400e+000  1.7981333e+000
  1.5645820e+000  7.2118566e+000
  8.4593387e+000  1.7326604e+000
  3.3015730e+000  8.9442881e+000
  9.0023071e+000  5.6406017e+000
  6.2472621e+000  7.3852559e+000
  6.5082469e+000  6.6218897e+000
  6.8676485e+000  4.7121731e+000
  1.3085047e+000  4.2794908e+000
  6.7846172e+000  8.6055427e+000
  1.6716890e+000  4.1975163e+000
  8.5397639e+000  5.6980595e+000
  1.2150602e+000  4.3106826e+000
  2.2599213e+000  7.0095102e+000
  5.1056650e+000  3.0330505e+000
  8.8312988e+000  1.9688423e+000
  8.3233450e+000  6.4878305e+000
  1.3708282e+000  1.6598064e+000
  5.3913869e+000  6.6461549e+000
  5.3127184e+000  3.0112285e+000
  1.2944538e+000  7.3787159e+000
  6.5158090e+000  6.5513644e+000
  4.9231752e+000  3.3200111e+000
  1.5690155e+000  4.3731283e+000
  2.6022271e+000  6.9057931e+000
  1.8136035e+000  4.6794456e+000
  8.3373697e+000  5.5162014e+000
  4.6232787e+000  3.0890617e+000
  7.7597274e+000  2.4958524e+000
  3.2887599e+000  8.4482675e+000
  4.3698938e+000  2.4739143e+000
  3.6235634e+000  2.0198820e+000
  6.5806728e+000  7.1891058e+000
  7.3074856e+000  8.5370053e+000
  3.6210898e+000  8.2213642e+000
  8.3273935e+000  2.0684719e+000
  4.5472341e+000  1.8508334e+000
  5.8357989e+000  3.0226993e+000
  2.0875823e+000  2.1647722e+000
  3.3260638e+000  1.0594464e+000
  4.7116574e+000  2.0197878e+000
  8.9461301e+000  3.5049663e+000
  4.1490233e+000  6.9954507e+000
  2.6531297e+000  2.4738426e+000
  3.0480123e+000  2.0238782e+000
  8.2401780e+000  2.3814499e+000
  3.9502305e+000  2.1508174e+000
  6.8761071e+000  1.9418309e+000
  2.2918821e+000  4.4080101e+000
  1.7271665e+000  7.3861925e+000
  2.9477052e+000  1.4377071e+000
  3.5383047e+000  1.2442749e+000
  6.6744967e+000  6.0418909e+000
  1.5638901e+000  1.4996134e+000
  9.1520153e+000  2.8232005e+000
  6.2704927e+000  8.0950497e+000
  8.5910477e+000  2.0046453e+000
  1.3166459e+000  7.5408318e+000
  1.6678154e+000  1.4855819e+000
  1.2981185e+000  4.7578726e+000
  4.7891206e+000  3.4135431e+000
  2.0338846e+000  7.2374577e+000
  4.8751206e+000  3.3417663e+000
  8.4944888e+000  2.6720066e+000
  8.5039914e+000  2.3118297e+000
  2.3269113e+000  6.8287103e+000
  2.2845853e+000  4.8176737e+000
  8.6886159e+000  6.9841805e+000
  8.9131627e+000  6.4087123e+000
  5.1480504e+000  3.4526612e+000
  5.1067415e+000  2.6686443e+000
  8.6752131e-001  7.1943546e+000
  6.4698373e+000  7.3125949e+000
  3.4969254e+000  5.6621571e+000
  4.7559624e+000  3.2109682e+000
  9.1015636e+000  5.5285325e+000
  3.1530070e+000  1.2343621e+000
  2.3254746e+000  7.8827757e+000
  3.4824841e+000  6.4545258e+000
  1.9583546e+000  6.5274021e+000
  3.0767846e+000  1.9465886e+000
  6.7892549e+000  6.5680942e+000
  2.8606578e+000  1.8911138e+000
  5.7985472e+000  3.2441536e+000
  8.2492335e+000  6.4469319e+000
  3.4768471e+000  8.4174612e+000
  3.1419621e+000  1.3153795e+000
  2.2567513e+000  1.8929537e+000
  2.9804986e+000  1.8752063e+000
  1.3714196e+000  1.8455935e+000
  1.6296225e+000  4.9621058e+000
  4.7613081e+000  3.1346546e+000
  1.3183691e+000  7.2312443e+000
  2.7835708e+000  1.7102196e+000
  7.7873965e+000  5.4038319e+000
  8.1161190e+000  2.1003457e+000
  1.6274706e+000  8.0403714e+000
  4.7529937e+000  3.1707703e+000
  8.6000513e+000  5.5981041e+000
  1.5683905e+000  7.5775812e+000
  7.1864277e+000  6.8221198e+000
  8.5667008e+000  8.2643435e+000
  8.6886948e+000  8.1172057e+000
  9.1367780e+000  5.5314379e+000
  1.4979185e+000  5.3953200e+000
  5.2615329e+000  4.6311146e+000
  2.9726215e+000  1.1745687e+000
  4.4875073e+000  6.0364812e+000
  8.5654984e+000  8.1323621e+000
  1.2805368e+000  1.5762561e+000
  3.3380020e+000  1.2865482e+000
  7.0520279e+000  5.7606564e+000
  1.5690458e+000  7.6057558e+000
  3.2824547e+000  9.4395808e+000
  2.8314908e+000  1.3462649e+000
  8.0190002e+000  1.9552476e+000
  3.3229410e+000  1.1506986e+000
  9.9427575e-001  6.7827760e+000
  5.4788836e+000  3.4153272e+000
  7.7942778e+000  2.2432143e+000
  6.7764714e+000  3.6013517e+000
  4.2832634e+000  3.7630400e+000
  6.0067080e+000  7.2425689e+000
  2.4037864e+000  3.5530188e+000
  3.2840409e+000  1.4891525e+000
  9.7357206e-001  7.4924297e+000
  2.7753677e+000  7.9948962e+000
  1.8500551e+000  6.7070898e+000
  5.8910346e+000  6.0018356e+000
  1.2689376e+000  6.6978665e+000
  8.7025981e+000  2.0050104e+000
  3.5020945e+000  6.9931101e+000
  3.3851773e+000  2.5394703e+000
  1.3313091e+000  1.6774655e+000
  5.1254552e+000  2.9307444e+000
  7.7016183e+000  1.8626504e+000
  8.9070621e+000  8.5576366e+000
  2.9471369e+000  1.7969126e+000
  5.5351888e+000  3.3889554e+000
  5.9495501e+000  7.6214764e+000
  8.7225932e+000  5.5059826e+000
  7.0054701e+000  7.9696551e+000
  8.7742882e+000  5.4768875e+000
  3.4720889e+000  1.0144904e+000
  6.9543291e+000  8.2672797e+000
  8.2118638e+000  8.5822375e+000
  1.1545453e+000  7.3965499e+000
  5.2496770e+000  3.0985891e+000
  8.2589614e+000  2.4971218e+000
  8.5340676e+000  5.6484114e+000
  8.7830407e+000  5.7575595e+000
  8.0561062e+000  1.7700496e+000
  3.8095526e+000  8.3706404e+000
  9.0170142e+000  8.7287617e+000
  6.5021242e+000  7.8107881e+000
  3.4893173e+000  1.1395432e+000
  5.0975949e+000  4.8320272e+000
  8.1858578e+000  2.4450524e+000
  7.8785949e+000  2.0598567e+000
  6.4388503e+000  6.4896731e+000
  8.3727436e+000  5.4272089e+000
  6.3436789e+000  7.2444431e+000
  8.3477943e+000  1.9362514e+000
  1.4519129e+000  8.1769667e+000
  5.4137513e+000  3.3321623e+000
  5.4940499e+000  1.7868941e+000
  7.6524768e-001  7.0864933e+000
  8.8623498e+000  1.8273404e+000
  6.9021771e+000  7.9027999e+000
  5.5869454e+000  1.9854559e+000
  5.2285408e+000  3.2543806e+000
  8.2107266e+000  1.9476687e+000
  7.6927176e+000  2.0503094e+000
  1.5699641e+000  6.8519769e+000
  1.6984779e+000  5.3189388e+000
  6.4580325e+000  7.0590807e+000
  4.2592012e+000  6.1323251e+000
  3.0047392e+000  1.5698980e+000
  3.3577368e+000  1.4483891e+000
  8.2387640e+000  2.5632899e+000
  1.8459915e+000  7.5431693e+000
  3.3390764e+000  1.1247640e+000
  4.6176769e+000  4.4090994e+000
  6.3532585e+000  6.1406224e+000
  4.0259416e+000  8.1042079e+000
  8.9030401e+000  3.3052196e+000
  6.2089697e+000  7.8692422e+000
  5.5569131e+000  3.2339302e+000
  1.6342926e+000  1.9499391e+000
  3.4550306e+000  4.7374181e+000
  2.1342799e+000  1.5163196e+000
  8.7741539e+000  8.5014988e+000
  5.0900208e+000  2.8234236e+000
  2.0717920e+000  4.7732327e+000
  8.0995708e+000  5.8409938e+000
  1.3995092e+000  3.8157233e+000
  5.3674545e+000  3.0917807e+000
  6.0180583e+000  8.2473726e+000
  7.9918535e+000  2.1069645e+000
  8.0551198e+000  5.4738905e+000
  3.5394024e+000  8.5138715e+000
  1.3636377e+000  6.8748670e+000
  5.3584145e+000  2.9449584e+000
  8.3200882e+000  5.0230831e+000
  5.5028476e+000  3.2555186e+000
  6.9184798e+000  6.2414111e+000
  3.2940203e+000  3.4569368e+000
  7.0015473e+000  6.6505623e+000
  2.0673357e+000  1.5468589e+000
  8.9961267e+000  4.5718892e+000
  7.4459939e+000  5.6889497e+000
  1.1056309e+000  6.9183022e+000
  1.2258381e+000  7.1216841e+000
  3.2068498e+000  8.4905442e+000
  2.2914798e+000  6.8879163e+000
  3.9020091e+000  8.7815576e+000
  8.0500476e+000  1.5054366e+000
  6.2988286e+000  6.5764231e+000
  5.6930225e+000  6.9312848e+000
  6.3490471e+000  7.6699769e+000
  8.5032127e+000  1.8485348e+000
  8.4359561e+000  2.0625177e+000
  6.7688997e+000  6.1682361e+000
  1.4813532e+000  4.6875234e+000
  5.0596166e+000  3.9816751e+000
  7.9678441e+000  5.4688116e+000
  3.4104453e+000  2.4857233e+000
  5.4600363e+000  3.0236328e+000
  3.4146927e+000  8.8974267e+000
  2.0852920e+000  4.1136167e+000
  4.5804850e+000  8.6089131e+000
  2.4521924e+000  7.3570445e+000
  2.1449484e+000  4.7040912e+000
  8.9389128e+000  5.2630319e+000
  5.9057462e+000  2.6618570e+000
  8.5456999e+000  6.6220452e+000
  1.7023941e+000  4.5377035e+000
  8.0495487e+000  7.4297355e+000
  6.8300830e+000  1.6221980e+000
  9.1182254e+000  3.3338520e+000
  7.7771607e+000  2.1622299e+000
  5.6955061e+000  3.1665681e+000
  4.0529061e+000  8.3187621e+000
  2.2747830e+000  4.1977639e+000
  8.0388658e+000  5.6193372e+000
  8.6657567e+000  5.1726464e+000
  6.7444949e+000  8.6635874e+000
  6.1374060e+000  7.0192190e+000
  3.1955626e+000  4.1365956e+000
  8.1066641e+000  2.4345275e+000
  5.0762994e+000  3.2326377e+000
  1.3323007e+000  1.8148118e+000
  5.1515204e+000  8.0155636e+000
  5.2866444e+000  2.9511499e+000
  4.7432529e+000  5.7021770e+000
  5.4258400e+000  6.5151848e+000
  8.0046855e+000  7.4802754e+000
  8.9644694e+000  1.8491321e+000
  8.1183163e+000  2.0821991e+000
  2.0500256e+000  1.8072917e+000
  8.6089866e+000  8.0933998e+000
  1.6891090e+000  1.7060748e+000
  4.0970430e+000  1.5663543e+000
  1.8455758e+000  2.0048471e+000
  2.1484787e+000  7.0974452e+000
  7.7140921e+000  1.8171234e+000
  1.4591305e+000  4.0863276e+000
  6.6946553e+000  4.7725131e+000
  8.3513608e+000  2.3713839e+000
  4.5491795e+000  3.1119769e+000
  5.6208041e+000  4.8565155e+000
  1.6244613e+000  2.4234462e+000
  2.6997376e+000  1.7264696e+000
  7.3516575e+000  1.6877509e+000
  5.5660083e+000  3.0847058e+000
  1.9275430e+000  1.6374546e+000
  8.9361015e+000  7.8562530e+000
  3.4605171e+000  8.1850128e+000
  6.4739361e+000  7.1947297e+000
  8.8086508e+000  8.4678570e+000
  8.4186435e+000  1.8614847e+000
  8.0681525e+000  2.3791142e+000
  8.3324082e+000  2.3647986e+000
  8.7692635e+000  7.7705092e+000
  5.5587855e+000  3.3689729e+000
  8.1071940e+000  1.9275773e+000
  8.7716716e+000  5.5857698e+000
  8.8180949e+000  6.1341988e+000
  1.6501204e+000  6.6974945e+000
  8.2577712e+000  1.9859417e+000
  3.4596666e+000  8.3498884e+000
  1.8957010e+000  6.8246199e+000
  6.6387107e+000  6.0294910e+000
  2.4280706e+000  7.2814874e+000
  5.2376368e+000  2.9130447e+000
  3.0759504e+000  2.4153991e+000
  8.2140852e+000  6.3133552e+000
  3.2006742e+000  8.5180222e+000
  6.9825990e+000  6.0767508e+000
  5.7273385e+000  2.2199842e+000
  6.4872046e+000  4.4399966e+000
  4.0267514e+000  6.7013246e+000
  1.9239928e+000  4.1117171e+000
  1.4232096e+000  1.9250728e+000
  2.3571409e+000  8.6203816e+000
  7.6356510e+000  2.1491673e+000
  2.1915307e+000  4.2801581e+000
  8.1819433e+000  2.2529104e+000
  8.2995156e+000  5.4027181e+000
  2.3604985e+000  7.6463851e+000
  6.1890130e+000  7.8424126e+000
  2.0072552e+000  7.0971807e+000
  2.0103618e+000  4.2140041e+000
  8.4261850e+000  6.1478589e+000
  8.3183632e+000  2.5484659e+000
  1.5589231e+000  2.1421763e+000
  1.2231680e+000  8.3176326e+000
  6.9596629e+000  6.1432972e+000
  3.3789013e+000  1.4552125e+000
  5.4149833e+000  1.6159296e+000
  7.0098852e+000  4.8272624e+000
  1.1909653e+000  7.3240593e+000
  8.4304176e+000  5.7182174e+000
  8.9254962e+000  1.6467940e+000
  3.4791198e+000  9.1630081e+000
  8.0241148e+000  2.8260505e+000
  6.0651721e+000  7.7926429e+000
  3.2616452e+000  1.2633517e+000
  8.0727004e+000  5.3548695e+000
  4.1335983e+000  9.0807691e+000
  7.8661208e+000  2.0992349e+000
  8.2976345e+000  2.7754861e+000
  8.5429155e+000  8.1798617e+000
  3.4051003e+000  1.3788069e+000
  5.5479277e+000  3.5660776e+000
  1.0901104e+000  8.9025925e+000
  4.7170358e+000  2.8095062e+000
  8.9158306e+000  2.5770533e+000
  3.6250634e+000  1.7275444e+000
  1.7321686e+000  2.0235503e+000
  8.5440525e+000  8.2435166e+000
  1.8360759e+000  4.2116612e+000
  1.4676796e+000  4.5666803e+000
  8.0634840e+000  5.8233112e+000
  7.7987501e+000  6.0518757e+000
  8.3218560e+000  5.5916618e+000
  5.7770420e+000  2.8667827e+000
  1.2798881e+000  7.6889420e+000
  1.5805567e+000  4.6701120e+000
  1.3781834e+000  1.4922033e+000
  2.2006961e+000  6.6958668e+000
  6.9653152e+000  6.2321993e+000
  2.0857936e+000  4.5676465e+000
  3.9796940e+000  8.5844993e+000
  4.7980833e+000  3.2810715e+000
  1.7776545e+000  1.4712930e+000
  2.0283115e+000  1.6755852e+000
  4.9187526e+000  3.6540452e+000
  5.4309455e+000  5.3369152e+000
  8.4065927e+000  8.3682300e+000
  4.1667955e+000  8.9891999e+000
  6.1550582e+000  5.5887476e+000
  4.6327662e+000  8.0808195e+000
  1.0883781e+000  6.8236517e+000
  3.1648948e+000  1.8608335e+000
  1.7418691e+000  8.2164008e+000
  3.3719444e+000  8.5992938e+000
  2.9470120e+000  1.4675822e+000
  8.1106551e+000  2.0054335e+000
  2.8535284e+000  7.9569094e+000
  5.3530717e+000  2.9676950e+000
  8.5862810e+000  1.9995543e+000
  1.6176271e+000  4.6356906e+000
  1.3533595e+000  4.5268345e+000
  4.1148043e+000  4.9822198e+000
  6.8748796e+000  8.6478492e+000
  3.3137663e+000  1.5409249e+000
  4.1391852e+000  5.6234742e+000
  4.7603226e+000  3.0486455e+000
  7.0583114e+000  4.5317455e+000
  7.8099736e+000  2.1879652e+000
  1.4414877e+000  2.0142781e+000
  8.7476421e+000  4.1125012e+000
  2.1090174e+000  6.7866284e+000
  8.3204213e+000  1.6958411e+000
  3.6414214e+000  7.9301396e+000
  8.2453934e+000  8.6717386e+000
  8.1382772e+000  7.7679921e+000
  8.5992645e+000  6.3550544e+000
  7.0877484e+000  5.4704989e+000
  5.9000293e+000  5.6042711e+000
  8.6442765e+000  5.4433367e+000
  3.2895393e+000  1.1081032e+000
  6.8942903e+000  8.5890981e+000
  6.0627996e+000  6.9991319e+000
  3.2531842e+000  9.8609554e-001
  5.4826124e+000  3.6258941e+000
  9.2475422e-001  7.9756033e+000
  4.1273143e+000  1.4342244e+000
  3.2661032e+000  9.4189034e+000
  1.2787787e+000  7.2793435e+000
  3.5966412e+000  1.9815804e+000
  2.4577613e+000  7.3572235e+000
  6.4495407e+000  6.6705730e+000
  7.8562214e+000  5.9839561e+000
  3.4541076e+000  1.0394185e+000
  8.5210345e+000  7.5913168e+000
  3.4882224e+000  8.3368461e+000
  8.6464893e+000  5.3988417e+000
  7.5660890e+000  2.1327611e+000
  1.8788672e+000  1.6782787e+000
  9.1822243e+000  3.5079786e+000
  3.7534086e+000  1.9269929e+000
  8.6946628e+000  8.3412106e+000
  1.4640040e+000  1.9498823e+000
  2.9824531e+000  2.4225989e+000
  8.5492404e+000  2.2837476e+000
  8.3249533e+000  6.0153954e+000
  1.5172420e+000  1.9403766e+000
  1.6819341e+000  6.5874347e+000
  1.4482250e+000  8.2372760e+000
  2.0461022e+000  8.1055785e+000
  4.9637881e+000  3.1473363e+000
  8.5749949e+000  5.6158186e+000
  1.9494340e+000  4.5788232e+000
  8.2004217e+000  8.3355406e+000
  1.6147353e+000  7.2362777e+000
  1.8176727e+000  2.0181326e+000
  8.0604197e+000  2.6858825e+000
  6.0311450e+000  7.4611277e+000
  4.4608842e+000  5.9796743e+000
  7.7319744e+000  6.0953351e+000
  6.7243319e+000  8.3255737e+000
  5.2384875e+000  2.9594053e+000
  8.2983356e+000  2.3541360e+000
  2.2530128e+000  5.4387372e+000
  7.7654759e+000  5.9889773e+000
  7.8805179e+000  5.9739462e+000
  4.9431070e+000  2.8469418e+000
  8.6279352e+000  1.8312910e+000
  5.1754570e+000  3.1190475e+000
  5.0584146e+000  7.9773272e+000
  3.4159113e+000  8.8676963e+000
  8.4404504e+000  5.8884910e+000
  6.2881287e+000  8.2634819e+000
  3.3562849e+000  8.2367864e+000
  5.2146374e+000  8.8634964e+000
  5.8855423e+000  8.2262294e+000
  6.3945702e+000  6.7735676e+000
  7.7979988e+000  2.1193827e+000
  8.3899105e+000  5.8001685e+000
  3.0103906e+000  2.3603236e+000
  8.5581536e+000  5.5593576e+000
  8.5996627e+000  6.7556684e+000
  8.7413533e+000  8.2745060e+000
  4.9035391e+000  3.7277219e+000
  1.3371697e+000  4.4991869e+000
  2.2941444e+000  4.4932816e+000
  1.7439167e+000  2.6835837e+000
  3.2325580e+000  1.1515799e+000
  1.7757569e+000  6.8989565e+000
  1.5046997e+000  7.7765063e+000
  8.2079095e+000  5.9150275e+000
  1.6508340e+000  7.0966090e+000
  1.0767101e+000  6.8543553e+000
  5.8050508e+000  1.9457666e+000
  3.4215859e+000  8.5998279e+000
  5.9466232e+000  7.3004252e+000
  8.1294468e+000  2.2634411e+000
  8.4981739e+000  2.0958621e+000
  8.5765292e+000  1.9478257e+000
  1.4417725e+000  8.9049289e+000
  7.3484625e+000  1.7826688e+000
  4.7331074e+000  1.7877521e+000
  1.1489626e+000  7.2369768e+000
  8.9812674e+000  8.3766088e+000
  1.5899441e+000  6.8966453e+000
  4.6866817e+000  3.6827373e+000
  3.4695852e+000  1.7804726e+000
  4.8417949e+000  3.0961858e+000
  7.1483346e+000  7.9508706e+000
  1.1449426e+000  7.4046691e+000
  8.2339545e+000  1.9173527e+000
  7.0049972e+000  6.0222649e+000
  6.6492508e+000  6.6742474e+000
  1.3805662e+000  1.3894073e+000
  3.6302891e+000  8.0296945e+000
  3.4840147e+000  1.9424239e+000
  2.3084993e+000  7.0884711e+000
  7.7120384e+000  1.5567429e+000
  8.7005846e+000  5.6422454e+000
  8.4781159e+000  8.2397983e+000
  1.4473630e+000  1.5432241e+000
  5.4481866e+000  5.8470656e+000
  1.3305465e+000  5.7986694e+000
  8.0808420e+000  5.5779948e+000
  5.5395944e+000  3.1459490e+000
  1.9726185e+000  4.6185621e+000
  6.6474939e+000  4.4968318e+000
  2.0879031e+000  6.8051027e+000
  3.4499713e+000  8.7955376e+000
  8.1374637e+000  5.7962177e+000
  1.3768915e+000  4.3847195e+000
  8.7881063e+000  8.0851126e+000
  6.2482873e+000  6.8339314e+000
  5.1931011e+000  4.0829553e+000
  7.7305693e+000  5.7217678e+000
  3.4861529e+000  8.2372762e+000
  1.8174000e+000  4.0494678e+000
  3.2147428e+000  1.2379879e+000
  1.5378596e+000  1.9915435e+000
  1.9202652e+000  4.1766529e+000
  6.0556235e+000  3.5083493e+000
  1.5900642e+000  4.1843376e+000
  6.3954034e+000  7.5752188e+000
  6.5023099e+000  7.8570040e+000
  1.8287198e+000  4.1865853e+000
  4.9395688e+000  8.0879146e+000
  8.6390228e+000  2.4394065e+000
  2.9312817e+000  1.8360570e+000
  1.5705081e+000  7.3605768e+000
  1.4662619e+000  4.3762516e+000
  8.7506631e+000  8.1127947e+000
  2.8999269e+000  1.9490001e+000
  5.6591443e+000  7.9793052e+000
  1.4310611e+000  3.7277422e+000
  5.0831901e+000  2.7918775e+000
  8.4781370e+000  2.1456080e+000
  8.5297534e+000  5.9382442e+000
  5.8557176e-001  6.9533809e+000
  7.5810841e+000  1.7501675e+000
  8.7938143e+000  6.2471991e+000
  1.2444008e+000  8.0234515e+000
  4.8361377e+000  2.8366504e+000
  6.7235722e+000  4.0452551e+000
  6.4454200e+000  6.9970515e+000
  1.1618626e+000  7.2374658e+000
  3.3733364e+000  1.3081183e+000
  1.5597887e+000  4.3434638e+000
  8.6073360e+000  5.0616553e+000
  8.2912434e+000  2.1850984e+000
  1.9788911e+000  4.0173077e+000
  1.9453495e+000  6.8938053e+000
  8.4797837e+000  5.4129427e+000
  2.2810414e+000  6.9937643e+000
  1.5241394e+000  7.6922632e+000
  8.1026363e+000  4.9886020e+000
  3.4121603e+000  1.7792049e+000
  9.0982676e+000  5.4473142e+000
  5.5814815e+000  6.8453708e+000
  8.6354168e+000  7.7764653e+000
  6.8130656e+000  6.5667733e+000
  2.0512480e+000  1.6226406e+000
  1.8283315e+000  7.5170040e+000
  8.2074987e+000  8.8199841e+000
  2.0643701e+000  4.3413144e+000
  5.1147678e+000  3.1837008e+000
  1.6592783e+000  1.7787203e+000
  5.0360650e+000  1.4353257e+000
  1.3807438e+000  1.6220078e+000
  1.6372021e+000  6.5274344e+000
  1.6209994e+000  1.6071274e+000
  8.1065561e+000  2.5972014e+000
  1.9884358e+000  7.5406535e+000
  8.4729227e+000  2.2739406e+000
  8.2204421e+000  2.0139975e+000
  6.0011562e+000  7.7303970e+000
  2.1059197e+000  7.1584685e+000
  3.1916638e+000  9.1960995e+000
  6.6520566e+000  6.2994835e+000
  4.3475573e+000  9.1351004e+000
  8.1300828e+000  2.7037357e+000
  1.4731657e+000  8.2669917e+000
  8.2826384e+000  1.5668386e+000
  6.4615635e+000  6.8331535e+000
  1.6364720e+000  2.3469514e+000
  8.1876009e+000  8.1406960e+000
  4.9887499e+000  3.0239312e+000
  1.5626710e+000  7.2621290e+000
  3.5275211e+000  8.4662908e+000
  5.1297759e+000  4.3934299e+000
  6.7168855e+000  7.9173706e+000
  7.1354425e+000  1.8234669e+000
  6.7221069e+000  1.7203589e+000
  1.2524730e+000  8.4673853e+000
  2.1025556e+000  2.0030987e+000
  8.4656047e+000  4.7786363e+000
  6.4868012e+000  6.6348763e+000
  1.4656457e+000  6.4974416e+000
  5.4001931e+000  4.3948986e+000
  8.3556052e+000  5.4226251e+000
  3.2323681e+000  8.7249713e+000
  2.1688526e+000  4.1514346e+000
  7.9625766e+000  2.0957738e+000
  6.2281200e+000  8.0716901e+000
  6.4059033e+000  6.4723324e+000
  5.9633510e+000  8.2901020e+000
  4.3361096e+000  8.0426931e+000
  6.6471290e+000  5.8000324e+000
  5.8899901e+000  3.1013437e+000
  8.3351975e+000  3.0788601e+000
  6.4514288e+000  4.1843371e+000
  7.1105961e+000  5.3964704e+000
  1.3921601e+000  7.5622744e+000
  6.7156116e+000  7.9640891e+000
  3.2359250e+000  9.3970320e+000
  1.9730937e+000  1.5384562e+000
  5.6983380e+000  2.8941292e+000
  8.8800062e+000  8.3683092e+000
  8.9010339e+000  5.6069089e+000
  3.6056280e+000  1.3670724e+000
  8.6112745e+000  5.6103879e+000
  7.7201090e+000  2.2489751e+000
  4.1242452e+000  7.8755726e+000
  2.7987492e+000  4.9827812e+000
  2.2787119e+000  7.6502059e+000
  1.4670637e+000  1.5064799e+000
  8.6670408e+000  6.1014342e+000
  3.4802295e+000  1.4918969e+000
  6.2204369e+000  3.2006762e+000
  8.6295261e+000  8.5584226e+000
  2.8417967e+000  4.5215162e+000
  8.0476041e+000  5.9176990e+000
  1.2561963e+000  2.3598355e+000
  8.0802413e+000  8.6570777e+000
  2.2145594e+000  6.9586309e+000
  1.9374010e+000  7.6703828e+000
  5.2533772e+000  3.0326277e+000
  1.9807778e+000  1.6357090e+000
  6.9589570e+000  8.2661421e+000
  4.2737404e+000  8.5309766e+000
  5.3663796e+000  3.8827883e+000
  1.7449216e+000  7.2382871e+000
  8.6330638e+000  8.5530875e+000
  2.0358744e+000  4.4503666e+000
  5.0490509e+000  3.5520669e+000
  3.5197492e+000  9.2066456e+000
  8.4419278e+000  1.9181168e+000
  8.2761765e+000  2.2410636e+000
  1.9597473e+000  6.9190255e+000
  4.9761441e+000  3.6597327e+000
  7.7558440e+000  5.6306068e+000
  1.1357155e+000  8.0681925e+000
  7.9234692e+000  2.0800389e+000
  7.3549314e+000  1.6546408e+000
  3.5887110e+000  1.5312239e+000
  6.8632355e+000  6.1433596e+000
  7.7276902e+000  6.7746240e+000
  8.3071099e+000  2.5941161e+000
  2.0532861e+000  7.7975281e+000
  8.4717093e+000  6.3114221e+000
  6.1072736e+000  3.7903515e+000
  1.3875395e+000  1.2652685e+000
  1.5669876e+000  3.4285585e+000
  5.6704250e+000  3.3301343e+000
  5.1125035e+000  3.6580576e+000
  5.3266562e+000  2.2948040e+000
  8.3869912e+000  7.9310928e+000
  8.4415391e+000  6.7024778e+000
  8.4435100e+000  8.0620718e+000
  6.5340235e+000  8.1050639e+000
  5.9384657e+000  6.0156935e+000
  8.7047837e+000  5.6856651e+000
  7.8567162e+000  5.5353426e+000
  8.4752564e+000  8.3143296e+000
  6.5226660e+000  8.1372932e+000
  5.2533390e+000  3.2440215e+000
  8.6939286e+000  5.7759283e+000
  1.3145696e+000  7.4947989e+000
  3.3866686e+000  8.1710462e+000
  3.2820018e+000  8.7716935e+000
  3.2321019e+000  1.2661131e+000
  8.7670395e+000  5.1159576e+000
  6.9650725e+000  4.4730704e+000
  1.4293744e+000  1.3926058e+000
  8.2808761e+000  7.8324826e+000
  1.5288339e+000  4.4380078e+000
  5.4543079e+000  8.6254702e+000
  4.8355755e+000  2.5021188e+000
  1.3740382e+000  8.7241727e+000
  7.8583396e+000  2.0886248e+000
  1.4396594e+000  4.4584848e+000
  3.3574128e+000  1.1193619e+000
  8.1417333e+000  5.7414498e+000
  8.4626846e-001  7.0358526e+000
  6.8859017e+000  8.3463747e+000
  7.1100848e+000  2.1425663e+000
  8.2476254e+000  5.4740494e+000
  8.5456460e+000  2.0308498e+000
  3.4243209e+000  1.5014668e+000
  7.4054630e+000  8.1259993e+000
  1.7417479e+000  6.5151530e+000
  7.2200185e+000  1.6513246e+000
  4.9209274e+000  3.7125287e+000
  8.0377849e+000  5.6376699e+000
  2.1790965e+000  7.8102297e+000
  6.7690634e+000  4.3984051e+000
  3.4121098e+000  8.8123760e+000
  1.7143744e+000  2.1757036e+000
  3.1479951e+000  2.1111292e+000
  1.5074689e+000  4.8992944e+000
  7.1492176e+000  5.6541018e+000
  2.1822514e+000  1.5583379e+000
  8.3092190e+000  7.9910640e+000
  1.5800014e+000  7.2664853e+000
  7.9724163e+000  6.3270897e+000
  7.0161121e+000  7.6926049e+000
  3.4310903e+000  8.2704038e+000
  8.2929268e+000  8.5558445e+000
  8.1981737e+000  1.6478956e+000
  6.8548552e+000  8.5635390e+000
  8.2492838e+000  1.7973968e+000
  1.3839272e+000  4.2179296e+000
  3.1760750e+000  8.0843920e+000
  7.7431356e+000  1.9906754e+000
  8.6631108e+000  4.1822721e+000
  3.3917818e+000  1.1924253e+000
  5.1555987e+000  3.3079575e+000
  8.1232621e+000  5.0926638e+000
  3.5964506e+000  8.4231796e+000
  8.1253496e+000  6.6082577e+000
  2.9493217e+000  1.9653781e+000
  5.3400101e+000  2.7831542e+000
  6.4719040e+000  6.5665730e+000
  3.2747534e+000  9.0811553e+000
  8.8331427e+000  3.7879332e+000
  3.5284159e+000  8.3308945e+000
  5.1651544e+000  2.8351579e+000
  3.6083313e+000  8.1706244e+000
  1.9830182e+000  1.4626224e+000
  1.5894534e+000  4.3228578e+000
  5.6795978e+000  8.2779953e+000
  6.5782001e+000  5.8959105e+000
  5.3704410e+000  3.4011536e+000
  1.3624439e+000  3.0144195e+000
  6.7911138e+000  8.1877387e+000
  3.2081790e+000  9.3242264e+000
  8.2625509e+000  2.4401855e+000
  5.6476938e+000  3.1001614e+000
  8.7728876e+000  5.6027021e+000
  2.3252259e+000  7.4271314e+000
  2.2887294e+000  1.9736102e+000
  4.7226950e+000  3.1501524e+000
  8.8490697e+000  1.6119237e+000
  5.6968346e+000  3.0552850e+000
  2.1463629e+000  1.9421102e+000
  2.0076889e+000  7.4693304e+000
  1.4490769e+000  4.1715009e+000
  7.7056060e+000  2.0716648e+000
  3.7871424e+000  8.4516797e+000
  7.9590262e+000  2.3743407e+000
  6.5382605e+000  2.2140123e+000
  1.4319390e+000  4.4198023e+000
  1.4260819e+000  4.3264831e+000
  4.8333148e+000  2.1310583e+000
  3.1506929e+000  1.8135180e+000
  8.7397727e+000  5.6328793e+000
  3.0850006e+000  1.6652308e+000
  5.0156780e+000  3.2899764e+000
  8.1810211e+000  5.5851624e+000
  3.7768964e+000  8.3946135e+000
  6.7014673e+000  8.0583064e+000
  5.6868640e+000  1.3927507e+000
  5.8589275e+000  5.7133178e+000
  3.3283235e+000  1.7299871e+000
  7.6132657e+000  8.3930830e+000
  7.8533180e+000  6.3814600e+000
  8.1463383e+000  5.5496062e+000
  1.1093298e+000  6.7619115e+000
  6.0766742e+000  1.7756918e+000
  1.4374727e+000  7.6847175e+000
  1.0081078e+000  7.1201466e+000
  6.6945407e+000  6.6564414e+000
  1.7626108e+000  6.6015830e+000
  3.1130352e+000  2.1700949e+000
  6.5916957e+000  8.2715329e+000
  5.5538214e+000  3.1628357e+000
  1.5087240e+000  4.2561465e+000
  2.4787267e+000  4.2315094e+000
  5.4324066e+000  3.3889865e+000
  7.8486589e+000  2.3571873e+000
  7.6280044e+000  2.2009605e+000
  8.3947805e+000  5.4562938e+000
  6.1309504e+000  7.1548393e+000
  7.6504994e+000  2.1248731e+000
  6.5459022e+000  6.5618190e+000
  5.0024916e+000  3.2856058e+000
  8.8649927e+000  6.1833782e+000
  3.4845430e+000  2.0280047e+000
  4.1789305e+000  5.9944203e+000
  1.3994985e+000  3.6732719e+000
  1.5924675e+000  4.4178151e+000
  5.2678905e+000  3.2267808e+000
  6.7479406e+000  1.2857518e+000
  1.7367514e+000  1.4853391e+000
  7.2494683e+000  8.0141735e+000
  7.7326203e+000  2.1841403e+000
  5.4048459e+000  3.4806480e+000
  7.8210458e+000  2.5373726e+000
  1.4489794e+000  1.8926956e+000
  5.4895658e+000  8.1653839e+000
  5.3491284e+000  5.1206354e+000
  8.4213360e+000  8.2081491e+000
  6.7800637e+000  6.7956411e+000
  1.4367456e+000  4.4608818e+000
  5.2314068e+000  3.0588600e+000
  5.2808045e+000  3.4517880e+000
  6.6561579e+000  7.7932599e+000
  8.2427082e+000  2.4283920e+000
  3.5178285e+000  4.6694627e+000
  5.6048691e+000  3.1689453e+000
  8.9310016e+000  5.4057459e+000
  6.2364637e+000  4.0633180e+000
  8.5894731e+000  4.1217868e+000
  4.6977293e+000  4.1918875e+000
  3.5131259e+000  3.1134929e+000
  2.4633858e+000  3.5914213e+000
  8.5944195e+000  6.0334580e+000
  8.9662939e-001  7.0504971e+000
  8.0096009e+000  2.0219084e+000
  7.1412214e+000  8.3564725e+000
  8.3173194e+000  5.4765638e+000
  5.1071503e+000  3.2398453e+000
  6.8846123e+000  6.1513980e+000
  1.4946490e+000  4.2443599e+000
  3.0989837e+000  9.3749522e+000
  8.2920276e+000  2.2247844e+000
  8.4311359e+000  7.5536185e+000
  8.8934444e+000  5.2427437e+000
  2.1357493e+000  1.4733667e+000
  1.5648616e+000  4.2925772e+000
  5.5955675e+000  3.5993838e+000
  6.2935482e+000  7.2129580e+000
  8.0759081e+000  6.7018747e+000
  5.6257170e+000  6.7293368e+000
  1.7144918e+000  2.0840568e+000
  1.9727573e+000  7.0767958e+000
  3.7316256e+000  8.3228518e+000
  1.4487323e+000  4.1743507e+000
  5.2571248e+000  3.0081055e+000
  1.0663321e+000  7.8328541e+000
  2.6141868e+000  8.2896567e+000
  1.0473076e+000  8.8318299e+000
  6.5910491e+000  1.4467386e+000
  8.7549631e+000  6.1044006e+000
  1.7252961e+000  6.8833638e+000
  8.9176160e+000  8.0247744e+000
  6.4541436e+000  2.1807990e+000
  9.7366749e-001  6.8949560e+000
  1.5567882e+000  8.5021485e+000
  6.0437383e+000  5.7604878e+000
  3.1468486e+000  9.1802679e+000
  1.6064151e+000  1.3392642e+000
  6.6626141e+000  4.2391674e+000
  7.4459773e+000  5.5353909e+000
  8.7049223e+000  8.4773759e+000
  2.9847962e+000  9.1851078e+000
  2.3479248e+000  2.1392252e+000
  1.7739171e+000  7.0974208e+000
  6.2922616e-001  7.1601226e+000
  3.6374626e+000  2.2815980e+000
  6.5069008e+000  4.1693179e+000
  2.2741418e+000  4.1988213e+000
  5.3919019e+000  3.2594659e+000
  7.0764757e+000  4.7332448e+000
  6.3653109e+000  6.7602835e+000
  5.2867058e+000  4.0244497e+000
  1.7696295e+000  1.4929633e+000
  4.9837209e+000  3.1963533e+000
  1.5212143e+000  7.1619336e+000
  7.6105931e+000  2.0982263e+000
  1.3052427e+000  6.8551804e+000
  2.2332941e+000  7.0341790e+000
  8.8598491e+000  8.6978272e+000
  1.8685071e+000  4.2806908e+000
  3.5611848e+000  8.2486217e+000
  4.9261800e+000  4.3444713e+000
  1.7325185e+000  6.7182077e+000
  1.0130007e+000  7.2569200e+000
  1.7797082e+000  8.0811321e+000
  6.5840087e+000  2.1170357e+000
  3.0835373e+000  2.0150725e+000
  5.1768397e+000  3.5271783e+000
  5.5329017e+000  3.4330445e+000
  2.0964615e+000  1.9705835e+000
  1.5426283e+000  8.9411517e+000
  1.6541112e+000  4.5399214e+000
  1.9034358e+000  4.4373363e+000
  5.6068446e+000  3.2530712e+000
  1.6771003e+000  2.1593491e+000
  1.6142204e+000  7.6301979e+000
  4.1849680e+000  6.4273090e+000
  4.6894649e+000  6.3284135e+000
  7.1712367e+000  4.7565276e+000
  5.2276673e+000  4.0514683e+000
  8.4112800e+000  5.7260554e+000
  8.2941342e+000  1.9941367e+000
  1.7766554e+000  4.3554499e+000
  6.4811858e+000  8.4277741e+000
  6.4830034e+000  1.7458442e+000
  5.3382624e+000  3.7770636e+000
  1.4915927e+000  7.0058127e+000
  3.2828024e+000  8.6277232e+000
  4.6629627e+000  8.7027420e+000
  6.8464409e+000  6.0202027e+000
  8.4181582e+000  2.6529474e+000
  1.5591275e+000  1.8507099e+000
  5.3635538e+000  4.6089571e+000
  4.9891510e+000  3.4828747e+000
  5.1301888e+000  2.2457824e+000
  6.4813572e+000  6.2223648e+000
  7.0180499e+000  8.1323694e+000
  1.5979424e+000  1.9623909e+000
  5.9995591e+000  7.8988583e+000
  4.2142164e+000  8.4169202e+000
  1.8018897e+000  8.5496045e+000
  7.7446689e+000  6.5616810e+000
  6.3627901e+000  7.6672918e+000
  4.8989279e+000  5.3580598e+000
  1.2404042e+000  7.4866907e+000
  7.8406387e+000  2.4572221e+000
  8.0026035e+000  5.6678651e+000
  6.0955673e+000  8.0949398e+000
  1.4968041e+000  4.1626540e+000
  2.7270265e+000  2.3564113e+000
  3.3329610e+000  9.4043761e+000
  4.7750785e+000  2.9285009e+000
  1.1268400e+000  8.6898867e+000
  4.9355749e+000  3.1544462e+000
  3.6217488e+000  8.1493558e+000
  8.5141861e+000  8.4036145e+000
  8.3324954e+000  2.1847033e+000
  6.2234635e+000  2.2056737e+000
  7.7461169e+000  2.1089940e+000
  8.4936401e+000  7.7340711e+000
  2.2776996e+000  5.1934326e+000
  4.9331226e+000  3.5351859e+000
  6.2666392e+000  7.5265279e+000
  6.9733073e+000  7.7617438e+000
  5.3682078e+000  3.1565048e+000
  8.5258416e+000  8.1776250e+000
  7.0074373e+000  1.4898527e+000
  8.7500998e+000  6.4969209e+000
  7.0396256e+000  1.8400532e+000
  6.5628434e+000  4.8885543e+000
  6.9535795e+000  8.2214422e+000
  5.4988476e+000  5.3190729e+000
  1.7564292e+000  2.0591793e+000
  5.7844549e+000  2.9927893e+000
  8.1829481e+000  2.6339947e+000
  1.6866323e+000  7.6659818e+000
  5.8450237e+000  1.9260413e+000
  8.5425469e+000  5.8154285e+000
  3.2847698e+000  8.9479165e+000
  4.1234073e+000  6.5502736e+000
  1.5470963e+000  7.4461944e+000
  6.5199945e+000  4.6151343e+000
  2.3118744e+000  1.8021036e+000
  7.6673839e+000  2.4045975e+000
  1.1621911e+000  6.9287021e+000
  3.2716165e+000  8.7167610e+000
  5.3109316e+000  3.3425940e+000
  3.7010387e+000  8.6990132e+000
  6.6409222e+000  8.2863914e+000
  3.3071204e+000  4.1010736e+000
  2.8712991e+000  7.9553029e+000
  3.2053151e+000  6.5742300e+000
  3.4453641e+000  1.5971853e+000
  8.5310749e+000  5.6992982e+000
  4.6286478e+000  8.2649070e+000
  5.5001013e+000  3.0542217e+000
  1.6709681e+000  5.6826656e+000
  4.9368759e+000  9.0418195e+000
  4.9772245e+000  2.9532896e+000
  5.0204724e+000  5.3472414e+000
  1.8740926e+000  4.0959780e+000
  1.4533463e+000  4.4586261e+000
  3.5995624e+000  8.9663134e+000
  3.6092901e+000  9.0029218e+000
  8.6721482e+000  1.8596468e+000
  5.1950234e+000  3.3053326e+000
  4.7427054e+000  7.2815775e+000
  8.7725004e+000  7.6510533e+000
  7.1948555e+000  8.2747472e+000
  8.2558564e+000  2.1542185e+000
  8.0441116e+000  6.0707419e+000
  1.8083848e+000  4.0303626e+000
  7.9944780e+000  2.5894328e+000
  2.4812030e+000  8.5583664e+000
  5.3617739e+000  6.8180878e+000
  6.5166039e+000  7.8582384e+000
  5.6109016e+000  5.8214540e+000
  1.4809401e+000  8.5148127e+000
  1.7503511e+000  1.6931255e+000
  2.9792851e+000  2.3678382e+000
  6.4735047e+000  4.1111393e+000
  8.5523971e+000  2.0858476e+000
  1.8594685e+000  1.9374156e+000
  3.3540893e+000  1.1494522e+000
  6.9529219e+000  4.8931184e+000
  5.6646289e+000  2.9204141e+000
  7.0597496e+000  5.9692735e+000
  8.5824096e-001  7.0604912e+000
  6.2370361e+000  7.3666345e+000
  2.9365006e+000  2.4006947e+000
  3.2818762e+000  7.9620276e+000
  6.9642901e+000  6.2646341e+000
  3.7457201e+000  8.3580034e+000
  7.4269546e+000  8.2102963e+000
  2.2242060e+000  4.1361088e+000
  8.3432235e+000  8.3998921e+000
  5.4605051e+000  2.9830468e+000
  2.0237391e+000  6.9781704e+000
  1.3396341e+000  6.9333845e+000
  1.4959447e+000  1.7139396e+000
  5.3011651e+000  5.1127052e+000
  8.2844004e+000  1.8838607e+000
  2.1338292e+000  7.5558301e+000
  6.8023551e+000  1.5339808e+000
  1.7540866e+000  2.2799706e+000
  8.2200448e+000  2.0751401e+000
  8.5001416e+000  7.3568298e+000
  4.7116933e+000  3.0410855e+000
  5.7484537e+000  6.6995354e+000
  5.3141671e+000  2.4102273e+000
  8.0756216e+000  2.1607762e+000
  5.8792980e+000  7.5227319e+000
  1.2164083e+000  7.0700263e+000
  1.8279920e+000  4.0977784e+000
  3.3343145e+000  1.1235268e+000
  7.8433666e+000  2.0775647e+000
  3.4560266e+000  9.0968130e+000
  3.5800194e+000  2.0630530e+000
  6.9855186e+000  5.6567744e+000
  6.8003697e+000  6.3103359e+000
  5.1367432e+000  3.5018259e+000
  8.4458172e+000  5.4052819e+000
  5.2302783e+000  5.6472006e+000
  1.2750516e+000  4.3597416e+000
  1.6483514e+000  1.8325531e+000
  8.3694086e+000  8.1570084e+000
  7.9828960e+000  2.4472757e+000
  8.0381406e+000  2.2670405e+000
  7.7757982e+000  5.6712682e+000
  8.4805542e+000  6.3633059e+000
  5.1869869e+000  2.8073504e+000
  2.9407183e+000  1.6409962e+000
  8.2150936e+000  8.8755074e+000
  3.6100002e+000  1.8367020e+000
  5.7341108e+000  8.2515423e+000
  1.8355081e+000  4.4140675e+000
  5.5822216e+000  3.2677736e+000
  6.9338997e+000  7.9225300e+000
  8.8684002e+000  5.6404126e+000
  5.4084635e+000  3.2954983e+000
  5.6534870e+000  3.3794167e+000
  1.9323650e+000  1.8935306e+000
  1.3477377e+000  4.4530424e+000
  6.5236223e+000  2.1353275e+000
  1.6012091e+000  4.5121992e+000
  6.7388446e+000  6.3773791e+000
  1.5683546e+000  4.0090744e+000
  3.6815426e+000  2.2575490e+000
  5.0536532e+000  3.0157193e+000
  6.4072958e+000  8.1156934e+000
  3.6518814e+000  2.2188001e+000
  1.5121265e+000  7.6564181e+000
  7.3604926e+000  6.1622157e+000
  3.3502750e+000  9.5222702e+000
  2.5166617e+000  7.0052088e+000
  8.2754611e+000  3.0432408e+000
  1.7799580e+000  6.5345819e+000
  6.0825835e+000  7.9803738e+000
  6.1026877e+000  7.5681036e+000
  1.7005205e+000  4.4761478e+000
  5.7402827e+000  3.6664498e+000
  8.7204921e+000  6.1973114e+000
  1.6255189e+000  7.0628496e+000
  6.4941328e+000  6.9247772e+000
  1.1462949e+000  7.2948994e+000
  1.3913293e+000  7.6245081e+000
  8.2679679e+000  8.6277051e+000
  6.2210693e+000  6.8069328e+000
  8.8288294e+000  1.9940364e+000
  8.6481242e+000  5.9568680e+000
  1.9982283e+000  4.3349242e+000
  6.5969398e+000  6.5733307e+000
  3.9903169e+000  6.1434408e+000
  6.9454516e+000  8.2069221e+000
  3.8224311e+000  4.2783369e+000
  7.1965555e+000  1.6715346e+000
  4.9079647e+000  3.2461442e+000
  2.6061547e+000  4.3218993e+000
  8.9790151e+000  1.9398072e+000
  2.7035971e+000  8.5873658e+000
  1.6491520e+000  7.0358338e+000
  5.8927031e+000  3.0162051e+000
  2.4344233e+000  7.0835719e+000
  8.8280767e-001  7.1356177e+000
  6.4820635e+000  1.9329876e+000
  2.3187839e+000  6.7458009e+000
  8.0526771e+000  1.8979022e+000
  8.2952053e+000  5.8464285e+000
  1.8716080e+000  1.5644188e+000
  3.4587282e+000  8.2177188e+000
  7.8032691e+000  6.1566867e+000
  1.8042534e+000  1.7260899e+000
  5.7239741e+000  5.4096516e+000
  3.4421363e+000  8.2624604e+000
  5.6126635e+000  1.7504567e+000
  8.1323730e+000  5.4443583e+000
  1.4455915e+000  2.1512781e+000
  6.8733798e+000  8.3558054e+000
  8.8804029e+000  1.7451991e+000
  4.3747210e+000  8.3015820e+000
  1.7114300e+000  7.4768934e+000
  7.0907749e+000  6.3476358e+000
  2.3547679e+000  7.7490606e+000
  1.8779737e+000  4.0498500e+000
  5.2878939e+000  1.7983599e+000
  7.8735633e+000  3.9530092e+000
  5.8353920e+000  3.6224581e+000
  7.7759026e+000  5.5209518e+000
  6.8254372e+000  5.5144047e+000
  8.3308206e+000  2.0558500e+000
  8.6933209e+000  8.2647464e+000
  1.3788565e+000  8.5033905e+000
  7.8932207e+000  2.3179139e+000
  1.7071820e+000  3.8894065e+000
  2.8303011e+000  2.0142276e+000
  5.6336329e+000  3.2498261e+000
  8.2996848e+000  8.6347906e+000
  3.2439535e+000  8.9801073e+000
  7.3366793e+000  8.1441336e+000
  5.4960145e+000  3.1384092e+000
  6.6800783e+000  8.1307905e+000
  8.9672937e-001  7.0798208e+000
  7.9254790e+000  2.2274353e+000
  3.6731079e+000  1.9196225e+000
  6.8140442e+000  6.1240642e+000
  1.6363188e+000  7.1758468e+000
  1.9587151e+000  2.0429343e+000
  5.3612471e+000  8.4796494e+000
  8.9951759e+000  1.8803342e+000
  3.0694020e+000  4.6518994e+000
  3.3876876e+000  1.7924209e+000
  8.9621333e+000  8.3790549e+000
  8.8834819e+000  1.8005912e+000
  2.5489858e+000  5.0245719e+000
  2.1104983e+000  4.1506485e+000
  3.2279019e+000  4.8946488e+000
  5.0037681e+000  7.8279334e+000
  2.4647304e+000  4.6031630e+000
  5.1953677e+000  3.3444084e+000
  6.6885788e+000  6.3759843e+000
  6.2107530e+000  7.3465805e+000
  2.1523054e+000  4.3056904e+000
  1.7454367e+000  4.0960742e+000
  6.6912415e+000  6.1740727e+000
  3.1338262e+000  1.6232978e+000
  7.4857163e+000  1.8238301e+000
  7.6853017e+000  1.9963341e+000
  8.4902534e+000  7.1598640e+000
  2.1993050e+000  4.2396808e+000
  1.5326162e+000  4.1498547e+000
  7.9856531e+000  1.9819843e+000
  6.5706300e+000  6.4653598e+000
  3.3746910e+000  8.0727258e+000
  3.3505080e+000  1.1057460e+000
  8.3711089e+000  8.1257428e+000
  7.5843236e+000  6.7981566e+000
  8.7779086e+000  1.6686737e+000
  2.5871054e+000  8.7115695e+000
  3.3313343e+000  2.0426152e+000
  3.5648614e+000  8.1603171e+000
  6.6644444e+000  8.3884566e+000
  4.9585260e+000  3.0804685e+000
  6.7540151e+000  8.2190294e+000
  2.1953195e+000  4.1990413e+000
  7.9120517e+000  6.0329980e+000
  3.5135620e+000  9.1482075e+000
  2.2334000e+000  2.5703157e+000
  5.5027777e+000  5.3463352e+000
  7.8546757e+000  5.5086356e+000
  2.0623371e+000  4.4873093e+000
  8.6321285e+000  8.1300869e+000
  7.8436030e+000  2.3500843e+000
  7.0141966e+000  7.7716511e+000
  3.5017497e+000  2.0058402e+000
  6.5185529e+000  6.8907225e+000
  5.3591198e+000  3.3733081e+000
  9.1663688e+000  1.7317153e+000
  3.0524678e+000  2.2245996e+000
  7.0614543e+000  5.3192245e+000
  6.2842041e+000  7.3551764e+000
  5.6028766e+000  5.5843770e+000
  3.6787974e+000  8.5444615e+000
  3.5674517e+000  8.7115010e+000
  7.0944314e+000  4.8813566e+000
  8.2394762e+000  1.7567039e+000
  3.3808420e+000  9.1449209e+000
  1.7369192e+000  1.9723502e+000
  6.3075800e+000  7.9528361e+000
  5.1765612e+000  4.4903198e+000
  6.8974213e+000  8.5453422e+000
  5.2914670e+000  8.2995128e+000
  1.7484714e+000  7.2304515e+000
  8.3056294e+000  8.5374250e+000
  1.5628258e+000  7.4049144e+000
  5.5141655e+000  3.6743949e+000
  2.2429889e+000  6.8471740e+000
  1.6755090e+000  4.7503667e+000
  7.1567871e+000  2.5306205e+000
  4.0496450e+000  6.2486494e+000
  8.5405657e+000  2.0446805e+000
  3.4305781e+000  2.1911783e+000
  6.1972819e+000  7.8173255e+000
  8.6247613e+000  3.9640987e+000
  6.5447853e+000  6.4010008e+000
  2.5651690e+000  4.2046074e+000
  3.2679185e+000  8.3243310e+000
  5.2492848e+000  3.5661208e+000
  2.2474671e+000  6.8584852e+000
  1.7702395e+000  6.6405518e+000
  3.3788037e+000  1.7601162e+000
  5.6546601e+000  1.6537089e+000
  8.1025645e+000  2.0385194e+000
  3.7104561e+000  8.7774432e+000
  6.6488109e+000  1.7036311e+000
  2.1937177e+000  7.9374298e+000
  4.1500065e+000  9.2650812e+000
  1.0395328e+000  8.5409014e+000
  6.9147670e+000  6.1340425e+000
  8.3504004e+000  6.9792914e+000
  5.7729673e+000  6.5108562e+000
  6.5133590e+000  4.6615233e+000
  8.3152214e+000  5.3392424e+000
  8.3363735e+000  2.1692404e+000
  5.4522612e+000  3.0844780e+000
  8.1943821e+000  8.4577952e+000
  2.2104874e+000  1.9945736e+000
  1.0271790e+000  8.1372490e+000
  1.3331984e+000  4.4801387e+000
  6.8529152e+000  2.0690592e+000
  2.1534209e+000  6.9490476e+000
  6.9157921e+000  5.6270790e+000
  2.5930107e+000  7.0635263e+000
  1.6921715e+000  1.9571753e+000
  7.1983611e+000  8.0184214e+000
  9.0245997e+000  2.4102739e+000
  5.8249935e+000  1.5104730e+000
  5.4140489e+000  3.6660245e+000
  2.3130204e+000  4.0052124e+000
  6.6727510e+000  6.2768717e+000
  8.5520850e+000  8.1889887e+000
  6.6358035e+000  6.2790516e+000
  7.5446104e+000  8.5905658e+000
  8.7499567e+000  6.3478344e+000
  1.5562165e+000  1.6773903e+000
  7.2015880e+000  6.2320596e+000
  2.1319644e+000  4.1168727e+000
  6.2127565e+000  7.3812168e+000
  2.1945125e+000  4.0081365e+000
  4.6711506e+000  8.1941558e+000
  5.2223097e+000  5.0209381e+000
  2.8936934e+000  2.1315035e+000
  3.5076652e+000  8.9046427e+000
  1.2832328e+000  4.4227962e+000
  3.5061144e+000  8.4836954e+000
  2.1650258e+000  3.9631919e+000
  1.6720758e+000  4.0932214e+000
  7.7856602e+000  2.3038820e+000
  8.0003305e+000  1.9845161e+000
  8.9131411e+000  8.3625798e+000
  8.8092692e+000  5.6958928e+000
  3.4093904e+000  1.9181857e+000
  3.5815834e+000  8.7669401e+000
  8.8480535e+000  1.8663636e+000
  5.4544910e+000  3.2658899e+000
  4.4101853e+000  3.9764663e+000
  8.4983345e+000  2.1467739e+000
  1.7609555e+000  6.6862514e+000
  5.2328098e+000  3.0049889e+000
  7.7231930e+000  2.0379016e+000
  3.3056515e+000  9.2367186e+000
  8.9555931e+000  8.3350942e+000
  7.8901930e+000  5.9186081e+000
  6.9266778e+000  1.5636817e+000
  2.5302207e+000  1.3719263e+000
  5.5960761e+000  3.6047135e+000
  3.3739107e+000  1.2475349e+000
  1.1835406e+000  6.1242105e+000
  2.4266431e+000  7.4915432e+000
  6.9780442e+000  8.2995914e+000
  9.1075399e-001  6.8709963e+000
  7.6520850e+000  1.4054888e+000
  8.4925142e+000  6.9855970e+000
  5.6448222e+000  3.4633677e+000
  8.8849472e+000  5.5754901e+000
  4.3081366e+000  6.1655008e+000
  1.5558984e+000  1.6092640e+000
  2.0480501e+000  4.5009407e+000
  4.6619826e+000  3.1352658e+000
  1.3941737e+000  4.2062041e+000
  4.8642124e+000  2.9498658e+000
  1.3789225e+000  4.3101761e+000
  3.3465578e+000  7.8702737e+000
  7.1688470e+000  7.5426037e+000
  2.7565220e+000  4.9458791e+000
  3.0107576e+000  1.6894011e+000
  1.5101253e+000  2.3245438e+000
  7.5944240e+000  2.2483581e+000
  2.0330264e+000  7.6433259e+000
  8.4679567e+000  1.6741224e+000
  2.0236029e+000  4.3955305e+000
  5.6134875e+000  3.8543318e+000
  8.6929023e+000  8.0674067e+000
  8.2370683e+000  2.2588242e+000
  8.3427117e+000  2.4092628e+000
  6.9556936e+000  1.6745167e+000
  3.0634668e+000  9.1754170e+000
  8.8299150e+000  1.7617813e+000
  6.6801863e+000  6.3554312e+000
  2.0578790e+000  1.8278475e+000
  3.7390668e+000  8.3495942e+000
  5.5577709e+000  1.4316146e+000
  5.5385066e+000  7.9241780e+000
  1.6539455e+000  2.1095326e+000
  6.6267531e+000  8.3667262e+000
  2.4289452e+000  4.5021514e+000
  2.1394948e+000  3.9915657e+000
  8.3135255e+000  8.7398958e+000
  6.2902971e+000  1.8111007e+000
  3.1563135e+000  1.0331764e+000
  1.5470596e+000  7.7776135e+000
  8.8671961e-001  6.8337254e+000
  8.5872819e+000  1.5974618e+000
  5.1178870e+000  3.1995897e+000
  8.5652356e+000  3.5916960e+000
  6.6547903e+000  8.1187515e+000
  1.6221834e+000  2.2753606e+000
  8.3417872e+000  5.6563274e+000
  6.5835711e+000  7.8176010e+000
  4.9582148e+000  3.5538217e+000
  8.0348658e+000  5.5439449e+000
  6.6881854e+000  6.3594289e+000
  1.3866838e+000  7.9286163e+000
  8.5397365e+000  8.1260317e+000
  8.1689658e+000  8.4549130e+000
  3.6341102e+000  8.7818436e+000
  5.1827338e+000  3.6280381e+000
  2.0944904e+000  4.0694845e+000
  2.0874643e+000  3.8427684e+000
  6.9981687e+000  8.3565029e+000
  4.9895700e+000  4.9216733e+000
  5.8731514e+000  2.3348935e+000
  2.3485959e+000  6.9700712e+000
  6.3268874e+000  8.2162717e+000
  3.0788766e+000  2.2360040e+000
  5.3002564e+000  1.2773043e+000
  8.1038012e+000  2.0765173e+000
  4.7766200e+000  3.0312865e+000
  8.3483299e+000  2.2333184e+000
  7.6338967e+000  5.9780380e+000
  8.9660941e+000  5.5641349e+000
  7.0462032e+000  6.0006457e+000
  3.2502757e+000  2.2158874e+000
  2.2216163e+000  4.0186659e+000
  2.9619730e+000  1.3085813e+000
  1.3483280e+000  6.8878889e+000
  6.7306410e+000  4.1894896e+000
  3.4545301e+000  8.6803196e+000
  5.4580107e+000  3.4810695e+000
  1.8264120e+000  7.6739486e+000
  8.0830460e+000  2.0443593e+000
  8.2747237e+000  1.6186775e+000
  2.5605959e+000  9.1947586e+000
  1.4820836e+000  1.5937450e+000
  8.5628408e+000  8.6853801e+000
  3.0311229e+000  1.3227583e+000
  4.8549074e+000  3.2025893e+000
  7.7686508e+000  1.8051130e+000
  1.6019592e+000  4.4016826e+000
  8.3970062e+000  8.7544899e+000
  8.7137154e+000  1.9064705e+000
  3.4004612e+000  1.0909582e+000
  5.4625985e+000  2.8543491e+000
  5.0761060e+000  2.8304013e+000
  3.7766525e+000  8.5180069e+000
  8.2694249e+000  6.3825443e+000
  5.6211601e+000  3.3789104e+000
  1.0165971e+000  6.9921460e+000
  3.4311918e+000  7.9386944e+000
  7.6057250e+000  2.3430852e+000
  3.4203207e+000  9.0017767e+000
  8.4796646e+000  4.8637088e+000
  7.8498928e+000  5.7004602e+000
  2.2436713e+000  1.7719579e+000
  1.8682979e+000  7.1569176e+000
  6.7160377e+000  8.4427938e+000
  9.0636005e+000  4.9973608e+000
  1.4471002e+000  4.3523997e+000
  1.8848544e+000  1.5848537e+000
  1.7894730e+000  5.5737488e+000
  4.8382398e+000  3.0799011e+000
  4.9567142e+000  3.7291094e+000
  5.2313372e+000  7.6775125e+000
  6.9538484e+000  5.0735809e+000
  4.3950529e+000  8.3136893e+000
  6.6469841e+000  6.2699522e+000
  8.9825026e+000  4.2907552e+000
  8.5667269e+000  8.8374777e+000
  7.7547444e+000  2.3856426e+000
  6.6291596e+000  4.8677536e+000
  8.5637416e+000  5.5823821e+000
  3.5228085e+000  8.5479839e+000
  3.8413657e+000  8.0785656e+000
  8.3539954e+000  1.8480166e+000
  6.3601485e+000  6.2347086e+000
  6.7243482e+000  6.1316385e+000
  6.4717331e+000  8.4082512e+000
  8.8731793e+000  5.7458454e+000
  3.5168279e+000  1.8560370e+000
  6.8967994e+000  4.6446687e+000
  8.1271759e+000  4.9791954e+000
  7.8878758e+000  6.0175542e+000
  6.5811467e+000  1.6398082e+000
  1.6062067e+000  1.9446080e+000
  1.3138908e+000  1.7342744e+000
  6.9395200e+000  7.8241455e+000
  5.0876881e+000  3.8368231e+000
  7.0620083e+000  6.2035181e+000
  8.3647391e+000  8.6996054e+000
  8.9744424e+000  1.5792357e+000
  8.6496417e+000  5.7886782e+000
  5.5657647e+000  2.3270501e+000
  6.8693396e+000  2.0836075e+000
  5.2732690e+000  3.1268103e+000
  4.8286357e+000  3.1366501e+000
  6.6285790e+000  7.1552093e+000
  6.7726199e+000  1.6766658e+000
  1.2722404e+000  6.8358066e+000
  3.7362638e+000  7.9485500e+000
  5.5086984e+000  3.5554811e+000
  8.7896661e+000  2.1304809e+000
  8.6405345e+000  5.5103159e+000
  5.2283079e+000  3.1965296e+000
  3.4912697e+000  9.4838118e+000
  8.2504345e+000  7.4700172e+000
  1.9561454e+000  1.8194240e+000
  8.4681369e+000  1.8200725e+000
  7.9167281e+000  2.4137733e+000
  1.7071520e+000  7.3779245e+000
  3.7707749e+000  4.0690804e+000
  6.6022223e+000  6.8321212e+000
  6.1221992e+000  1.9827168e+000
  8.4383126e+000  1.9042451e+000
  6.4206990e+000  2.1054605e+000
  5.4126625e+000  3.0916141e+000
  7.7550758e+000  2.0453187e+000
  7.7746140e+000  5.7858320e+000
  2.8539443e+000  2.3707859e+000
  7.0883249e+000  6.0442723e+000
  8.8192877e+000  8.4205054e+000
  5.0772886e+000  3.3094155e+000
  3.5220676e+000  2.3150816e+000
  3.1877822e+000  8.4049703e+000
  1.9951226e+000  8.3040548e+000
  2.6734690e+000  1.4605877e+000
  1.4072432e+000  6.6855614e+000
  1.7045009e+000  1.4988176e+000
  1.4283021e+000  6.5937319e+000
  2.0526159e+000  4.3634773e+000
  8.9983331e+000  4.7361295e+000
  3.6496650e+000  8.0041822e+000
  8.7999475e+000  1.8835950e+000
  5.9754776e+000  6.3848415e+000
  1.7403536e+000  6.0576440e+000
  1.2630737e+000  1.6707522e+000
  2.0149094e+000  1.4130436e+000
  3.9476837e+000  2.1099931e+000
  6.7058209e+000  6.5526707e+000
  6.5713437e+000  5.8286799e+000
  2.5467064e+000  6.9009779e+000
  6.3965810e+000  7.5431500e+000
  6.5645154e+000  7.2860199e+000
  3.3244623e+000  1.3441573e+000
  1.6313516e+000  4.3179256e+000
  7.3048555e+000  1.5478038e+000
  5.7274914e+000  3.1887304e+000
  8.0146445e+000  5.7014896e+000
  2.1248226e+000  4.1322849e+000
  5.4155405e+000  3.1283885e+000
  3.2258253e+000  1.8414706e+000
  8.9830716e+000  1.7255219e+000
  4.9744295e+000  4.5315982e+000
  8.6797024e+000  6.5494469e+000
  1.3878890e+000  4.3216757e+000
  1.9804271e+000  4.3544167e+000
  8.1287330e+000  1.8931110e+000
  5.9976496e+000  6.2663224e+000
  3.2333844e+000  3.5317126e+000
  5.3625393e+000  3.8149279e+000
  2.6456022e+000  4.4122911e+000
  6.4314529e+000  6.1531785e+000
  3.3203743e+000  2.4371059e+000
  7.0629329e+000  5.6731823e+000
  1.3984249e+000  7.2923630e+000
  4.9174388e+000  3.0055829e+000
  6.2698966e+000  6.4583365e+000
  4.6292033e+000  4.8614285e+000
  8.4717606e+000  6.5154927e+000
  3.8734825e+000  2.9085721e+000
  6.9433543e+000  5.3775481e+000
  7.7842144e+000  5.2390830e+000
  1.9938552e+000  1.3502055e+000
  3.3734039e+000  8.2062977e+000
  6.5112567e+000  6.8762688e+000
  5.2872468e+000  4.7816138e+000
  1.1692857e+000  6.9100740e+000
  8.7663010e+000  7.8389306e+000
  7.9315551e+000  2.6427791e+000
  7.7733619e+000  5.7042240e+000
  1.4832129e+000  6.8889821e+000
  5.5211165e+000  2.8922178e+000
  3.4106516e+000  8.7403773e+000
  7.1471210e+000  2.0527453e+000
  3.3310031e+000  8.0665954e+000
  8.5753288e+000  2.3867631e+000
  7.1744062e+000  8.0682669e+000
  6.8086886e+000  7.5720863e+000
  5.1849183e+000  4.0814833e+000
  3.0480229e+000  2.4198299e+000
  8.3423734e+000  8.0672038e+000
  6.9999362e+000  2.7626902e+000
  6.9610715e+000  1.6510793e+000
  3.4738189e+000  2.5124355e+000
  6.2516792e+000  8.1884415e+000
  5.5625506e+000  7.8268498e+000
  5.2481605e+000  3.8129835e+000
  1.5843429e+000  2.3263609e+000
  8.0568794e+000  8.4486551e+000
  2.0456332e+000  4.0665741e+000
  1.4216877e+000  4.4909336e+000
  8.7394781e+000  1.6187353e+000
  7.7316286e+000  5.5641052e+000
  7.9993332e+000  5.9761985e+000
  6.7693947e+000  5.1091232e+000
  1.1321494e+000  8.7616659e+000
  5.1363106e+000  6.5805556e+000
  3.4521609e+000  8.7717744e+000
  7.1460120e+000  4.5997083e+000
  8.0283560e+000  6.1399820e+000
  7.6731109e+000  5.9733154e+000
  6.5009218e+000  7.8790985e+000
  4.8227151e+000  2.9112790e+000
  6.6947258e+000  6.2925806e+000
  5.5455425e+000  3.2408633e+000
  8.1161648e+000  5.7733860e+000
  1.4796119e+000  6.9003700e+000
  1.4866206e+000  2.2892958e+000
  6.9994935e-001  6.8871579e+000
  4.9027487e+000  4.9113944e+000
  6.9042883e+000  7.8965263e+000
  6.1790398e+000  7.2907457e+000
  1.9652239e+000  7.0826865e+000
  5.5640976e+000  3.4262251e+000
  8.9117748e-001  8.4963686e+000
  8.7635536e+000  6.5954464e+000
  5.7477802e+000  1.6647361e+000
  1.4396441e+000  2.2548847e+000
  6.6443468e+000  5.9298350e+000
  1.7922201e+000  4.0775894e+000
  1.8425350e+000  6.6808213e+000
  6.0280998e+000  6.1397817e+000
  3.5443105e+000  4.3075817e+000
  8.4954643e+000  5.2362734e+000
  1.3065145e+000  7.1878182e+000
  8.3697500e+000  6.1908401e+000
  6.6214828e+000  4.7146402e+000
  3.6949328e+000  8.5859519e+000
  2.6061846e+000  4.2874083e+000
  5.9774155e+000  7.1582309e+000
  3.2853240e+000  8.1498138e+000
  6.2221293e+000  1.6619687e+000
  2.0474836e+000  4.0993821e+000
  4.9101339e+000  2.7098372e+000
  8.7211227e+000  8.0696280e+000
  1.9965865e+000  6.9079451e+000
  8.7612472e+000  8.3993318e+000
  3.5912793e+000  8.8959027e+000
  5.6172955e+000  3.3224243e+000
  4.8627478e+000  8.5217744e+000
  7.0706828e+000  8.3169185e+000
  8.1289795e+000  1.7223857e+000
  6.6692067e+000  6.2374367e+000
  1.6465859e+000  7.5421392e+000
  6.6691977e+000  8.0854265e+000
  7.8379840e+000  5.9533785e+000
  6.8497032e+000  8.1379209e+000
  6.9480968e+000  5.8663064e+000
  4.5607112e+000  2.3851969e+000
  6.2479090e+000  8.3673911e+000
  7.9374954e+000  2.1121334e+000
  6.6315274e+000  5.2045519e+000
  6.7897783e+000  8.3238670e+000
  3.7419442e+000  1.5448037e+000
  6.8700026e+000  1.9341457e+000
  8.8003173e+000  1.6363556e+000
  6.2060342e+000  7.3700483e+000
  5.7660047e+000  2.9877785e+000
  1.8664625e+000  4.3942806e+000
  1.6959062e+000  6.9212779e+000
  3.6194157e+000  6.7376068e+000
  7.8424433e+000  5.3800261e+000
  4.8635518e+000  3.3917007e+000
  1.2350093e+000  2.0843351e+000
  8.1281585e+000  1.9364131e+000
  6.9241518e+000  7.8622220e+000
  4.9153878e+000  3.9356130e+000
  3.4228459e+000  1.4421769e+000
  7.0439030e+000  5.8134854e+000
  7.2969471e+000  5.8495397e+000
  6.0970053e-001  6.8894511e+000
  3.5171029e+000  2.2642864e+000
  8.5975694e+000  5.6481300e+000
  8.9109101e+000  5.5066351e+000
  1.5512391e+000  7.4186731e+000
  8.1782545e+000  2.1398679e+000
  7.6306212e+000  7.8720890e+000
  7.1466486e+000  8.6902126e+000
  5.5362783e+000  7.3772796e+000
  4.0979950e+000  5.6685138e+000
  3.2858841e+000  2.0091970e+000
  1.2593250e+000  6.4174676e+000
  2.1662611e+000  6.8431478e+000
  8.3778367e+000  2.3589546e+000
  4.9558555e+000  3.5390800e+000
  5.0147974e+000  3.1511991e+000
  7.7012492e+000  6.1770700e+000
  5.5362725e+000  2.9945298e+000
  3.0127675e+000  2.1599435e+000
  1.5864282e+000  7.3844322e+000
  3.2355440e+000  2.4594307e+000
  2.0968120e+000  5.5816843e+000
  4.3313127e+000  8.8150515e+000
  6.5174915e+000  6.2908827e+000
  1.6786331e+000  7.2877160e+000
  2.4359326e+000  7.3532153e+000
  5.7385928e+000  3.6276331e+000
  3.0281628e+000  2.3511054e+000
  1.4258850e+000  7.3144095e+000
  7.6523497e+000  2.2340804e+000
  7.2268429e+000  5.8680735e+000
  5.7128350e+000  3.5254744e+000
  3.6560596e+000  8.4719968e+000
  2.2842242e+000  7.2201477e+000
  1.5160865e+000  4.2432607e+000
  6.4095478e+000  5.9386374e+000
  2.4537699e+000  2.2768057e+000
  8.0774609e+000  3.0851781e+000
  3.2943955e+000  8.4921261e+000
  7.8063327e+000  1.9877732e+000
  3.2868914e+000  1.4915769e+000
  1.7390769e+000  3.9838221e+000
  3.8600656e+000  8.6000428e+000
  8.5123708e+000  7.5259488e+000
  1.4206005e+000  4.5131222e+000
  2.9397530e+000  2.2039708e+000
  1.4055282e+000  7.5821275e+000
  5.2316309e+000  3.4952386e+000
  1.4335010e+000  4.3571054e+000
  9.1060164e+000  2.6860746e+000
  1.2445160e+000  7.3219652e+000
  7.0027919e+000  6.2575995e+000
  1.5135694e+000  3.7758896e+000
  1.7442860e+000  3.6483121e+000
  5.3352859e+000  7.9567200e+000
  2.9144745e+000  5.1073416e+000
  2.0292800e+000  2.0104880e+000
  1.5853804e+000  6.0288675e+000
  7.9613091e+000  4.9223804e+000
  5.9035461e+000  1.5597110e+000
  3.1842884e+000  1.8944252e+000
  1.4209310e+000  6.7270147e+000
  1.5434047e+000  7.6507762e+000
  4.6491564e+000  3.2320632e+000
  2.2705304e+000  4.9678130e+000
  8.0964226e+000  8.0980629e+000
  4.6579184e+000  4.0649260e+000
  1.8217544e+000  4.3395879e+000
  4.6358369e+000  3.1446751e+000
  3.3740901e+000  2.1092556e+000
  5.2462049e+000  8.0836760e+000
  7.0173274e+000  5.8529231e+000
  7.3823149e+000  5.8870886e+000
  5.2820297e+000  3.0406890e+000
  5.7248773e+000  3.3015749e+000
  3.5847346e+000  1.8969588e+000
  1.9041894e+000  4.4308383e+000
  5.1287265e+000  4.6956775e+000
  7.2258372e+000  5.2357081e+000
  8.4843304e+000  8.0386511e+000
  1.9898682e+000  1.9212175e+000
  3.5470397e+000  1.9432245e+000
  8.6052533e+000  5.4941817e+000
  8.4829844e+000  5.6003710e+000
  1.6753822e+000  4.3174964e+000
  1.7780924e+000  7.1346129e+000
  4.8240495e+000  3.0215496e+000
  6.8125746e+000  8.2849808e+000
  1.6299264e+000  2.1744006e+000
  8.2639816e+000  1.9080750e+000
  2.4301922e+000  2.1012168e+000
  8.0413001e+000  2.3846578e+000
  2.1221133e+000  7.1671676e+000
  1.3569569e+000  7.3650788e+000
  1.9643509e+000  4.8736746e+000
  8.5801613e+000  6.4059044e+000
  1.4624460e+000  2.1065550e+000
  8.1756224e+000  2.1865480e+000
  5.2186773e+000  2.6984197e+000
  1.5498873e+000  8.2705325e+000
  1.8760494e+000  2.2009015e+000
  2.7475179e+000  1.8708603e+000
  3.4909665e+000  8.7663044e+000
  8.3562710e+000  6.6114218e+000
  7.9985364e+000  2.7732548e+000
  3.5081312e+000  9.3315257e+000
  5.6687002e+000  7.6108534e+000
  5.4532001e+000  2.9552635e+000
  3.7008717e+000  1.6620946e+000
  5.0588711e+000  2.8375437e+000
  1.8340711e+000  4.1793547e+000
  5.8590418e+000  1.8274801e+000
  8.5326588e+000  5.7889086e+000
  8.1363157e+000  2.3862200e+000
  6.3724773e+000  1.8375856e+000
  6.3881919e+000  6.7709612e+000
  8.7895532e+000  8.5698320e+000
  8.2301177e+000  1.7179497e+000
  2.1521272e+000  6.8357110e+000
  1.9899038e+000  6.7161276e+000
  5.3354106e+000  5.3458590e+000
  7.2755290e+000  2.2435619e+000
  4.7027596e+000  3.1861057e+000
  5.3063879e+000  3.2181984e+000
  4.8241904e+000  2.5963327e+000
  1.3177472e+000  7.4316681e+000
  1.7419872e+000  4.2589189e+000
  5.3481724e+000  3.4897537e+000
  7.9100341e+000  2.2468310e+000
  5.5227976e+000  1.9106414e+000
  1.9961320e+000  7.6311126e+000
  8.6543662e+000  8.4165671e+000
  3.4056091e+000  7.9143400e+000
  3.0141934e+000  1.7610153e+000
  7.2285504e+000  5.9442233e+000
  7.8621389e+000  5.7581118e+000
  5.4612428e+000  8.3264565e+000
  7.2107192e+000  8.4037871e+000
  5.5602963e+000  3.0004357e+000
  8.7148815e+000  7.0982701e+000
  6.9955992e+000  4.2591124e+000
  1.2820311e+000  7.1444237e+000
  5.4654516e+000  4.0610250e+000
  8.5313164e+000  7.9798252e+000
  8.2583279e+000  7.7956618e+000
  8.3231760e+000  2.4399183e+000
  8.6647971e+000  5.3954763e+000
  1.5499228e+000  6.3410117e+000
  5.6769116e+000  2.9563842e+000
  6.8589686e+000  5.9368436e+000
  8.2183645e+000  2.5866569e+000
  8.3827206e+000  2.2701478e+000
  1.6947803e+000  6.7582134e+000
  3.5072550e+000  8.8835912e+000
  3.6991950e+000  7.9375846e+000
  1.4929781e+000  1.7228233e+000
  1.6770932e+000  6.7255722e+000
  7.0875125e+000  4.6958124e+000
  5.1611371e+000  3.6152712e+000
  1.3057019e+000  1.5140279e+000
  3.4107288e+000  8.9373129e+000
  5.2280400e+000  4.8123388e+000
  3.4922996e+000  5.3836281e+000
  1.7146798e+000  1.6061622e+000
  5.8685768e+000  7.9967684e+000
  5.3976508e+000  3.3973582e+000
  5.1705168e+000  3.4111254e+000
  3.5238586e+000  8.4716547e+000
  8.2307454e+000  6.1847226e+000
  4.5376775e+000  2.1376144e+000
  5.1376204e+000  8.3599560e+000
  6.8768435e+000  8.0472710e+000
  1.7806751e+000  1.7020465e+000
  1.6648909e+000  1.4300972e+000
  1.4418114e+000  2.1718177e+000
  1.4430910e+000  4.2207767e+000
  6.3779382e+000  6.4944558e+000
  5.5459790e+000  7.4571942e+000
  1.9746214e+000  1.8515650e+000
  8.5348579e+000  8.6671792e+000
  1.2288227e+000  3.1110542e+000
  4.7731954e+000  1.3711866e+000
  2.5253772e+000  8.5031027e+000
  4.7353085e+000  3.0787496e+000
  8.8557339e+000  5.7039437e+000
  6.8038940e+000  1.6605386e+000
  7.2213801e-001  7.2266962e+000
  5.6274296e+000  7.2873949e+000
  8.1936694e+000  2.2710322e+000
  1.6501202e+000  7.3681261e+000
  5.1296509e+000  2.8651925e+000
  6.9395339e+000  8.4041459e+000
  6.7904999e+000  6.3673738e+000
  7.8696515e+000  2.1834143e+000
  6.3771200e+000  6.4892271e+000
  7.3755803e+000  7.9735736e+000
  1.0846591e+000  7.2132939e+000
  5.4101875e+000  3.8399447e+000
  5.2199167e+000  3.2328216e+000
  3.5726763e+000  8.2087265e+000
  4.7878924e+000  2.9191059e+000
  7.5070070e+000  4.8728538e+000
  3.2715088e+000  1.2969006e+000
  1.5003994e+000  4.6545600e+000
  4.8822801e+000  2.9986313e+000
  4.0941413e+000  6.4188019e+000
  2.3018223e+000  5.5688355e+000
  5.5816963e+000  2.0571320e+000
  6.5445448e+000  6.3762155e+000
  8.9962276e+000  8.2650812e+000
  1.5257109e+000  5.1001648e+000
  8.0725631e+000  7.4367083e+000
  4.7828036e+000  2.9126694e+000
  6.6349974e+000  7.7848500e+000
  5.2332328e+000  3.4163174e+000
  2.9602447e+000  1.7330943e+000
  8.2301331e+000  2.3525922e+000
  1.3665257e+000  6.7263551e+000
  1.7270929e+000  2.1743746e+000
  3.2296495e+000  1.0607677e+000
  7.8101726e+000  2.3269370e+000
  1.3813343e+000  6.9486686e+000
  3.7244111e+000  8.0273574e+000
  1.9012979e+000  5.2909591e+000
  5.1781615e+000  3.5079625e+000
  6.3967111e+000  6.6241841e+000
  8.2013780e+000  1.8743696e+000
  6.1608631e+000  2.0269238e+000
  5.1503436e+000  3.5381004e+000
  5.8804840e+000  4.1720025e+000
  1.0133442e+000  6.7756316e+000
  7.9250944e+000  8.4570910e+000
  1.7088398e+000  1.8055925e+000
  8.1120166e+000  2.0868562e+000
  8.0042385e+000  5.5515388e+000
  8.7000679e+000  6.4219626e+000
  6.7075756e+000  7.9263526e+000
  2.0504862e+000  7.5888075e+000
  8.5465710e+000  7.8739213e+000
  3.3132485e+000  2.4264547e+000
  2.0382614e+000  6.9974667e+000
  2.3338171e+000  7.5749794e+000
  3.6499899e+000  8.6582229e+000
  8.4361334e+000  1.9443259e+000
  6.2867936e+000  5.9281416e+000
  5.0703164e+000  3.6201864e+000
  7.9694949e-001  7.0657717e+000
  3.3735881e+000  2.1137230e+000
  6.8668904e+000  6.6735429e+000
  8.7589450e+000  5.4471541e+000
  9.5869934e-001  7.5026545e+000
  6.7258429e+000  4.9866180e+000
  8.5849303e+000  2.1663010e+000
  1.6935498e+000  7.1688652e+000
  5.1019597e+000  3.9019289e+000
  6.9333902e+000  5.3938493e+000
  3.4147838e+000  8.4619691e+000
  1.6751432e+000  7.5582548e+000
  6.2210388e+000  4.1897320e+000
  4.9114776e+000  1.6598654e+000
  3.5470521e+000  2.2302724e+000
  5.3917529e+000  3.6924762e+000
  1.3503670e+000  7.7167533e+000
  3.5355277e+000  7.9174337e+000
  4.9840775e+000  6.9234539e+000
  8.5866986e+000  7.9881952e+000
  1.3423860e+000  8.2307103e+000
  5.1175289e+000  3.5932421e+000
  3.6335870e+000  2.3901139e+000
  1.0567560e+000  7.0129484e+000
  3.3866475e+000  8.7086267e+000
  2.0948110e+000  4.3367675e+000
  5.8732560e+000  5.9453776e+000
  8.4393921e+000  8.2419834e+000
  6.4033997e+000  1.8708578e+000
  2.9409768e+000  2.0473872e+000
  8.9542468e+000  8.5870102e+000
  8.0197758e+000  2.1229928e+000
  1.7329984e+000  6.7852416e+000
  1.5925712e+000  6.9142625e+000
  2.0638657e+000  7.1249581e+000
  7.8155542e+000  2.1313641e+000
  6.7033010e+000  6.3668959e+000
  6.8438143e+000  8.0356894e+000
  3.1438750e+000  5.9458667e+000
  8.5315987e+000  1.7957609e+000
  6.6736834e+000  6.7784280e+000
  7.9733816e+000  5.6589015e+000
  8.3061655e+000  2.2547895e+000
  6.2741044e+000  7.0209311e+000
  8.3865209e+000  2.1340527e+000
  6.7968864e+000  4.8479049e+000
  3.5315395e+000  8.5552440e+000
  4.5051349e+000  2.1894585e+000
  1.6975638e+000  6.8795033e+000
  6.7262946e+000  4.6659242e+000
  6.6830916e+000  8.5935670e+000
  7.9366827e+000  5.6310012e+000
  3.5966710e+000  5.7434815e+000
  1.6671823e+000  7.7656343e+000
  2.4131501e+000  2.1567582e+000
  6.3998450e+000  6.4017546e+000
  3.3514179e+000  9.0248282e+000
  6.7558664e+000  6.0897402e+000
  1.9453527e+000  7.3278929e+000
  1.2757473e+000  2.7888584e+000
  3.6493361e+000  5.8657078e+000
  1.7178203e+000  1.6832066e+000
  2.2638381e+000  5.2593615e+000
  2.7247761e+000  2.1822982e+000
  1.7435139e+000  4.4135503e+000
  8.4891468e+000  1.6959660e+000
  5.5745999e+000  3.0805889e+000
  2.1573092e+000  4.1820872e+000
  1.2047344e+000  2.3049552e+000
  4.4397337e+000  5.9799862e+000
  8.0602071e+000  6.0547105e+000
  7.7867482e+000  1.7064060e+000
  6.0332904e+000  7.0749749e+000
  3.7825857e+000  1.3692615e+000
  5.0193616e+000  3.1102730e+000
  5.1653991e+000  2.9133662e+000
  1.4469015e+000  4.2952263e+000
  1.8605228e+000  3.0844558e+000
  8.4644098e+000  6.0062755e+000
  6.0860836e+000  1.9158960e+000
  5.7356208e+000  3.1241616e+000
  1.5079349e+000  7.5271079e+000
  8.7349525e+000  1.9286496e+000
