  5.3005179e+000  5.3389428e+000
  5.1097130e+000  7.1856646e+000
  2.5146211e+000  7.4867072e+000
  8.8600970e+000  1.5340004e+000
  6.7397185e+000  6.4131214e+000
  7.1453383e+000  7.4573405e+000
  8.1432027e+000  9.7372662e-001
  6.4552773e-002  2.3000408e+000
  1.3872893e-001  3.5669916e+000
  1.8499401e+000  7.9110070e+000
  6.1351611e+000  8.9940860e+000
  3.1747794e+000  4.0779514e+000
  9.7576124e+000  5.4476247e+000
  2.4233315e+000  2.5686722e+000
  5.6226288e+000  1.3210128e+000
  8.7711029e+000  4.8368079e+000
  2.8684228e+000  8.9021973e+000
  8.2552345e+000  9.7502044e+000
  8.7008701e+000  1.9794554e+000
  4.5477110e+000  8.0122581e+000
  7.4420468e+000  9.2249139e+000
  2.2104795e+000  9.9649544e+000
  6.0319078e+000  3.6159167e-001
  5.5532442e+000  3.1907519e+000
  5.0421229e+000  5.3822702e+000
  6.6268007e+000  4.6191345e+000
  1.0972428e+000  7.2879362e+000
  7.8298401e+000  1.4220614e+000
  8.3684700e+000  4.0791285e+000
  4.0481951e+000  3.7750526e+000
  9.2008919e+000  4.9292991e+000
  9.6225611e+000  7.1014602e-001
  3.6515840e+000  4.6369488e-001
  3.3049131e+000  4.0618253e+000
  2.3491301e+000  2.0309693e+000
  9.3496374e+000  5.7880038e+000
  6.2494335e+000  8.4446634e+000
  1.7532379e+000  8.5190175e+000
  2.9611507e+000  8.3570212e+000
  9.6181653e+000  1.0943694e+000
  1.2122718e+000  4.5773590e-001
  5.8580056e+000  9.5156832e-001
  2.1248176e+000  1.6997404e+000
  9.7244510e+000  1.9936043e+000
  1.7895069e+000  2.7909283e+000
  2.7126771e+000  8.0526679e+000
  1.6641576e+000  3.0592552e+000
  4.6863490e+000  8.0667183e+000
  8.1291725e+000  2.0101441e+000
  1.5056761e+000  6.8636297e+000
  7.1700803e+000  1.7210691e+000
  2.4903535e+000  8.3880224e+000
  8.1457885e+000  4.6797683e+000
  5.4905707e+000  6.8650795e+000
  4.9758159e+000  7.0217328e+000
  7.0456805e+000  4.3727489e+000
  2.0207741e+000  4.2194527e+000
  7.9796111e+000  8.4923584e+000
  1.2500590e+000  4.3536355e+000
  8.9294228e+000  5.5284970e+000
  2.4363539e+000  4.2004372e+000
  3.6627229e-001  7.2027405e+000
  5.3616748e+000  3.1200386e+000
  7.9077336e+000  3.3442625e+000
  8.2915420e+000  6.8296580e+000
  1.5941674e+000  1.6273988e+000
  4.8041672e+000  6.4352768e+000
  5.1112808e+000  3.2510907e+000
  1.7316399e+000  6.4960472e+000
  7.2196411e+000  6.7003989e+000
  5.8103280e+000  2.6407920e+000
  1.6909330e+000  5.0073099e+000
  2.5906710e-002  7.3892921e+000
  1.5244443e+000  5.1400226e+000
  9.1818097e+000  5.1922665e+000
  6.3269919e+000  2.9364779e+000
  9.3561954e+000  6.0709587e-001
  4.2435753e+000  9.4742837e+000
  3.7743855e+000  2.8757928e+000
  2.6904444e+000  7.1014616e-001
  6.4587722e+000  7.2775792e+000
  7.2161391e+000  8.7135438e+000
  3.4653389e+000  9.7054727e+000
  8.5879158e+000  1.8423504e+000
  4.5218947e+000  2.3937911e-001
  4.3374578e+000  2.8696850e+000
  2.0295786e+000  5.0116603e-001
  3.1669860e+000  2.2382037e+000
  4.1891526e+000  2.4229194e+000
  7.7393576e+000  3.5848295e+000
  3.7447022e+000  7.0485129e+000
  3.0549452e+000  3.1637317e+000
  3.5738320e+000  8.4585357e-001
  8.6195572e+000  1.0536910e+000
  4.7451568e+000  9.5187170e-001
  7.2047368e+000  6.3597258e-001
  9.5069261e-002  3.8142835e+000
  1.2848076e+000  6.6402792e+000
  4.1491360e+000  1.8271970e+000
  2.7361008e+000  1.9068815e+000
  7.0743393e+000  6.4424738e+000
  1.0091310e+000  2.3166461e+000
  8.3114299e+000  3.0874386e+000
  6.0675606e+000  9.8816950e+000
  8.2528001e+000  1.8166271e+000
  1.9507137e+000  7.9913569e+000
  8.3993496e-001  2.2900213e+000
  2.2164829e+000  5.0040070e+000
  6.0945335e+000  2.1910164e+000
  6.5701827e-001  6.8358150e+000
  5.8644291e+000  2.3668223e+000
  7.9717231e+000  2.1087285e-001
  8.1269721e+000  1.2583803e+000
  2.0274607e-001  8.0150804e+000
  3.0192739e+000  4.6761530e+000
  8.5075621e+000  7.8033654e+000
  8.2834381e+000  6.9176434e+000
  5.3780982e+000  1.7759633e+000
  4.3542285e+000  1.7499847e+000
  2.2529685e+000  6.7183059e+000
  6.0745947e+000  6.9804549e+000
  3.1798341e+000  5.9119441e+000
  6.2157481e+000  3.2021195e+000
  8.2395319e+000  4.5133043e+000
  3.7170748e+000  2.0265451e+000
  1.8319313e+000  9.3373063e+000
  3.5086304e+000  6.4358818e+000
  6.2596933e-001  7.9530973e+000
  3.5299116e+000  9.1585094e-001
  7.3208886e+000  6.5991123e+000
  3.8607528e+000  1.1134434e+000
  4.3864679e+000  3.2365452e+000
  7.9436560e+000  7.1778709e+000
  3.4584235e+000  9.1755780e+000
  2.9575001e+000  1.8827609e+000
  7.4265242e-002  1.1564642e+000
  3.6571291e+000  9.5780528e-001
  1.5700700e+000  1.1866829e+000
  2.1507937e+000  5.3770411e+000
  6.2556112e+000  2.5281980e+000
  1.7789917e+000  8.3782348e+000
  3.3938669e+000  2.8842991e+000
  9.8594862e+000  5.7226976e+000
  9.3569803e+000  3.0004480e+000
  1.8635268e+000  8.2699517e+000
  6.0446196e+000  2.7369273e+000
  8.8353534e+000  6.1875575e+000
  1.1549942e+000  5.8456856e+000
  7.4002617e+000  7.2993132e+000
  9.2698542e+000  8.9218567e+000
  9.0937763e+000  9.2332030e+000
  8.0468244e+000  4.0932084e+000
  1.9462239e+000  5.3435537e+000
  5.9450687e+000  4.9078928e+000
  2.6764793e+000  2.6656860e+000
  3.9375467e+000  5.9354718e+000
  7.9105879e+000  8.1064140e+000
  1.5524338e+000  1.7164977e+000
  3.0142405e+000  1.8673591e+000
  7.4196023e+000  5.4058594e+000
  1.5183097e+000  5.7797769e+000
  3.4842265e+000  8.1592053e+000
  2.6142382e+000  2.7547553e+000
  9.4027591e+000  2.3356115e+000
  3.5140815e+000  2.1949202e+000
  1.8695958e+000  7.5159748e+000
  4.7453587e+000  3.5137313e+000
  9.6866123e+000  2.0083407e+000
  7.6854264e+000  3.6328676e+000
  3.3569772e+000  3.9532908e+000
  5.8652018e+000  7.3883114e+000
  2.0656238e+000  3.1947274e+000
  2.4425500e+000  1.6626542e+000
  2.2769466e+000  7.4785166e+000
  1.9906050e+000  9.2612787e+000
  8.8819739e-001  8.1617363e+000
  5.2320151e+000  6.1096715e+000
  1.7465727e+000  8.0611862e+000
  8.0569152e+000  1.9797521e+000
  3.3296193e+000  6.9489106e+000
  3.0921183e+000 -1.1591764e-002
  1.7745843e+000  1.5398213e+000
  5.3831180e+000  3.7265100e+000
  9.7764782e+000  2.7358873e+000
  8.2168368e+000  8.3410579e+000
  3.7443349e+000  1.2085462e+000
  4.6404154e+000  2.3397885e+000
  5.5468768e+000  7.1613860e+000
  7.8125441e+000  5.0152873e+000
  7.5258563e+000  9.9808703e+000
  8.6431457e+000  5.3686182e+000
  2.8652101e+000  2.3599893e+000
  6.3562068e+000  8.3582853e+000
  9.7411927e+000  8.6181310e+000
  1.9867033e+000  6.1633963e+000
  5.2206286e+000  3.0152697e+000
  8.4855406e+000  6.1696011e-001
  8.9181065e+000  6.5504479e+000
  8.0019620e+000  6.6125981e+000
  7.3202907e+000  1.3588324e+000
  4.9898578e+000  9.3328575e+000
  8.6544808e+000  8.3730855e+000
  6.3297874e+000  8.4212104e+000
  2.7808838e+000  2.1657181e+000
  5.6521616e+000  5.1554384e+000
  8.0786405e+000  3.6078967e-001
  9.8029908e+000  2.8995778e+000
  6.0807655e+000  6.4054305e+000
  9.2899768e+000  4.0646921e+000
  6.0489307e+000  7.2183135e+000
  8.8758031e+000  2.4652891e+000
  8.4055964e-001  9.0026045e+000
  4.9711116e+000  2.1865017e+000
  5.1924840e+000  1.0263758e+000
  2.2175337e+000  6.8522226e+000
  7.9838809e+000  2.2581119e+000
  6.4317477e+000  9.9334886e+000
  5.6625970e+000  1.4360080e-001
  5.1391382e+000  4.0260594e+000
  9.1729481e+000  2.4691467e+000
  9.7981981e+000  2.2064712e+000
  1.4632495e+000  7.3893267e+000
  2.4001383e+000  6.1580824e+000
  6.5353920e+000  7.1710302e+000
  3.9907409e+000  6.1103858e+000
  3.8105205e+000  1.5563378e+000
  4.0608817e+000  2.0083509e+000
  8.5536879e+000  5.4528366e-001
  1.3814240e+000  8.6929363e+000
  2.4339500e+000  2.6057126e+000
  4.0858990e+000  4.9652327e+000
  7.1210398e+000  6.8861807e+000
  4.6454262e+000  9.6429678e+000
  8.8638857e+000  3.8327241e+000
  5.6368975e+000  9.0334419e+000
  4.8505098e+000  2.7926872e+000
  1.2811311e+000  1.0125656e+000
  3.6247085e+000  5.4103706e+000
  2.0090116e+000  2.5527138e+000
  8.9566945e+000  8.3256936e+000
  5.5127156e+000  3.9179772e+000
  2.9504037e+000  4.7473971e+000
  9.4693889e+000  6.8943679e+000
  6.8514705e-001  2.9772154e+000
  4.7975720e+000  3.8246294e+000
  5.7178142e+000  9.4154486e+000
  9.1434253e+000  1.9977246e+000
  9.5460816e+000  5.2318866e+000
  4.9698417e+000  9.1875465e+000
  1.9839563e+000  5.7592765e+000
  5.2127460e+000  3.2803644e+000
  9.3864603e+000  4.1024328e+000
  4.7068230e+000  2.7686805e+000
  7.1465773e+000  6.0998609e+000
  3.3209967e+000  3.6365383e+000
  7.9961822e+000  7.4354788e+000
  3.7067048e-001  2.0519810e+000
  8.3907477e+000  3.9603229e+000
  7.5458694e+000  5.5469338e+000
  1.9870106e+000  8.0695967e+000
  1.5920308e+000  6.9127168e+000
  2.3447563e+000  8.9394370e+000
  1.7864752e-001  8.4060950e+000
  4.0365729e+000  8.9115018e+000
  7.4467314e+000  2.0022042e+000
  6.1068045e+000  7.2011406e+000
  5.1192712e+000  7.0414021e+000
  5.6295309e+000  7.8890235e+000
  7.5978653e+000  1.5254880e+000
  8.2524279e+000  1.3712117e+000
  7.4406909e+000  5.1146873e+000
  1.5645597e+000  3.5004460e+000
  5.1082432e+000  5.0010988e+000
  9.6890873e+000  6.0047884e+000
  2.5535074e+000  6.1480535e-002
  4.9787330e+000  3.1019085e+000
  2.7085486e+000  8.7084306e+000
  2.4011590e-001  5.0302960e+000
  5.0147557e+000  8.5513282e+000
  7.2435544e-002  6.7010008e+000
  3.2296878e+000  5.2358543e+000
  8.4929032e+000  5.2727310e+000
  4.0599891e+000  3.4432229e+000
  8.5837111e+000  7.1717250e+000
  1.1421815e+000  3.7320895e+000
  9.8626480e+000  7.5253767e+000
  6.6963840e+000  1.2796954e+000
  8.7436881e+000  3.9644955e+000
  9.2321783e+000  1.5352179e+000
  4.4736125e+000  2.9806674e+000
  4.8134445e+000  9.4133571e+000
  2.8770665e+000  5.2276067e+000
  9.5979906e+000  4.5691912e+000
  8.8678848e+000  5.1553639e+000
  7.2224225e+000  8.2349205e+000
  5.1582852e+000  7.1319543e+000
  3.3244755e+000  4.1658633e+000
  8.7005203e+000  9.5841653e-001
  5.8268770e+000  1.6667174e+000
  1.6307365e+000  1.2725379e+000
  5.4582355e+000  9.8023070e+000
  5.0820126e+000  3.7964016e+000
  4.0557732e+000  6.2915335e+000
  5.2607673e+000  6.3597889e+000
  9.8490487e+000  7.5943854e+000
  8.0050758e+000  2.5430285e+000
  9.4191475e+000  2.4345712e+000
  3.4475058e-001  1.7673028e+000
  8.8936568e+000  7.6664246e+000
  8.7715381e-001  1.7926219e+000
  4.0051232e+000  2.5917387e+000
  8.2909535e-001  9.9730094e-001
  5.9374727e-001  7.1084380e+000
  9.9171848e+000  2.9278460e+000
  1.5645617e+000  4.4697923e+000
  6.2939205e+000  4.9074481e+000
  8.4596421e+000  9.1641971e-001
  6.6043227e+000  3.0870810e+000
  5.8379154e+000  4.3788073e+000
  1.2148128e+000  2.1728092e-001
  2.1284339e+000  2.6399227e+000
  6.4450863e+000  1.7203261e+000
  4.6751174e+000  3.6304505e+000
  6.0138451e-001  1.8381617e+000
  8.3329775e+000  9.4646929e+000
  3.7356837e+000  9.7952253e+000
  6.4834512e+000  7.7579954e+000
  8.8134379e+000  8.7286204e+000
  8.4278760e+000  2.4760837e+000
  9.3612795e+000  1.8005875e+000
  8.4047165e+000  9.7189490e-001
  8.5090982e+000  7.4464053e+000
  4.6685596e+000  2.1943193e+000
  9.4000736e+000  2.4718953e+000
  8.7384121e+000  4.7647490e+000
  7.9871543e+000  6.2007976e+000
  1.1723047e+000  8.5379938e+000
  8.7283388e+000  2.1782942e+000
  3.7341081e+000  9.4682898e+000
  1.1700015e+000  5.6062987e+000
  7.8465344e+000  5.9418399e+000
  2.6364898e-001  6.8210612e+000
  5.1076338e+000  3.3374061e+000
  3.8170064e+000  1.4456669e-001
  9.3337645e+000  5.9690041e+000
  3.9648497e+000  9.1020627e+000
  7.4615130e+000  5.7483115e+000
  5.3491227e+000  8.5247397e-001
  7.2306661e+000  3.6505721e+000
  3.8154581e+000  6.9915694e+000
  9.1887593e-001  4.6211339e+000
  1.4630182e+000  1.0908451e+000
  2.3488455e+000  8.2164451e+000
  9.6358602e+000  1.8863708e+000
  2.6241982e+000  4.8713105e+000
  8.4690066e+000  7.8901310e-001
  9.2183640e+000  6.3523665e+000
  2.7032791e-001  6.0961365e+000
  5.6441230e+000  7.2322263e+000
  7.2906958e-001  7.0266792e+000
  6.1923902e-001  4.1722626e+000
  9.0529570e+000  6.9381958e+000
  7.9791970e+000  2.5389665e-001
  3.2594855e-001  2.5752826e+000
  3.0600628e+000  7.4609963e+000
  7.2419259e+000  6.4895861e+000
  3.9450693e+000  1.9205342e+000
  5.7209891e+000  8.6427670e-001
  6.6614948e+000  4.2689720e+000
  1.9915425e+000  6.2949451e+000
  9.0674191e+000  5.6869656e+000
  7.6786954e+000  2.5176958e+000
  2.8704131e+000  8.3623347e+000
  9.7370117e+000  3.4929691e+000
  5.9314975e+000  9.7174167e+000
  3.1607341e+000  1.8861669e+000
  9.5764162e+000  6.4236523e+000
  4.8690858e+000  8.2904636e+000
  9.4328272e+000  2.2833968e+000
  8.4386027e+000  3.4085574e-002
  8.9956871e+000  7.9032760e+000
  3.9378078e+000  2.0619684e+000
  4.2711914e+000  4.6604626e+000
  2.0927198e-001  9.9895924e+000
  6.1114502e+000  3.4588271e+000
  7.7950428e+000  3.0493192e+000
  2.7154261e+000  1.2871423e+000
  9.9024487e-001  2.4270062e-002
  9.3807930e+000  9.0679315e+000
  1.4220242e-001  3.9051914e+000
  2.2800898e+000  3.7377399e+000
  8.0627975e+000  5.9125270e+000
  9.8150695e+000  5.8976101e+000
  9.1789097e+000  4.6286729e+000
  4.4305634e+000  2.9447275e+000
  1.2442466e+000  9.3626593e+000
  1.3062144e+000  2.9460212e+000
  1.2990549e+000  2.2723012e+000
  4.0299346e-001  7.6455151e+000
  7.2540877e+000  5.8574769e+000
  3.5827108e-001  3.4109726e+000
  4.8439640e+000  9.0714812e+000
  5.8529286e+000  2.7577335e+000
  1.9059966e+000  1.9099134e+000
  1.7414011e-001  2.4485391e+000
  5.1933697e+000  4.8052604e+000
  5.3316785e+000  5.4307246e+000
  8.2497745e+000  8.4824171e+000
  4.8060618e+000  8.5357467e+000
  5.8637337e+000  5.1591852e+000
  5.4125652e+000  9.6297422e+000
  2.0926987e+000  8.2273333e+000
  4.3712844e+000  9.9257157e-001
  3.5083915e-001  8.9559229e+000
  3.9315800e+000  9.2460410e+000
  3.9390417e+000  1.5587878e+000
  9.7444181e+000  2.2053386e-001
  1.6814225e+000  9.3360766e+000
  5.1756840e+000  3.5449830e+000
  8.4536012e+000  2.4152747e+000
  1.5664501e+000  3.2462424e+000
  2.5858596e+000  5.1645714e+000
  3.3950816e+000  5.2618035e+000
  6.5883242e+000  8.4120295e+000
  3.1418401e+000  1.4550809e+000
  3.7706558e+000  5.5737120e+000
  6.1174977e+000  3.8103318e+000
  7.2046453e+000  3.5618701e+000
  9.9199188e+000  2.9386869e+000
  1.4214292e+000  8.5768976e-001
  8.9894790e+000  4.1455134e+000
  4.4868652e-001  7.4946201e+000
  7.4670108e+000  2.6640910e+000
  3.6947484e+000  9.9531054e+000
  9.8686143e+000  8.4121292e+000
  9.8155964e+000  7.9079387e+000
  8.8868122e+000  6.8770807e+000
  6.8890782e+000  5.2540521e+000
  5.5879330e+000  5.8729390e+000
  8.8348217e+000  4.9535785e+000
  3.3408740e+000  2.5982310e+000
  7.2006070e+000  8.6294444e+000
  5.4793143e+000  7.5559813e+000
  3.3552748e+000  2.3916179e+000
  4.5089436e+000  4.2408296e+000
  9.4151891e-001  9.7022717e+000
  3.7557935e+000  2.4924165e+000
  3.3792184e+000  8.1459139e+000
  1.8287309e+000  6.2132376e+000
  4.9246359e+000  5.0392900e-001
  6.5673506e-002  6.7082204e+000
  5.9840401e+000  6.4853073e+000
  9.8280203e+000  6.6589533e+000
  3.5995519e+000  2.8010836e+000
  8.8910454e+000  7.7882853e+000
  4.1361453e+000  9.3761728e+000
  8.8984955e+000  4.4159698e+000
  9.9005705e+000  2.0498450e+000
  6.2172256e-001  1.8535969e+000
  8.4949474e+000  3.7693005e+000
  2.3705007e+000  9.7126926e-001
  9.9465405e+000  9.9634139e+000
  1.4744993e+000  1.0674055e+000
  3.8755621e+000  1.8080880e-001
  8.1686618e+000  2.8871254e-001
  9.1785184e+000  7.0156342e+000
  6.2828984e-001  2.7425035e+000
  9.3420379e-001  8.0775945e+000
  7.5471423e-001  9.3283070e+000
  2.0317958e+000  8.7619870e+000
  5.7760599e+000  2.9153988e+000
  8.0841976e+000  4.7176983e+000
  1.1185049e+000  5.2540380e+000
  9.8688356e+000  9.2097865e+000
  1.2033553e+000  6.8135436e+000
  8.5229435e-001  8.3770257e-001
  8.9087944e+000  6.6255982e-002
  4.9744763e+000  7.0159739e+000
  4.1011330e+000  5.8940387e+000
  9.9757374e+000  6.5278265e+000
  7.2327347e+000  9.0448506e+000
  4.9672019e+000  2.2134675e+000
  8.4739700e+000  1.0638954e+000
  8.0244611e-001  5.5726603e+000
  9.8806994e+000  6.1901498e+000
  9.7332736e+000  6.7132990e+000
  5.5798961e+000  3.9104644e+000
  7.6555349e+000  1.6873511e+000
  5.3604615e+000  4.0327088e+000
  5.2116959e+000  9.6929458e+000
  4.6276559e+000  8.7426178e+000
  9.0532407e+000  6.7179982e+000
  5.9288170e+000  8.2813570e+000
  4.5766222e+000  9.5569268e+000
  4.4602016e+000  7.8773896e+000
  5.4061559e+000  8.8205208e+000
  6.3212230e+000  7.6307957e+000
  9.9209719e+000  5.9097900e-001
  7.8393871e+000  6.3465612e+000
  3.6670518e+000  3.7611403e-001
  8.9568570e+000  4.7004844e+000
  8.4317450e+000  7.2640513e+000
  8.3062798e+000  8.4435770e+000
  5.6827101e+000  4.4477028e+000
  1.9218180e+000  3.8408838e+000
  3.4260918e-001  5.3311153e+000
  1.1293578e+000  2.6418624e+000
  3.1865588e+000  2.0999486e+000
  9.2180808e-001  7.3726140e+000
  1.3051411e+000  9.5782780e+000
  9.3344498e+000  6.9793205e+000
  1.4150079e+000  5.7271304e+000
  1.8845017e+000  7.4491532e+000
  5.2796105e+000  1.1582784e+000
  2.1894004e+000  8.8019120e+000
  5.6982536e+000  7.4408567e+000
  8.7049427e+000  1.0256111e+000
  8.3641281e+000  1.6557809e+000
  8.9770772e+000  3.2374400e+000
  3.0182369e-001  8.9348511e+000
  7.0564662e+000  1.1290870e+000
  3.8082929e+000  2.9632131e+000
  1.9648287e+000  6.7451615e+000
  8.0297064e+000  1.0017713e+001
  1.3851450e+000  7.3410783e+000
  5.7073800e+000  4.5605539e+000
  2.9559435e+000  1.2062632e+000
  5.7657975e+000  3.2454439e+000
  6.3504448e+000  9.6226235e+000
  2.0637930e+000  6.3716082e+000
  9.0495580e+000  3.0833464e+000
  6.7964368e+000  5.8771577e+000
  6.4280193e+000  7.2479457e+000
  1.5022297e+000  2.8816730e+000
  3.2482203e+000  9.8830880e+000
  2.9552762e+000  1.0487860e+000
  2.2718722e-001  5.8548142e+000
  7.1835398e+000  2.0196196e+000
  8.0686665e+000  5.2908114e+000
  9.3824790e+000  8.9710841e+000
  2.2636378e+000  1.8671275e+000
  5.7161117e+000  5.2676577e+000
  2.7372946e+000  6.0097576e+000
  9.5789855e+000  5.6764028e+000
  4.6496071e+000  2.3081839e+000
  1.0778273e+000  4.7496485e+000
  6.6011411e+000  4.2365111e+000
  7.6278640e-001  5.7914112e+000
  3.0854347e+000  8.7996626e+000
  9.4047529e+000  4.4812544e+000
  1.8040543e+000  3.2996258e+000
  8.7778195e+000  9.4260437e+000
  5.4127290e+000  7.3137581e+000
  4.9330079e+000  5.2140945e+000
  9.9421376e+000  4.8967259e+000
  4.6262378e+000  9.6131188e+000
  2.0333015e+000  3.5708839e+000
  3.4974781e+000  2.5251420e+000
  1.1007148e+000  2.6986837e+000
  1.1873572e+000  5.0914459e+000
  7.2511315e+000  3.3049056e+000
  2.8409368e+000  4.3490530e+000
  5.9399542e+000  9.7530201e+000
  6.0712267e+000  8.3782651e+000
  1.0342206e+000  4.4950786e+000
  5.1726379e+000  9.7192914e+000
  8.9545261e+000  3.2348587e+000
  4.0369006e+000  1.1184716e+000
  1.7801090e+000  8.9023877e+000
  1.8091081e+000  3.3384399e+000
  9.0651423e+000  9.2362697e+000
  3.6935976e+000  9.5358410e-001
  4.8815429e+000  8.0838589e+000
  2.5929550e+000  3.6420608e+000
  4.5924788e+000  1.8639473e+000
  9.0210784e+000  3.4783138e+000
  8.9530434e+000  6.2370233e+000
  2.7776345e+000  7.1760582e+000
  7.0237193e+000  1.2857968e+000
  8.6241539e+000  6.3527793e+000
  3.0232995e+000  7.0685440e+000
  5.8881981e+000  3.7178057e+000
  7.3867060e+000  3.3602895e+000
  5.7307903e+000  7.1362880e+000
  2.0707185e+000  6.7694252e+000
  2.9526372e+000  1.9297140e+000
  2.1017888e+000  4.7830089e+000
  9.0381156e+000  4.3423894e+000
  7.5779615e+000  7.8168638e-001
  6.8974588e-001  4.5139464e+000
  6.0253142e-001  7.3299089e+000
  9.1564926e+000  4.3069213e+000
  5.5292809e-001  7.2388742e+000
  1.4069004e+000  5.9398416e+000
  7.9423056e+000  4.6033526e+000
  3.0525509e+000  1.1998024e+000
  8.3054792e+000  4.2941446e+000
  4.6312493e+000  6.3831305e+000
  8.1543580e+000  7.6276883e+000
  7.0481808e+000  7.5951318e+000
  3.7470916e-001  1.9750196e+000
  1.2932716e+000  6.4534994e+000
  1.0004306e+001  8.0544763e+000
  1.9955654e-001  3.3982178e+000
  5.3103060e+000  4.2068815e+000
  1.0261321e+000  1.4517107e+000
  5.1655737e+000  1.3178806e-001
  1.8107080e+000  1.6125327e+000
  1.8780065e+000  5.8325019e+000
  1.8741376e+000  2.5068779e+000
  8.9293387e+000  2.7618633e-002
  7.7923993e-001  6.4266293e+000
  8.1339566e+000  1.0887893e+000
  7.7332667e+000  9.4997093e-002
  5.3564982e+000  8.2161042e+000
  6.8566547e-001  5.9345843e+000
  2.7303975e+000  8.1562376e+000
  6.6836819e+000  6.0782636e+000
  4.5501604e+000  8.1075863e+000
  8.7661028e+000  1.1983413e-001
  1.2068595e-001  9.3996733e+000
  7.4874041e+000  2.5194984e+000
  5.4955251e+000  6.5521300e+000
  1.1279041e+000  2.4573177e-001
  7.6998112e+000  9.2518974e+000
  6.0433095e+000  2.9905816e+000
  1.5829455e+000  6.8221395e+000
  4.8894196e+000  9.2785946e+000
  4.1230539e+000  4.8673588e+000
  6.5038951e+000  9.4856669e+000
  6.9819422e+000  1.0883561e+000
  6.4196149e+000  7.2347339e-001
  3.8789811e-001  9.3427651e+000
  6.7497805e-002  1.9849098e+000
  9.2970615e+000  3.9309042e+000
  6.5462104e+000  6.5428830e+000
  3.0017167e+000  6.1425325e+000
  4.4391618e+000  4.6799720e+000
  9.2345945e+000  6.2108715e+000
  3.9953743e+000  9.1525790e+000
  3.8749385e-001  4.3774945e+000
  9.5058269e+000  2.2431596e+000
  6.1361589e+000  9.9031328e+000
  7.3026346e+000  6.7731716e+000
  5.6680553e+000  9.8344177e+000
  3.6922767e+000  7.3811404e+000
  7.3778998e+000  5.9553277e+000
  4.2075352e+000  2.7437290e+000
  9.5275017e+000  3.4460753e+000
  7.1518617e+000  3.7306342e+000
  7.5561360e+000  4.9646274e+000
  1.6735748e+000  6.0272716e+000
  7.3401508e+000  9.4186041e+000
  3.5932701e+000  7.8163720e+000
  2.7300103e-001  2.6604360e+000
  4.1257966e+000  2.4287482e+000
  9.0151620e+000  9.0636193e+000
  8.4116380e+000  5.6579152e+000
  2.2792434e+000  1.8331080e+000
  8.8220360e+000  5.3431568e+000
  9.3250176e+000  1.0572526e+000
  3.9988508e+000  7.3530094e+000
  3.3387954e+000  5.7214752e+000
  4.1835486e-001  6.2450558e+000
  1.7498407e+000  2.2191573e+000
  8.7593905e+000  6.9659811e+000
  2.8156808e+000  1.5660771e+000
  6.9224621e+000  2.8892411e+000
  8.6329998e+000  7.8790171e+000
  2.9007256e+000  5.0518045e+000
  9.4930784e+000  4.5872629e+000
  1.7308228e+000  4.2428559e-002
  9.9561586e+000  8.2031684e+000
  5.1647156e-001  5.6546126e+000
  6.3392074e-001  6.1942482e+000
  6.7764177e+000  3.0128679e+000
  5.1277914e-001  1.8590684e+000
  7.3780817e+000  9.0558904e+000
  5.3238086e+000  8.9999615e+000
  4.5597254e+000  5.0829160e+000
  8.5417770e-001  6.8535516e+000
  9.2675427e+000  8.7453206e+000
  4.1758395e-001  3.5563279e+000
  5.5872410e+000  1.7389726e+000
  4.5266199e+000  8.3805732e+000
  8.5919298e+000  2.3847086e+000
  7.4087045e+000  6.7262567e-001
  8.1843901e-001  7.3078343e+000
  5.3057528e+000  4.8006216e+000
  9.9350681e+000  4.6609870e+000
  2.9402031e+000  7.5420045e+000
  9.0976931e+000  1.9387739e+000
  6.9241815e+000  1.5897006e+000
  2.2884560e+000  1.6160358e+000
  7.7983980e+000  6.2938025e+000
  7.5827166e+000  7.5202842e+000
  8.4086215e+000  4.1154615e-001
  3.2408636e-001  8.7109666e+000
  9.0209855e+000  6.4083329e+000
  6.6785614e+000  3.9476924e+000
  1.6655817e+000  2.6741764e+000
  1.5514054e+000  3.2746851e+000
  4.3481440e+000  2.0479919e+000
  4.9846963e+000  4.5237407e+000
  5.0729756e+000  7.5838027e-001
  9.0467144e+000  7.6182123e+000
  8.9820668e+000  6.9247772e+000
  9.4073508e+000  9.1384848e+000
  6.9234829e+000  7.5154789e+000
  5.2689244e+000  6.1874033e+000
  8.7006044e+000  6.0996640e+000
  9.7789006e+000  4.9877530e+000
  9.7868728e+000  9.2905106e+000
  7.5827552e+000  8.2200845e+000
  5.0793067e+000  2.6880905e+000
  8.7177252e+000  5.8486968e+000
  8.6713594e-001  9.7577616e+000
  3.8725900e+000  9.6829926e+000
  3.9015518e+000  8.9935287e+000
  2.3519193e+000  2.3656766e+000
  8.7927723e+000  4.8626376e+000
  6.5145878e+000  4.4499014e+000
  1.5046692e+000  2.1455705e+000
  9.4723386e+000  7.6917428e+000
  1.9543432e+000  3.9672513e+000
  4.6195390e+000  7.5821547e+000
  4.6865317e+000  9.4833676e-001
  5.0092231e-001  9.0661412e+000
  6.9607417e+000  7.5763696e-001
  1.6941120e+000  3.5396010e+000
  2.8673828e+000  2.3573635e+000
  9.3996660e+000  6.0566155e+000
  2.2161233e+000  6.9803174e+000
  6.8912816e+000  8.0186255e+000
  6.9139055e+000  4.8694838e-001
  9.3989651e+000  4.1879221e+000
  8.5999855e+000  2.4801299e+000
  3.0104288e+000  1.4135958e+000
  7.8687179e+000  9.3672388e+000
  1.0707886e+000  8.0615826e+000
  7.0420495e+000  1.4557455e+000
  5.2529965e+000  4.6490552e+000
  9.5425655e+000  5.3978310e+000
  1.0475330e-001  8.8004876e+000
  7.0571006e+000  4.3354754e+000
  3.4347814e+000  8.8168452e+000
  8.4331622e-001  9.8797409e-002
  3.5012140e+000  7.7669590e-001
  2.2573313e+000  4.5802962e+000
  7.0680228e+000  4.7454801e+000
  3.0741427e-002  2.2811768e+000
  7.9677426e+000  7.8712414e+000
  1.3170869e+000  8.5342086e+000
  9.6928749e+000  7.0423860e+000
  6.9812501e+000  9.8082455e+000
  3.8172789e+000  9.6229181e+000
  9.6839652e+000  8.7376806e+000
  7.1329995e+000  1.7098355e+000
  7.0797287e+000  8.5559668e+000
  8.8385131e+000  2.7973150e+000
  1.6938762e+000  4.2357478e+000
  2.1255223e+000  9.5517030e+000
  9.9340581e+000  2.9152073e+000
  9.0923988e+000  3.7473658e+000
  3.0339605e+000  2.0767937e+000
  5.0232049e+000  4.4772996e+000
  7.9982818e+000  4.5731451e+000
  2.9717400e+000  9.3139493e+000
  9.4729855e+000  7.4163900e+000
  3.7186245e+000  9.4631156e-001
  4.0620302e+000  2.4093401e+000
  5.9136694e+000  6.3623846e+000
  4.1674457e+000  8.5598129e+000
  8.6839105e+000  3.8103236e+000
  3.4332610e+000  9.2420735e+000
  6.1129290e+000  1.8526061e+000
  3.2466550e+000  9.6091936e+000
  4.6838494e-001  2.2061806e+000
  2.0646939e+000  4.9136516e+000
  4.5576769e+000  8.1023552e+000
  5.9815631e+000  5.7843302e+000
  4.6338199e+000  4.8113460e+000
  5.7129267e-001  3.2362263e+000
  6.9102987e+000  9.0023097e+000
  4.1473649e+000  8.3730841e+000
  8.5360990e+000  1.0688060e+000
  4.4262224e+000  3.4753001e+000
  8.2788236e+000  5.9712429e+000
  3.8911760e-001  6.6014391e+000
  2.5864992e-001  1.1074859e+000
  6.2585062e+000  3.0804529e+000
  7.5036292e+000  2.3463518e+000
  4.5133172e+000  2.6059187e+000
  4.9868621e-001  1.1434341e+000
  3.9738629e-001  8.8401276e+000
  1.6562100e+000  4.4176596e+000
  9.6613866e+000  1.0537063e+000
  4.7076805e+000  9.2752073e+000
  9.1050313e+000  5.9498893e-001
  6.2135116e+000  3.7143118e-001
  2.2882933e+000  3.9954996e+000
  1.7546675e+000  4.1496628e+000
  5.4405585e+000  1.8481935e-001
  3.4262358e+000  9.9720364e-001
  8.6531016e+000  5.3082277e+000
  3.3165964e+000  2.7622301e+000
  6.2287014e+000  4.4466286e+000
  9.3955429e+000  4.6442081e+000
  2.7830055e+000  9.3468082e+000
  6.4506310e+000  7.9456089e+000
  5.8770558e+000  7.3282966e-001
  5.4827603e+000  5.7002968e+000
  3.1741166e+000  1.2277165e+000
  8.1423919e+000  8.8089741e+000
  9.7621969e+000  6.8685707e+000
  7.9343252e+000  4.5402516e+000
  1.9829033e+000  7.7291781e+000
  5.8455787e+000  4.3455405e-001
  1.5364897e+000  9.9058281e+000
  2.0363170e+000  6.8981492e+000
  7.4604212e+000  7.0369409e+000
  1.3504523e+000  7.8735821e+000
  2.4831720e+000  6.0852251e-001
  6.1489432e+000  8.1642465e+000
  4.7670554e+000  2.7251501e+000
  2.9623380e+000  3.8192548e+000
  2.8399446e+000  3.9188513e+000
  4.8450470e+000  2.0559330e+000
  9.1650784e+000  8.8967148e-001
  9.7706106e+000  5.8604310e-001
  9.2212139e+000  5.2083447e+000
  5.6703736e+000  7.7581902e+000
  6.8968606e+000  5.4768298e-001
  7.3688472e+000  6.8163424e+000
  5.7962477e+000  2.5714445e+000
  8.4216552e+000  6.9624269e+000
  2.9551614e+000  8.8735773e-001
  3.7210782e+000  6.6062945e+000
  1.5330232e+000  2.8198060e+000
  1.4288965e+000  4.0050830e+000
  5.1420046e+000  2.8665031e+000
  7.1189071e+000  2.6548942e+000
  1.6780739e+000  2.4731790e+000
  7.3912434e+000  7.9941766e+000
  9.6062167e+000  7.1749108e-001
  4.7040556e+000  4.1724808e+000
  9.2749096e+000  4.6399695e-001
  1.7009920e+000  1.1294097e+000
  4.9711837e+000  7.8723298e+000
  4.7802376e+000  5.7683643e+000
  9.5628910e+000  9.1090690e+000
  7.2634823e+000  6.6773792e+000
  1.6732828e+000  3.7474433e+000
  5.3484974e+000  3.0512515e+000
  5.1007409e+000  1.8370956e+000
  7.4170499e+000  9.6016858e+000
  7.4297326e+000  2.9616746e-001
  3.3410037e+000  4.2861395e+000
  4.4065032e+000  4.1360302e+000
  8.5536332e+000  4.5082978e+000
  6.7977036e+000  3.8464564e+000
  9.1904463e+000  3.8559311e+000
  3.4418474e+000  4.0782343e+000
  3.0651719e+000  3.2332229e+000
  2.9184248e+000  3.3222860e+000
  7.8993438e+000  5.5642273e+000
  2.2811805e+000  6.6189433e+000
  9.0416737e+000  2.0741639e+000
  6.3005032e+000  8.9369041e+000
  9.2496324e+000  5.0929060e+000
  5.1582343e+000  4.2511514e+000
  6.9156812e+000  5.4576299e+000
  1.4872973e+000  4.1860986e+000
  3.1846272e+000  8.0179402e+000
  8.3889497e+000  1.0754014e+000
  7.9989457e+000  7.6249169e+000
  8.5509352e+000  5.2591084e+000
  1.6172938e+000  1.9669266e+000
  2.9873732e+000  4.1681344e+000
  4.1932231e+000  4.0881387e+000
  4.9399250e+000  7.1692968e+000
  7.9266749e+000  6.9619789e+000
  4.8561507e+000  6.8692163e+000
  1.0306891e+000  8.2094967e-001
  7.8166097e-001  7.0525801e+000
  2.8116368e+000  9.4981070e+000
  1.8776273e+000  4.9342231e+000
  4.7393924e+000  1.9009422e+000
  8.7481497e-001  9.7031403e+000
  2.3550150e+000  8.9216944e+000
  3.5476941e-002  9.0198928e+000
  6.4573528e+000  1.3218556e+000
  8.3010999e+000  6.2813173e+000
  1.3529905e+000  7.3648189e+000
  8.8911715e+000  9.9615091e+000
  6.1619199e+000  1.8708172e+000
  2.1967507e+000  7.2859469e+000
  1.3057104e-001  9.4964225e+000
  6.2266670e+000  5.4529261e+000
  3.2359183e+000  7.7001383e+000
  1.0392375e+000  2.2286387e+000
  6.7548000e+000  3.9116628e+000
  6.8463612e+000  5.1827360e+000
  8.2910302e+000  8.5735643e+000
  3.0364272e+000  8.2272243e+000
  2.1058764e+000  6.6724925e-001
  7.3780257e-001  7.0063392e+000
  2.7951540e+000  7.0396519e+000
  2.6897946e+000  4.7608754e-001
  6.4205517e+000  4.0432309e+000
  5.3980131e-002  4.2100229e+000
  4.9878118e+000  2.4538234e+000
  7.5102876e+000  4.1756011e+000
  5.7790148e+000  6.4500614e+000
  4.5700066e+000  4.7005734e+000
  7.1293245e-001  2.2285029e+000
  6.4188124e+000  3.2508803e+000
  1.1457917e+000  6.8818582e+000
  7.3369528e+000  6.6213422e-001
  1.7083383e+000  7.4906947e+000
  2.8929270e-001  8.2763986e+000
  9.9210963e+000  9.8345038e+000
  2.6557535e+000  3.7889291e+000
  3.2370384e+000  9.5019093e+000
  5.1778414e+000  5.0143783e+000
  1.2132348e+000  7.9614501e+000
  2.1273051e+000  6.5104530e+000
  5.5138024e-001  8.7280966e+000
  6.1810475e+000  3.5138954e-001
  3.5298236e+000  9.5849627e-001
  5.2000288e+000  3.6414128e+000
  4.3926405e+000  4.7092862e+000
  4.6320637e-001  1.0900669e+000
  1.9749788e-002  8.9216046e+000
  1.3067625e+000  3.8411437e+000
  6.5353570e-001  3.3154165e+000
  4.6093020e+000  2.4596667e+000
  9.5457093e-001  1.8025242e-001
  1.2715861e+000  8.7950464e+000
  4.0514674e+000  6.6581036e+000
  4.6371492e+000  6.5346177e+000
  6.7742997e+000  4.2798280e+000
  4.9267831e+000  5.5898856e+000
  8.1981709e+000  5.7783468e+000
  8.5708443e+000  2.0939858e+000
  1.8533212e+000  5.1569041e+000
  6.9994986e+000  8.2525241e+000
  6.3931677e+000  2.0012468e+000
  4.6646833e+000  4.2756067e+000
  1.0372549e+000  7.1276282e+000
  3.9295800e+000  9.1015404e+000
  5.0726667e+000  8.7973288e+000
  6.8512798e+000  5.8465805e+000
  8.1624408e+000  2.7915354e-001
  1.1972036e+000  1.2738773e+000
  4.3006679e+000  5.6504044e+000
  5.7123242e+000  1.8905755e+000
  5.1435598e+000  7.8218376e-001
  6.3071456e+000  6.6860281e+000
  6.1902796e+000  9.1183739e+000
  1.1222465e+000  5.6478009e-001
  5.9955647e+000  7.4818059e+000
  4.9864856e+000  9.2008155e+000
  1.0966567e-001  8.5608133e+000
  7.3893826e+000  7.2097150e+000
  6.8533038e+000  7.4681792e+000
  4.1582683e+000  5.5131088e+000
  1.6663392e+000  6.0531516e+000
  9.9662560e+000  2.9994264e+000
  9.6667139e+000  4.3228205e+000
  4.8128070e+000  7.7886449e+000
  1.4105145e+000  4.2330161e+000
  4.1644398e+000  1.5496250e-001
  3.3134196e+000  8.1788245e+000
  6.0090607e+000  3.4259535e+000
  3.2290076e-001  9.9487359e+000
  5.6058487e+000  2.8494778e+000
  2.5518557e+000  9.5277077e+000
  9.2016188e+000  8.1686066e+000
  8.2580217e+000  1.0768151e+000
  7.1467132e+000  2.5347931e+000
  9.9880074e+000  3.0715446e+000
  9.4361710e+000  9.8341781e+000
  3.1947483e+000  5.3368726e+000
  5.7750611e+000  2.1315196e+000
  6.9381649e+000  7.4988053e+000
  7.4549874e+000  8.0537374e+000
  4.8531413e+000  3.7632848e+000
  9.9043758e+000  9.6607718e+000
  6.9150867e+000  2.1972279e+000
  8.2033367e+000  7.0397394e+000
  6.9326853e+000  1.8409141e+000
  7.7904922e+000  4.2922310e+000
  6.6400881e+000  9.1407226e+000
  5.2863653e+000  5.4379184e+000
  1.9892408e+000  8.2003589e-001
  3.9025831e+000  3.2000952e+000
  8.6955550e+000  2.9669816e-001
  7.9143594e-001  8.9530176e+000
  5.5999765e+000  2.5302804e-002
  8.8899542e+000  5.9815163e+000
  3.8400272e+000  8.7885011e+000
  3.5463991e+000  6.8429933e+000
  1.4152288e+000  8.9381458e+000
  6.6535681e+000  3.9965273e+000
  1.2722675e-001  1.5221563e+000
  9.4742446e+000  7.7502823e-001
  2.2397150e+000  5.8379107e+000
  4.3797102e+000  8.9738542e+000
  6.6147724e+000  4.0545697e+000
  4.8447359e+000  8.9601465e+000
  7.0007608e+000  8.9137257e+000
  3.4110187e+000  3.7438444e+000
  1.9311846e+000  9.7528099e+000
  3.6216651e+000  6.2860094e+000
  4.3955748e+000  1.9564303e+000
  8.9426711e+000  5.9276294e+000
  5.2427911e+000  9.2792846e+000
  5.0620901e+000  3.5801675e+000
  2.7806864e+000  5.3508596e+000
  4.6727566e+000  7.8614846e+000
  5.6076787e+000  3.4261326e+000
  4.2634777e+000  5.5066404e+000
  1.0626504e+000  5.0457028e+000
  1.9188117e+000  3.2644444e+000
  4.6034956e+000  8.6586825e+000
  2.9687448e+000  8.7371538e+000
  7.8553056e+000  1.7564837e+000
  5.2987375e+000  2.2056119e+000
  4.4121097e+000  7.4097156e+000
  7.9939146e+000  7.7719179e+000
  7.4309999e+000  9.2262137e+000
  7.1770625e+000  7.8853457e-001
  9.5336895e+000  6.9282944e+000
  9.8900230e-001  4.5023610e+000
  9.8393511e+000  3.5231953e+000
  3.1392986e+000  7.5402017e+000
  4.6515792e+000  6.5566562e+000
  6.7870430e+000  7.6387560e+000
  5.7653909e+000  5.6259841e+000
  6.2790246e-001  8.9591061e+000
  4.9797373e-001  2.4121916e+000
  3.9997014e+000  1.8701251e-001
  7.1424595e+000  3.7192740e+000
  8.8632423e+000  2.7554738e+000
  7.4062338e-001  1.2449926e+000
  2.9367347e+000  2.3619736e+000
  6.6024512e+000  4.8186058e+000
  4.5628500e+000  3.6106412e+000
  6.1394464e+000  6.1343197e+000
  2.6822833e+000  6.7805680e+000
  6.4592466e+000  6.9552835e+000
  3.5919260e+000  2.9153042e-001
  4.2282581e+000  9.9135846e+000
  7.3098500e+000  5.5142952e+000
  2.5671040e+000  9.3631071e+000
  7.7596371e+000  9.1855997e+000
  1.1820691e-001  4.2352895e+000
  8.3449967e+000  8.8028084e+000
  4.8997457e+000  4.3311375e+000
  9.2146437e-001  5.6174953e+000
  2.0123499e+000  5.7478516e+000
  1.2483147e+000  1.5197359e+000
  4.7840580e+000  5.3751984e+000
  9.1476838e+000  3.1194757e+000
  5.2001484e-001  6.4035943e+000
  7.4156048e+000  2.4691777e+000
  2.2398188e+000  2.8225219e+000
  8.9200278e+000  2.0790388e+000
  8.0738928e+000  7.2437127e+000
  6.1880073e+000  2.8452562e+000
  4.8271414e+000  6.5677237e+000
  5.9262964e+000  1.7452801e+000
  8.8751979e+000  1.5095117e+000
  5.4320865e+000  8.0500382e+000
  1.9114604e+000  7.0339819e+000
  7.9649961e-001  4.1971524e+000
  3.0775365e+000  2.1766978e+000
  9.3652056e+000  1.7747497e+000
  3.2082267e+000  8.6106169e+000
  2.7648097e+000  7.0243560e-001
  6.4687292e+000  5.3464951e+000
  7.2896536e+000  6.4285138e+000
  5.4003575e+000  2.2252978e+000
  9.1136064e+000  4.5273058e+000
  4.2644607e+000  6.2259286e+000
  2.1831273e+000  4.0310964e+000
  1.0916037e+000  1.2811914e+000
  9.7091009e+000  9.2937891e+000
  7.3931985e+000  5.2892311e-002
  7.4914578e+000  4.8325749e-001
  9.8555968e+000  5.4015961e+000
  9.0089111e+000  6.7729476e+000
  5.2651756e+000  3.8229334e+000
  3.9833591e+000  1.4310475e+000
  9.8675347e+000  8.1336458e+000
  2.4916413e+000  1.1113874e+000
  4.8055399e+000  8.1565593e+000
  2.7338467e+000  4.7239543e+000
  6.1556998e+000  4.1928558e+000
  6.4223610e+000  9.5236255e+000
  8.4816237e+000  5.2316196e+000
  4.9206071e+000  3.9033262e+000
  4.4962925e+000  3.5528859e+000
  2.0093646e+000  2.2409934e+000
  1.9168106e+000  3.8508231e+000
  6.1109992e+000  1.1231686e-001
  1.9892057e+000  4.8593740e+000
  6.9914878e+000  6.4074827e+000
  3.0271196e+000  3.5115456e+000
  2.6247181e+000  5.5680998e-001
  6.0965898e+000  2.1665412e+000
  6.7924115e+000  7.9410366e+000
  2.5639513e+000  6.1461890e-001
  1.0911180e+000  8.5265333e+000
  7.7203403e+000  6.9317437e+000
  3.4301683e+000  7.8571353e+000
  1.3421533e-001  7.2972705e+000
  8.1419379e+000  3.5759494e+000
  1.0896900e+000  8.0061226e+000
  4.9270463e+000  7.4919702e+000
  5.4849981e+000  7.6568535e+000
  1.4019512e+000  4.9924318e+000
  3.8394291e+000  3.6265816e+000
  8.5265480e+000  6.7124189e+000
  1.2041387e+000  7.0450334e+000
  6.3141769e+000  7.2644005e+000
  2.1440239e+000  6.5722154e+000
  1.3660884e+000  6.0101006e+000
  9.5548313e+000  8.1194214e+000
  5.9857672e+000  7.6787225e+000
  8.0237987e+000  1.8427921e+000
  8.3683101e+000  6.3422518e+000
  2.0292704e-001  3.5034968e+000
  6.6014670e+000  5.6963362e+000
  3.4961385e+000  6.2929319e+000
  7.0110436e+000  9.1239681e+000
  3.4566074e+000  4.7607365e+000
  6.5882868e+000  1.1912021e+000
  6.0116400e+000  4.1064535e+000
  3.4848274e+000  4.9036454e+000
  7.8274435e+000  2.1622046e+000
  2.1913646e+000  8.5454230e+000
  1.1600097e+000  7.0838284e+000
  4.2448093e+000  3.4770781e+000
  8.3977551e-002  7.0875024e+000
  2.1148460e+000  6.6627729e+000
  6.2684178e+000  6.7577992e-001
  2.0933197e-001  7.5731552e+000
  9.9899224e+000  6.0975018e-001
  9.2378563e+000  6.0728656e+000
  6.4788298e-001  1.9633652e+000
  4.1332651e+000  9.7015792e+000
  9.8882606e+000  6.5739127e+000
  8.2574245e-001  1.5463652e+000
  4.6635800e+000  6.1720047e+000
  4.1416301e+000  9.6380435e+000
  4.8162170e+000  5.5435498e-001
  9.3748036e+000  6.0586269e+000
  1.5337841e+000  6.6126960e-001
  6.6240504e+000  8.5350659e+000
  7.8700194e+000  2.3085287e+000
  5.3201245e+000  9.3216357e+000
  1.1054985e+000  5.6838205e+000
  6.6587831e+000  6.1739700e+000
  1.7746180e+000  9.0976625e+000
  6.5420242e-001  4.1531887e+000
  5.0374604e+000  7.1914072e-001
  9.8958197e+000  3.6985571e+000
  6.8394738e+000  3.8000665e+000
  9.9276321e+000  6.0948001e+000
  6.1450665e+000  5.1653306e+000
  8.6766660e+000  2.3068408e+000
  8.4501699e+000  9.2187601e+000
  1.3540526e-003  9.4807215e+000
  9.0544016e+000  8.3814538e-001
  1.1635256e+000  4.7747397e+000
  3.8854462e+000  7.8480449e-001
  4.6315860e+000  2.5484024e+000
  9.7936071e+000  8.4930254e+000
  4.0061071e+000  8.6638700e+000
  6.2288529e+000  9.3817062e+000
  4.5737864e+000  4.6011098e+000
  7.5045723e+000  9.5016834e+000
  2.2319392e+000  7.6413761e+000
  9.0750767e+000  1.3843474e+000
  2.6068670e+000  8.6866973e-001
  6.9542129e+000  6.0033368e+000
  9.4359859e-001  6.9172198e+000
  6.9176024e-001  8.7283151e-001
  5.1797488e+000  8.3725685e+000
  8.0393484e+000  2.7727633e+000
  3.0646812e+000  3.9814129e+000
  3.0949672e+000  1.1639407e+000
  8.4360888e+000  8.6475342e+000
  8.0866951e+000  2.6639081e+000
  2.8105262e+000  4.7626853e+000
  1.2336579e-001  5.1731812e+000
  3.1068489e+000  5.0516749e+000
  5.4914614e+000  9.7142044e+000
  3.1850629e+000  4.8264012e+000
  5.2309213e+000  2.6093148e+000
  6.5047383e+000  5.5826045e+000
  5.0317140e+000  7.1648307e+000
  1.3281679e-001  3.9504758e+000
  1.0524425e+000  4.3412707e+000
  5.7607614e+000  6.2447236e+000
  3.4462810e+000  1.3068994e+000
  6.7534002e+000  1.1020491e+000
  7.0240101e+000  5.4101543e-001
  9.0306266e+000  7.7548729e+000
  2.6110331e-001  4.0904970e+000
  1.3324652e+000  4.2034895e+000
  7.2365690e+000  9.5995283e-001
  7.4753118e+000  7.4620390e+000
  2.6686396e+000  9.5876486e+000
  2.9004919e+000  2.2459791e+000
  8.2297283e+000  9.1437699e+000
  7.6234892e+000  7.0335571e+000
  7.7413041e+000  2.3510062e+000
  2.9124429e+000  7.6231265e+000
  3.1843700e+000  8.3675792e-001
  3.2768786e+000  9.8090287e+000
  6.2648305e+000  8.4081903e+000
  5.6467729e+000  3.1984586e+000
  6.7786206e+000  7.8863632e+000
  3.9842508e-001  5.0149812e+000
  9.7586195e+000  7.1739828e+000
  3.5331763e+000  8.5207470e+000
  2.3842433e+000  2.9893330e+000
  5.6688190e+000  5.6655831e+000
  7.8788172e+000  5.2591586e+000
  3.0412695e+000  4.5003095e+000
  9.2203628e+000  9.2954973e+000
  9.6229468e+000  1.8589449e+000
  7.3905648e+000  9.8288806e+000
  4.5523918e+000  9.3005414e-001
  6.0615991e+000  7.7550014e+000
  4.8015026e+000  4.0093269e+000
  7.7069364e+000  3.1500546e+000
  3.7852831e+000  4.5018366e-001
  6.9043949e+000  5.1964979e+000
  6.4198167e+000  7.1693055e+000
  5.4686387e+000  5.6394371e+000
  2.9770085e+000  9.1872145e+000
  3.1935709e+000  9.0702913e+000
  7.0670261e+000  4.2762034e+000
  9.3105051e+000  3.0838067e+000
  3.8460198e+000  8.6038049e+000
  8.2856380e-001  2.2026434e-001
  6.1224417e+000  9.5161227e+000
  4.0576960e+000  5.2971625e+000
  6.5787930e+000  8.7030643e+000
  5.4632399e+000  8.5843020e+000
  1.3436143e+000  5.4042621e+000
  9.9707443e+000  8.8762760e+000
  1.5565759e+000  6.5925884e+000
  4.1875558e+000  4.3828725e+000
  3.1676335e-001  7.6375896e+000
  1.8057946e+000  5.2676457e+000
  6.9623408e+000  3.0794732e+000
  4.0151820e+000  6.4058245e+000
  8.5734021e+000  2.3658765e+000
  2.7577201e+000  6.1006294e-001
  5.7148474e+000  8.0226589e+000
  9.1815996e+000  3.6433275e+000
  5.8326829e+000  6.7127811e+000
  3.0339259e+000  3.6345298e+000
  3.7230679e+000  7.4196843e+000
  6.9775100e+000  2.9823198e+000
  2.1365360e-001  8.3748684e+000
  1.1308243e+000  7.7735784e+000
  3.0960173e+000  1.1087685e+000
  6.2067882e+000  7.6601753e-001
  9.2008916e+000  2.7969625e+000
  4.6718968e+000  8.8853582e+000
  6.6213731e+000  1.9276947e+000
  1.7118490e+000  9.8102654e+000
  4.2031814e+000  8.0354577e+000
  2.5366043e-001  9.9263694e+000
  6.6046875e+000  5.5972650e+000
  9.1514165e+000  7.2633749e+000
  4.7504312e+000  7.0300626e+000
  6.3587487e+000  4.6570225e+000
  9.2807326e+000  4.7744517e+000
  8.6182071e+000  1.5349947e+000
  4.3234747e+000  1.8978524e+000
  9.7205274e+000  8.5591201e+000
  2.3752930e-001  5.3312930e-001
  8.1494607e-001  9.5816128e+000
  1.7986087e+000  3.8858404e+000
  6.4791551e+000  3.8346790e-001
  5.7580797e-001  7.2975716e+000
  6.2248846e+000  5.5739897e+000
 -1.8734727e-002  7.1606328e+000
  8.3480797e-001  4.5263576e-002
  6.7045875e+000  9.4538040e+000
  8.4834537e+000  3.4717023e+000
  5.9295660e+000  6.3981255e-001
  4.1972955e+000  4.5697451e+000
  7.1991944e-002  4.6922361e+000
  7.0200458e+000  6.2002987e+000
  9.2877214e+000  9.1053303e+000
  7.4031746e+000  6.3349220e+000
  7.7710969e+000  8.5310005e+000
  8.4430028e+000  7.2797417e+000
  1.1189959e+000  1.6848160e+000
  7.3681825e+000  5.2900640e+000
  1.4988409e-001  3.5066404e+000
  4.8709717e+000  7.4341165e+000
  2.4784425e-001  4.5088694e+000
  4.9716424e+000  9.4311119e+000
  4.6289579e+000  5.5060315e+000
  4.0017568e+000  6.7139218e-001
  3.1460983e+000  8.8609736e+000
  1.9822560e+000  3.5251455e+000
  3.0610432e+000  9.1291016e+000
  3.8603092e-001  4.5996663e+000
  1.3180869e+000  4.6838786e+000
  9.9271088e+000  2.8213450e+000
  9.2823661e+000  2.5611926e+000
  9.1928499e+000  9.4828126e+000
  8.5578571e+000  5.3589275e+000
  3.0561126e+000  9.1772132e-001
  2.5251909e+000  8.7239451e+000
  8.3705223e+000  3.1246916e+000
  4.5752117e+000  4.4095442e+000
  3.3675776e+000  3.8797590e+000
  8.1375397e+000  1.3964441e+000
  9.0782276e-001  8.1726467e+000
  5.1103216e+000  3.8612041e+000
  9.7996880e+000  2.7844380e+000
  2.9053255e+000  8.2058750e+000
  9.0092894e+000  9.1216904e+000
  9.6971040e+000  5.5031979e+000
  6.8877253e+000  1.5597213e+000
  1.9722448e+000  2.2952584e+000
  4.2202492e+000  4.6523413e+000
  3.0452160e+000  1.9244744e+000
  2.6591868e+000  6.0941068e+000
  1.5563831e-001  6.3886100e+000
  6.4637729e+000  9.0588507e+000
  3.0394479e+000  6.7883684e+000
  7.1274657e+000  2.1764784e+000
  8.8871543e+000  7.6945865e+000
  6.6700402e+000  3.5099645e+000
  8.2064017e+000  5.0201746e+000
  4.1368707e+000  5.5315386e+000
  4.4141564e-001  1.2663402e-001
  5.6258346e-001  3.7127703e+000
  6.3111371e+000  2.8882731e+000
  1.5860614e+000  4.1871868e+000
  5.7817053e+000  3.7115943e+000
  1.8936622e+000  4.2265011e+000
  2.5363248e+000  9.8558143e+000
  7.6109574e+000  7.8652127e+000
  3.3541501e+000  5.1413508e+000
  3.6279719e+000  1.3214724e+000
  1.3434206e+000  2.7024308e-001
  7.0275102e+000  2.4009699e-001
  6.8211027e-001  6.2588758e+000
  7.3513717e+000  1.7744040e+000
  6.5961345e-001  3.9396709e+000
  4.1230413e+000  4.0439273e+000
  9.3767308e+000  9.7719673e+000
  7.8377615e+000 -1.7320367e-002
  8.2541468e+000  7.1252244e-001
  6.0602590e+000  1.4224037e+000
  2.7443477e+000  8.1339169e+000
  8.3805953e+000  3.0949775e+000
  5.6706413e+000  5.5192316e+000
  3.5325344e-002  1.8597518e+000
  2.8727367e+000  9.4913957e+000
  5.0577357e+000  3.5198087e-001
  4.6605183e+000  7.2753734e+000
  1.0730081e+000  6.4410934e-001
  7.2649898e+000  8.9552575e+000
  2.5078553e+000  4.9508543e+000
  3.0398704e-001  4.5062233e+000
  8.4066742e+000  8.2368095e+000
  5.7544664e+000  1.2023660e+000
  3.4073730e+000  2.5585985e+000
  1.8723732e+000  8.4139639e+000
  2.3912589e+000  6.6013147e+000
  7.5379770e+000  2.5752541e+000
  5.5298096e+000  2.9236502e+000
  7.9858510e+000  3.6228454e+000
  6.3549433e+000  8.3286228e+000
  2.0804458e+000  3.0879062e-001
  9.2042929e+000  5.5539126e+000
  8.0140076e+000  9.8816517e+000
  5.6505618e+000  2.1467745e+000
  9.5784499e+000  6.4094232e+000
  6.3364977e+000  6.1771880e+000
  2.3556317e+000  7.9204608e+000
  9.4384613e+000  9.6774436e+000
  9.9266703e+000  8.7887544e+000
  2.8067169e+000  9.1041122e+000
  5.2971356e+000  1.5276976e+000
  5.7195100e-001  4.5541541e+000
  1.3425486e-001  4.7759498e+000
  7.3334992e+000  8.8495372e+000
  4.6608584e+000  5.8980929e+000
  6.2801078e+000  1.8364320e+000
  1.9918299e-001  5.8182565e+000
  7.1658078e+000  7.9420106e+000
  4.6316957e+000  2.4603987e-001
  5.0905201e+000  3.6639329e-001
  9.3234029e+000  2.8866005e+000
  5.9807198e+000  3.2606278e+000
  8.2957120e+000  1.0642835e+000
  7.6009707e+000  5.1288746e+000
  8.2263142e+000  5.0303446e+000
  6.5837871e+000  5.8957860e+000
  3.1290783e+000  3.2234914e+000
  2.7506715e+000  3.9270090e+000
  2.1362799e+000  2.4187695e+000
  1.7401482e+000  7.3369972e+000
  6.6652544e+000  4.4921653e+000
  2.3000472e+000  8.8146695e+000
  4.9431221e+000  2.3294309e+000
  7.7552033e-001  6.1320029e+000
  9.2098325e+000  2.3880912e+000
  7.2358240e+000  2.1638068e+000
  3.2520594e+000  7.8856184e+000
  1.2994873e+000  1.8250150e+000
  9.1541932e+000  8.0465112e+000
  3.8970954e+000  1.8862362e+000
  3.5511121e+000  3.3142384e+000
  9.7975284e+000  3.0937782e+000
  1.3144727e+000  3.9537891e+000
  9.9013966e+000  8.2634994e+000
  7.9598902e+000  1.9768096e+000
  3.2988159e+000  2.4572357e+000
  4.3191948e+000  2.1564987e+000
  6.7082830e+000  2.5608435e+000
  4.2128552e+000  9.1926124e+000
  9.2583713e+000  6.6686809e+000
  4.0509094e+000  4.7911096e+000
  2.0375709e+000  7.9653583e+000
  3.9109029e+000  9.9415612e+000
  9.5590415e+000  1.1139291e+000
  3.4561774e+000  8.5674885e+000
  9.2082225e+000  4.2853604e+000
  9.8014193e+000  6.4141603e+000
  1.3596407e-001  1.6619368e+000
  8.1123691e-001  6.9490491e+000
  6.9146302e+000  8.4885885e+000
  8.2417177e+000  3.8224919e+000
  1.8312489e+000  4.1198733e+000
  6.5802499e-001  1.8782002e+000
  2.3789474e+000  5.6519962e+000
  5.8162337e+000  3.0982807e+000
  5.1764197e+000  4.5070938e+000
  4.7771933e+000  7.1719848e+000
  7.4776112e+000  4.8449132e+000
  5.3177339e+000  9.3931003e+000
  6.1513568e+000  6.2816544e+000
  8.5359088e+000  3.8478831e+000
  9.8604914e+000  9.0109310e+000
  9.3145757e+000  7.6588423e-001
  7.4239061e+000  4.0393536e+000
  9.0115456e+000  4.3060949e+000
  4.7057573e+000  9.2497619e+000
  3.0607702e+000  9.7309954e+000
  8.8042623e+000  2.4654219e+000
  5.4608568e+000  6.2333311e+000
  6.9626907e+000  5.5716226e+000
  5.9436635e+000  8.6436595e+000
  8.1291833e+000  5.1699304e+000
  2.8905862e+000  1.1211783e+000
  7.4574278e+000  3.8982567e+000
  7.6921563e+000  4.4042659e+000
  9.8663534e+000  6.3252255e+000
  6.6659881e+000  1.1116779e+000
  1.7886797e+000  1.0331138e+000
  1.5782896e+000  1.3678885e+000
  7.3617943e+000  9.7208845e+000
  4.8843544e+000  5.0891548e+000
  6.5642655e+000  5.5569704e+000
  1.0011030e+001  8.5627497e+000
  7.6032599e+000  3.1340759e+000
  8.8431550e+000  5.0069152e+000
  5.9886205e+000  1.2162219e+000
  6.5149700e+000  5.0482794e-001
  4.7682582e+000  1.4745147e+000
  6.0612003e+000  3.0801218e+000
  7.4654725e+000  7.8573520e+000
  7.0676375e+000  1.3091428e+000
  2.2748669e+000  5.1394845e+000
  3.0639351e+000  9.8992222e+000
  4.7869338e+000  1.9755880e+000
  8.6028653e+000  2.9721745e+000
  8.8200185e+000  5.1748500e+000
  5.0217758e+000  2.7960280e+000
  3.7485028e+000  8.0814646e+000
  9.3619601e+000  7.8994603e+000
  5.6281533e-001  5.3609652e-001
  8.7607446e+000  3.0195388e+000
  9.8823472e+000  3.4206479e+000
  1.1068939e+000  6.6724805e+000
  3.3329682e+000  4.5143385e+000
  6.1384511e+000  7.0916444e+000
  5.9946351e+000  1.2048757e+000
  7.6425479e+000  1.3951978e+000
  7.0247762e+000  2.5010226e+000
  5.1676391e+000  3.2713536e+000
  7.1447148e+000  8.3214052e-001
  9.8822335e+000  7.1010630e+000
  4.3346068e+000  1.3986029e-001
  7.9180496e+000  5.8490870e+000
  8.7587585e+000  8.8031735e+000
  5.1354901e+000  4.9177215e+000
  2.9086188e+000  3.9213769e-001
  2.2862601e+000  9.0210948e+000
  2.3430044e+000  8.6796671e+000
  2.1016757e+000  1.8563874e+000
  1.7265240e+000  7.7193403e+000
  8.6316422e-001  2.0879771e+000
  1.6467711e+000  7.9086391e+000
  5.0579890e-001  3.8707987e+000
  8.7299062e+000  3.8753380e+000
  2.9272562e+000  9.7625737e+000
  8.2624926e+000  2.4201970e+000
  5.3041941e+000  6.3236224e+000
  2.9233778e+000  6.0520574e+000
  1.8779304e+000  1.5463386e+000
  2.6519136e+000  2.6683238e+000
  4.4646986e+000  1.0183468e+000
  5.9967650e+000  5.6464303e+000
  5.8091864e+000  5.4505237e+000
 -4.2004855e-003  7.4962697e+000
  6.2296521e+000  8.0865949e+000
  7.1082023e+000  7.3759489e+000
  2.8462069e+000  2.5297188e+000
  1.2221774e+000  4.0374018e+000
  7.1648794e+000  1.5831066e+000
  4.2204847e+000  4.2418090e+000
  9.5490548e+000  4.9025528e+000
  3.9220004e-001  5.3616067e+000
  4.9134217e+000  3.3809731e+000
  3.3228641e+000  1.1211841e+000
  7.8688232e+000  3.3302850e+000
  4.3758755e+000  5.2220410e+000
  8.3720858e+000  7.3719745e+000
  2.2277643e+000  4.9471517e+000
  7.4514006e-001  4.0407947e+000
  7.4064540e+000  1.1996439e+000
  4.9280725e+000  5.9993139e+000
  3.2526717e+000  3.3095361e+000
  4.5064493e+000  4.4100653e+000
  3.0934928e+000  3.9814116e+000
  6.8318525e+000  6.7843085e+000
  3.1968059e+000  1.8288484e-001
  7.0948183e+000  5.6735510e+000
  1.5490604e+000  6.7387964e+000
  6.3675997e+000  2.3489090e+000
  5.4789910e+000  6.7150538e+000
  4.4562862e+000  5.6906993e+000
  7.8351006e+000  6.9310887e+000
  3.6252687e+000  2.9365781e+000
  7.2719399e+000  4.6101308e+000
  9.8721099e+000  4.9758326e+000
  3.9379101e-001  2.4744801e+000
  3.8169982e+000  9.4784708e+000
  6.3856425e+000  7.6301112e+000
  5.3988155e+000  5.3612976e+000
  1.7953673e+000  7.8733528e+000
  8.7568103e+000  9.8428748e+000
  9.1190236e+000  2.8409219e-001
  9.8564906e+000  5.3851053e+000
  1.5488828e+000  7.3383981e+000
  4.1714966e+000  2.1532310e+000
  3.6436801e+000  9.0547189e+000
  6.9506566e+000  2.9110556e-001
  2.1599673e+000  9.9223979e+000
  7.4195210e+000  6.2843048e-001
  6.5384352e+000  9.3121769e+000
  5.8672448e+000  7.6598821e+000
  4.7964534e+000  5.0459035e+000
  2.2090945e+000  2.4345777e+000
  8.1005108e+000  8.1268928e+000
  7.5495202e+000  3.0533234e+000
  6.8357930e+000  1.3469413e+000
  2.9321496e+000  8.7468589e-002
  7.1538721e+000  7.8176305e+000
  4.9248275e+000  7.7784862e+000
  4.7550456e+000  4.8144938e+000
  1.2721462e+000  2.4141741e-001
  9.8345889e+000  7.9525266e+000
  9.4796671e-002  4.8881354e+000
  2.0095753e+000  3.8141236e+000
  7.9904096e+000  2.4023440e+000
  9.9946011e+000  5.4443833e+000
  7.5283120e+000  6.0597340e+000
  7.1930556e+000  4.5751607e+000
  2.8698483e-001  9.8647039e+000
  4.3728546e+000  7.1112802e+000
  2.1581484e+000  8.6135569e+000
  7.0341431e+000  4.1627803e+000
  9.5509982e+000  6.6138552e+000
  6.7373213e+000  6.0086469e+000
  7.1538342e+000  8.1443785e+000
  5.8957749e+000  3.7779248e+000
  7.1362675e+000  7.2452841e+000
  4.8296400e+000  2.7692469e+000
  9.4868711e+000  5.1275736e+000
  1.4883884e+000  8.0787119e+000
  1.4907280e+000  4.4567973e-001
  2.3275551e+000  7.2324866e+000
  5.5598300e+000  5.3557248e+000
  7.1345848e+000  9.5265405e+000
  5.8656544e+000  8.2982114e+000
  7.8177254e-001  7.0462226e+000
  4.3721242e+000  4.5850463e+000
  6.4571529e-001  9.8623681e+000
  8.5793449e+000  7.2434111e+000
  5.5017359e+000  1.0718148e+000
  1.4461977e+000  5.1362631e-001
  7.3031881e+000  5.8823229e+000
  1.0266775e+000  4.4973777e+000
  9.6235847e-001  7.6797994e+000
  5.3653479e+000  6.0898791e+000
  3.3832706e+000  3.9035730e+000
  9.1692891e+000  3.9887839e+000
  1.8646628e+000  6.8937337e+000
  9.0986517e+000  7.3923818e+000
  6.3869073e+000  4.8874101e+000
  4.8767812e+000  9.0896752e+000
  3.2748711e+000  3.8251113e+000
  5.9665487e+000  6.6195332e+000
  4.3880637e+000  9.8231284e+000
  6.6648111e+000  2.3270863e+000
  3.7309608e-001  4.2549136e+000
  4.4065576e+000  1.8251537e+000
  8.4528508e+000  9.9397143e+000
  5.7023674e-001  7.3327348e+000
  8.4594266e+000  8.3079846e+000
  3.3160321e+000  8.7074530e+000
  4.6737403e+000  2.4025298e+000
  5.3181006e+000  8.6408146e+000
  6.7477791e+000  9.0133779e+000
  9.2232015e+000  3.2179430e+000
  6.3120735e+000  6.6028213e+000
  1.2450250e+000  5.6205354e+000
  6.0351501e+000  9.1183607e+000
  9.8215068e+000  6.6978274e+000
  7.3144615e+000  9.1321768e+000
  7.1022271e+000  5.0753984e+000
  4.5144209e+000  1.7419534e+000
  6.1059276e+000  9.0047833e+000
  9.0761244e+000  1.9310833e+000
  6.1952388e+000  5.2738734e+000
  6.8776673e+000  8.9630113e+000
  2.3078770e+000  1.5790160e+000
  6.6124330e+000  1.0195851e-001
  8.2464360e+000  2.9992765e+000
  5.0855425e+000  7.2342767e+000
  4.5858107e+000  3.1939399e+000
  1.4973463e+000  5.2862636e+000
  1.4333033e+000  5.6900918e+000
  3.3809026e+000  6.6617512e+000
  9.7979594e+000  4.8667020e+000
  5.7794185e+000  2.4740895e+000
  5.3031413e-001  2.6182694e+000
  9.0972543e+000  2.3288460e+000
  6.9954907e+000  9.5247057e+000
  5.8709636e+000  4.5051298e+000
  2.9727947e+000  1.6301913e+000
  7.5504545e+000  6.1796634e+000
  7.6467836e+000  5.9253370e+000
  2.6483740e+000  7.1363961e+000
  2.9102366e+000  5.5305936e-001
  7.9770282e+000  6.2364025e+000
  8.3739405e+000  4.4282490e+000
  1.2567878e+000  8.9555065e+000
  8.9067865e+000  1.6399309e+000
  7.9390693e+000  9.7405308e+000
  7.3449143e+000  8.3666930e+000
  4.4996172e+000  7.8301015e+000
  3.4827244e+000  5.6790517e+000
  4.7209788e+000  5.6675303e-001
  2.3574559e+000  5.5313974e+000
  4.9982169e-001  7.4937725e+000
  8.3516133e+000  1.0206216e+000
  5.3729209e+000  4.6695394e+000
  5.7006392e+000  2.9299761e+000
  7.9427873e+000  6.0893073e+000
  4.6316282e+000  3.9878168e+000
  3.8152639e+000  6.1466774e-001
  9.6813142e-001  9.5493048e+000
  3.3329500e+000  2.2922348e-001
  2.8910431e+000  6.1070776e+000
  4.8870452e+000  8.3661620e+000
  6.4792131e+000  5.3126510e+000
  1.9414855e+000  9.5356719e+000
  3.0972362e-002  6.1116136e+000
  3.8097753e+000  3.9109868e+000
  2.2471000e+000  2.7499381e-001
  1.2075734e+000  9.3077906e+000
  9.4964824e+000  1.3151134e+000
  8.0424245e+000  5.9610333e+000
  4.1546012e+000  4.0725549e+000
  4.4194204e+000  9.2247862e+000
  1.6073360e-001  6.8862367e+000
  2.5343102e+000  4.7662407e+000
  6.4662013e+000  6.4578526e+000
  2.2500513e+000  2.9227459e+000
  9.9568329e+000  3.5154655e+000
  3.7740520e+000  9.4682210e+000
  9.4264013e+000  2.3081102e+000
  4.1844658e+000  1.9192703e+000
  1.1787719e+000  4.7963624e+000
  2.8862564e+000  8.9836517e+000
  9.0121275e+000  8.0078282e+000
  1.7456751e+000  3.9196574e+000
  4.0833448e+000  4.0755997e-001
  1.0003888e+000  9.5505334e+000
  5.1629010e+000  1.8034706e+000
  2.1511025e+000  4.1405168e+000
  8.1271914e+000  3.4952076e+000
  1.8198780e+000  6.1620009e+000
  6.8306912e+000  6.1829727e+000
  2.7830792e+000  3.4315768e+000
  6.4012555e-001  2.8711522e+000
  5.2814409e+000  8.4371668e+000
  3.2778953e+000  5.0450375e+000
  1.4438688e-001  7.6599014e-001
  2.5942381e+000  6.0256811e+000
  9.7418389e+000  4.2589814e+000
  5.9141263e+000  1.9408622e-001
  3.3673169e+000  1.0261850e+000
  1.6182271e+000  7.9208250e+000
  1.4106635e+000  6.0323320e+000
  6.5682925e+000  2.7489544e+000
  3.6494448e-001  5.3412075e+000
  8.1627242e+000  9.4062710e+000
  3.4911356e+000  4.6803593e+000
  1.5480884e-001  3.3882395e+000
  6.2848093e+000  3.0011550e+000
  2.6174358e+000  7.5195608e-001
  5.2772233e+000  1.0000675e+001
  7.8755596e+000  6.1500937e+000
  7.3973875e+000  5.2333844e+000
  5.1932662e+000  3.5043781e+000
  4.4395728e+000  2.3884355e+000
  4.7011028e+000  8.9074000e-001
  4.7842956e-001  3.1837137e+000
  4.3420570e+000  5.6570371e+000
  6.3909009e+000  4.6416107e+000
  9.3991451e+000  9.3796409e+000
  5.8611611e-001  1.2852592e+000
  2.3895033e+000  8.0150466e-001
  8.8865703e+000  5.5731810e+000
  9.0943653e+000  4.9046924e+000
  1.6501199e+000  3.2008710e+000
  9.7774648e-001  8.4354416e+000
  6.4990848e+000  2.5699649e+000
  6.8078169e+000  8.2381458e+000
  7.6891395e-002  1.6293728e+000
  9.0425065e+000  2.6617247e+000
  2.1728895e+000  2.7199306e+000
  9.6595424e+000  3.2565721e+000
  5.0779690e-001  8.0957139e+000
  1.6044122e+000  5.7777510e+000
  2.4865041e+000  5.2927054e+000
  8.2319795e+000  7.0658562e+000
  1.3563908e+000  8.4604724e-001
  8.9353289e+000  1.3672150e+000
  4.9674462e+000  3.3565862e-001
  3.9998658e-001  9.1939047e+000
  7.2683345e-001  3.3743914e-001
  4.0755307e+000  1.0418058e+000
  3.2652044e+000  8.7963091e+000
  9.1623066e+000  6.5351039e+000
  9.8320792e+000  3.7719429e+000
  3.3571808e+000  8.3235540e+000
  5.7609070e+000  8.5241503e+000
  4.7417988e+000  2.4312359e+000
  2.5839392e+000  1.4603237e+000
  5.5989832e+000  3.7757965e+000
  9.6265489e-001  4.2814243e+000
  5.2372625e+000  1.0113701e+000
  7.6606851e+000  4.8553969e+000
  8.7030949e+000  1.2455759e+000
  6.2141979e+000  1.4436818e+000
  5.8734316e+000  6.8608689e+000
  8.8819427e+000  8.2553890e+000
  7.3401016e+000  1.7435708e+000
  4.9056539e-001  7.4387915e+000
  7.6223668e-001  8.2184909e+000
  5.4824231e+000  5.1903607e+000
  7.3349114e+000  4.0139145e-001
  6.2144481e+000  2.6956848e+000
  5.0470288e+000  4.2037784e+000
  5.8966592e+000  4.3706659e+000
  1.8736871e+000  8.1444420e+000
  7.6828943e-001  3.1822899e+000
  5.0349537e+000  2.0933357e+000
  9.4130852e+000  1.5468614e+000
  5.9278860e+000  1.4651368e-001
  6.9029294e-001  6.2726048e+000
  9.0382312e+000  8.6301482e+000
  3.7314317e+000  9.9562357e+000
  3.6149929e+000  1.2553103e+000
  7.0900673e+000  5.0897112e+000
  9.7488295e+000  5.5207622e+000
  5.7289372e+000  9.9034830e+000
  7.5886271e+000  8.2772788e+000
  4.6075530e+000  3.4146964e+000
  8.4658240e+000  7.5517657e+000
  6.9588314e+000  4.3429632e+000
  1.8832793e+000  5.8956050e+000
  3.9411993e+000  3.7059056e+000
  9.3582634e+000  9.5840564e+000
  9.4391856e+000  7.6779559e+000
  8.3380665e+000  5.5299532e-001
  8.7954137e+000  5.6088370e+000
  1.9102741e+000  5.5108448e+000
  4.5069581e+000  4.0699250e+000
  6.2381965e+000  5.3558115e+000
  8.6134578e+000  5.5683867e-001
  8.3802695e+000  1.3022111e+000
  1.0567547e+000  7.5424757e+000
  4.1741633e+000  8.7859399e+000
  2.5222053e+000  9.9062804e+000
  1.7347966e+000  1.5271355e+000
  1.1997363e+000  7.9629479e+000
  6.6142179e+000  4.5088624e+000
  5.4060699e+000  2.1697083e+000
  1.6457286e+000  1.9131258e+000
  3.8692297e+000  8.6694961e+000
  5.3570962e+000  5.4104203e+000
  3.6102609e+000  5.7520723e+000
  9.3518246e-001  1.7107838e+000
  5.3431035e+000  7.9437831e+000
  4.6903181e+000  4.1743709e+000
  4.9488219e+000  4.7700603e+000
  3.5244883e+000  9.1991250e+000
  9.3137706e+000  6.5950074e+000
  4.9011634e+000  1.0744028e+000
  5.2497203e+000  8.9552541e+000
  6.9933186e+000  9.6563094e+000
  8.5673277e-001  1.5598038e+000
  9.4747501e-001  2.1034286e+000
  1.4968138e+000  4.1338279e-002
  1.7208706e+000  4.3265781e+000
  6.9196495e+000  7.0444258e+000
  4.2401551e+000  7.2955390e+000
  5.9724083e-001  1.3922847e+000
  9.9812218e+000  8.2577900e+000
  4.9102374e-003  3.2109598e+000
  5.1771401e+000 -2.1441121e-002
  2.1512223e+000  8.5470457e+000
  6.2097951e+000  3.3685329e+000
  8.1579310e+000  5.3638794e+000
  6.5470949e+000  1.2570900e+000
  2.5183477e+000  6.4856644e+000
  5.4147241e+000  7.8737656e+000
  8.9351808e+000  1.2607139e+000
  1.8471783e+000  8.8949338e+000
  5.0125436e+000  1.1792417e+000
  6.2290215e+000  8.6473105e+000
  7.7333286e+000  6.7019635e+000
  9.6252486e+000  2.5824370e+000
  6.3576709e+000  6.6661656e+000
  7.8400100e+000  9.4795887e+000
  1.9868149e+000  6.7644912e+000
  4.0877402e+000  4.0268316e+000
  6.1633457e+000  3.7976416e+000
  3.4148041e+000  9.4847122e+000
  6.0047103e+000  3.6997240e+000
  7.6358282e+000  3.7591399e+000
  3.2759605e+000  1.7530279e+000
  1.7721200e+000  3.5543389e+000
  5.8235567e+000  3.1658091e+000
  3.8332120e+000  6.0390685e+000
  3.0481491e+000  5.7781342e+000
  5.9143126e+000  1.5221357e+000
  5.8131973e+000  6.8919005e+000
  8.3695788e+000  8.8760170e+000
  2.5643738e+000  5.2027799e+000
  9.5800265e+000  7.4186225e+000
  6.1797418e+000  3.8015159e+000
  6.9225683e+000  9.4403833e+000
  5.3581247e+000  2.5276590e+000
  2.4218176e+000  1.3575559e+000
  9.4334200e+000  3.4358220e+000
  2.9224163e+000  6.6999419e+000
  1.0608570e+000  5.2552114e-001
  3.0990760e+000  2.3158994e+000
  9.2064297e+000  8.3467696e-001
  1.6040086e+000  8.3762371e+000
  2.5756011e+000  9.7958206e+000
  2.5718391e+000  5.2013274e+000
  5.2413586e+000  2.0532906e+000
  6.6789238e+000  7.1979217e+000
  8.9172307e+000  2.6131880e+000
  6.4957643e+000  2.0669457e+000
  5.3789246e+000  2.1195963e+000
  6.8092983e+000  3.6443618e+000
  2.3719635e+000  6.2460287e+000
  8.0217377e+000  8.7978476e+000
  5.5142514e-001  2.5806893e+000
  9.0852730e+000  2.2105368e+000
  9.6309191e+000  4.7345544e+000
  8.1598465e+000  6.6224876e+000
  6.2577813e+000  9.4338342e+000
  4.6786563e-001  8.4863036e+000
  9.0931815e+000  9.4160464e+000
  3.2105075e+000  2.7394708e-001
  7.4688828e-001  7.2147124e+000
  4.3471605e-001  6.3688227e+000
  2.8680065e+000  9.0013324e+000
  7.7285518e+000  1.3105271e+000
  5.5699620e+000  6.0378747e+000
  5.6504687e+000  2.0422839e+000
  2.2233130e+000  6.8242482e+000
  3.0969027e+000  7.4262572e-001
  7.4226835e+000  7.0515676e+000
  8.6426967e+000  5.4785855e+000
  2.7182222e+000  7.2813334e+000
  7.3116824e+000  4.5257966e+000
  8.0138903e+000  1.2350509e+000
  1.3797552e+000  6.9534642e+000
  4.9791976e+000  4.6643349e+000
  7.1958879e+000  4.9965880e+000
  3.6830526e+000  9.3352995e+000
  1.0688739e+000  6.3289341e+000
  6.8430579e+000  4.0022005e+000
  4.9786151e+000  2.7514386e-001
  4.4345251e+000  4.4611162e-001
  5.0643373e+000  1.8006352e+000
  1.0765154e+000  9.6101563e+000
  3.3843076e+000  9.9480885e+000
  4.2826538e+000  6.9197458e+000
  8.2639277e+000  8.2041391e+000
  5.8935233e-001  9.5500319e+000
  5.4249696e+000  1.8427169e+000
  2.3690979e+000  2.6044500e-001
  1.8370720e+000  7.0382742e+000
  3.4881967e+000  9.1667686e+000
  8.0879589e-002  3.8882453e+000
  5.5437369e+000  5.6898025e+000
  8.6766105e+000  9.0825956e+000
  7.0649249e+000  2.4063887e+000
  3.8168677e+000  8.0851008e-001
  8.5450807e+000  8.4075749e+000
  9.2855620e+000  2.3279910e+000
  1.1846373e+000  7.5125215e+000
  1.3452101e+000  7.3177414e+000
  8.0927123e-001  7.0050210e+000
  9.4295902e+000  1.8449996e+000
  6.7595938e+000  6.6202339e+000
  7.5656713e+000  9.5741067e+000
  3.4893547e+000  6.6540465e+000
  8.5713995e+000  2.9507732e+000
  6.4647487e+000  5.8092907e+000
  9.6183076e+000  5.8574275e+000
  7.9271469e+000  7.7127457e-001
  5.3996655e+000  7.4234339e+000
  8.5707295e+000  2.2161872e+000
  7.1004842e+000  4.3769934e+000
  3.2139858e+000  9.2262950e+000
  4.1860774e+000  1.9687752e+000
  1.1425645e+000  7.3355459e+000
  6.6174130e+000  3.8846193e+000
  7.5591627e+000  8.5759456e+000
  7.4562047e+000  4.9768633e+000
  3.6312847e+000  6.0854594e+000
  1.8457977e+000  8.2804431e+000
  2.0017963e+000  3.6218732e-001
  6.5816988e+000  7.0912238e+000
  3.7488713e+000  8.6396108e+000
  5.7277900e+000  6.3235240e+000
  1.0318994e+000  6.7194788e+000
  7.1572596e-001  2.9218259e+000
  3.7043400e+000  6.3465210e+000
  4.4783271e-001  2.4718987e+000
  2.6224047e+000  5.5788042e+000
  4.3777626e+000  5.1722861e-001
  1.4966825e+000  4.9791509e+000
  7.8538320e+000  1.8880682e+000
  4.7260667e+000  2.8460559e+000
  4.4379543e-001  4.3325649e+000
  2.1981294e+000  3.4992301e-001
  4.4004108e+000  6.1995832e+000
  7.9629860e+000  6.3096555e+000
  9.7722794e+000  3.2782312e+000
  5.9133712e+000  7.3632479e+000
  2.3217925e+000  1.7844827e+000
  5.6628225e+000  3.1623088e+000
  5.3886040e+000  1.4829249e+000
  1.8684619e+000  3.8205476e+000
  4.3341012e-002  3.1307724e+000
  9.0015012e+000  6.4692854e+000
  6.0925968e+000  1.5329636e+000
  4.4177393e+000  3.0851670e+000
  1.5892494e+000  5.9518606e+000
  8.4841778e+000  2.8491008e+000
