  5.9658241e+000  1.5285245e+000
  7.5604862e+000  5.9981662e+000
  3.4467870e+000  7.7431906e+000
  7.4924515e+000  2.4098938e+000
  7.3325208e+000  7.2051673e+000
  8.3484973e+000  6.7982769e+000
  7.7879881e+000  3.2331731e+000
  3.9577162e+000  2.3608409e+000
  2.6401719e+000  4.6111783e+000
  2.9766466e+000  7.9039864e+000
  7.1624361e+000  5.6964126e+000
  1.1362008e+000  4.4689851e+000
  6.6835343e+000  7.2858619e+000
  3.0510712e+000  8.8120847e-001
  5.5592482e+000  5.5010488e+000
  6.2427258e+000  7.0947387e+000
  2.8411166e+000  7.4735661e+000
  7.0266153e+000  6.5705090e+000
  6.5015345e+000  1.7269331e+000
  8.1877538e+000  6.3476560e+000
  7.8965708e+000  5.8478349e+000
  4.5819488e+000  7.9820225e+000
  4.8854135e+000  4.5236274e+000
  5.6416477e+000  3.8013221e+000
  6.7715084e+000  5.2805250e+000
  6.9068961e+000  7.3312074e+000
  2.2732014e+000  7.9018299e+000
  7.4129503e+000  3.4965838e+000
  5.8256032e+000  6.8747786e+000
  5.6780540e+000  1.8687543e+000
  6.6301499e+000  7.1088503e+000
  8.3253736e+000  2.7474810e+000
  2.2861067e+000  2.0881441e+000
  3.5792837e-001  4.7036917e+000
  3.1743878e+000  2.5479216e+000
  6.6883733e+000  7.4503256e+000
  7.2426025e+000  5.5079936e+000
  2.5072391e+000  5.3075019e+000
  4.2059600e+000  7.2017841e+000
  6.8869826e+000  4.4792787e+000
  3.2464726e+000  2.9146605e+000
  8.7227274e+000  3.2738070e+000
  2.9843125e+000  2.8082180e+000
  7.6897156e+000  1.6608792e+000
  2.1421228e+000  5.9565214e+000
  4.2828253e+000  7.8466468e+000
  3.0342910e+000  5.9398402e+000
  8.0117665e+000  5.9930122e+000
  6.7312832e+000  3.1173922e+000
  2.5098708e+000  7.6511001e+000
  8.2099046e+000  3.5556662e+000
  4.3424511e+000  7.3704453e+000
  5.7225125e+000  6.9784583e+000
  7.4550146e+000  6.0016173e+000
  6.9588174e+000  6.6220104e+000
  7.5306136e+000  7.9543497e+000
  2.9310280e+000  4.6538245e+000
  7.2859003e+000  5.6654679e+000
  2.7697990e+000  4.5155696e+000
  6.4114195e+000  7.3670280e+000
  2.7894157e+000  4.6204032e+000
  1.5044654e+000  7.7651634e+000
  5.7241778e+000  3.7868038e+000
  7.4841811e+000  2.2718921e-001
  7.3006975e+000  4.3020535e+000
  3.8077583e+000  2.7128600e+000
  8.5151019e+000  6.7234770e+000
  5.4771179e+000  3.8359090e+000
  3.0657348e+000  7.5273459e+000
  8.0885537e+000  6.9372349e+000
  5.7483808e+000  3.2609204e+000
  2.9419540e+000  3.1770323e+000
  2.0600118e+000  8.3584931e+000
  2.4633962e+000  2.7450496e+000
  6.5022209e+000  7.2095044e+000
  6.3591925e+000  3.7075967e+000
  8.1472447e+000  2.5444795e+000
  2.9255724e+000  7.6756475e+000
  6.6339836e+000  3.8814800e+000
  2.3281895e+000  2.2586086e+000
  7.9767484e+000  6.3137459e+000
  7.2247491e+000  5.4194127e+000
  2.8322447e+000  8.1294799e+000
  6.9901428e+000  2.5775075e+000
  5.6163170e+000  5.0595756e+000
  4.5481306e+000  3.7708388e+000
  2.8600721e+000  2.9986685e+000
  2.4636988e+000  3.0824412e+000
  5.9766277e+000  4.7469221e+000
  9.1004164e+000  2.3920121e+000
  4.4110167e+000  7.1206829e+000
  2.7660085e+000  6.1143920e-001
  2.4948136e+000  2.2886630e+000
  7.2525303e+000  2.2347303e+000
  1.3918040e+000  2.3876032e+000
  8.9865338e+000  3.2237889e+000
  2.1432355e+000  4.5850387e+000
  2.2827446e+000  7.3174127e+000
  2.1900629e+000  3.2238558e+000
  2.3368763e+000  2.8933916e+000
  7.6784286e+000  7.1498601e+000
  4.0406911e+000  2.5190103e+000
  6.7068627e+000  7.7114957e-001
  7.7715342e+000  5.6131870e+000
  6.5228551e+000  2.7446613e+000
  2.6877013e+000  5.6238940e+000
  4.0463035e+000  2.6723570e+000
  3.2235225e+000  2.7088376e+000
  6.1159490e+000  3.3467554e+000
  1.8025495e+000  7.3147885e+000
  5.9661352e+000  3.4079764e+000
  7.4996127e+000  2.6281681e+000
  6.5052560e+000  2.1759088e+000
  1.5286581e+000  6.8630820e+000
  6.3786469e-001  3.3484067e+000
  6.2838783e+000  5.6173008e+000
  5.9600230e+000  5.0427012e+000
  5.6695121e+000  3.4535456e+000
  5.7761403e+000  5.0950245e+000
  3.5936362e+000  7.7368489e+000
  7.7093645e+000  6.0522976e+000
  3.6996923e+000  5.2608137e+000
  6.0490875e+000  3.2682047e+000
  5.6307834e+000  7.0373426e+000
  2.3581325e+000  3.1647733e+000
  1.3264142e+000  5.5103726e+000
  3.5882403e+000  6.2772545e+000
  2.0245483e+000  8.1649357e+000
  2.4668518e+000  2.3639628e+000
  7.9031078e+000  6.8666383e+000
  2.5049020e+000  2.5843755e+000
  4.5776555e+000  3.3591276e+000
  7.5632797e+000  4.1634241e+000
  3.0778128e+000  7.9299921e+000
  2.8547842e+000  2.7744685e+000
  3.9005738e+000  2.4730901e+000
  2.5850574e+000  2.4415245e+000
  3.7792100e+000  2.8040598e+000
  2.4529061e+000  2.5631776e+000
  6.1694058e+000  3.7922472e+000
  2.7785389e+000  5.9073432e+000
  2.8698910e+000  7.1706402e-001
  6.9342354e+000  7.3903623e+000
  6.7052713e+000  1.1778781e+000
  2.3445318e+000  5.1466034e+000
  6.2174100e+000  3.6311940e+000
  6.4141229e+000  7.5644786e+000
  2.2735657e+000  7.4707349e+000
  7.4221347e+000  6.4693450e+000
  6.5718815e+000  6.0851818e+000
  6.4030916e+000  6.1411950e+000
  5.7264040e+000  6.9679632e+000
  2.5843168e+000  3.0733698e+000
  5.5462928e+000  1.9788035e+000
  3.3792131e+000  2.0635573e+000
  5.2269042e+000  5.9076595e+000
  8.5177149e+000  8.2213135e+000
  4.2102731e+000  2.8452692e+000
  2.5605902e+000  2.8881596e+000
  7.3078902e+000  7.0562601e+000
  2.6840301e+000  7.4743071e+000
  3.5338168e+000  7.1313012e+000
  3.3596464e+000  1.6670010e+000
  7.2816953e+000  2.4396667e+000
  2.1980689e+000  3.0807897e+000
  3.3907051e+000  8.1145233e+000
  5.1862898e+000  2.8377652e+000
  7.6057718e+000  1.4587278e+000
  3.8664059e+000  3.3982451e+000
  7.4501278e+000  2.1109716e+000
  7.6885933e+000  6.1693278e+000
  1.2745797e+000  5.9188638e+000
  2.9618116e+000  2.7194352e+000
  2.6647512e+000  5.9881817e+000
  3.5940928e+000  8.1359411e+000
  2.0424145e+000  7.3951747e+000
  7.9013191e+000  7.1953588e+000
  2.7918263e+000  7.7263655e+000
  5.9485532e+000  2.5657492e+000
  2.8925224e+000  8.3964209e+000
  2.6762144e+000  3.3337666e+000
  3.7347586e+000  2.7990820e+000
  5.5279805e+000  4.0089373e+000
  7.5796764e+000  2.2839832e+000
  7.7620172e+000  7.1906956e+000
  2.3950399e+000  2.6875326e+000
  5.2224588e+000  3.2613581e+000
  7.7656718e+000  6.0001729e+000
  6.4306419e+000  7.0965052e+000
  7.3188225e+000  5.6207910e+000
  6.1010718e+000  7.3820818e+000
  2.4404917e+000  3.1051498e+000
  7.3107757e+000  5.5997907e+000
  6.5735148e+000  5.6009988e+000
  3.2222026e+000  7.6193409e+000
  5.5089879e+000  3.6737167e+000
  7.5096877e+000  2.7785909e+000
  6.4577018e+000  7.4697420e+000
  6.5095714e+000  6.1545666e+000
  8.5954062e+000  4.1034813e+000
  1.7604240e+000  7.5181254e+000
  6.7239125e+000  6.2893777e+000
  7.6384862e+000  5.8082150e+000
  2.5803056e+000  2.3430542e+000
  5.6367837e+000  2.3636328e+000
  8.3679480e+000  3.2625675e+000
  7.3718472e+000  1.1856280e+000
  7.3059061e+000  6.7124691e+000
  6.2077647e+000  6.8285306e+000
  7.6920503e+000  6.1473152e+000
  6.6287844e+000  2.3129349e+000
  2.5262687e+000  4.9601266e+000
  5.0642329e+000  3.4914516e+000
  5.1358381e+000  5.1348302e+000
  3.3988962e+000  7.7781070e+000
  6.0200080e+000  2.7246442e+000
  7.3634815e+000  5.8455988e+000
  4.9121174e+000  5.5291034e+000
  5.5455776e+000  2.9107104e+000
  6.8884273e+000  2.2573571e+000
  7.7659613e+000  2.1059604e+000
  2.4515503e+000  8.0449627e+000
  1.7339663e+000  2.6842266e+000
  8.0102365e+000  6.4585763e+000
  4.7065016e+000  6.0101739e+000
  2.1646328e+000  3.0827569e+000
  1.7924393e+000  2.4641692e+000
  7.5121473e+000  2.4805897e+000
  1.7721492e+000  5.5202407e+000
  3.6337102e+000  1.5127128e+000
  6.4714286e+000  1.3965688e+000
  7.8786487e+000  7.1977741e+000
  1.7793016e+000  7.9722180e+000
  6.5691144e+000  1.2953779e+000
  7.4729882e+000  5.9445461e+000
  5.0902313e+000  3.4590982e+000
  3.4742533e+000  2.7721228e+000
  1.8511400e+000  3.9661963e+000
  3.1015295e+000  2.0925034e+000
  6.7004493e+000  6.6036226e+000
  5.4770407e+000  4.1467775e+000
  8.5306453e-001  3.3061434e+000
  6.7783581e+000  7.0497049e+000
  3.4735534e+000  6.0652461e+000
  5.4677951e+000  3.6456646e+000
  7.9460433e+000  5.6490244e+000
  7.3476263e+000  2.2047778e+000
  6.5741013e+000  7.1509604e+000
  1.7027474e+000  7.1386115e+000
  2.7796699e+000  9.0211650e+000
  5.2264621e+000  3.8966991e+000
  6.1906578e+000  7.3142333e+000
  5.3373765e+000  3.4465759e+000
  7.7209974e+000  7.0632852e+000
  2.3808834e+000  2.6041083e+000
  7.4380358e+000  6.4208205e+000
  3.6995470e+000  2.7469534e+000
  7.5881060e+000  7.4285994e+000
  6.6110123e+000  7.1596320e+000
  2.9195063e+000  6.9144544e+000
  3.0072040e+000  7.7193137e+000
  4.4028491e+000  8.0967709e+000
  1.7830177e+000  6.1047679e+000
  1.7032525e+000  7.1300559e+000
  8.4960002e+000  4.0312343e+000
  7.4853678e+000  6.8585503e+000
  7.8890727e+000  6.4406492e+000
  7.4621593e+000  5.8509510e+000
  7.5825236e+000  3.7143096e+000
  7.3017356e+000  3.1501623e+000
  7.8070382e+000  6.6948864e+000
  2.8566250e+000  3.8417879e+000
  6.1011675e+000  1.2289424e+000
  6.5306935e+000  7.4770817e+000
  5.3134700e+000  3.3048221e+000
  5.2435741e+000  3.7765347e+000
  3.8856535e+000  7.5894401e+000
  3.1885364e+000  2.9779572e+000
  1.8642982e+000  7.6541197e+000
  1.7186862e+000  7.6548345e+000
  6.5003664e-001  3.2932755e+000
  5.7663110e+000  7.4120676e+000
  4.6819770e+000  4.0754998e+000
  6.7124379e+000  4.3730674e+000
  2.6120045e+000  4.1301696e+000
  6.0575076e+000  6.8170262e+000
  8.8631304e+000  3.1930356e+000
  6.7788327e+000  1.7750140e+000
  8.1099898e+000  2.7823614e+000
  4.9122085e+000  3.5667993e+000
  1.3871438e+000  7.5646951e+000
  4.5458992e-001  4.4643388e+000
  6.5442079e+000  6.8641752e+000
  6.0569729e+000  7.3968043e+000
  7.5682906e+000  5.4948250e+000
  7.2026732e+000  6.3128624e+000
  1.2321180e+000  4.6782338e+000
  7.3526793e+000  2.2342816e+000
  5.7595368e+000  3.9605408e+000
  3.9027166e+000  2.6971402e+000
  5.8593750e+000  5.6696185e+000
  5.4355328e+000  3.9901360e+000
  5.9649940e+000  4.7328537e+000
  8.5240824e+000  6.8453049e+000
  6.1036626e+000  6.9140067e+000
  5.8980406e+000  2.1346811e+000
  7.0137346e+000  1.6686433e+000
  3.8423485e+000  2.2495701e+000
  7.4390049e+000  8.0839873e+000
  4.1600766e+000  2.5359869e+000
  1.7449636e+000  1.6333103e+000
  3.7059098e+000  2.3120131e+000
  1.7114548e+000  7.6853458e+000
  7.5180909e+000  2.0681962e+000
  2.8953681e+000  4.9865907e+000
  7.3741971e+000  7.7844456e+000
  7.2291257e+000  2.4669044e+000
  6.3640767e+000  3.6246298e+000
  5.2292944e+000  2.9846718e+000
  3.4273577e+000  2.4173999e+000
  3.3040350e+000  1.2677669e+000
  9.2186781e+000  3.4487376e+000
  5.1436110e+000  3.7416096e+000
  3.7892159e+000  2.6775604e+000
  6.9703311e+000  6.9569995e+000
  3.0265760e+000  8.1846718e+000
  7.9903532e+000  6.3610866e+000
  6.6084264e+000  6.2331496e+000
  6.1201385e+000  2.9257472e+000
  7.1571171e+000  1.1368036e+000
  7.2976965e+000  2.6107791e+000
  7.5126287e+000  8.3870162e+000
  5.0311193e+000  3.3686591e+000
  7.0920444e+000  2.3143142e+000
  5.8955016e+000  7.0146079e+000
  6.3923791e+000  5.4659182e+000
  2.2775881e+000  6.9702727e+000
  6.9822823e+000  2.5508652e+000
  2.8762136e+000  7.8826104e+000
  1.5724716e+000  9.1209367e+000
  8.0760106e+000  7.0109617e+000
  1.6123391e+000  7.6533410e+000
  5.6879777e+000  3.9880419e+000
  1.8820647e+000  2.6351340e+000
  6.4915552e+000  5.9915061e+000
  3.2418291e+000  7.7504829e+000
  7.6481728e+000  7.0196460e+000
  4.6699736e+000  5.1699561e+000
  5.5263659e+000  5.3411124e+000
  4.5144389e+000  6.0450302e+000
  2.1088784e+000  4.8038657e+000
  3.8596305e+000  2.5980623e+000
  3.6796601e+000  7.4528785e+000
  7.8449619e+000  2.1019918e+000
  6.1521401e-001  4.4238304e+000
  7.9212055e+000  3.7184079e+000
  6.5931180e+000  7.7072271e+000
  2.8237344e+000  7.9271438e+000
  7.5739690e+000  5.8370286e+000
  1.8582038e+000  7.5328135e+000
  2.2347920e+000  4.8926618e+000
  6.4285336e+000  5.6410972e+000
  8.0903985e+000  2.9559633e+000
  4.7035663e+000  1.2615777e+000
  5.0380946e-001  6.7079078e+000
  7.6468345e+000  7.2450262e+000
  1.7701302e+000  2.6723117e+000
  5.3390198e+000  5.0655739e+000
  7.1578106e+000  8.0067574e+000
  3.2801376e+000  7.7203450e+000
  6.5040784e+000  7.4087500e+000
  6.6618369e+000  2.8880852e+000
  3.5608630e+000  7.1462827e+000
  7.2981328e+000 -2.1764475e-001
  7.8681322e+000  6.0511681e+000
  2.5756168e+000  2.9343613e+000
  6.4455067e+000  7.6394079e+000
  1.7277359e+000  6.9502897e+000
  7.3840836e+000  1.8942463e+000
  7.6416929e+000  2.6003788e+000
  7.5348738e+000  7.8740240e+000
  1.7472642e+000  2.8614275e+000
  5.1340719e+000  1.8035383e+000
  2.9070511e+000  5.6554047e+000
  6.2079453e+000  4.1629259e+000
  7.4343145e+000 -1.1084435e-001
  2.0103331e+000  2.6578568e+000
  2.9097714e+000  4.8891410e+000
  6.4889307e+000  5.8770570e+000
  3.9404622e+000  4.9534073e+000
  2.2362580e+000  4.2102672e+000
  6.9109395e+000  6.5351340e+000
  6.9516537e+000  7.1485349e+000
  6.6939349e+000  7.0074033e+000
  4.5954671e+000  4.0384867e+000
  2.9026675e+000  5.0010663e+000
  2.7230473e+000  4.6339225e+000
  4.1796195e+000  2.5250501e+000
  1.6217380e+000  8.0677292e+000
  7.7063938e+000  6.9936394e+000
  2.5885335e+000  4.3817918e+000
  1.4548971e+000  7.2311956e+000
  6.2096511e+000  3.3489417e+000
  3.2928104e+000  3.0376082e+000
  4.0610243e+000  1.9842477e+000
  6.5587540e+000  1.6524710e+000
  5.8450668e+000  4.4503703e+000
  8.2716407e+000  7.4417543e+000
  1.5819614e+000  6.9364306e+000
  7.8375751e+000  7.3744363e+000
  2.0371717e+000  7.7939822e+000
  2.9399346e+000  7.0119926e+000
  1.3169920e+000  2.8118696e+000
  2.2067337e+000  5.2410633e+000
  2.9486163e+000  7.5749182e+000
  2.5383703e+000  2.9786968e+000
  5.5739157e+000  4.7899155e+000
  3.9019608e+000  8.2074196e+000
  5.2358438e+000  3.9290372e+000
  5.9145317e+000  2.1774996e+000
  2.3509524e+000  4.4475274e+000
  2.6898664e+000  3.1113702e+000
  5.7396365e+000  3.8268423e+000
  7.2461233e+000  5.3343509e+000
  2.4445857e+000  2.7469287e+000
  4.8007573e+000  5.7806819e+000
  6.2205434e+000  3.4807269e+000
  7.5880503e+000  8.0448153e+000
  7.4460156e+000  7.7353050e-001
  3.7364584e+000  2.7327246e+000
  7.9201318e+000  4.9237191e+000
  1.7279061e+000  7.9892216e+000
  9.1346013e+000  2.0569321e+000
  2.3787631e+000  8.2216934e+000
  6.7157142e+000  5.5518739e+000
  6.0564513e+000  7.4078096e+000
  5.9822734e+000  5.3256326e+000
  6.8867812e+000  7.2149690e+000
  8.0939235e+000  7.5792881e+000
  6.2682412e+000  7.2052197e+000
  2.5526109e+000  1.4058126e+000
  7.6226791e+000  5.4489609e+000
  7.4163079e+000  6.4611363e+000
  2.4720291e+000  3.2403952e+000
  5.1533013e+000  1.9368804e+000
  3.3817851e+000  5.2148625e+000
  1.7096748e+000  2.0010851e+000
  3.6295278e+000  6.9774668e+000
  3.0263701e+000  7.8627386e+000
  8.0647190e-001  2.8146633e+000
  1.5261612e+000  7.5038998e+000
  7.3629197e+000  6.6202516e+000
  6.9395831e+000  6.8843297e+000
  1.9960244e+000  1.6170167e+000
  7.5202503e+000  8.1429261e+000
  2.0563736e+000  7.5652665e+000
  6.2265139e+000  7.0802529e+000
  7.8534343e+000  1.8625367e+000
  3.9125436e+000  2.5686117e+000
  8.0498620e+000  2.4419117e+000
  2.6797671e+000  2.6102963e+000
  6.2270345e+000  5.6898484e+000
  3.7625093e+000  2.4847966e+000
  2.1372785e+000  2.3984384e+000
  6.2941054e+000  4.6284421e+000
  6.5904698e+000  6.0009841e+000
  4.5736657e+000  1.4157679e+000
  2.3623596e+000  7.9167553e+000
  2.5688373e+000  4.7572606e+000
  1.7200879e+000  5.3136166e+000
  5.6253503e+000  3.5906519e+000
  6.4363979e+000  7.0015659e+000
  2.5215531e+000  2.5443239e+000
  6.4416099e+000  5.7527671e+000
  2.4555779e+000  7.4674084e+000
  3.5479288e+000  2.5165126e+000
  7.7830790e+000  2.9211455e+000
  7.6123249e+000  6.1907566e+000
  5.0961325e+000  5.8706722e+000
  6.9863150e+000  6.7262821e+000
  7.7958194e+000  5.6982815e+000
  5.4403908e+000  4.3869697e+000
  7.2433909e+000  2.4788493e+000
  2.4435181e+000  3.3893794e+000
  7.0871661e+000  7.2320525e+000
  6.8979225e+000  6.9691906e+000
  5.9407917e+000  4.0961946e+000
  7.2113150e+000  3.5983514e+000
  5.5374882e+000  3.1889144e+000
  5.3366231e+000  5.9752509e+000
  1.8720589e+000  6.7914979e+000
  6.4732577e+000  6.8799341e+000
  7.4593903e+000  5.5722272e+000
  1.8321727e+000  7.4301967e+000
  5.8384112e+000  9.0584414e+000
  7.8909954e+000  5.6430926e+000
  7.7958736e+000  6.8712891e+000
  5.7379831e+000  4.3678423e+000
  7.1222306e+000  6.1122251e+000
  2.4868761e+000  2.0821599e+000
  6.2962890e+000  7.0167033e+000
  6.7608369e+000  4.4918920e+000
  7.9792559e+000  7.7356570e+000
  6.3189328e+000  1.6621254e+000
  2.9594183e+000  4.2339280e+000
  2.4926431e+000  2.2440020e+000
  3.4823779e+000  1.2807376e+000
  2.6908865e+000  2.9206828e+000
  2.3000803e+000  7.9775486e+000
  2.5532830e+000  4.5570073e+000
  6.6749676e+000  6.5155822e+000
  1.9510507e+000  8.7816544e+000
  3.1687903e+000  7.9933292e+000
  4.7833631e+000  4.8729724e+000
  4.3317598e+000  7.8840085e+000
  7.6829449e+000  6.1264854e+000
  7.3553145e+000  3.2469111e+000
  6.6999026e+000  2.5600696e+000
  6.2083332e+000  1.3693858e+000
  2.8806761e+000  6.3254530e+000
  9.3166366e+000  3.6507372e+000
  6.2345737e+000  2.8226778e+000
  3.1946706e+000  7.7113392e+000
  7.2312749e+000  5.7308097e+000
  2.5428729e+000  8.0315985e+000
  6.8941249e+000  1.8122358e+000
  2.0736409e+000  2.5921120e+000
  6.1675072e+000  3.6836651e+000
  7.2203492e+000  5.9762682e+000
  3.3404679e+000  7.5821917e+000
  6.3354288e+000  1.8817089e+000
  7.2177027e+000  7.0373299e+000
  7.8335132e+000  6.9327579e+000
  3.2774709e+000  1.3352790e+000
  2.9813812e+000  8.4434092e+000
  2.2196887e+000  2.4974430e+000
  3.0672930e+000  9.4034967e+000
  8.9084291e+000  3.6641427e+000
  6.1834491e+000  6.9694613e+000
  6.5896231e+000  6.0482765e+000
  2.8084168e+000  2.4685130e+000
  8.2162683e+000  7.0268983e+000
  8.7810499e-001  7.3108279e+000
  6.2946980e+000  7.2788999e+000
  4.9569685e+000  3.7952379e+000
  2.3026334e+000  2.8972600e+000
  7.1004969e+000  6.3448343e+000
  2.3889750e+000  9.2878740e+000
  3.5545882e+000  7.4955121e+000
  6.7779633e+000  6.9169428e+000
  2.8525005e+000  5.2303671e+000
  6.3618701e+000  6.2881581e+000
  7.2317490e+000  6.5768068e+000
  5.7919379e+000  1.0676957e+000
  7.3097541e+000  7.0630667e+000
  2.0558745e+000  7.5950850e+000
  1.6588417e+000  5.8100308e+000
  2.5714976e+000  1.1640761e+000
  3.7824317e+000  9.7693681e-001
  2.0386131e+000  4.2583149e+000
  2.7300847e+000  2.4518168e+000
  1.3744351e+000  4.9695720e+000
  7.5366847e+000  6.2904666e+000
  7.5239263e+000  5.7708541e+000
  2.5978504e+000  4.3117333e+000
  4.2097043e+000  6.1648040e+000
  5.8776859e+000  4.8889735e-001
  2.0248590e+000  2.8150516e+000
  2.2519134e+000  5.3816213e+000
  2.6301260e+000  5.2739202e+000
  6.3788807e+000  6.0738976e+000
  2.6696620e+000  2.3568184e+000
  8.0220483e+000  5.8111218e+000
  2.1855020e+000  6.2551510e+000
  5.8024243e+000  4.8465581e+000
  5.9041312e+000  9.6240051e-001
  6.3312808e+000  6.8297531e+000
  1.0092930e+000  7.5552519e+000
  9.1627545e+000  3.7836410e+000
  5.8322007e+000  5.8751235e+000
  2.5454489e-001  6.3498772e+000
  6.0507039e+000  4.0061797e+000
  4.7728188e+000  4.6229624e+000
  7.4904975e+000  6.4511717e+000
  3.0996088e+000  7.6806091e+000
  2.5673552e+000  3.0021654e+000
  2.3302390e+000  4.0416978e+000
  5.9030840e+000  7.2732296e+000
  8.1828050e+000  3.2306365e+000
  2.4695665e+000  5.0174083e+000
  1.9931267e+000  7.8189692e+000
  6.0327411e+000  6.8826833e+000
  1.5590180e+000  7.7770310e+000
  2.6512767e+000  7.1119503e+000
  6.6588066e+000  7.7007342e+000
  2.1957142e+000  2.5741984e+000
  5.6247812e+000  7.0358014e+000
  8.1282020e+000  6.5223544e+000
  8.2586444e+000  8.5041042e+000
  7.6858682e+000  6.7045557e+000
  3.7218474e+000  2.6119765e+000
  2.2294620e+000  7.2849002e+000
  6.6079841e+000  5.8856833e+000
  2.6092774e+000  5.2266701e+000
  5.8062589e+000  2.8947358e+000
  3.9388237e+000  2.5808504e+000
  5.7304610e+000  5.2506946e+000
  3.5574332e+000  2.9670147e+000
  1.5038916e+000  9.4601221e+000
  2.3873256e+000  1.1293295e+000
  6.9370151e+000  3.5280337e+000
  1.7955294e+000  6.6301574e+000
  7.1131497e+000  2.7886074e+000
  8.1255504e+000  5.5628925e+000
  7.5732212e+000  5.8766309e+000
  1.5050471e+000  8.4621350e+000
  4.3147066e+000  7.3735092e+000
  7.5304175e+000  6.8222695e+000
  2.0212724e+000  7.4851351e+000
  7.7454389e+000  2.7374973e+000
  2.5963602e+000  5.1482437e+000
  8.8769770e+000  3.0406896e+000
  7.2051383e+000  6.4431820e+000
  3.4531806e+000  2.6073642e+000
  7.8926072e+000  6.9458760e+000
  5.1697457e+000  3.8365006e+000
  2.6065638e+000  7.6728138e+000
  1.9005041e+000  7.2854930e+000
  5.7748886e+000  1.0926441e+000
  7.5421587e+000  6.0485304e+000
  9.2718903e+000  3.3437755e+000
  8.8216923e+000  3.4094264e+000
  2.8104484e+000  5.3397125e+000
  4.0734414e+000  1.4708455e+000
  6.0798628e+000  7.7570030e+000
  7.7339801e+000  6.7664131e+000
  4.7229461e-001  9.3443783e+000
  5.2456839e+000  1.2476987e+000
  6.2850807e+000  7.5686436e+000
  3.3275411e+000  7.5089242e+000
  2.2724371e+000  4.5980570e+000
  7.2992953e+000  1.8635593e+000
  7.8446911e+000  5.6352886e+000
  8.1220343e+000  6.9965906e+000
  8.1666856e+000  5.5225064e+000
  2.8570174e+000  9.2062489e+000
  7.7535061e+000  7.1358475e+000
  4.4473015e+000  3.6480619e+000
  6.6177227e+000 -1.2388360e-001
  4.5436008e+000  3.5779879e+000
  7.2025559e+000  7.2444838e+000
  2.8956776e+000  7.3804220e+000
  7.8831361e+000  6.0046340e+000
  3.6138918e+000  9.4468272e+000
  4.0048893e+000  2.1754727e+000
  4.7109295e+000  4.1970082e+000
  6.2311299e+000  5.8431707e+000
  6.0289330e+000  7.4195388e+000
  2.9844566e+000  2.6685750e+000
  6.3896323e+000  7.3389264e+000
  8.4082511e+000  3.0320558e+000
  2.6071447e+000  9.1787301e+000
  7.5183831e-001  3.2211589e+000
  2.0007538e+000  7.3610630e+000
  2.8529928e+000  1.9723594e+000
  6.0305423e+000  5.9026901e+000
  2.4425140e+000  2.7685841e+000
  2.8444769e+000  3.1383979e+000
  8.0474585e+000  7.5859909e+000
  5.4250502e-001  3.9735815e+000
  6.8522658e+000  6.9809178e+000
  3.2536557e+000  4.3833408e+000
  6.7504879e+000  5.7946174e+000
  2.3835763e+000  9.2368968e+000
  1.9776489e+000  6.7872434e+000
  3.0245598e+000  3.5030053e+000
  3.6997236e+000  2.6809716e+000
  7.5618176e+000  5.7311092e+000
  1.3783117e+000  7.4163986e+000
  5.4295920e+000  1.2409226e+000
  2.3230845e+000  7.4494684e+000
  6.3654454e+000  5.7604578e+000
  2.5672824e+000  4.6899780e+000
  5.6370157e+000  3.2946532e+000
  2.2574621e+000  6.7872342e+000
  6.4328423e+000  2.5012143e+000
  8.3704685e+000  3.3128518e+000
  1.9714388e+000  7.8584588e+000
  6.2744121e+000  1.7091882e+000
  7.1342626e+000  6.9384387e+000
  9.9551626e-001  6.1135095e+000
  7.6779055e+000  2.5640370e+000
  9.0896825e+000  3.5819331e+000
  3.1353973e+000  2.8691499e+000
  7.8926054e+000  7.1552196e+000
  6.9370109e+000  4.7654186e+000
  7.5824769e+000  2.5668449e+000
  1.7662658e+000  5.2384400e+000
  6.2878065e+000  5.5060066e+000
  3.3758494e+000  2.1873533e+000
  2.8721329e+000  1.9911288e+000
  2.5276774e+000  6.1581253e+000
  4.7407713e+000  3.5818200e+000
  6.0149573e+000  1.7322734e+000
  5.3267708e+000  5.6527615e+000
  7.8522572e+000  8.2476121e+000
  6.3812755e+000  4.7161504e+000
  6.6286714e+000  6.3317409e+000
  7.3697185e+000  6.1893853e+000
  7.8163742e+000  7.1618385e+000
  6.1910025e+000  7.3679223e+000
  6.7654423e+000  7.0316750e+000
  6.5056103e+000  5.6547350e+000
  7.1961107e+000  6.3014083e+000
  5.6639997e+000  3.4756019e+000
  6.2627721e+000  7.3054628e+000
  3.0056221e+000  5.0331785e+000
  2.8478480e+000  8.0314451e+000
  3.2060485e+000  7.4650123e+000
  3.5052299e+000  1.7460294e+000
  5.9176803e+000  7.4023280e+000
  7.2755911e+000  7.2613083e+000
  3.5862271e+000  2.8929596e+000
  6.5382445e+000  7.6482834e+000
  2.3466146e+000  4.4292768e+000
  7.3082070e+000  7.9356457e+000
  6.4368560e+000  5.4721048e+000
  2.7073642e+000  5.7017474e+000
  9.1490475e+000  3.3408051e+000
  2.7863980e+000  4.7671541e+000
  3.0069329e+000  1.8982946e+000
  6.7813124e+000  7.5011720e+000
  3.6201265e+000  7.9044438e+000
  7.1444700e+000  5.9885206e+000
  9.4641579e+000  3.0176949e+000
  6.4497131e+000  6.8314408e+000
  6.0126685e+000  2.0129540e+000
  2.1411882e+000  2.8506862e+000
  7.2152550e+000  5.7648467e+000
  2.2698345e+000  8.1549418e+000
  9.0865776e+000  3.5440841e+000
  6.4482728e+000  1.6600643e+000
  6.7157697e+000  7.2779241e+000
  1.7548410e+000  5.3472508e+000
  6.4772694e+000  5.9067198e+000
  3.3062658e+000  7.4739193e+000
  3.5660146e+000  3.2579350e+000
  2.0781169e+000  2.4831819e+000
  2.5851721e+000  2.8602727e+000
  6.9585124e+000  6.9434908e+000
  3.9839497e+000  2.4652126e+000
  8.5915019e+000  8.3634356e+000
  2.3744157e+000  5.6875089e+000
  6.5051583e+000  5.5279853e+000
  7.5756540e+000  6.1284825e+000
  2.9293766e+000  7.9743857e+000
  6.4751554e+000  5.6486221e+000
  8.4625807e+000  3.9225243e+000
  7.6023609e+000  5.4529557e+000
  6.7093438e+000  2.6930290e+000
  2.9806745e+000  4.7996134e+000
  4.5971895e+000  8.0608036e+000
  7.4547716e+000  1.3906702e+000
  7.4596225e+000  6.0882584e+000
  2.3528990e+000  3.1115741e+000
  5.8551346e+000  2.5604906e+000
  6.6851321e+000  7.5885182e+000
  3.2803499e+000  8.0054784e+000
  6.4332409e+000  4.8806030e+000
  2.5065207e+000  2.4128003e+000
  5.6687941e+000  4.4896180e+000
  7.2577718e+000  6.6526611e+000
  2.8539731e+000  7.0047643e+000
  8.5776011e+000  2.8694305e+000
  2.9164808e+000  7.9781969e+000
  5.6043020e+000  4.6868022e+000
  2.9923200e+000  8.2383450e+000
  3.6829556e+000  2.8524319e+000
  2.2802771e+000  4.0109649e+000
  7.9787698e+000  5.7037623e+000
  7.0475872e+000  6.9359693e+000
  5.4903541e+000  2.1315398e+000
  3.7606318e+000  2.1845220e+000
  7.6688519e+000  5.7100914e+000
  3.1782651e+000  7.0890963e+000
  6.9639253e+000  1.7596888e+000
  4.9180542e+000  3.6353177e+000
  6.0579435e+000  7.0950170e+000
  1.6908774e+000  7.4192233e+000
  3.4066303e+000  2.2449094e+000
  6.0782666e+000  3.5304169e+000
  7.0569412e+000  3.4438768e+000
  4.7059299e+000  3.8137355e+000
  3.4260408e+000  2.3690011e+000
  1.8694252e+000  5.2738400e+000
  2.9234235e+000  4.6878326e+000
  6.6404739e+000  4.1406871e+000
  1.8345469e+000  7.4331511e+000
  7.0459271e+000  3.3616779e+000
  7.5084537e+000  3.1306215e+000
  2.3358350e+000  4.4797143e+000
  2.8559208e+000  4.5290231e+000
  6.2991971e+000  5.6780830e+000
  2.4698055e+000  2.4778120e+000
  5.8769483e+000  7.1582341e+000
  2.7598499e+000  5.0600296e-001
  5.1147420e+000  2.1561113e+000
  6.5718584e+000  6.9236559e+000
  2.9830577e+000  7.9986733e+000
  7.4746815e+000  5.8487625e+000
  5.2248534e+000  4.7256737e+000
  8.1348022e+000  7.4661787e+000
  2.2456309e+000  2.6100708e+000
  6.8585295e+000  5.5904728e+000
  6.6993081e+000  5.6812649e+000
  6.7300819e+000  7.0509811e+000
  3.0468734e+000  7.9722796e+000
  4.9335335e+000  4.6574770e+000
  2.6386675e+000  4.3363759e+000
  3.4086994e+000  7.8251855e+000
  7.8571102e+000  6.7287143e+000
  2.2229419e+000  8.2296955e+000
  3.0768610e+000  2.1802712e+000
  7.3737184e+000  5.5335862e+000
  5.1180225e+000  3.5715119e+000
  1.4357954e+000  5.1740091e+000
  3.7941621e-001  4.8225313e+000
  5.1877067e+000  3.4157193e+000
  8.1584578e+000  2.8396960e+000
  7.5443102e+000  4.2772075e+000
  6.1337744e+000  7.1479542e+000
  7.5181361e+000  6.3715952e+000
  9.4385505e+000  3.4397565e+000
  8.0578317e+000  6.9000514e+000
  5.5093567e+000  3.4262793e+000
  5.8871726e+000  5.5350910e+000
  2.2183439e+000  2.3698764e+000
  4.8637681e+000  5.4417145e+000
  2.8215036e+000  6.3332814e+000
  2.6253171e+000  4.3500637e+000
  5.5638831e+000  3.5044556e+000
  7.7175239e+000  1.7037976e+000
  2.6654895e+000  1.8113104e+000
  6.5520228e+000  6.6411409e+000
  7.1867528e+000  4.1349275e+000
  5.3555540e+000  2.2612213e+000
  8.0490585e+000  2.6543251e+000
  3.5644337e+000  2.7235654e+000
  8.1469995e+000  6.0220945e+000
  5.5096183e+000  2.7652287e+000
  6.5520502e+000  5.8549465e+000
  7.9151435e+000  6.6995060e+000
  2.8157934e+000  4.5083533e+000
  5.3871582e+000  3.7236060e+000
  5.2894684e+000  3.4567133e+000
  7.9574408e+000  6.1418060e+000
  8.5755445e+000  3.1199485e+000
  2.2353768e+000  4.6112937e+000
  4.9630187e+000  3.2213567e+000
  5.7470670e+000  7.0574671e+000
  4.1106664e+000  2.5986613e+000
  7.3369131e+000  5.5072252e+000
  6.7210095e+000  1.5123530e+000
  3.0288945e+000  1.5995003e+000
  9.4811590e-001  5.7624223e+000
  6.7338258e+000  5.8726034e+000
  3.3698407e+000  8.0965368e+000
  7.5413567e+000  2.6430388e+000
  6.9931696e+000  5.6110737e+000
  6.3628596e+000  7.1201269e+000
  5.8690393e+000  2.8546718e+000
  7.4797573e+000  6.7684809e+000
  2.9766563e+000  4.6107677e+000
  4.2232482e+000  8.2084125e+000
  7.6266415e+000  3.1364531e+000
  8.5065414e+000  8.4252007e+000
  5.9406792e+000  7.5188962e+000
  3.3812526e+000  2.9489384e+000
  1.3111700e+000  4.7804867e+000
  5.1616681e+000  1.8501482e+000
  7.1328428e+000  6.1262601e+000
  7.3918652e+000  4.1887144e+000
  8.0345031e+000  6.6320998e+000
  3.6056562e+000  2.4435280e+000
  1.9167473e+000  7.5729901e+000
  3.0866117e+000  8.1427242e+000
  2.9083790e+000  4.1247330e+000
  5.4625325e+000  4.4540148e+000
  3.2448307e+000  5.1345562e+000
  3.9647586e+000  7.8948562e+000
  3.3266470e+000  6.7322633e+000
  8.3590480e+000  3.1859940e+000
  6.2811687e+000  5.6728273e+000
  2.1908756e+000  7.9162008e+000
  5.9240243e+000  6.1303029e+000
  6.1556108e+000  2.4810391e+000
  3.4478851e+000  8.1323357e+000
  2.4432583e+000  5.0195948e+000
  7.9983569e+000  7.2315774e+000
  4.0819670e+000  9.7913017e+000
  3.8545515e+000  3.0534803e+000
  5.6915053e+000  5.0241633e+000
  6.5259993e+000  7.1133861e+000
  7.7908283e+000  6.9873490e+000
  4.4500038e+000  7.8897414e+000
  3.0732703e+000  2.2922362e+000
  2.2583470e+000  7.5102082e+000
  9.3595572e-001  6.9055605e+000
  2.7203380e+000  2.3758411e+000
  4.7103831e+000  3.5421986e+000
  2.5253052e+000  4.6585213e+000
  5.2699156e+000  3.4930506e+000
  7.5964206e+000  7.9984737e+000
  7.2908536e+000  6.4750984e+000
  5.5586732e+000  1.1521737e+000
  3.9893224e+000  2.7469370e+000
  3.9181232e+000  2.7685706e+000
  2.6226133e+000  7.5559905e+000
  9.3192346e+000  3.3803100e+000
  2.7572187e+000  7.9117000e+000
  1.7809130e+000  6.0087913e+000
  6.0842931e+000  5.5153900e+000
  9.9282673e-001  4.9906110e+000
  3.1265206e+000  8.1723347e+000
  6.2081143e+000  1.1513579e+000
  2.1667023e+000  7.6589086e+000
  3.4613541e+000  7.7304361e+000
  2.0844526e+000  5.1203813e+000
  8.2455573e+000  3.1122542e+000
  2.4070995e+000  2.3953215e+000
  5.7132081e+000  2.2795227e+000
  5.0405520e+000  2.1339750e+000
  3.5691357e+000  2.2908291e+000
  3.2336696e+000  6.6532115e+000
  2.6038722e+000  4.0059304e+000
  2.3409346e+000  5.0732296e+000
  5.0194407e+000  3.4757669e+000
  3.4316498e+000  3.4758971e+000
  2.3589700e+000  5.1142271e+000
  4.5711338e+000  5.8537170e+000
  5.1290373e+000  5.8031061e+000
  7.1284198e+000  8.0417524e+000
  5.7204054e+000  9.9946443e-001
  6.6215820e+000  6.7143696e+000
  6.9175951e+000  2.7049484e+000
  1.9269997e+000  3.8342442e+000
  7.7292690e+000  5.5017972e+000
  7.8150976e+000  2.1372733e+000
  5.4753446e+000  1.5873287e+000
  2.7431393e+000  7.7911733e+000
  3.1218690e+000  7.6104669e+000
  1.6960733e+000  7.4872198e+000
  7.3696986e+000  6.9523650e+000
  7.5099036e+000  2.5945068e+000
  4.0373488e+000  2.5042999e+000
  5.3314737e+000  1.3022431e+000
  5.7604752e+000  3.3512335e+000
  5.7686209e+000  5.7053065e+000
  7.3183189e+000  6.9810479e+000
  7.1669357e+000  5.7231141e+000
  3.4286659e+000  3.6750420e+000
  7.7840926e+000  5.7788483e+000
  1.4543120e+000  7.5551406e+000
  3.3615602e+000  6.8265692e+000
  7.2516393e+000  4.7072536e+000
  7.7947169e+000  6.1176736e+000
  6.2692089e+000  4.1516528e+000
  2.9536510e+000  7.4687196e+000
  7.1171699e+000  1.5360428e-001
  6.4807876e+000  6.7732455e+000
  7.4838392e+000  5.7495177e+000
  2.9317502e+000  4.9891818e+000
  2.4582092e+000  1.7921778e+000
  3.5443521e+000  7.0848198e+000
  6.1752759e+000  3.9237597e+000
  2.9112350e+000  5.1349969e+000
  5.9841922e+000  3.6077543e+000
  3.9413127e+000  8.1457028e+000
  7.0224609e+000  7.0135595e+000
  7.5567402e+000  3.4634735e+000
  4.5841636e+000  3.4296673e+000
  7.1662293e+000  8.6553659e-001
  6.2672637e+000  6.0774681e+000
  9.2612836e-001  2.8070260e+000
  5.8259429e+000  3.0389399e+000
  7.9775800e+000  6.0883857e+000
  6.4097661e+000  6.8638886e+000
  5.4315768e+000  3.5178534e+000
  6.4496587e+000  5.7383904e+000
  8.4442210e+000  2.6966564e+000
  6.6051641e+000  4.5077102e+000
  8.8294400e+000  2.4558827e+000
  7.8246594e+000  7.5657254e+000
  7.4084703e+000  5.7519488e+000
  6.0577782e+000  4.6023442e+000
  3.1822760e+000  2.7178763e+000
  5.1743509e+000  3.6351029e+000
  7.7403320e+000  2.4025150e+000
  2.2636320e+000  5.0558871e+000
  4.6453766e+000  5.1868650e+000
  6.5243734e+000  7.3136302e+000
  3.2595179e+000  7.2786687e+000
  4.8187106e+000  5.8386507e+000
  2.4547460e+000  5.1825080e+000
  7.2780150e+000  6.9260294e+000
  3.5826846e+000  2.3697417e+000
  8.3751176e+000  2.6569242e+000
  2.7885864e+000  8.9822044e+000
  2.4629444e+000  7.2444559e+000
  3.1341464e+000  2.1150302e+000
  1.8766198e+000  7.1293609e+000
  7.7064978e+000  5.6783984e+000
  1.5421512e+000  4.8699198e+000
  4.2099491e+000  7.4911835e+000
  1.4473658e+000  7.5767259e+000
  1.4447570e+000  2.5517279e+000
  6.4239478e+000  7.4491231e+000
  1.8057423e+000  7.8635356e+000
  4.9522900e+000  3.7399547e+000
  9.7932414e-001  6.1174248e+000
  4.1969797e+000  9.0534969e+000
  5.7729095e+000  3.9566156e+000
  6.2975074e+000  4.0705421e+000
  2.5317082e+000  3.9185820e+000
  2.5791305e+000  5.0888025e+000
  1.9439596e+000  6.8362909e+000
  3.0684095e+000  7.2895839e+000
  6.9131536e+000  3.3500934e+000
  5.3993273e+000  3.5693773e+000
  6.5004944e+000  7.3250423e+000
  8.1394032e+000  8.4137886e+000
  7.3990954e+000  5.6740889e+000
  8.4947273e+000  3.4900681e+000
  6.7525564e+000  6.2808817e+000
  2.5045209e+000  5.0937597e+000
  6.9850840e+000 -1.4633007e-001
  3.2351244e+000  8.7511336e+000
  8.5295592e+000  6.5560947e+000
  7.5460596e+000  6.1576001e+000
  8.4429285e+000  7.2857881e+000
  2.5295803e+000  5.3266412e+000
  4.3395287e+000  2.0556265e+000
  2.0300245e+000  2.0120029e+000
  4.4344394e+000  3.4753985e+000
  6.0516706e+000  1.5348991e+000
  3.7844462e+000  2.3501143e+000
  2.8722028e+000  1.6137540e+000
  7.1167422e+000  7.9816739e+000
  5.0245531e+000  3.9988961e+000
  6.8141453e+000  7.0416637e+000
  3.2621319e-002  7.8105874e+000
  7.8602846e+000  6.0301081e+000
  2.7011475e+000  1.9075527e+000
  1.8782628e+000  7.7322605e+000
  7.7405730e+000  6.8436018e+000
  3.3345346e+000  8.1244915e+000
  7.1558244e+000  5.6659029e+000
  2.4918262e+000  4.9896055e+000
  7.7997251e+000  6.7794931e+000
  5.1039474e+000  3.5123210e+000
  1.8025159e+000  8.9393462e+000
  2.8128734e+000  8.9416457e+000
  3.9765664e+000  2.7027020e+000
  5.5524949e+000  2.8783270e+000
  6.5047311e+000  1.8330115e+000
  1.7413008e+000  6.9502090e+000
  7.9907956e+000  1.8235064e+000
  2.4903341e+000  4.7842382e-001
  6.9216422e+000  2.1656842e+000
  8.3577591e+000  8.0483770e+000
  6.2620018e+000  3.8581726e+000
  7.7828361e+000  6.6063634e+000
  5.4537239e+000  5.2887625e+000
  7.6954217e+000  2.8011806e+000
  7.7153102e+000  6.0193088e+000
  2.9413387e+000  7.8338702e+000
  2.7523265e+000  5.1965078e+000
  2.5090292e+000  3.0896148e+000
  7.8943855e+000  2.7226548e+000
  3.3016217e+000  7.1742041e+000
  2.4289163e+000  2.2819407e+000
  6.8298681e+000  7.0385614e+000
  7.8977800e+000  7.0888895e+000
  5.5461846e+000  3.0649601e+000
  6.3713772e+000  7.0030869e+000
  7.2726425e+000  5.3719551e+000
  2.8519007e+000  4.6119760e+000
  3.7345229e+000  2.6447277e+000
  6.5506608e+000  5.7843802e+000
  9.1014911e+000  3.2053296e+000
  8.8742670e+000  3.4754509e+000
  7.0911678e+000  7.2767571e+000
  6.1750266e+000  5.3291595e+000
  5.5152910e+000  4.1923250e+000
  2.1821290e+000  2.9625174e+000
  6.7574409e+000  5.5528119e+000
  2.8776289e+000  2.6367282e+000
  7.9130602e+000  5.6155917e+000
  1.0872531e+000  4.0489396e+000
  2.9076391e+000  2.3711482e+000
  7.4373095e+000  6.0118823e+000
  5.8762249e+000  7.2132681e+000
  5.2410940e+000  2.9331360e+000
  4.8019922e+000  2.9240133e+000
  2.6870381e+000  1.1394393e+000
  2.8854977e+000  4.4222237e+000
  7.2940076e+000  3.7413693e+000
  2.4832087e+000  3.4091558e+000
  7.8533305e+000  7.0409909e+000
  1.4599251e+000  5.9506550e+000
  2.6651967e+000  2.4908114e+000
  5.7107426e+000  4.2016403e+000
  7.7249844e+000  5.7249177e+000
  3.6345443e+000  2.9285152e+000
  2.5372909e+000  5.2855906e+000
  7.1420287e+000  7.0012645e+000
  3.5236168e+000  8.7211585e+000
  1.6405389e+000  7.6241563e+000
  7.5395482e+000  1.1291819e-002
  2.2037140e+000  8.1676100e+000
  7.5698359e+000  5.8706023e+000
  7.5123210e+000  5.9310730e+000
  2.9185229e+000  2.7079718e+000
  5.1259792e+000  1.8468574e+000
  6.2282836e+000  5.3699138e+000
  2.4259804e+000  7.7087913e+000
  7.8554794e+000  6.6612716e+000
  3.5172295e+000  7.7874324e+000
  2.7674270e+000  7.1418378e+000
  6.9370933e+000  6.2242466e+000
  7.6196704e+000  6.7615966e+000
  6.0457543e+000  2.4517328e+000
  6.4745324e+000  5.9604118e+000
  3.0907985e+000  5.0689103e+000
  7.6410471e+000  6.4803410e+000
  4.7027739e+000  5.8642442e+000
  7.6290719e+000  5.7525284e+000
  5.6130590e+000  3.1624354e+000
  9.3287385e+000  3.7033887e+000
  5.8964245e+000  2.6127633e+000
  2.3710694e-001  4.3460275e+000
  5.7777786e+000  2.3505985e+000
  4.6900298e+000  7.7512342e+000
  2.3575421e+000  7.6748447e+000
  4.4854658e+000  3.7453136e+000
  1.3471427e+000  7.6879246e+000
  3.3196718e+000  7.8612289e+000
  7.9074652e+000  3.1226089e+000
  1.4523230e+000  7.9145221e+000
  5.1021903e+000  4.5700362e+000
  6.5848321e+000  7.2831463e+000
  3.7434644e+000  2.7847787e+000
  2.6126865e+000  7.9028518e+000
  6.8553641e+000  6.4748943e+000
  3.7617817e+000  2.6479381e+000
  7.9834420e+000  6.8370622e+000
  2.6049018e+000  7.8281445e+000
  5.0372805e+000  5.0612599e+000
  6.9989500e+000  7.6165111e+000
  3.5184953e+000  2.7121866e+000
  7.4420678e+000  5.5195311e+000
  6.2864588e+000  2.9305342e+000
  1.4051518e+000  7.7329990e+000
  1.8929350e+000  7.9112169e+000
  7.3801537e+000  7.0499151e+000
  1.2005297e+000  6.0262044e+000
  2.6673395e+000  5.4112103e+000
  5.3847866e+000  5.3836633e+000
  6.0646759e+000  4.1745104e+000
  2.9106009e+000  2.0782972e+000
  7.4276531e+000  7.5593369e+000
  6.9392177e+000  7.1694972e+000
  6.4399709e+000  2.0883021e+000
  7.0189675e+000  6.3831168e+000
  2.7692053e+000  5.4009462e+000
  8.3158807e+000  2.8911717e+000
  2.7548661e+000  5.1154829e+000
  2.6496908e+000  2.3242928e+000
  4.9553582e+000  3.4430606e+000
  6.6878439e+000  5.5533878e+000
  3.1434425e+000  7.1920271e+000
  6.8020935e+000  5.8529204e+000
  5.2541059e+000  2.9265456e+000
  7.8285091e+000  5.7714922e+000
  3.1488184e+000  6.8574974e+000
  7.8882712e+000  2.6333691e+000
  2.2367979e+000  2.3778756e+000
  7.5504757e+000  6.9649978e+000
  2.5105647e+000  7.5506335e+000
  3.4534508e+000  2.3828798e+000
  7.0571243e+000  6.8413897e+000
  6.0800224e+000  1.6080235e+000
  1.1086270e+000  4.2911390e+000
  2.2569419e+000  2.5454237e+000
  7.1003774e+000  6.9335560e+000
  5.7086879e+000  2.4598729e+000
  7.7401996e-001  3.2017281e+000
  3.2489633e+000  2.5680776e+000
  1.6209276e+000  3.9758790e+000
  4.9718191e+000  6.0771120e+000
  3.7059441e-001  3.7855129e+000
  5.6381551e+000  3.2721037e+000
  7.4534637e+000  6.5564710e+000
  7.2698599e+000  6.0570285e+000
  2.8748326e+000  4.6451475e+000
  2.6845678e+000  5.0461060e+000
  6.9419839e+000  6.8730148e+000
  2.3737276e+000  2.7822854e+000
  9.3383451e+000  3.6637758e+000
  9.4241327e+000  4.0201614e+000
  6.1110546e+000  6.3091562e+000
  2.1763924e+000  4.8786439e+000
  2.8521730e+000  5.1033227e+000
  8.8803103e+000  3.8450711e+000
  7.8266744e+000  6.7745467e+000
  4.0423636e+000  8.3824717e+000
  2.8182343e+000  2.7530662e+000
  7.9993811e+000  7.2362691e+000
  6.7981314e+000  5.6285646e+000
  7.2874191e+000  2.9714591e+000
  3.9774486e+000  9.1239138e+000
  2.3319957e+000  2.2944005e+000
  3.1292842e+000  8.3671934e+000
  7.2947476e+000  5.5014598e+000
  5.7899877e+000  3.7389608e+000
  7.2882698e+000  6.0026363e+000
  2.5082643e+000  2.9950063e+000
  6.7353963e+000  6.2477384e+000
  2.8224445e+000  7.0244511e+000
  2.9194787e+000  8.6068701e-001
  5.8880470e+000  4.6575343e+000
  6.5288739e+000  7.0827706e+000
  6.4583551e-001  4.0365707e+000
  6.3220834e+000  6.0205104e+000
  7.5517785e+000  1.1885440e+000
  7.4671654e+000  6.0284628e+000
  1.0625369e+000  2.2993594e+000
  7.7243483e+000  6.7769856e+000
  5.4365475e+000  2.6898482e+000
  6.1277624e+000  1.6101736e+000
  2.0475209e+000  2.1055473e+000
  6.9543123e+000  7.4029581e+000
  7.8586521e+000  6.0498518e+000
  8.1197741e+000  7.1861095e+000
  2.9791888e+000  7.8026779e+000
  3.0429767e+000  7.5905664e+000
  7.3150726e+000  7.9089305e+000
  6.7757376e+000  2.2006391e+000
  2.9789406e+000  7.0364971e+000
  3.2959747e+000  4.1501956e+000
  7.5928491e+000  5.9741369e+000
  5.6705580e+000  1.1087445e+000
  7.2401374e+000  5.4500665e+000
  6.8305905e+000  6.8633758e+000
  2.2132838e+000  8.6519674e+000
  6.6550651e+000  5.4771622e+000
  2.5550248e+000  7.4356791e+000
  5.3170284e+000  1.6095537e+000
  1.5117537e+000  7.4290727e+000
  2.6800366e+000  2.5995374e+000
  8.9269861e+000  9.0154596e-001
  4.4397547e+000  5.9030849e+000
  6.0658491e+000  2.0288629e+000
  3.3334951e+000  2.4609216e+000
  7.5164395e+000  5.7889763e+000
  7.5572444e+000  3.5533077e+000
  7.1541327e+000  6.8697113e+000
  3.3610206e-001  4.9099862e+000
  3.6456091e+000  9.6549137e+000
  2.9216968e+000  1.9629561e+000
  1.5738763e+000  6.4658744e+000
  2.2150426e+000  8.1589515e+000
  2.2457229e+000  2.5444926e+000
  5.0835517e+000  5.0288796e+000
  6.7197287e+000  1.6426936e+000
  1.8566268e+000  7.0397216e+000
  8.2444720e+000  2.1752453e+000
  1.4602022e+000  4.8121133e+000
  2.1777320e+000  7.9052890e+000
  3.0395048e+000  5.1128319e+000
  7.2578370e+000  6.8226947e+000
  6.1343632e+000  5.7186318e+000
  7.9021896e+000  6.7743076e+000
  7.2708932e+000  6.4965498e+000
  6.3212466e+000  7.0186000e+000
  7.0054593e+000  2.4158821e+000
  5.1139091e+000  4.1815809e+000
  6.7447604e+000  5.8502819e+000
  3.4223190e+000  2.8159967e+000
  3.1608298e+000  5.0839958e+000
  3.1427819e+000  4.1173255e+000
  9.2168152e+000  3.1172115e+000
  1.6814021e+000  7.8576200e+000
  6.8427837e+000  7.1006764e+000
  3.2254514e+000  8.6760193e+000
  3.2911229e+000  4.4970483e+000
  7.3588336e+000  5.8862703e+000
  5.5993043e+000  7.1559811e-001
  5.0576500e+000  4.7915502e+000
  5.6447884e+000  1.4972665e+000
  2.3749541e+000  4.5790678e+000
  7.7806283e+000  6.9487466e+000
  6.4907379e+000  6.0559714e+000
  8.0384567e+000  7.0337533e+000
  6.9178065e+000  5.4552662e+000
  6.2678362e+000  4.7785157e+000
  4.0734814e+000  2.6756103e+000
  7.3933938e+000  6.9054897e+000
  2.1906742e+000  5.7891674e+000
  7.2003416e+000  6.0567766e+000
  2.4095709e+000  5.0274346e+000
  2.1342101e+000  7.8307476e+000
  5.5319295e+000  2.5167262e+000
  2.2094815e+000  2.4505525e+000
  3.2277668e+000  7.3878544e+000
  2.9625767e+000  4.8929143e+000
  3.5023625e+000  7.8937674e+000
  2.1261671e+000  5.1728742e+000
  2.6503887e+000  4.6440702e+000
  7.4147299e+000  5.8589019e-001
  7.1466325e+000  2.0887697e+000
  6.0237727e+000  5.8464211e+000
  5.9305088e+000  7.2117146e+000
  2.2048501e+000  2.3761176e+000
  3.7379759e+000  7.5827467e+000
  5.5195901e+000  2.0425531e+000
  5.2732577e+000  2.7759391e+000
  7.1427620e+000  1.8718670e+000
  6.9139523e+000  2.9677308e+000
  2.1789749e+000  7.4874333e+000
  5.5064545e+000  3.8473548e+000
  7.2986504e+000  1.4633027e+000
  3.9526336e+000  7.0866646e+000
  6.2331994e+000  5.8280596e+000
  6.9827625e+000  7.3138508e+000
  8.7543579e+000  3.1433722e+000
  3.2260911e+000  2.8165461e+000
  4.9653983e+000  1.7825899e+000
  2.3920067e+000  3.0049904e+000
  1.7573953e+000  8.9495568e+000
  2.5244715e+000  7.9866312e+000
  7.2330355e+000  5.6883315e+000
 -2.7058800e-001  8.4727595e+000
  8.7628922e+000  3.8692538e+000
  6.1739641e+000  5.5400061e+000
  2.7683057e+000  2.2095364e+000
  5.8298658e+000  7.0492277e+000
  4.7180230e+000  6.4542212e+000
  4.3373811e+000  3.7896293e+000
  2.2676807e+000  4.2794944e+000
  6.2922706e+000  3.6772713e+000
  3.1663932e+000  4.7939089e+000
  6.0568545e+000  3.9004913e+000
  2.9079227e+000  4.5015654e+000
  3.9317316e+000  8.5807531e+000
  6.5030825e+000  6.7063798e+000
  6.5318731e-001  3.3628534e+000
  2.5270515e+000  2.6735128e+000
  3.4009362e+000  2.9351312e+000
  9.5124727e+000  3.3095190e+000
  1.9029254e+000  6.8453114e+000
  7.8181236e+000  4.0311284e+000
  2.3337800e+000  4.2858404e+000
  4.9766871e+000  1.5592428e+000
  6.1204251e+000  5.9764051e+000
  8.2294697e+000  5.0985536e+000
  7.6059168e+000  2.9174527e+000
  9.1398287e+000  3.2832476e+000
  4.4760084e+000  7.2881227e+000
  5.8123037e+000  2.1278435e+000
  7.0387486e+000  6.5508712e+000
  4.3680024e+000  2.0597444e+000
  2.9895816e+000  8.0833657e+000
  5.2794760e+000  4.9253781e+000
  8.3746409e+000  6.3117530e+000
  3.6674799e+000  2.5180606e+000
  7.8408468e+000  5.6715208e+000
  5.1761232e-001  3.9392894e+000
  2.5338910e+000  5.0976982e+000
  7.9625543e+000  6.6415314e+000
  7.4817930e+000  3.0029541e+000
  2.8869419e+000  2.0423426e+000
  2.4316283e+000  5.2105058e+000
  2.9126989e+000  8.6955166e+000
  8.4849237e+000  2.6846711e+000
  5.4582983e+000  3.5105789e+000
  8.4725905e+000  2.2122743e+000
  7.5025272e+000  5.6328795e+000
  2.5799785e+000  3.8230929e+000
  6.4628040e+000  7.3644623e+000
  7.7708478e+000  5.9440594e+000
  5.9023419e+000  2.9722072e+000
  6.6776215e+000  7.6397374e+000
  7.3526571e+000  6.8301800e+000
  2.2529795e+000  5.5063917e+000
  6.1058991e+000  6.0546976e+000
  6.7217695e+000  5.5617788e+000
  3.2365247e+000  7.6955486e+000
  5.4712617e+000  3.2632556e+000
  2.1106646e+000  4.8143230e+000
  3.2404369e+000  5.0593846e+000
  7.4348405e+000  5.6800244e+000
  5.7038208e+000  2.0498325e+000
  4.7003291e+000  4.8679716e+000
  2.7960172e+000  9.4520780e+000
  7.7654027e+000  5.7917319e+000
  1.2510638e+000  2.4862111e+000
  5.5099956e+000  4.8515487e+000
  6.7645216e+000  1.3686421e+000
  6.2024432e+000  3.7775457e+000
  7.5188795e+000  3.0464274e+000
  6.5094545e+000  6.8124450e+000
  5.7193584e+000  7.0960877e+000
  7.0411987e+000  7.0452864e+000
  2.4259821e+000  2.5816657e-001
  6.5154834e-001  5.4152599e+000
  3.3500112e+000  2.2217735e+000
  2.9487255e+000  8.1572668e+000
  5.8373126e+000  4.4871522e+000
  4.1280521e+000  7.9487221e+000
  5.1916020e+000  3.0434292e+000
  2.1376015e+000  6.9053394e+000
  7.0446245e+000  2.0087267e+000
  8.7655129e+000  3.3280348e+000
  4.0377934e+000  9.2576742e+000
  3.8083481e+000  2.7062468e+000
  7.0639031e+000  6.5446124e+000
  2.4355383e+000  3.1462415e+000
  7.8570895e+000  2.8236919e+000
  7.3273486e+000  1.9629657e+000
  2.7598767e+000  4.3597508e+000
  6.5287979e+000  5.7817819e+000
  6.2324990e+000  3.0810484e+000
  2.2627149e+000  2.0419155e+000
  5.0584187e+000  4.5227194e+000
  4.5280569e+000  4.5106799e+000
  1.7758023e+000  7.3633383e+000
  6.5186941e+000  5.2467153e+000
  5.2286821e+000  1.9506909e+000
  2.4083621e+000  6.7113435e+000
  2.2850089e+000  8.0459451e+000
  8.0839318e+000  2.2832224e+000
  3.2403781e+000  7.1831029e+000
  6.0033782e+000  7.5727661e+000
  7.1255532e+000  7.5642923e+000
  3.7298647e+000  2.3567448e+000
  2.1136237e+000  7.5123077e+000
  7.6133963e+000  5.4908727e+000
  6.1623404e+000  7.5320757e+000
  2.6964034e+000  4.5445548e+000
  3.7295115e+000  2.7891236e+000
  1.2909139e+000  4.2980330e+000
  6.0430095e+000  3.7154521e+000
  6.3649313e+000  1.6279039e+000
  8.4814699e+000  6.6711168e+000
  7.5691380e+000  7.7551115e+000
  1.3518613e+000  7.7044741e+000
  7.1822071e+000  6.8625239e+000
  8.8178681e+000  5.9235034e+000
  6.3555190e+000  5.3837491e+000
  8.3626072e+000  2.8254589e+000
  7.9324345e+000  7.7979201e+000
  6.1490888e+000  6.8426097e+000
  2.2336169e+000  7.3895123e+000
  2.6422489e+000  8.2762999e+000
  6.7963492e+000  2.7236126e+000
  7.0838623e+000  6.8008707e+000
  7.5630991e+000  6.7409372e+000
  7.3039974e+000  5.5399476e+000
  5.8847052e+000  6.9706156e+000
  2.0572562e+000  2.5300151e+000
  7.7145211e+000  7.8625405e+000
  6.7512438e+000  7.7724104e+000
  6.8820549e+000  6.7816386e+000
  8.2354909e+000  3.1268498e+000
  3.3996456e+000  2.6478647e+000
  3.9889379e+000  2.8224334e+000
  7.5848061e+000  6.0326843e+000
  6.1165279e+000  1.2865691e+000
  7.1906818e+000  6.8699729e+000
  6.6249467e+000  5.4766626e+000
  7.4576439e+000  1.4946075e+000
  6.0895903e+000  7.0856608e+000
  4.9927764e+000  5.2710077e+000
  9.2428841e+000  2.9871883e+000
  5.5169920e+000  4.4573720e+000
  5.8725911e+000  3.5562540e+000
  7.9144717e+000  6.4771255e+000
  8.6006301e+000  2.9061350e+000
  2.7220154e+000  9.3528095e+000
  2.9281598e+000  8.4313783e+000
  5.0635177e+000  3.0746559e+000
  5.5963312e+000  1.3983619e+000
  6.2680381e+000  7.2782059e+000
  5.7592123e+000  3.5856293e+000
  2.9125597e+000  7.5592739e+000
  6.7224377e+000  7.0304851e+000
  3.2877214e+000  3.7543347e+000
  6.0754460e+000  2.2705437e+000
  7.2738801e+000  1.1340234e-001
  2.4238765e+000  7.3890847e+000
  5.6988966e+000  3.2230655e+000
  7.7264343e+000  6.7405214e+000
  4.8286467e+000  4.2716346e+000
  7.7103920e+000  3.6997265e+000
  5.5836439e+000  2.1357484e+000
  5.1316142e+000  3.7216430e+000
  9.1635177e+000  3.3212109e+000
  6.9993841e+000  7.1744573e+000
  1.8445411e+000  2.6779821e+000
  7.5612536e+000  7.1402769e+000
  6.6235669e+000  6.2819601e+000
  6.0631244e+000  2.3087631e+000
  2.3916381e+000  2.1257674e+000
  4.3885248e+000  8.1966048e+000
  1.9020385e+000  5.3781088e+000
  3.0439467e+000  2.8354069e+000
  2.6767751e+000  8.2275183e+000
  4.0392084e+000  2.8370900e+000
  2.6423782e+000  8.2512504e+000
  2.2801153e+000  4.6891085e+000
  5.6895024e+000  7.7050792e+000
  3.4089137e+000  8.3166753e+000
  5.8704577e+000  2.3505156e+000
  7.5308484e+000  6.7881748e+000
  1.0411400e+000  8.6064774e+000
  3.7862073e+000  2.8048320e+000
  2.5857485e+000  1.8044419e+000
  1.3801004e+000  2.3595467e+000
  7.3158211e+000  6.4795773e+000
  7.0480239e+000  6.9229983e+000
  1.5683060e+000  7.4080716e+000
  7.7255192e+000  5.9665515e+000
  7.9165727e+000  6.3352962e+000
  2.9589523e+000  7.1939152e-001
  2.7164863e+000  4.6628563e+000
  9.0167463e+000  3.7634030e+000
  4.8995977e+000  2.8468744e+000
  6.8318139e+000  7.0716642e+000
  2.8894060e+000  2.4762667e+000
  5.3787720e+000  3.7094158e+000
  2.3144260e+000  2.5073405e+000
  6.8624955e+000  9.7885042e-001
  5.9095255e+000  1.2112513e+000
  6.6264705e+000  4.3641647e+000
  2.8268293e+000  3.7438085e+000
  2.4064638e+000  4.2693881e+000
  8.4774118e+000  3.7076944e+000
  7.5165564e+000  6.8509127e+000
  1.9613748e+000  3.9576028e+000
  5.4691435e+000  1.4405212e+000
  3.1891654e-001  4.3901932e+000
  7.6391601e+000  7.1246140e+000
  2.2967358e+000  1.8872985e+000
  7.0809361e+000  7.1673960e+000
  2.9000258e+000  7.5783710e+000
  5.7834902e+000  4.1568958e+000
  7.1571286e+000  6.7403150e+000
  6.0400683e+000  2.2402476e+000
  7.4107957e+000  4.1873954e+000
  6.0399402e+000  2.6453372e+000
  7.3598475e+000  7.2577063e+000
  6.8468219e+000  7.1870408e+000
  3.7730064e+000  2.9125557e+000
  2.7424027e+000  7.9854327e+000
  7.9158268e+000  6.7921677e+000
  5.5054196e+000  2.0638450e+000
  2.9155214e+000  7.2129170e+000
  6.2942101e+000  6.3192691e+000
  8.0111679e+000  2.5017581e+000
  7.1018780e+000  7.2793537e+000
  2.6813846e+000  8.0866785e+000
  4.9808567e+000  4.4063492e+000
  3.0887606e+000  7.5135230e+000
  9.5226862e+000  3.4196557e+000
  4.9346674e+000  7.5058443e+000
  7.6543464e+000  3.2279920e+000
  7.2923084e+000  5.7936228e+000
  7.4807348e+000  6.0379718e+000
  5.7875909e+000  1.0690807e+000
  2.9284066e+000  5.7888666e-001
  8.5076687e+000  8.1901969e+000
  8.2608480e+000  9.8248888e-001
  8.9647598e+000  3.2571568e+000
  3.2521485e+000  2.3873476e+000
  7.7944324e+000  5.8131977e+000
  8.2020446e+000  6.0151023e+000
  5.7027386e+000  1.4104395e+000
  3.2240193e+000  3.1067687e+000
  6.6990401e+000  6.6530162e+000
  3.6535520e+000  3.6204258e+000
  2.6037885e+000  4.3702780e+000
  6.7319333e+000  3.5407269e+000
  7.4768893e+000  7.3238718e+000
  7.2293934e+000  5.9947066e+000
  7.5888394e+000  7.7263879e+000
  2.8953746e+000  5.3437169e+000
  8.6373656e+000  6.8801751e+000
  4.2439840e+000  7.8370211e+000
  7.3686599e+000  8.0773630e+000
  6.7516019e+000  6.2946187e+000
  6.8953675e+000  6.5325776e+000
  7.5381472e+000  6.2042184e+000
  6.0963255e+000  3.9450330e+000
  7.8253241e+000  7.1058023e+000
  5.1430429e+000  3.4483228e+000
  6.5016706e+000  7.1579951e+000
  2.4912613e+000  6.9930343e+000
  3.4546418e+000  2.5664839e+000
  3.0719830e+000  7.9280441e+000
  5.7807949e+000  2.4229652e+000
  7.6902371e+000  6.0113827e+000
  7.6134503e+000  6.3299014e+000
  1.9366009e+000  7.5823705e+000
  4.8827625e+000  2.2283242e+000
  3.1924758e+000  5.2679474e+000
  5.9828582e+000  4.8000803e+000
  5.1280452e+000  4.6274511e+000
  3.7220411e+000  2.4504671e+000
  7.7413264e+000  6.9984994e+000
  2.4276127e+000  4.9779980e+000
  2.1533081e+000  8.1469094e+000
  7.5744326e+000  6.9613865e+000
  2.3097742e+000  4.7764134e+000
  6.1530740e+000  7.0651980e+000
  3.1104074e+000  7.8452900e+000
  6.5478446e+000  5.1805739e+000
  7.4357540e+000  7.3324055e+000
  1.7299596e+000  7.1700606e+000
  2.7335093e-001  4.6863155e+000
  7.7429875e+000  6.1644967e+000
  2.6300216e+000  7.8854655e+000
  6.0551130e+000  2.1752387e+000
  2.7455976e+000  5.0739196e+000
  6.0512196e+000  4.7933401e+000
  6.8803424e+000  6.0188214e+000
  1.8623288e+000  7.9569181e+000
  7.8236419e+000  7.5325880e+000
  2.7792113e+000  7.3444701e+000
  4.9202104e+000  3.3568351e+000
  2.5703874e+000  7.7940570e+000
  7.4092794e+000  5.6373417e+000
  6.8110301e+000  2.3368555e+000
  7.2896724e+000  7.0248477e+000
  2.1645477e+000  7.7703959e+000
  7.3094755e+000  5.8346043e+000
  6.9799393e+000  7.0203308e+000
  7.6170641e+000  5.8476643e+000
  7.3000661e+000  6.8452629e+000
  6.4104098e+000  4.8320404e+000
  7.6113356e+000  5.5892519e+000
  7.5371574e+000  2.3546947e+000
  7.3204102e+000  7.7302239e+000
  7.5812561e+000  5.6657668e+000
  2.6025002e+000  2.8236514e+000
  9.1193374e+000  3.5707644e+000
  5.9092108e+000  2.6806447e+000
  7.2859457e+000  6.0383894e+000
  4.6106894e+000  3.8045835e+000
  2.1088787e+000  3.4903456e+000
  1.9175803e+000  9.0683323e+000
  3.9105987e+000  6.9038907e+000
  6.6295674e+000  6.9943502e+000
  6.0609810e+000  3.1926571e+000
  4.9507520e+000  1.5584142e+000
  7.1885122e+000  2.5712670e+000
  7.6775851e+000  6.0180880e+000
  6.2403827e+000  1.3905725e+000
  2.3477440e+000  2.8444805e+000
  7.4221274e+000  7.3097239e+000
  6.9776931e+000  7.2499224e+000
  1.7382518e+000  8.0356713e+000
  2.3499201e+000  2.2702125e+000
  6.6321563e+000  6.6575021e+000
  5.7871323e+000  6.9653825e+000
  2.4725404e+000  5.2188526e+000
  7.2383094e+000  2.4464030e+000
  6.8317215e+000  5.9201237e+000
  7.2968793e+000  5.4496331e+000
  8.1402075e+000  6.1973481e+000
  4.8500629e+000  5.7916528e+000
  9.8162243e-001  2.7941430e+000
  2.7233535e+000  9.3690764e+000
  1.6337549e+000  7.6682894e+000
  7.1382924e+000  2.4676750e+000
  6.2954108e+000  1.9438352e+000
  5.5476276e+000  3.5822565e+000
  6.8748367e+000  6.3368638e+000
  5.1985417e+000  3.8386386e+000
  2.1058359e+000  2.3523352e+000
  2.4779499e+000  4.7942586e+000
  2.5018029e+000  2.1439962e+000
  1.0060526e+000  3.6267635e+000
  1.7867546e+000  7.4418779e+000
  7.4213946e+000  6.4939284e+000
  1.9258128e+000  4.8941333e+000
  3.4907149e+000  9.1216915e+000
  5.0707859e+000  1.8255069e+000
  3.3211353e+000  2.2419384e+000
  2.7705493e+000  5.2329971e+000
  8.2722768e+000  2.5924300e+000
  7.1995363e+000  7.2723947e+000
  4.7463219e+000  2.1922787e+000
  1.6632915e+000  7.2961794e+000
  1.3532373e+000  7.3905192e+000
  1.8986815e+000  4.3991690e+000
  7.3698483e+000  7.1019281e+000
  3.0586690e+000  8.2057732e-001
  6.9337519e+000 -2.1293466e-001
  3.4089037e+000  7.8381057e+000
  7.6540568e+000  2.4664431e+000
  1.7993109e+000  2.6031077e+000
  2.5012134e+000  4.9614793e+000
  2.5299269e+000  7.6904074e+000
  7.0381111e+000  7.6694263e+000
  2.9604464e+000  4.0122144e+000
  1.9944152e+000  2.0020925e+000
  2.7469442e+000  4.8717216e+000
  5.5056596e+000  3.3573293e+000
  2.4667191e+000  4.5547990e+000
  6.8865630e+000  2.4847251e-001
  3.0058402e+000  7.7886820e+000
  7.4868675e+000  7.0970233e+000
  1.9198957e+000  6.3110794e+000
  2.5286911e+000  6.4147323e+000
  8.2145796e+000  6.1299391e+000
  1.1267788e+000  3.5449655e+000
  4.3171125e+000  2.3918784e+000
  1.3651234e+000  8.6641806e+000
  6.5128395e+000  7.5201313e+000
  4.8687910e+000  5.0306505e+000
  2.3100284e+000  2.4539036e+000
  2.5708027e+000  7.8039036e+000
  2.6504528e+000  7.1746532e+000
  5.9656487e+000  3.4955731e+000
  2.6147230e+000  2.1339218e+000
  7.0924265e+000  6.4681494e+000
  6.9930400e+000  1.2290873e+000
  3.8837051e+000  5.0296445e+000
  6.3904299e+000  3.5865522e+000
  3.5708548e+000  2.6372769e+000
  7.2100124e+000  5.6108939e+000
  7.5662909e+000  7.2891962e+000
  6.7513131e+000  7.0283087e+000
  5.3772674e+000  3.8433912e+000
  4.7805892e+000  3.3879578e+000
  9.0033446e-001  2.6819061e+000
  2.7655259e+000  5.0557220e+000
  5.6253306e+000  1.4520488e+000
  6.7547223e+000  7.4034945e+000
  6.4043762e+000  6.0564835e+000
  3.7313720e+000  2.2999633e+000
  2.9341216e+000  2.1406246e+000
  6.2144181e+000  7.4051088e+000
  6.1777218e+000  7.0463639e+000
  2.2061220e+000  5.5483897e+000
  2.1379625e+000  5.9420918e+000
  5.7328202e+000  4.0526193e+000
  7.4026038e+000  5.7805465e+000
  4.8479829e+000  1.5513556e+000
  6.7210411e+000  2.2338307e+000
  3.1092888e+000  9.6730801e-001
  6.8029114e+000  2.3136051e-001
  1.7653310e+000  5.9968654e+000
  2.3256560e+000  8.0956644e+000
  1.3573646e+000  2.8593314e+000
  6.9736476e+000  4.3949420e+000
  4.0420298e+000  2.2615626e+000
  7.3721245e+000  2.5860861e+000
  5.7095310e+000  5.7917378e+000
  2.4098899e+000  5.0719069e+000
  3.3994692e+000  2.6213311e+000
  2.5785360e+000  2.5973811e+000
  3.2668750e+000  7.5146768e+000
  6.2961447e+000  5.0304616e+000
  7.1454325e+000 -2.8499675e-001
  3.0380307e+000  6.9435126e+000
  8.1793068e+000  6.0168963e+000
  5.1058621e+000  4.1806296e+000
  2.1711715e+000  2.8380676e+000
  5.5033153e+000  4.1332417e+000
  2.4722898e+000  4.7724596e+000
  4.9521482e+000  4.6639816e+000
  6.7635233e+000  6.7666388e+000
  7.1277014e+000  1.7705869e+000
  7.4331709e+000  2.6228555e+000
  7.3842398e+000  6.6158873e+000
  6.8589871e+000  6.6309524e+000
  8.5546140e+000  3.4920611e+000
  1.6657071e+000  7.8648839e+000
  1.8700943e+000  7.1949535e+000
  5.4512120e+000  4.6326098e+000
  9.4480117e+000  2.8967160e+000
  6.2655286e+000  3.6322296e+000
  5.4790168e+000  2.8120745e+000
  6.0167186e+000  4.2624298e+000
  2.7525289e+000  5.6851750e+000
  2.6850312e+000  5.5249135e+000
  5.3040785e+000  3.1789072e+000
  7.5019585e+000  1.9092651e+000
  5.0650056e+000  5.5861769e+000
  1.9564987e+000  6.8908362e+000
  6.8476028e+000  6.4241742e+000
  2.6549924e+000  8.2375382e+000
  2.5390298e+000  2.5890528e+000
  6.9907564e+000  6.9348619e+000
  6.9322872e+000  7.3568738e+000
  8.2726817e+000  5.8596950e+000
  6.9433418e+000  5.9444111e+000
  5.2532290e+000  3.8883348e+000
  6.2631524e+000  6.3965537e+000
  6.5777403e+000  6.0874246e+000
  2.5707544e+000  8.5455936e+000
  5.5866104e+000  1.3896006e+000
  6.2349924e+000  6.0889786e+000
  6.7354842e+000  7.7002224e+000
  7.3822104e+000  3.4162371e+000
  6.1969015e+000  7.4733729e+000
  2.4073386e+000  9.3872366e+000
  4.9215492e+000  3.8375355e+000
  6.9329774e+000  6.8086743e+000
  7.4215369e+000  2.2294409e+000
  6.9584909e+000  2.3754611e+000
  2.3667366e+000  8.0468269e+000
  2.1865775e+000  7.0553645e+000
  3.8261102e+000  8.3427956e+000
  3.3739305e+000  2.5262119e+000
  2.2546497e+000  7.6534743e+000
  7.1112074e+000  8.0538775e+000
  5.5351799e+000  2.7245643e+000
  3.8603055e+000  2.8039869e+000
  2.6865458e+000  7.1749233e+000
  5.5578094e+000  2.0814934e+000
  2.7256202e+000  4.7043045e+000
  3.7385866e+000  2.8526355e+000
  7.7793267e+000  5.7218254e+000
  5.3737081e+000  2.5318250e+000
  5.9089262e+000  2.1364171e+000
  2.8201675e+000  7.8088230e+000
  6.5433921e+000  6.0319693e+000
  6.1436032e+000  4.8604324e+000
  5.0043508e+000  7.1123688e+000
  7.5747399e+000  5.7883823e+000
  3.7106713e+000  2.7293772e+000
  3.9151295e+000  2.9628068e+000
  2.9722708e+000  4.9697817e+000
  2.8213856e+000  4.7303344e+000
  7.9664925e+000  7.0308947e+000
  8.2944873e+000  6.3180276e+000
  3.6737354e+000  2.4474962e+000
  6.1737587e+000  6.2011647e+000
  3.8549551e+000  3.1162495e+000
  5.6490176e+000  4.9745754e+000
  4.3046999e+000  7.7158742e+000
  6.1169870e+000  3.5751908e+000
  5.9045190e+000  7.0213046e+000
  8.8840616e+000  3.1191959e+000
  3.3882922e+000  7.7836932e+000
  8.0828094e+000  6.2089265e+000
  7.1473172e+000  2.1958687e+000
  1.9496424e+000  5.5578038e+000
  5.8762732e+000  5.1631021e+000
  7.0940875e+000  5.5213889e+000
  7.8738364e+000  6.9793612e+000
  7.2648775e+000  1.1876198e+000
  7.4913032e+000  6.8195270e+000
  7.2199432e+000  5.8612169e+000
  3.1806201e+000  7.6406187e+000
  5.6984055e+000  1.3883063e+000
  3.5475596e+000  2.4065627e+000
  2.8463773e+000  8.1217160e+000
  6.1363860e+000  3.8744367e+000
  6.7562458e+000  7.6714459e+000
  2.3777366e+000  3.0313445e+000
  2.5751377e+000  4.0210704e+000
  5.8595159e+000  3.8489818e+000
  4.5737825e+000  6.3880083e+000
  1.0792616e+000  3.7342927e+000
  5.0847095e+000  5.2180470e+000
  7.1655296e+000  6.9136696e+000
  6.9704975e+000  6.8714817e+000
  2.1992685e+000  2.7196526e+000
  6.5006833e+000  6.6850144e+000
  5.8955382e+000  3.7137315e+000
  7.8474941e+000  6.0769590e+000
  5.3765472e+000  3.1150645e+000
  2.9393047e+000  2.6404614e+000
  6.6491810e+000  2.9830315e-001
 -1.9448280e-001  8.7565831e+000
  3.3218556e+000  2.8012016e+000
  2.8062329e+000  2.9433230e+000
  8.2996755e+000  3.0553412e+000
  2.6024055e+000  6.4994646e+000
  3.5111257e+000  8.4776331e+000
  1.4695298e+000  2.8087758e+000
  5.6306542e+000  3.1981780e+000
  7.9124308e+000  6.9534784e+000
  6.9144829e+000  2.5404569e+000
  4.9231391e+000  3.7509315e+000
  5.5198054e+000  3.0503606e+000
  4.3055725e+000  1.9802607e+000
  3.2406527e+000  8.7995746e+000
  6.9937647e+000  6.1586594e+000
  4.2810269e+000  1.6282277e+000
  7.0304534e+000  2.0141002e+000
  6.5429291e+000  6.9182342e+000
  6.6979723e+000  4.6631590e+000
  7.4420708e+000  6.0262847e+000
  1.7000525e+000  5.4136367e+000
  6.9164320e+000  6.7985031e+000
  2.6880350e+000  2.1555525e+000
  1.8561976e+000  7.7766089e+000
  1.9619076e+000  7.5137248e+000
  3.1694081e+000  7.6877870e+000
  7.6950447e+000  3.4741706e+000
  7.3142042e+000  7.0464012e+000
  5.4887791e+000  2.8173954e+000
  3.3613766e+000  7.8903168e+000
  2.1425368e+000  2.2404090e+000
  7.7236103e+000  6.6798534e+000
  6.2111855e+000  7.4672652e+000
  7.1291322e-001  6.1679087e+000
  7.7637814e+000  7.8498259e+000
  6.8767821e+000  2.7934186e+000
  2.3561701e+000  7.6904775e+000
  6.0089554e+000  1.3655145e+000
  7.2744358e+000  7.3046971e+000
  3.0585256e+000  7.8150293e+000
  2.4081765e+000  7.0579562e+000
  4.3270291e+000  2.6828985e+000
  5.9250665e+000  5.3894809e+000
  1.1876421e+000  2.1862081e+000
  5.1100852e+000  2.8405225e+000
  2.8043237e+000  4.7601530e+000
  3.0017818e+000  8.4564429e+000
  8.5569859e+000  6.5358062e+000
  8.2553693e+000  8.2462292e+000
  2.7009298e+000  4.7552315e+000
  5.5677047e+000  3.1284070e+000
  5.7089316e+000  3.6815417e+000
  3.4228200e+000  7.9439352e+000
  3.3439485e+000  7.5998233e+000
  3.2811068e+000  4.5387256e+000
  8.0258838e+000  7.1925595e+000
  7.3626377e+000  6.6385006e+000
  6.2234843e+000  1.7828620e+000
  2.3236394e+000  2.4047240e+000
  7.0230553e+000  6.6507846e+000
  7.1149024e+000  1.7514646e+000
  2.2395613e+000  8.0118660e+000
  2.5487133e+000  7.9958986e+000
  1.7753940e+000  7.5433754e+000
  7.6839608e+000  2.2718202e+000
  7.7290155e+000  7.0807978e+000
  7.6431926e+000  5.8322879e+000
  2.3366538e+000  4.9727293e+000
  5.8453820e+000  2.5192526e+000
  7.7425416e+000  6.4324317e+000
  6.8439876e+000  7.4918152e+000
  8.0158792e+000  3.6001708e+000
  7.2923014e+000  6.4343370e+000
  6.1863087e+000  1.9277665e+000
  7.6068811e+000  7.9652500e+000
  3.1783302e+000  7.7996089e+000
  6.1826152e+000  4.6191425e+000
  2.3328309e+000  7.9356074e+000
  7.4849702e+000  7.9673775e+000
  7.7441530e+000  5.5339453e+000
  6.7425243e+000  6.9257160e+000
  3.7308450e+000  5.3856761e+000
  2.1325710e+000  5.3848903e+000
  2.7848304e+000  2.9634616e+000
  7.6767721e+000  7.0533574e+000
  3.1125767e+000  7.1753255e+000
  6.8941864e+000  6.9298524e+000
  1.9447994e+000  7.3013018e+000
  4.2112467e+000  1.5344556e+000
  3.9485102e+000  5.4237921e+000
  4.5096871e+000  2.0763147e+000
  1.1359408e+000  2.7461016e+000
  2.1644315e+000  2.3839595e+000
  2.5314596e+000  3.3756354e+000
  7.4519099e+000  4.0063673e+000
  5.1066712e+000  3.7021266e+000
  2.1464892e+000  4.5989426e+000
  2.8856377e+000  3.7017068e+000
  4.8668714e+000  5.6398958e+000
  7.3112066e+000  5.5999437e+000
  7.2765204e+000  2.1311056e+000
  7.6502389e+000  6.3499504e+000
  2.2485382e+000  2.8357419e+000
  5.5809447e+000  3.6731529e+000
  5.6870281e+000  4.8296516e+000
  2.6179475e+000  5.0725958e+000
  3.4692765e+000  2.5826883e+000
  6.4088810e+000  6.6873821e+000
  4.9560372e+000  4.1420187e+000
  4.8242731e+000  3.6337044e+000
  2.7690305e+000  7.5228779e+000
  5.6680629e+000  2.0572105e+000
