  7.8775614e+000 -9.0478409e-001
  4.6814797e+000  1.3005366e+000
  5.5181015e+000  9.7060930e+000
  5.1726365e+000  3.6872170e+000
  6.1319903e+000  6.7702613e+000
  5.8659991e+000  7.2842437e+000
  4.9917917e+000  3.0023189e+000
  2.8745272e+000  5.0187126e+000
  3.4652842e+000  4.3943829e+000
  3.5187419e+000  8.3010348e+000
  7.1292903e+000  7.5047278e+000
 -7.8222882e-001  4.3801347e+000
  7.3137003e+000  6.8799725e+000
  4.0056020e+000  2.4139597e+000
  7.9474639e+000  8.1822946e+000
  8.3938895e+000  7.2681805e+000
  1.5152429e+000  7.1554040e+000
  1.7494111e+000  3.4273307e+000
  5.9522048e+000  4.5831847e+000
  7.3236584e+000 -2.9288023e-001
  9.7342566e+000  7.1501403e+000
  2.6034198e+000  7.7071333e+000
  1.5869904e+000  5.8270466e+000
  6.2829760e+000  2.7928222e+000
  9.2753518e+000  8.3014257e+000
  5.6986347e+000  5.1626879e+000
  4.0391317e+000  7.5086013e+000
  4.9887827e+000  3.0720968e+000
  3.2243467e+000  4.9467096e+000
  4.6462493e+000 -6.9567416e-001
  7.7101519e+000  6.9282348e+000
  8.0745694e+000  2.8210063e+000
  3.8708521e+000  4.9711351e+000
 -3.4467950e-001  4.6348210e+000
  1.5368703e+000  5.0119391e+000
  7.8127713e+000  7.7509381e+000
  7.4752075e+000  3.9016980e+000
  3.9421434e+000  1.9867012e+000
  2.4779650e+000  5.8025271e+000
  5.7658194e+000  7.8371703e+000
  5.8654178e+000  2.2530853e+000
  1.1022600e+001  4.8675122e+000
  2.8484966e+000  3.6551661e+000
  4.8503934e+000  4.3619657e+000
  4.4708523e+000  7.3794381e+000
  5.8011866e+000  4.1927919e+000
  3.8693928e+000  9.0880401e+000
  7.4442884e+000 -1.5270549e-001
  2.6234969e+000  4.1095883e+000
  3.8434069e+000  7.6281089e+000
  4.9528903e+000  5.2588605e+000
  2.3334858e+000  6.8612965e+000
  2.1222206e+000  8.0908291e+000
  5.0811694e+000  1.9309973e+000
  5.5665032e+000  8.2124177e+000
  7.8418857e+000  9.7377502e+000
  2.9769867e+000  4.2325883e+000
  1.2245704e+001  3.5212884e+000
  3.1431506e+000  4.6569803e+000
  8.3115594e+000  7.8993679e+000
  3.4529353e+000  4.4310783e+000
  5.1729942e+000  7.5125309e+000
  6.0708424e+000  2.8438110e+000
  4.3826921e+000 -5.0284569e-001
  3.4692676e+000  2.5163232e+000
  7.4503211e+000  3.7150420e+000
  5.2443776e+000  6.3221636e+000
  6.0226067e+000  2.7832933e+000
  2.9312254e+000  8.1835020e+000
  7.4729250e+000  8.0908163e+000
  6.0000217e+000  3.4732908e+000
  4.2430738e+000  9.5867010e-001
  3.5623793e+000  6.2212008e+000
  5.1253287e+000  1.5107998e+000
  7.6842216e+000  6.6523844e+000
  5.5587157e+000  2.9174695e+000
  6.0708569e+000  3.0165236e+000
  1.5210223e+000  7.3357986e+000
  6.2465766e+000  7.1857974e+000
  3.2957343e+000  4.6935294e+000
  8.5416942e+000  4.3653800e+000
  1.0112251e+001  4.1233595e+000
  1.6085089e+000  6.3429281e+000
  5.4867173e+000  3.7729839e+000
  9.6231036e+000  8.6816692e+000
  6.9868785e+000  3.0034423e+000
  4.5961664e+000  1.8542058e+000
  3.6943693e+000  5.6416013e+000
  7.0986382e+000  8.9364842e+000
  5.6987458e+000  2.9749173e+000
  2.6937604e+000  8.3253684e+000
  3.6316604e+000  5.4744662e-001
  3.6682503e+000  4.7564437e+000
  5.4653887e+000  3.9857665e+000
  2.2120478e+000  3.1901181e+000
  1.0777867e+001  4.2774315e+000
  4.0937130e+000  4.2915096e+000
  4.1476762e+000  8.2008777e+000
  4.2199503e+000  3.9181698e+000
  3.6763524e+000  4.7682603e+000
  5.4030068e+000  6.6567337e+000
  7.1872411e+000  4.9047315e+000
  1.9062940e+000  5.8509850e-001
  5.7237487e+000  8.3880098e+000
  5.2803572e+000  4.1163846e+000
  3.9158289e+000  1.7511151e+000
  6.4525681e+000  4.2122595e+000
  5.4147042e+000  8.2056342e-001
  5.7708131e+000  3.4644759e+000
  4.6273450e+000  8.2539074e+000
  6.0777653e+000  3.5661985e+000
  5.4017112e+000  3.6633063e+000
  5.7757472e+000  3.5631395e+000
  3.7213554e+000  8.5644278e+000
  5.5752763e-001  1.8474749e+000
  2.0110704e+000  7.9083399e+000
  1.7788636e+000  5.3185072e+000
  6.1920720e+000  3.4692968e+000
  6.3847940e+000  6.4763175e+000
  3.3623555e+000  7.7863614e+000
  7.2678928e+000  3.3998515e+000
  2.0786055e+000  3.3866496e+000
  7.0139132e+000  4.6885776e+000
  3.9656615e+000  7.4544081e+000
  3.7770069e+000  4.9175729e+000
  2.5510684e+000  2.8892296e+000
  2.6188290e+000  7.7509145e+000
  4.4694649e+000  7.0548962e+000
  3.7014065e+000  4.6627551e+000
  9.3299686e+000  9.2034314e+000
  3.8905464e+000  4.0047061e+000
  6.8392304e+000  3.0044202e+000
  4.6036090e+000  2.5005855e+000
  1.5821206e+000  6.4498998e+000
  2.7953802e+000  4.6365788e+000
  2.6034907e+000  4.3404585e+000
  3.5951541e+000  4.6039755e+000
  7.1691959e+000  3.9692617e+000
  5.8917068e+000  1.5008407e+000
  5.5967503e+000  2.7606708e+000
  3.3776634e+000  2.7477987e+000
  3.4545913e+000  2.4117188e+000
  6.7117325e+000  6.0791619e+000
  5.7850955e+000  4.7749451e+000
  4.6059079e+000  1.7403911e+000
  5.5683715e+000  3.0420689e+000
  8.2379398e+000  9.1810772e+000
  4.7056763e+000  7.8836917e+000
  9.0744253e+000  1.0344363e+001
  5.5773331e+000  4.1751815e-001
  5.3740241e+000  7.5202753e-001
  2.2928639e+000  5.8250598e+000
  5.0777894e+000 -1.3266139e-001
  8.3527384e+000  6.9131561e-003
  2.2461446e+000  6.7433016e+000
  7.2744825e+000  4.9891064e+000
  5.2862476e+000  6.1352457e+000
  6.9515975e+000  3.5693662e+000
  3.1562392e+000  4.1545054e+000
  5.9652747e+000  6.3458125e+000
  3.7073677e+000  8.1532697e+000
  1.2214866e+000  5.1326443e+000
  2.6647727e+000  6.4548129e+000
  5.1271690e+000  3.6377772e+000
  4.0872949e+000  5.6563249e+000
  3.5232033e+000  7.5552173e+000
  6.4746441e+000  4.0315745e+000
  5.0566220e+000  4.5886445e+000
  2.7406108e-001  1.2410550e+000
  1.0038916e+001  2.9050023e-001
  4.9843510e+000  5.0759526e+000
  3.1406337e+000  8.7441380e+000
  1.5799723e+000  3.5728793e+000
  6.4879980e+000  2.6087630e+000
  1.3505809e+000  6.4499246e+000
  4.6008631e+000  8.4591326e+000
  4.2697408e+000  6.4681187e+000
  3.6045412e+000  8.6824692e+000
  2.7876698e+000  4.6187696e+000
  1.6793825e+000  7.0509069e+000
  2.0775248e+000  1.4267017e+000
  7.3898201e+000  3.6616130e+000
  6.3027493e+000  3.7230116e+000
  4.9038120e+000  3.7186010e+000
  2.5115260e+000  2.5453982e+000
  4.0221469e+000  3.8867866e+000
  6.3611091e+000  3.2915464e+000
  4.7583194e+000  1.6287041e+000
  5.7193829e-001  7.3893746e+000
  1.0667060e+001  7.6104157e+000
  8.0856913e+000  6.8746291e+000
  3.3439531e+000  4.5267780e+000
  9.4506329e+000  2.4098890e+000
  5.5102708e+000  1.5728234e+000
  3.6170737e+000  7.6685716e+000
  6.0852224e+000  2.9122382e+000
  5.7004762e+000  2.5440071e+000
  8.0379539e+000  1.0409654e+001
  3.8674376e+000  1.1119860e+001
  7.2720824e+000  5.1461201e+000
  2.8019472e+000  6.7260941e+000
  3.5643691e+000 -1.0909059e-001
  7.7789944e+000  3.7543615e+000
  3.2614090e+000  6.7280036e+000
  8.3535258e+000  5.1130273e-001
  5.2738543e+000  2.5637366e+000
  5.2904394e+000  4.7100980e+000
  5.8912714e+000  7.1237723e+000
  7.5003574e+000  5.8780574e+000
  5.9974466e+000  4.8395931e+000
  5.7116935e+000  4.0340647e+000
  3.7494947e+000  1.5936202e+000
  6.5602063e+000  3.5071557e+000
  5.6254089e+000  8.0532993e+000
  6.3409799e+000  7.4179857e+000
  2.3208224e+000  4.5867855e+000
  7.3273391e+000  9.1965335e+000
  5.7771190e+000  7.7585989e+000
  6.0961536e+000  3.8893337e+000
  5.4689737e+000  3.9532474e+000
  4.7125350e+000  3.8567430e+000
  3.9447021e+000  7.0940769e+000
  5.6938076e+000  1.1004318e+000
  6.4597636e+000  5.9777893e+000
  6.7995610e+000  5.3491208e+000
  4.2477973e+000  3.4824454e+000
  4.4802215e+000  5.2231958e+000
  5.4457464e+000  3.3673985e+000
  5.2579745e+000  2.2510694e+000
  2.4219204e+000  6.1015446e+000
  7.4023327e+000 -1.4784563e+000
  5.2304202e+000  6.6536573e+000
  2.7988341e+000  6.0050570e+000
  2.3588311e+000  1.1233777e+000
  5.8039924e+000  7.8428129e+000
  6.2825848e+000  3.0953153e+000
  6.9865796e+000  3.7435010e+000
  1.1058047e+000  3.2346570e+000
  4.5329039e+000  6.2554547e+000
  5.4084599e+000 -3.1175210e-001
  6.1433179e+000  3.8906695e+000
  1.9115330e+000  1.9865657e+000
  8.0141348e+000  1.1072676e+001
  3.3748991e+000  9.1540799e+000
  7.1024418e+000  5.6519033e+000
  5.5577981e+000  7.9275846e+000
  5.0633898e+000  3.8224648e+000
  7.4155721e+000  6.6664692e+000
  2.8634946e+000  7.5100070e+000
  3.9752202e+000  6.5113225e+000
  6.3322414e+000  2.7263011e+000
  7.1212712e+000  5.0415482e+000
  6.5636539e+000  3.5228641e+000
  5.8054004e+000  6.9956948e+000
  2.9418314e+000  1.6124245e+000
  9.7110262e+000  1.0572395e+001
  2.8712482e+000  4.4082249e+000
  7.3948304e-001  7.6703428e+000
  6.3737659e+000  6.6959357e+000
  3.4656312e+000  9.6710917e+000
  3.2239910e+000  7.6126933e+000
  2.0955727e+000  7.1549926e+000
  1.6482908e+000  6.9182163e+000
  2.3190788e+000  7.1320616e+000
  6.3638936e+000  7.0208553e+000
  5.3074608e+000  7.0114285e+000
  3.9789997e+000  5.3850357e+000
  5.8195665e+000  3.4624966e+000
  4.6716826e+000  2.9255049e+000
  5.3403458e+000  3.4697766e+000
  7.5467290e+000  2.7284234e+000
  3.4685459e+000  3.1381895e+000
  7.6838397e+000  1.4657104e+000
  7.0377778e+000  6.3166226e+000
  8.4270524e+000  4.7198398e+000
  6.1245372e+000  2.8313322e+000
  1.8379089e-001  7.2922819e+000
  2.3747733e+000  7.4948655e-001
  3.1782109e-001  4.4334152e+000
  4.6945341e+000  7.8648005e+000
  9.4172260e-001  2.1676890e+000
  5.0012248e+000  7.4435028e+000
  2.2110437e+000  4.1296869e+000
  2.3556460e+000  2.4140816e+000
  3.5045565e+000  4.4978999e+000
  8.5430806e+000  3.2860284e+000
  1.0321858e+001  5.4387746e+000
  2.3247343e+000  1.9058165e+000
  6.7889797e+000  3.0382567e+000
  6.7744754e+000  3.1642564e+000
  2.4770025e+000  6.5800774e+000
 -1.8613866e-001  5.1483061e+000
  7.5907328e+000  7.0692917e+000
  7.7971729e+000  6.3118420e+000
  1.1004133e+001  2.8378912e+000
  5.2510379e+000  6.4237673e+000
 -2.4544079e-001  5.5679864e+000
  5.6308556e+000  3.5034865e+000
  6.1596152e+000  2.7306768e+000
  7.1626229e+000  3.8792925e+000
  8.6937769e+000  2.8032809e+000
  6.6169413e+000  4.3940100e+000
  5.6736652e+000  2.1732405e+000
  5.4301776e+000  6.7587677e+000
  8.1835397e+000  2.9401655e+000
  1.9671253e+000  5.1328735e+000
  5.4721010e+000  4.6345148e+000
  3.0849984e+000  5.0878324e+000
  5.4103766e+000  3.1623609e+000
  5.8472718e+000  4.1625580e+000
  8.6507868e-001  5.2786989e+000
  3.0797082e+000  4.6527961e+000
  4.8073153e+000  7.7849755e+000
  4.8691395e+000  3.9479622e+000
  3.1111154e+000  3.8718751e+000
  5.5370948e+000  1.0895741e+001
  5.5431031e+000  3.9844910e+000
  6.2697359e+000  3.8703699e+000
  6.7022230e+000  1.0920224e+000
  7.0498089e+000  4.1002099e+000
  3.1346459e+000  5.5551044e+000
  8.8709476e+000  6.2205500e+000
  7.3998887e+000  4.7361640e+000
  3.0342631e+000  4.3924337e+000
  2.2151849e+000  2.0285518e+000
  1.3262379e+000  6.3834884e+000
  6.8684856e+000  5.6304738e+000
  2.8189800e+000  9.7942413e-001
  3.5252815e+000  4.2231701e+000
  5.4897495e+000  4.1137462e+000
  5.5783951e+000  3.3187991e+000
  5.6893201e+000  4.8369361e+000
  6.4868708e+000  3.5965556e+000
  5.2219049e+000  3.9179313e+000
  7.3328993e+000  6.9215154e+000
  2.5202468e+000  8.4726788e+000
  4.2282793e+000  9.2854283e+000
  5.3674774e+000  3.7054300e+000
  1.6438768e+000  6.8795836e+000
  3.3757856e+000  8.8523155e+000
  7.6485108e+000  5.1675734e+000
  4.8944452e+000  7.5439710e+000
  5.8091392e+000  2.7192451e+000
  4.5105570e+000  3.3666294e+000
  7.9635284e+000  1.0246098e+001
  1.4447818e+000  6.8160651e+000
  5.7678431e+000  6.7059039e+000
  5.6268270e+000  7.4121074e+000
  6.3377065e+000  5.4671343e+000
  6.7566436e+000  4.6041778e+000
  4.3487259e+000  4.4086384e+000
  7.1530429e+000  4.0308971e+000
  2.3559775e+000  7.5605765e+000
  4.8628416e+000  3.8159708e+000
  3.2825104e-001  4.8599679e+000
  5.7375374e+000  2.2464180e+000
  7.4696159e+000  6.7498803e+000
  1.8747462e+000  7.0916019e+000
  4.8501130e+000  1.7504408e+000
  4.5851452e+000  7.8257323e+000
  3.9227606e+000  3.8912733e+000
  6.4057192e+000  8.9421882e+000
  4.8111001e+000  3.3345782e+000
  8.4196307e+000  4.1174733e+000
  2.1469737e+000  4.5497266e+000
  6.2623521e+000  7.4521118e+000
  4.5065481e+000  4.9800369e+000
  6.6542628e+000  8.4180751e+000
  6.0797042e+000  6.2133877e+000
  3.4916097e+000  7.4869894e+000
  8.1952051e+000  8.1847203e+000
  2.1036841e+000  4.5132416e+000
  5.3979340e-001  7.8299576e+000
  5.8662749e+000 -2.4888160e+000
  5.1274058e+000  8.0625945e+000
  3.4160229e+000  4.2744282e+000
  6.1397380e+000  6.8170365e+000
  9.6610191e-001  4.1879002e+000
  5.0130633e+000  4.0790916e+000
  5.4209447e+000  2.9006367e+000
  5.2012943e+000  2.7824654e+000
  4.5216631e+000  4.9646861e+000
  6.4325324e+000  4.2662543e+000
  3.2886042e+000  5.7876182e-001
  5.7846323e+000  3.0921426e+000
  4.1266908e+000 -2.4231894e+000
  3.8112729e+000  3.8185141e+000
  2.5651079e+000  7.7226255e+000
  5.6372541e+000  9.5532870e-001
  3.3905403e+000  4.7389916e+000
  4.5703266e+000  4.3058853e+000
  2.2052614e+000  9.9331471e+000
  7.7043246e+000  1.0165666e+001
  8.3192756e+000  6.5774121e+000
  7.0147618e+000  2.7337806e+000
  3.1586097e+000  2.2198752e+000
  3.4062442e+000  4.0709644e+000
  7.5199490e+000  5.1596324e+000
  5.0829937e+000  7.0593103e+000
  5.8668337e+000  6.9195489e+000
  3.6492938e+000  4.4693109e+000
  2.3637124e+000  6.7324710e+000
  5.6647757e+000  3.1302752e+000
  7.5631957e+000  3.4165020e+000
  5.2430558e+000  5.5940462e+000
  7.0958710e+000  3.2330475e+000
  6.0659591e+000  2.6289463e+000
  3.6091438e+000  4.3012666e+000
  7.0818748e-001  5.0537980e+000
  4.8516972e+000  5.9207932e+000
 -3.4463779e-001  8.1171107e+000
  3.4053840e+000  9.6843336e+000
  4.4701432e+000  3.7966638e+000
  4.2241359e+000  1.2746912e+000
  1.6377397e+000  7.3541951e+000
  3.7909425e+000  4.2407159e+000
  2.3229445e+000  6.7862068e+000
  1.8299376e+000  6.9897253e+000
  6.4207437e+000  2.8926632e+000
  3.5743931e+000  4.8381563e+000
  3.8527508e+000  4.0695375e+000
  6.2351013e+000  1.3043249e+000
  7.7565638e+000  1.1446922e+000
  7.3446779e+000  4.5076766e+000
  3.3563810e+000  3.8371773e+000
  7.1602903e+000  5.5752621e+000
  5.8926140e+000  5.1562058e+000
  8.9623293e+000  9.0561445e+000
  5.9152665e+000  2.3856286e+000
  6.4278279e+000  3.3569956e+000
  5.2850562e+000  8.5939611e+000
  4.9308426e+000  7.1447602e+000
  8.0004326e+000  4.7034854e+000
  2.5691510e+000  6.0286686e+000
  7.2248430e+000  3.3862373e-001
  6.5199197e+000  2.5747313e+000
  4.3727441e+000  7.3801040e+000
  6.1665026e+000  5.9405885e+000
  5.6397975e+000  7.3131720e+000
  8.1396213e+000  6.6467103e+000
  3.4259371e+000  6.0710836e+000
  1.0450687e+001  4.7222650e+000
  5.3050081e+000  7.3002900e+000
  3.6716167e+000  5.6254253e+000
  6.5104388e+000  4.4299255e+000
  2.8144722e+000  1.6225706e+000
  1.7198265e+000  6.0663763e+000
  1.1958364e+000  5.7661052e+000
  4.0758042e+000  6.6219308e+000
 -2.3259407e-001  3.4237486e+000
  4.9498056e+000  7.8058835e+000
  5.8764018e+000  7.2580209e+000
  8.7523356e+000  1.0974154e+001
  3.9175917e+000  5.8056203e+000
  5.3993537e+000  4.1174038e+000
  3.3731881e+000  7.3820695e+000
  8.3477597e+000  6.6544259e+000
  4.7831506e+000  4.0400039e+000
  3.2353289e+000  4.5450757e+000
  4.6084325e+000  3.9318398e+000
  1.5543900e+000  3.2711464e+000
  6.7237054e+000  3.7682745e+000
  7.3879217e+000  4.0143919e+000
  4.2565200e+000  3.9907310e+000
  3.2825342e+000  7.2187073e+000
  7.1610160e+000  1.0950472e+001
  7.8702094e+000  4.8962900e+000
  4.1355432e+000  7.6699122e+000
  3.6962936e+000  1.6690672e+000
  5.2451557e+000  1.8301444e+000
  6.1292665e+000  3.1171189e+000
  8.9382302e-001  7.2794721e+000
  4.5140058e+000  1.7789138e+000
  6.2344274e+000  3.5376988e+000
  3.8579374e+000  7.9940635e+000
  3.4330257e+000  3.3192967e+000
  6.1446659e+000  1.8320167e+000
  4.6218143e+000  1.3079614e+000
  7.1012174e+000  4.8636900e+000
  8.8142160e+000  1.1065171e+001
  9.1403492e+000  6.9926617e+000
  6.4947170e+000  2.5786712e+000
  5.6163672e+000  3.4434625e+000
  3.0704209e+000  1.2237909e-001
  8.0094657e+000  1.0144513e+001
  7.6520746e+000  1.1084943e+001
  6.2651412e+000  5.4957935e+000
  4.1239227e+000  3.1206387e+000
  5.4263370e+000  3.7371069e+000
  6.4997270e+000  2.1749159e+000
  2.1722644e+000  7.5221928e+000
  9.1343288e+000  1.0694381e+001
  5.9143677e+000  5.1047395e+000
  3.7750455e+000  7.6898793e+000
  7.2485285e+000  8.0585820e+000
  5.6108604e+000  5.8092325e+000
  5.3016926e+000  7.2543845e+000
  2.1759073e+000  4.3423939e+000
  2.7832740e+000  1.0236457e+001
  3.6534480e+000  4.9086167e+000
  8.1186998e+000  6.9718265e+000
  2.1526675e+000  2.3822901e+000
  3.9852374e+000  3.9814615e+000
  8.2405957e+000  3.2435242e+000
  2.9856345e+000  4.4315145e+000
  3.8580905e+000  1.7657122e+000
  7.1240614e+000  4.3929726e+000
  3.3098304e+000  5.1016342e+000
  4.1342501e+000  7.4264993e+000
  3.8743662e+000  2.5739160e+000
  7.2434828e+000  1.1687800e+001
  4.6453949e+000  6.0900507e+000
  3.2783417e+000  7.5892280e+000
  4.1475802e+000  7.9594719e+000
  1.0085222e+000  7.2320928e+000
  4.8329500e+000  4.4980285e+000
  5.8410663e+000  2.2248103e+000
  5.8624928e+000  4.0856014e+000
  3.2985441e+000  5.2049575e+000
  3.3235838e+000  2.4873320e+000
  9.3389679e+000  4.9382144e+000
  6.1426624e+000  5.1851602e+000
  2.6728013e+000  7.5240596e+000
  1.1142456e+000  6.7223421e+000
  3.5576941e+000  7.2930168e+000
  8.5762142e+000  2.9946214e+000
  4.0371775e+000  4.0769206e+000
  5.8014953e+000  4.0141156e+000
  8.2569023e+000  8.1680729e+000
  2.7574181e+000  8.0845528e+000
  5.8351891e+000  4.5262442e+000
  6.1306268e+000  6.8098512e+000
  6.1159979e+000  8.2911960e+000
  7.0692805e+000  5.3060564e+000
  1.5931273e+000  5.6995731e+000
  3.6232591e+000  3.9875929e+000
  3.8112583e+000  8.1731212e+000
  7.7654013e+000  6.7534382e+000
  9.3670027e-001  8.5986804e+000
  5.5213569e+000  6.1087573e-001
  7.6549352e+000  3.9035763e+000
  1.2359186e+001  8.0273236e+000
  5.1624025e+000  8.2216396e+000
  5.8818463e+000  7.3499536e+000
  6.7133699e+000  3.2983535e+000
  4.6062262e+000  1.4871024e+000
  7.9744558e+000  1.1873779e+001
  3.8606446e+000  7.6328008e+000
  6.3461108e-001  7.4108398e+000
  7.8844775e+000  7.2123761e+000
  3.2334146e+000  3.2358508e+000
  1.9557847e+000  3.3064018e+000
  5.8134355e+000  7.2965805e+000
  7.3199561e+000  5.6771381e-001
  7.9511571e+000  5.7500885e+000
  3.0570755e+000  7.4018112e+000
  4.1390951e+000  8.1691328e+000
  3.3474425e+000  5.5898897e+000
  7.3346238e+000  3.7082016e+000
  4.6311868e+000  5.2915693e+000
 -1.8928941e-001  1.4920096e+000
  4.9815791e+000  4.1612645e+000
  5.7642525e+000  8.4140541e+000
  7.2428794e+000  3.9912074e+000
  3.4223268e+000  4.9385590e+000
  2.6971905e+000  3.1368884e+000
  3.1008955e+000  1.1580619e+000
  4.5810946e+000  3.6375466e+000
  4.5477543e+000  2.0471178e+000
  3.4579424e+000  3.0835296e+000
  5.6764475e+000  7.9360731e-001
  3.5128511e+000  4.6748106e+000
  4.6548416e+000  1.9604126e+000
  4.1326680e+000  1.0227482e+001
  6.0498621e+000  4.5201850e+000
  3.7519457e+000  3.5359297e+000
  7.7683487e+000  1.1306187e+001
  5.7912403e+000  7.6661420e+000
  8.7617859e+000  5.1672830e+000
  5.5676610e+000  7.9270082e+000
  6.2390322e-001  3.9531865e+000
  7.2481975e+000  5.2591422e+000
  3.1017497e+000  2.4595182e+000
  5.7710575e+000  7.4094775e+000
  2.7512797e+000  7.5553134e+000
  2.1952350e+000  2.8967932e+000
  4.0291912e+000  4.9586158e+000
  5.8975615e+000  5.2098794e+000
  4.5553583e+000  3.0418332e+000
  3.5243410e+000  4.0593790e+000
  4.4648462e+000  7.4267183e+000
  6.3278652e+000  5.1165450e+000
  5.0902031e+000  7.3763282e+000
  3.5208054e+000  8.8951474e+000
  2.1856419e+000  4.9532594e+000
  3.8752397e+000  4.1070902e+000
  4.2913641e+000  6.9273006e+000
  4.0270107e+000  4.5762901e+000
  5.6940285e+000  6.4110977e+000
  8.4602610e+000  1.0751368e+001
  2.9121059e+000  4.7212961e+000
  4.2635191e+000  8.2253241e+000
  7.9834271e+000 -4.8588920e-001
  3.6011976e+000  3.5043909e+000
  5.7360568e+000  3.8236352e+000
  5.3893613e+000  4.1205820e+000
  8.4761903e+000  9.4804482e+000
  7.5313940e+000  3.6520759e+000
  3.2883352e+000  1.2000295e+001
  4.5870433e+000  4.4159549e+000
  5.4555959e+000  3.2601243e+000
  4.2728781e+000  9.0544376e+000
  5.6184015e+000  3.5103090e+000
  4.4624320e+000  9.9589925e+000
  5.0692184e+000  4.2609048e+000
  4.8911747e+000  6.2663309e+000
  2.9596588e+000  4.3666595e+000
  5.6132377e+000  6.9230011e+000
  1.0444563e+000  3.4825107e+000
  5.7494490e+000  2.3207186e+000
  3.4266307e+000  1.0672746e+000
  7.1255321e+000  6.7083840e+000
  6.1472534e+000  7.4200074e+000
  4.9208282e+000  2.5418456e+000
  2.2554766e+000  3.8451356e+000
  8.4788280e+000  3.2200190e+000
  3.5397769e+000  7.6039147e+000
  2.9417986e+000  7.6077682e+000
  5.7752573e+000 -1.2014033e+000
  6.5342796e+000  8.1913081e+000
  9.6090278e+000  5.3546657e+000
  1.1066154e+001  4.3015039e+000
  3.0679407e+000  8.3146946e-001
  6.2262770e+000  5.2452827e+000
  6.4875018e+000  5.6075896e+000
  5.3379887e+000  7.0765898e+000
  5.2464125e-001  1.2861990e+001
  5.6156080e+000 -7.9264718e-001
  6.4372647e+000  7.4044466e+000
  1.0781429e+000  7.5431334e+000
  3.8049297e+000  4.6501176e+000
  5.1884122e+000  4.2710434e+000
  5.6326136e+000  8.3170118e+000
  6.7262196e+000  7.8114038e+000
  6.2157844e+000  7.3454856e+000
  1.2446546e+000  6.1535680e+000
  5.3195701e+000  5.8944283e+000
  6.8283962e+000  3.1434106e+000
  5.5076284e+000 -3.1045110e+000
  3.9300371e+000  8.3461390e-001
  5.9892010e+000  5.2463449e+000
  3.3270341e+000  8.4736225e+000
  1.0319119e+001  6.5002777e+000
  3.1092334e+000  6.6127025e+000
  5.0591461e+000  5.5447638e+000
  5.7268631e+000  2.3748144e+000
  5.8021253e+000  1.1685471e+000
  7.9072716e+000  9.2961410e+000
  1.2558566e+000  4.1016174e+000
  8.2038198e+000  7.0468939e+000
  8.0937289e+000  2.7913355e+000
  1.3800377e+000  6.3221211e+000
 -7.1507463e-001  1.3100010e+000
  4.3864859e+000  8.2884414e+000
  6.6393040e+000  5.6458092e+000
  6.7800521e+000  8.6551853e+000
  2.8171577e+000  3.6603028e+000
  6.2626746e-002  8.4694475e-001
  3.9169861e+000  3.4723863e+000
 -1.4522200e+000  3.8192191e+000
  7.8282559e+000  7.7042523e+000
  2.9628394e+000  6.5328374e+000
  7.5700498e+000 -3.0635035e-001
  4.0137668e+000  7.0119629e+000
  4.1949939e+000  9.2410309e+000
  1.1612388e+000  1.6252122e+000
  3.0821501e+000  4.4909055e+000
  1.1229781e+001  5.1222355e+000
  1.6071545e+000  5.8735131e+000
  6.5938489e+000  1.5962112e+000
  3.8670491e+000  8.2247110e+000
  5.5276265e+000  1.1798305e+000
  3.6900038e+000  4.1840790e+000
  6.2435955e+000  3.7527096e+000
  1.7240849e+000  6.5971942e+000
  5.7358344e+000  4.1252293e+000
  4.7013550e+000  2.9834321e+000
  4.4671835e+000  7.4524236e+000
  7.5256418e+000  3.5793855e+000
  8.3473158e+000  5.0338063e+000
  4.3741472e+000  3.4173804e+000
  5.1007135e+000  3.4194848e+000
  8.8745395e+000  6.0402065e+000
  9.4333369e-001  2.9672697e+000
  7.0774567e+000  7.5645157e+000
  4.6988676e+000  4.8862746e+000
  5.3169571e+000  3.6325494e+000
  4.6593159e+000  2.1773095e+000
  5.3016393e+000  8.0969507e+000
 -3.1595529e-001  2.9335177e+000
  6.4844497e+000  5.8575121e+000
  3.6819461e+000  1.0142878e+001
  3.6891320e+000  2.5850743e+000
  6.5700886e+000  3.8246253e+000
  7.2226748e+000  7.6038472e+000
  5.3298744e+000  4.8896592e+000
  2.4217265e+000  3.4764105e+000
  5.6146333e+000  2.2499436e-001
  1.1015562e+001  8.8933685e-001
  4.1528748e+000  6.4843556e+000
  7.4274597e+000  1.0610654e+001
  7.2078879e+000  6.6857875e+000
  8.0616194e+000  2.6397502e+000
  1.1868372e+001  1.4410138e+000
  5.7777121e+000  3.1321868e+000
  8.3942154e+000  9.9791835e+000
  2.8461987e+000  2.2455805e+000
  1.6993427e+000  6.6685073e+000
  1.3834118e+000  7.4906811e+000
  2.1696307e+000  6.4288597e+000
  7.3426983e+000  6.2988890e+000
  6.2692426e+000  1.1920880e+001
  7.6308851e+000  3.3930918e+000
  5.9574799e+000  2.0630110e+000
  4.1030097e+000  4.4539612e+000
  8.1846002e+000  2.4410411e+000
  8.5255531e+000  9.4677941e+000
  3.4003162e+000  6.6612657e-001
  8.0703936e+000  4.8389718e+000
  3.2073349e+000  3.9245266e+000
  2.5712746e+000  6.8789443e+000
  7.8974805e+000  8.6175119e+000
  4.6052976e+000  7.2776465e+000
  1.1547816e+001  1.4231203e+000
  1.0010585e+001  4.7941715e+000
  8.2128564e+000  6.2729864e+000
  4.1972789e+000  4.9114860e+000
  4.1149285e+000  4.2223151e+000
  1.0700792e+001  5.4065267e+000
  4.2171538e+000  7.1437106e+000
  9.3180332e+000  5.7125852e+000
  7.3018878e+000  3.2957282e+000
  7.2273444e+000  6.6106395e+000
  3.8050795e+000  2.0618627e+000
  8.5523944e+000  1.0357887e+001
  1.1765183e+000  7.3626599e+000
  3.8862095e+000  1.4498948e+000
  4.2255840e+000  4.0616268e+000
  5.8857284e+000  1.0435881e+000
  6.4508222e+000  6.3905590e+000
  2.8223464e+000  4.8415330e+000
  6.1351614e+000  6.6545284e+000
  3.9908449e+000  2.1186036e+000
  7.5592397e+000  8.9787754e+000
  1.1032684e+001  7.1744046e+000
  1.4939409e+000  6.7956758e+000
  5.6932588e+000  1.6142046e+000
  6.1060204e+000  6.0292529e+000
  1.0378926e+001  4.1385005e+000
  5.5240615e+000  3.6082883e+000
  2.9822904e+000  4.0467060e+000
  2.7523140e+000  7.6335773e+000
  5.0033766e+000  4.5422422e+000
  3.7887349e+000  1.1199655e+001
  3.2200976e+000  3.2853826e+000
  5.8584475e+000  3.8026897e+000
  2.2781770e+000  4.5954249e+000
  1.0023338e+000  6.4594666e+000
  4.9262368e+000  5.6005939e+000
  3.7063641e+000  4.5458627e+000
  3.3007355e+000  3.9823234e+000
  6.0226749e+000  7.2242366e+000
  1.9230644e+000  8.2627054e+000
  4.8716179e+000  2.7258738e+000
  1.8523378e+000  6.3165210e+000
  6.9532191e+000  2.9450073e+000
  1.5416839e+000  6.0671970e+000
  3.1238156e+000  4.3979004e+000
  4.0983507e+000  4.9270331e+000
  4.5915768e+000  1.7299474e+000
  5.5915464e+000  6.3728150e+000
  6.1928594e+000  4.2547344e+000
  5.1294891e+000  2.7184648e+000
  9.6389291e+000  4.9968651e+000
  1.3443442e+000  6.1927251e+000
  5.7052106e+000  4.2072140e+000
  7.5750435e+000  3.9883775e+000
  2.6255187e+000  1.0575792e+001
  4.8173533e+000  8.0343121e+000
  2.6120856e+000  4.8680200e+000
  7.0770840e+000  4.3927563e+000
  2.5487671e+000  4.1610380e+000
  6.8844047e+000  3.1444774e+000
  3.1104076e+000  4.7240233e+000
  4.7855217e+000  2.5000975e+000
  2.9674423e+000  4.3113613e+000
  4.8182835e+000  4.1929794e+000
  2.7016337e+000  7.0247480e+000
  5.3689453e+000  3.0348106e+000
  8.4855634e+000  2.3226062e+000
  4.3865957e+000  4.4606253e+000
  3.0226768e+000  4.3790203e+000
  9.5690832e+000  9.8372767e+000
  3.7524172e+000  4.5537958e+000
  3.9072216e+000  9.1607810e+000
  2.6432180e+000  1.4817480e+000
  6.4774454e+000  4.2958627e+000
  7.7408251e+000  6.9274690e+000
  1.3928955e+000  6.3476660e+000
  1.0306358e+001  1.7241323e+000
  4.5332354e+000  8.8739639e+000
  5.2681207e+000  6.6918763e+000
  3.9230698e+000  4.1481196e+000
  5.4772004e+000  1.8570486e+000
  7.6524161e+000  9.6603483e+000
  1.3391602e+000  6.4874449e+000
  3.3853091e+000  7.9638180e+000
  2.2694060e+000  7.2647591e+000
  3.8942138e+000  2.3777808e+000
  2.9124856e+000  7.6553203e+000
  1.0176086e+001  9.6007880e+000
  4.3590644e+000  6.9383361e+000
  1.8227053e+000  4.5729185e+000
  6.7706549e+000  3.8274108e+000
  6.2680265e+000  3.0700672e+000
  4.9768233e+000  3.9000632e+000
 -8.1672607e-001  4.7951272e+000
  6.4688956e+000  3.6728325e+000
  6.4878687e+000  2.5920625e+000
  7.1009906e+000  6.4276420e+000
  7.4549106e+000  6.6865193e+000
  5.4863563e+000  7.3947440e+000
  8.8857895e+000  4.5270505e+000
  9.0914410e+000  8.9722077e+000
  5.1729467e+000  3.3817665e+000
  3.3740573e+000  8.0046531e+000
  3.7486653e+000  4.3936664e+000
  7.0748636e+000  3.5589470e+000
  3.3217891e+000  1.0018318e+001
  3.2951914e+000  4.5329574e+000
  6.0232988e+000  3.0941039e+000
  7.2375771e+000  5.1850315e+000
  4.7723119e+000  5.9345437e+000
  1.0358046e+001  1.2097630e+000
  5.6733307e+000  4.9960499e+000
  6.3668649e+000  4.2436823e+000
  6.3439458e+000  2.5779265e+000
  7.3977501e+000  3.9350173e+000
  6.8381528e+000  1.9778526e-001
  4.3195945e+000  7.0937966e-001
  6.1935689e+000  7.2986727e-001
  1.0473892e+001  7.9996699e+000
  3.1273068e+000  4.2335275e+000
  6.3344862e+000  2.9506341e+000
  6.2301598e+000  3.4854492e+000
  1.0347026e+001  6.5934008e+000
  4.8321993e+000  3.1257226e+000
  2.2015451e+000  4.9374864e+000
  7.0192672e+000  4.4298415e+000
  6.4002892e+000  6.6307792e+000
  1.4335832e+000  2.0577849e+000
  5.3224282e+000  1.0436136e+001
  7.3277460e+000 -1.3945303e+000
  1.2459088e+000  3.9813212e+000
  2.0586143e+000  8.4225858e+000
  2.5228808e+000  9.4404781e+000
  6.2436342e+000  5.7104269e+000
  5.1059915e+000  3.3801375e+000
  7.6460316e+000  5.9046524e+000
  7.7875138e+000  6.7633011e+000
  5.9870316e+000  4.3837131e+000
  6.1031203e+000  6.1520115e+000
  2.9023469e+000  4.4271417e+000
  3.3178445e+000  4.3240833e+000
  5.2694777e+000  2.7779367e+000
  6.2000666e+000  7.5243649e+000
  7.4785546e+000  6.6205625e+000
  5.5612742e+000  3.6717551e+000
  4.9928687e+000  4.1791830e+000
  5.2314859e+000  3.3712467e+000
  5.5167590e+000  4.3017911e+000
  4.2493066e+000  2.3597012e+000
  3.9306587e+000  6.6008038e+000
  5.9582053e+000  4.0227741e+000
  4.4972853e+000  7.7694071e+000
  1.2115331e+000  6.1335942e+000
  2.9297538e+000  4.9187383e+000
  6.4870897e+000  2.4549134e+000
  2.4777748e+000  1.8096624e+000
  1.7174417e+000  7.3797058e+000
  4.7469276e+000  6.3116717e+000
  1.0783744e+001  5.0755662e+000
  2.9994970e+000  8.6697323e+000
  4.4172787e+000  7.2250764e+000
  2.9386465e+000  6.4194212e+000
  5.9313044e+000  3.9815170e+000
  3.0242879e+000  7.4037406e+000
  3.7460421e+000  9.9569269e-001
  4.7027265e+000  6.0376544e+000
  4.7417355e+000  9.1283358e+000
  7.1751065e+000  3.1995400e+000
  5.6818184e+000  4.9674825e+000
  4.5029475e+000  6.6492725e+000
  2.0493923e+000  2.7707965e+000
  4.4790094e+000  4.3210641e+000
  3.4591607e+000  4.6333694e+000
  4.0455562e+000  7.9865215e+000
  4.9691560e+000  8.3877356e+000
  1.8187665e+000  3.7321487e+000
  2.4146136e+000  1.5549530e+000
  3.2556226e+000  4.7140139e+000
  6.2835875e+000  3.4488831e+000
  7.9488603e+000  7.7655356e+000
  5.8841137e+000  7.2089562e+000
  6.2641398e+000  6.6313147e-001
  4.7928958e+000  4.2687778e+000
  2.1764296e+000  2.8488644e+000
  3.6501117e+000  7.8734816e+000
  8.8144075e+000  4.5881472e+000
  3.6916508e+000  7.5167815e+000
  1.6581091e+000  5.7095881e+000
  6.0295612e+000  1.8964876e+000
  3.4420455e+000  4.7877740e+000
  1.3290683e+000  6.1968753e+000
  7.9195244e+000 -5.8479965e-001
  4.3961260e+000  8.1047271e+000
  3.7302682e+000  7.4067634e+000
  4.5091915e+000  1.6433111e+000
  1.0568650e+001  3.5022827e+000
  3.7470790e+000  4.4409238e+000
  6.1708428e+000  4.2098817e+000
  6.5739406e+000  4.4249628e+000
  2.6709597e+000  4.6996277e+000
  3.2228309e+000  6.7629382e+000
  3.4230030e+000  4.4724988e+000
  3.9154551e+000  3.4113811e+000
  6.3892235e+000  3.2919791e+000
  3.8035812e+000  1.9494260e+000
  4.1529804e+000  2.3155333e+000
  6.7823699e+000  4.4470587e+000
  6.8639861e+000  3.8156947e+000
  6.3486012e+000  6.2152337e+000
  7.1848231e+000  5.5069689e-001
  1.5961395e+000  9.6407128e+000
  5.4778050e+000  3.6496529e+000
  4.6954036e+000  4.2294986e+000
  9.0671498e+000  3.6119146e+000
  8.5075321e+000  4.7520693e+000
  6.5075423e+000  2.9732266e+000
  3.4929092e+000  7.6914681e+000
  1.5402314e+000  7.1674082e+000
 -6.4335424e-001  5.9827158e+000
  5.8371382e+000  6.7968495e+000
  5.3954080e+000  3.5565679e+000
  5.7001034e+000  4.1796927e+000
  5.3233187e+000 -1.2983540e+000
  6.2403292e+000  3.7493803e+000
  8.4188336e+000  8.5434609e+000
  5.7133864e+000  6.7828963e+000
  8.4245863e+000  5.8103966e+000
  3.9295675e+000  2.9474140e+000
  4.8610316e+000  2.1090892e+000
  2.1493638e+000  6.1995105e+000
  2.1563928e+000  9.0167898e+000
  4.9300288e+000  5.1806087e+000
  9.6385718e+000  1.2565885e+000
  5.7968357e+000  2.7253841e+000
  3.7861091e+000  7.9766133e+000
  6.6855998e+000 -8.1120066e-001
  7.6060811e+000  7.1592643e+000
  4.7569752e+000  1.8133014e+000
  3.1532429e+000  3.8286011e+000
  3.8736171e+000  5.3214475e+000
  8.9268199e-001  6.1059737e+000
  6.5192742e+000  4.3935881e+000
  3.1684132e+000  6.4689481e-001
  5.9088604e+000  3.0892529e+000
  5.3781867e-001  6.3014026e+000
  5.1498451e+000  3.5763080e-002
  5.1550898e+000  2.6576431e+000
  5.3969566e+000  5.7615740e+000
  6.0502232e+000  3.3385218e+000
  5.9478255e+000  2.6591831e+000
  1.5010843e+000  4.1607498e-001
  6.2027937e+000  3.8344008e+000
  8.9003478e+000  1.8333060e+000
  1.0790925e+001  3.4542644e+000
  6.8916875e+000  5.4358299e+000
  9.0273426e+000  3.5035345e+000
  8.7402519e+000  6.5182149e+000
  2.1247144e+000  2.7383304e+000
  9.2446155e+000  6.1041935e+000
  1.1465007e+001  9.0719165e+000
  8.3141304e+000  7.2597277e+000
  5.7431167e+000  2.3638771e+000
  7.2996199e+000  3.8981744e+000
  2.4618419e+000  3.6345971e+000
  5.1434719e+000  4.0413551e+000
  4.3211673e+000  2.3077673e+000
  3.6215027e+000  8.1744508e+000
  8.8528844e+000  9.6860939e+000
  1.2879293e+000  7.8920136e+000
  6.9720599e+000  3.8168597e+000
  3.9508707e+000  2.3201976e+000
  8.7455927e+000  1.1750002e+001
  2.4266288e+000  4.8067307e+000
  7.0985597e+000  3.1868179e+000
  4.6500793e+000  6.4276385e+000
  2.8574745e+000  7.8080867e+000
  4.4415570e-001  3.9855318e+000
  2.3919301e+000  7.1956138e+000
  8.1988775e+000  6.3516827e+000
  1.2417446e+000  6.0389083e+000
  2.4835799e+000  8.1419959e+000
  4.6019272e-001  1.0153195e+001
  4.4170562e+000  4.7381789e+000
  8.2521296e+000  9.1249799e+000
 -4.6422356e-002  6.6018076e+000
  6.7269278e+000  3.2550931e+000
  2.8490336e+000  7.7693627e+000
  1.8093089e+000  6.3734900e+000
  6.1589056e+000  2.7935573e+000
  5.8012123e+000  2.8501556e+000
  3.5774306e+000  4.7286948e+000
  3.5061097e+000  3.2826673e+000
  2.0427556e+000  7.3303136e+000
  1.1503367e+000  7.5635952e+000
  3.5994807e+000  3.5411959e+000
  6.3600851e+000  3.4952311e+000
  1.0910463e+001  4.6395415e+000
  5.4880790e+000  6.1615579e+000
  1.0643991e+001  6.3765681e+000
  5.2470387e+000  3.1387790e+000
  7.7393401e+000  1.1440874e+001
  3.5785656e+000  3.7859977e+000
  6.2244742e+000 -1.7736422e+000
  2.5545981e+000  5.3613708e+000
  5.5323023e+000  4.3928304e+000
  1.0556867e+001  1.0964286e+000
  8.8924034e+000  8.6036864e+000
  3.6928650e+000  8.9595570e-001
  6.9205763e+000  5.2167141e+000
  4.2233734e+000  4.9603105e+000
  3.4369228e+000  8.5300976e-001
  3.7516924e+000  5.1308192e+000
  4.0913592e+000  4.7374904e+000
  2.8910035e+000  6.5436773e+000
  5.2327651e+000  6.9065224e+000
  7.2955573e+000  3.4983140e+000
  6.0235376e+000  7.1152412e+000
  8.6535119e-002  8.7059689e+000
  5.9757571e+000  2.6488723e+000
  3.3812770e+000  5.1630358e+000
  3.8323225e+000  7.1682852e+000
  6.6949831e+000  6.1596171e+000
  8.6713062e-001  6.1682069e+000
  1.0547933e+001  4.4709061e+000
  3.4120904e+000  4.1705461e+000
  1.9023474e+000  3.0251505e+000
  6.1671127e+000  4.5935291e+000
  4.5175199e+000  6.4348104e+000
  3.9892741e+000  6.3256057e+000
  7.1044563e+000  3.6406733e+000
  4.5427060e+000  7.3475985e-001
  5.6318346e+000  4.6304411e+000
  4.5735083e+000  8.8682933e+000
  7.6031379e+000  5.1068745e+000
  4.9140422e+000 -3.6355777e-001
  5.4667211e+000  4.0236242e+000
  5.0993360e+000  6.1890221e+000
  5.4893210e+000  2.8651338e+000
  3.8211671e+000  6.4099250e+000
  7.7638526e+000  7.3871058e+000
  5.3310463e+000  3.0793159e+000
  4.7783416e+000  4.7580524e+000
  3.1919424e+000  7.3617731e+000
  3.3012658e+000  3.7449826e+000
  3.1086611e+000  3.7548526e+000
  4.8031157e+000  3.3314835e+000
  9.1514851e-001  7.8752196e+000
  3.0485595e+000  4.5112762e+000
  6.1208597e+000  6.3983636e+000
  7.1496566e+000  8.1448947e+000
  6.2951031e+000  3.6955981e+000
  8.1944561e+000  6.5832538e+000
  9.5695543e+000  8.9242399e+000
  3.1037997e+000  4.1920477e+000
  7.0317812e+000  3.9062234e+000
  7.4580579e+000  1.7461164e+000
  7.5922874e+000  3.7130490e+000
  7.4595448e+000  3.3988840e+000
  6.5820803e+000  6.5614572e+000
  4.9138610e+000  7.7174297e+000
  6.2979141e+000  3.0541384e+000
  4.3759309e+000  3.6387436e+000
  6.3407522e+000  6.6841873e-003
  1.3004732e+000  3.2942031e+000
  4.7303948e+000  2.1162131e+000
  3.7694906e+000  4.1122351e+000
  3.2354124e-001  3.2374582e+000
  7.7504090e+000  7.9875677e+000
  6.5193255e+000  8.7541431e+000
  6.3982822e+000  3.8380282e+000
  6.6404551e+000  3.4213085e+000
  4.5606333e+000  4.3864633e+000
  3.0238350e+000  4.3183477e+000
  6.8262263e+000  3.6529988e+000
  5.1167188e+000  1.7803821e+000
  5.8704136e+000  7.2145216e+000
  4.2920081e+000  9.3143887e+000
  1.7956956e+000  3.2164157e+000
  6.5134760e+000  2.1292501e+000
  9.1570615e+000  2.1664746e+000
  1.4114410e+000  2.6359012e+000
  3.8645368e+000  1.7756834e+000
  6.6367692e+000  1.0640867e+001
  1.1121813e+000  5.3570837e+000
  2.6358128e+000  8.6746160e+000
  4.7266471e+000 -2.9380162e+000
  4.3317270e+000  7.0881374e+000
  4.6230934e+000  1.5025289e+000
  5.2535018e+000  3.1544307e+000
  4.0170934e+000  1.2631458e+000
  3.8364757e+000  2.3099019e+000
  3.1100950e+000  8.1729495e+000
  3.9089357e+000  7.6278568e+000
  5.3850553e+000  7.2055151e+000
  2.7006960e+000  7.7795382e+000
  3.4826158e+000  8.7576534e+000
  5.0840093e+000 -1.7307936e-001
  5.1076618e+000  7.1900921e+000
  2.3517696e+000  4.7776341e+000
  4.0500401e+000  1.0394821e+001
  2.4988101e+000  3.7299780e+000
  6.3153512e+000  4.4900570e+000
  7.1079285e+000  4.9178834e+000
  1.0302842e+001  5.7776092e+000
  9.3895077e+000  2.2146700e+000
  9.6971550e+000  5.0266907e+000
  6.8804630e+000  4.0941148e+000
 -1.2347921e+000  4.6672264e+000
  1.9957413e+000  4.8717564e+000
  6.0471317e+000  6.1944958e+000
  4.0369372e+000  7.5956135e+000
  6.8463397e+000  2.7690131e+000
  5.1754988e+000  7.4921880e+000
  6.2027649e+000  6.4490029e+000
  1.0243439e+001  3.4960717e+000
  5.2219917e+000  7.2589591e+000
  6.8872707e-001  4.9724339e+000
  7.9821737e+000  1.0286298e+001
  4.1360835e+000  4.2022161e+000
  1.9523440e+000  6.8550196e+000
  8.6684222e+000  1.1194675e+001
  3.6408891e+000  4.1932864e+000
  6.2673513e+000  1.1521048e+001
  1.9695410e+000  7.0208371e+000
  3.8685514e+000  8.4080703e+000
  7.2499137e+000  6.3274016e+000
  7.1044211e+000  3.8748677e+000
  9.6022864e+000  3.6476992e+000
  2.2219364e+000  4.4492822e+000
  1.1824790e+000  6.2309616e+000
  5.2478905e+000  7.0330439e+000
  6.5143591e+000  7.8977920e+000
  2.2674521e+000  4.5515084e+000
  3.3647550e+000  3.5788412e+000
  6.8882860e+000  8.0119836e+000
  2.8799884e+000  2.8726411e+000
 -1.4476107e-001  2.9878761e+000
  8.6043241e+000  6.9919061e+000
  5.2050509e+000  5.5936043e+000
  5.9536016e+000  4.3383066e+000
  1.1374676e+000  4.0107400e+000
  3.0915788e+000  7.5073251e-001
  5.1517965e+000  3.1412171e+000
  3.0824970e+000  4.0980955e+000
  3.6449668e+000  4.7278854e+000
  6.3968920e+000  3.2685354e+000
  6.8205424e+000  4.6332384e-001
  1.6000796e+000  8.0953614e+000
  7.4458124e+000  7.7893043e+000
  6.4750924e+000  4.3469348e+000
  9.3442503e+000  8.0704717e+000
  3.9503631e+000  9.6827485e+000
  5.0782326e+000  3.3611293e+000
  3.4079300e+000  4.4742121e+000
  5.6094581e+000  6.8068152e+000
  3.6753251e+000  8.0519815e+000
  3.2591165e+000  4.2895067e+000
  1.1562386e+001  1.0502011e+000
  1.9356492e+000  5.3367156e+000
 -7.4328769e-001  3.4228763e+000
  3.7930140e+000  4.1760965e+000
  3.4268150e+000  4.6050603e-001
  2.2845061e+000  4.8186471e+000
  7.7593745e-002  1.0298894e+000
  2.3682716e+000  1.0903763e+000
  1.0759074e+000  2.6165392e+000
  6.5730553e+000  2.4152573e+000
 -6.2831253e-001  3.2314917e+000
  5.9895497e+000  3.2274327e+000
  6.2867569e+000  5.2144489e+000
  5.3585043e+000  2.3261194e+000
  2.7312635e+000  4.6683290e+000
  3.4426901e+000  3.8544463e+000
  6.1735834e+000  6.9686532e+000
  3.8617520e+000  4.0502233e+000
  9.0071410e+000  5.0462241e+000
  9.3367675e+000  4.2412865e+000
  6.4682598e+000  7.0791935e+000
  3.9952827e+000  4.0058258e+000
  3.2840525e+000  3.6354577e+000
  8.1453442e+000  4.1520551e+000
  9.3630647e+000  1.0532634e+001
  1.0823760e+000  6.4051500e+000
  2.6445019e+000  5.5778074e+000
  2.8959258e+000  4.0886845e+000
  7.2875798e+000  9.2395427e+000
  2.7553833e+000  4.3105579e+000
  4.9125278e+000  6.6088278e+000
  3.7596894e+000  4.6254295e+000
  1.2056493e+000  5.9163486e+000
  6.9127348e+000  4.9475673e+000
  6.1098891e+000  2.9310689e+000
  1.1260211e+001  1.3572647e+000
  3.5608781e+000  1.2931402e+000
  8.2392141e+000  1.1313392e+001
  1.6648682e+000  8.0141906e+000
  4.9782894e+000  1.3052113e+000
  5.8829485e+000  2.3066916e+000
  1.6546318e+000  7.6144995e+000
  7.4963180e-001  3.5929508e+000
  5.7211580e+000  1.2282867e+000
  5.4093046e+000  4.2178716e+000
  1.1543147e+001  7.2715200e+000
  1.8251051e+000  3.4817740e+000
  5.5093257e+000  7.3247533e+000
  6.2448657e+000  4.1236497e+000
  1.7740407e+000  5.3962174e+000
  4.1911299e+000  4.9158305e+000
  6.0186395e+000  5.4430123e+000
  6.2710664e+000  3.1609599e+000
  9.6864506e+000  1.0764126e+001
  1.4419283e+000  6.7214491e+000
  1.3873865e+000  7.1068612e+000
  6.1244300e+000  5.6479488e+000
  5.2484141e+000  4.2851213e+000
  1.4442130e+000  8.0185957e+000
  2.2111460e+000  5.3896140e+000
  5.7449558e+000  8.2923230e+000
  5.6338053e+000 -1.3602015e+000
  7.7288374e+000  6.3616739e+000
  1.1890833e+001  2.2016125e+000
  4.0994210e+000  5.5981318e+000
  8.4636531e+000  2.2452230e+000
  3.7946434e+000  7.9517156e+000
  5.5663437e+000  2.5416706e+000
  5.1743802e+000  7.9432117e+000
  5.4751399e+000  1.5091162e+000
  1.0460409e+001 -4.0638088e-001
  6.6716262e+000  5.1110168e+000
  4.3809597e+000  4.8458363e+000
  9.8906500e-001  3.7110646e+000
  5.4236483e+000  3.2937446e+000
  5.3135340e+000  1.9033369e+000
  5.9814345e+000  7.0210351e+000
 -1.1019013e+000  4.8888367e+000
  3.7596815e+000  8.6913509e+000
  3.0983149e-001  3.0534847e+000
  3.2010572e+000  8.2638243e+000
  4.2881592e+000  7.0339804e+000
  3.9333755e+000  4.3447486e+000
  5.8268730e+000  8.3025393e+000
  5.5654960e+000  4.4511941e+000
  2.3147789e+000  7.3002788e+000
  9.0100111e+000  5.3222586e+000
  4.4633152e+000  1.8054640e+000
  2.4234600e+000  3.4712234e+000
  2.8419620e+000  8.2486535e-001
  6.0982283e+000  7.0366280e+000
  4.7393594e+000  7.6984346e+000
  3.5574679e+000  7.1713674e+000
  7.6098878e+000  1.1893788e+001
  7.8680766e+000  6.5535639e+000
  5.5524276e+000  4.0053734e+000
  5.8613949e+000  2.3266356e+000
  5.8331000e+000  2.8716960e-001
  2.4698935e+000  2.0029265e+000
  2.6840684e+000  1.4223832e+000
  2.8896949e+000  4.5045329e+000
  1.0731135e+001  4.3217263e+000
  4.9534247e+000  7.4344170e+000
  5.5429269e+000  6.1915983e+000
  2.5160853e+000  6.9016913e+000
  1.8387749e+000  6.2928607e+000
  1.0041386e+001  6.6899889e+000
  1.5041952e+000  1.9277072e+000
  3.7187266e+000  8.8032181e+000
  5.7630846e+000  2.2113364e+000
  3.3417368e+000  5.2325293e+000
  5.4254268e+000  6.8436378e+000
  5.4970320e+000  8.0684320e-001
  6.8890365e+000  7.0947328e+000
  5.3924757e+000  1.8971168e+000
  2.0870120e+000  4.3270194e+000
  6.8682821e+000  3.6247178e+000
  6.2139909e+000  7.0985125e+000
  2.9025775e+000  4.7539484e+000
  5.2701404e+000  3.2885546e+000
  3.3915144e+000  4.2651490e+000
 -1.9126697e-002  7.3274323e+000
  4.8070357e+000  8.8053016e-002
  4.3476040e+000  4.2311195e+000
  1.0488932e+000  7.5216874e+000
  3.0452302e+000  3.7819872e+000
  7.7894268e-001  6.5974524e+000
  3.8060727e+000  4.0246932e+000
  3.3275371e+000  4.5119277e+000
  6.4306230e+000  8.5596834e-001
  5.1570540e+000  3.8814696e+000
  5.7715513e+000  2.4827669e+000
  6.3325437e+000  9.5902173e+000
  3.9584717e+000  4.5703824e+000
  2.4068306e-001  7.3097342e+000
  2.3618351e+000  5.1585601e+000
  6.4744420e+000  4.4145876e+000
  8.9097735e+000 -5.9253806e-001
  5.6781325e+000  3.7154694e+000
  4.4084738e+000  8.4255889e+000
  6.5453677e+000  5.1280386e+000
  5.1442282e+000  4.4147444e+000
  1.0955661e+000  6.5659821e+000
  5.8027026e+000  1.1018814e+000
  7.7090734e+000  8.2911021e+000
  9.9007764e+000  5.9356136e+000
  2.8466382e+000  5.2853472e+000
  6.2123106e+000  4.0763009e+000
  3.6302156e+000  3.9999918e+000
  5.5839164e+000  1.0183452e+001
  2.6361724e+000  6.9373291e+000
  7.7801732e+000  7.4739842e+000
 -1.0410140e+000  1.0495744e+001
  7.5299472e+000  7.2120711e+000
  2.6839007e+000  7.6038437e+000
  2.0582241e-001  2.7330094e+000
  1.5271370e+000  8.2682472e+000
  6.5382693e+000  6.5670328e+000
  7.8158440e+000  2.7746041e+000
  3.9846503e+000  4.4752537e+000
  5.5516950e+000  3.0783945e+000
  2.6591408e+000  4.1833548e+000
  6.0590584e+000  5.1463108e+000
  2.9609306e+000  4.4999765e+000
  1.6274377e+000  6.5328887e+000
  1.1305015e+001  3.3861921e+000
 -8.1024943e-001  1.4735653e+000
  3.6439565e+000  4.0277006e+000
  5.5661701e+000  1.9449468e+000
  9.0854882e+000  4.3466098e+000
  4.3351720e+000  9.0841878e+000
  4.7805419e+000  5.1697514e+000
  3.8868312e+000  4.6479325e+000
  4.5192491e+000  1.6371493e+000
  6.0690079e+000  4.2839920e+000
  5.1462975e+000  8.9378784e+000
  5.3071181e+000  3.0364673e+000
  9.7509301e+000  5.8783645e+000
  4.1532515e+000  4.3545191e+000
  2.3829171e+000  5.1131387e+000
  6.3705434e+000  7.0088190e+000
  5.6291334e+000  4.9801040e+000
  1.3251092e+000  6.2385504e+000
  3.9438466e+000  8.7927251e+000
  5.0509765e+000  9.3021060e-001
  3.9099161e+000  2.9667864e+000
  8.5991073e+000  6.8659195e+000
 -4.4901459e-001  3.8193471e+000
  3.1693487e+000  4.2250224e+000
  2.1988693e+000  2.0663446e+000
  9.0756705e+000  3.1912996e+000
  2.9038905e+000  7.0399727e+000
  4.2882685e+000  1.9411985e+000
  6.4339604e+000  5.9055459e+000
  4.9490617e+000  5.2371934e+000
  6.3805990e+000  2.9697754e+000
  4.7567365e+000  3.7963669e+000
  8.4634654e+000  3.4642753e+000
  3.7121300e+000  4.9959571e+000
  7.8468629e+000  7.1008095e+000
  1.0895496e+001  8.2095237e+000
  5.9602700e+000  3.7528368e+000
  7.0716655e+000  7.5761160e+000
  5.9079061e+000  7.0484906e+000
  5.5479354e+000  1.3929808e+000
  4.5400516e+000  5.6891481e+000
  8.2380150e+000  1.7149827e+000
  7.7910002e-001  6.9428766e+000
  6.3160518e+000  3.7532215e+000
  4.0581496e+000  4.3517434e+000
  1.6004175e+000  4.6027220e+000
  1.1430064e+001  3.7480048e+000
  6.0999935e+000 -1.0694729e+000
  7.4024738e+000  7.6854338e+000
  3.6245276e+000  8.8244199e+000
  1.0098947e+001  1.7785732e+000
  4.1775187e+000  3.8261051e+000
  6.1303024e+000  9.1418545e+000
  5.6392080e+000  4.7223111e+000
  6.1201064e+000  4.0949851e+000
  5.2795638e+000  3.1140297e+000
  5.1086089e+000  9.5739353e+000
  2.1736066e+000  8.2930730e+000
  6.4628371e+000  6.7628285e+000
  1.4598854e+000 -4.1438793e-001
  9.7854737e-001  6.8012270e+000
  2.2131751e+000  6.4459070e+000
  2.6882976e+000  6.8991713e+000
  4.1622785e+000  2.6403833e+000
  2.6074462e-001  6.9473108e+000
  6.2565103e+000  3.4729330e+000
  4.0457287e+000  9.1781341e+000
  5.3155851e+000  4.0456977e+000
  6.6945791e+000  6.6340617e+000
  5.2024157e+000  6.8189669e+000
  7.4592159e+000  3.7501852e+000
  4.4571068e+000 -2.8471334e-001
  3.7507744e+000  4.4334231e+000
  1.0060655e+001  1.7930105e+000
  5.0183105e+000  4.0273260e+000
  3.2437693e+000  4.5471079e+000
  7.8018522e+000 -3.1088447e-001
  2.7326962e+000  4.1765169e+000
  3.9236703e+000  6.3247794e+000
  6.6453838e+000  2.3693725e+000
  7.8724350e+000  4.3088772e+000
  2.8446793e+000  7.2296718e+000
  5.3310792e+000  8.0838411e+000
  6.3799206e+000  4.4166322e+000
  4.4225777e+000  9.8374009e+000
  2.8326637e+000  6.4814174e+000
  5.9027087e+000  3.5470977e+000
  1.2995062e+000  8.1100849e+000
  5.9961519e+000  5.4025645e+000
  8.0433706e+000  8.8411480e+000
  2.6229947e+000  4.9413234e+000
  4.1434940e+000  8.0164337e+000
  9.5903238e+000  3.9984738e+000
  3.9308051e-001  6.6432497e+000
  3.2406520e+000  4.3320588e+000
  3.5304316e+000  4.1461477e+000
  4.5615455e+000  2.2541750e+000
  5.9081458e+000  2.8959475e+000
  7.0405717e+000  3.1643225e+000
  8.6362030e+000  4.2270067e-001
  5.8288827e+000  5.9162953e+000
  4.8886687e-001  6.5823237e+000
  6.1495830e+000  6.9745901e+000
  4.5201542e+000  7.9413853e+000
  5.6811438e+000  1.7940524e+000
  7.0798885e+000  2.8458057e+000
  9.5854386e+000  8.5386537e+000
  8.0316148e+000  7.0828264e+000
  2.3855936e+000  7.4153160e+000
  2.0342843e+000  5.8227462e+000
  5.5423801e+000  3.6246313e+000
  5.0918762e+000  6.8989205e+000
  5.9099288e+000  4.9640082e+000
  6.2664730e+000  7.1342831e+000
  1.9331514e+000  9.2505545e+000
  3.9928730e+000  4.1368281e+000
  1.0165944e+001  9.2388069e+000
  2.2172369e+000  4.9796541e+000
  9.7598897e+000  1.0693933e+001
  1.0740766e+001  4.6584574e+000
  7.4805523e+000  3.9281696e+000
  7.0843638e+000  3.9525876e+000
  1.1374465e+001  7.1419827e+000
  6.9905060e+000  2.1802197e+000
  6.2465502e+000  7.0719446e+000
  8.3517474e+000  7.8658157e-001
  4.4044095e+000  5.1122790e+000
  8.0684043e+000  8.5229877e+000
  7.1703966e+000  7.3778262e+000
  1.0521441e+001  4.7346812e+000
  6.3889705e+000  2.5371721e+000
  5.4417546e+000  3.1383936e+000
  1.1432519e+001  5.0316625e+000
  1.0236017e+001  5.5765515e+000
  5.2253327e+000  8.7515471e+000
  1.7871649e+000  5.6264738e+000
  6.5510610e+000  3.7767459e+000
  2.5358412e+000  4.9931705e+000
  8.0958465e+000  6.6995876e+000
  6.0267841e+000  3.2060898e+000
  1.7797740e+000  4.1146823e+000
  5.5543998e+000  7.4694170e-001
  3.0017821e+000  3.8498050e+000
  4.4897258e+000  4.7877912e+000
  6.2366678e+000 -7.3380847e-001
  3.7525204e+000  8.4511721e+000
  9.3227115e+000  2.2978753e+000
  5.5253974e+000  7.1795412e+000
  3.3172919e+000  7.7658849e+000
  4.7509890e+000  2.8475824e+000
  6.0945430e+000  4.5075436e+000
  6.4712567e+000  2.9384392e+000
  8.2764924e+000  5.0603667e+000
  7.7338187e+000  1.0969998e+001
  4.7527112e+000  3.4860582e+000
  5.8089356e+000  6.8128195e+000
  2.5453931e+000  1.2147173e+000
  5.9090275e+000  3.8586434e+000
  3.3290142e+000  4.6936355e+000
  2.0589984e+000  7.1561943e+000
  5.0344738e+000  1.4153388e+000
  3.0541384e+000  4.2242763e+000
  3.7442083e+000  6.9633671e+000
  5.5526854e+000  3.7937678e+000
  3.8589590e+000  7.0492222e+000
  3.9362902e+000  4.1070875e+000
  9.3510571e-001  7.5789030e+000
  1.1644343e+000  5.8309580e+000
  2.4371746e+000  4.8760204e+000
  4.0179957e+000  6.7356932e+000
  3.2661975e+000  1.1417300e+001
  7.3831106e+000  3.6763931e+000
  4.0264403e+000  6.0089906e+000
  2.2401077e+000  3.3676669e+000
  6.4789132e+000  6.4751186e+000
  5.3839557e+000  5.8825321e+000
  2.0141603e+000  9.3627822e+000
  6.8175724e+000  4.1322909e+000
  1.0565318e+001  2.8597883e+000
  2.4516232e+000  2.7302167e+000
  3.3798419e+000  4.1531999e+000
  9.2506618e+000  5.6059360e+000
  4.4197695e+000  4.1321136e+000
  7.2527144e+000  6.8950898e+000
  3.1386473e+000  1.5217189e+000
  6.8336838e+000  4.3827836e+000
  3.8614363e+000  4.3357821e+000
  2.6521706e+000  3.3042993e+000
  6.2777902e+000 -1.4430399e+000
  2.2065184e+000  2.4068583e+000
  4.4689386e+000  3.3342985e+000
  3.7782846e+000  4.7385519e+000
  6.1914441e+000  4.2327697e+000
  3.7665277e+000  6.6705819e+000
  3.1883922e+000  4.9324516e+000
  6.0081464e+000  1.8634666e+000
 -1.2568348e+000  3.9274081e+000
  5.3386538e+000  6.5967531e+000
  3.7617674e+000  5.0855259e+000
  6.2266470e+000  6.4870291e+000
  3.0741264e+000  8.0409296e+000
  7.0047202e+000  2.2373495e+000
  5.0451910e+000  7.1751450e+000
  6.9888006e+000 -7.9236187e-001
  3.6602960e+000  2.4156437e+000
  8.8461945e+000  3.8396070e+000
  5.7113236e+000  4.6644855e+000
  7.2778641e+000  4.8983970e+000
  2.9641863e+000  4.4253570e+000
  2.1033948e+000  6.5006767e+000
  5.5574471e+000  7.3946277e+000
  7.5298415e+000 -3.3742343e-001
  3.4214880e+000  9.4622152e+000
  1.7894850e+000  5.6653613e+000
  5.2695156e+000  3.2653640e+000
  6.5967296e+000  6.6180233e+000
  3.2680607e+000  7.0597854e+000
  6.2109833e+000  2.3675434e+000
  1.4758819e+000  7.3295293e+000
  1.0324572e+001  4.0509016e+000
  6.8047267e+000  6.6966903e+000
  5.1211745e+000  3.0915170e+000
  9.8413802e+000  5.7358794e+000
  1.0397001e+001  2.2266456e+000
  6.9386175e+000  4.9602527e-001
  2.1000990e+000  3.0153684e-001
  5.4051584e+000  6.1834219e+000
  9.5616234e+000 -5.2916613e-001
  9.9322607e+000  5.6563980e+000
  1.0492455e+000  3.5329929e+000
  9.7994464e+000  1.5608501e+000
  4.5370152e+000  1.6979032e+000
  6.9335406e+000  2.7044349e+000
  5.5876692e+000  1.7445868e+000
  6.4923447e+000 -5.3090534e-001
  3.3989251e+000  1.7769846e+000
  3.4697175e+000  4.3507540e+000
  2.6340928e+000  3.9024087e+000
  8.5993154e+000  5.4316849e+000
  3.3971496e+000  9.9537882e+000
  5.6583330e+000  5.8125155e+000
  3.1603317e+000  5.9598600e-001
  9.7667232e+000  8.7194645e+000
  6.4551736e-001  7.0679157e+000
  7.6031817e+000  9.1449515e+000
  7.6066530e+000  1.1402727e+001
  3.2891169e+000  1.0345755e+001
  1.1013583e+001  1.3026420e+000
  6.1029361e+000  5.3765716e+000
  7.4849379e+000  1.0127605e+001
  6.2378314e+000  3.1366010e+000
  7.7651408e+000  7.2658063e+000
  3.8257625e+000  9.3460252e+000
  7.2313951e+000  4.0898155e+000
  7.0978233e+000  7.0028273e+000
  8.1993738e+000  3.1201553e-001
  1.0910415e+001  6.4452823e+000
  5.4749269e+000  7.4944548e+000
  4.4488109e+000  7.7893048e+000
  6.4228157e+000  4.4400185e+000
  3.4694375e+000  8.0695034e-001
  1.9692488e+000  3.7873918e+000
  3.8635847e+000  8.6348992e+000
  6.9250658e+000  4.0750975e+000
  5.4004328e+000  5.5421311e+000
  3.5973920e+000  3.8615590e+000
  4.2975574e+000  7.0597385e+000
  4.1540205e+000  6.4603459e+000
  1.6848770e+000  5.3443957e+000
  7.9221059e+000  5.9516915e+000
  2.2741074e+000  7.2893449e+000
  4.9997351e+000  8.1579954e+000
  6.4269226e+000  1.1653025e+001
  2.6300080e+000  7.3008068e+000
 -1.2677730e+000  4.4688266e+000
  5.0311093e+000  2.1019684e+000
  1.9782645e+000  6.9458839e+000
  5.8510197e+000  4.1758304e+000
  3.0031933e+000  4.0860111e+000
  5.7464903e+000  6.4310057e+000
  1.2417175e+000  7.6153545e+000
  4.7961718e+000  7.3015770e+000
  3.7670612e+000  3.1619587e+000
  1.8749401e+000  7.4775072e+000
  6.5448283e+000  3.4630231e+000
  2.9088815e-001  6.1234872e+000
  9.6072228e+000  6.0185422e+000
  5.3762222e+000  3.7374235e+000
  5.9476976e+000  6.7465521e+000
  5.0146030e+000  7.1456923e+000
  6.6270052e+000  7.9043274e+000
  8.2893444e+000  1.0893150e+001
  1.1305446e+001  4.4523488e+000
  6.1635413e+000  5.5698068e+000
  7.3630060e+000  8.7110000e+000
  5.9378892e+000  7.9916321e+000
  5.0256852e+000  3.6469019e+000
  5.5479858e+000  5.5307029e+000
  8.2956667e+000  6.8697530e+000
  1.5168842e+000  2.9923063e+000
  1.1067495e+001  3.6842290e+000
  2.4619411e+000  4.6512198e+000
  5.3628137e+000  2.5159839e+000
  6.9366257e+000  2.7578141e+000
  4.5215831e+000  2.7111372e+000
  4.5792135e+000  6.7883358e+000
  2.2481323e+000  8.9818507e+000
  7.4027624e+000  6.1499943e+000
  5.8661915e+000  3.4441340e+000
  9.3456366e+000  4.4606458e+000
  5.1403941e+000  3.5344050e+000
  1.0756618e+001  6.0779101e+000
  8.6974641e+000  1.8264924e+000
  3.3749132e+000  3.6751093e+000
  5.8222854e+000  6.4603064e+000
  6.5894875e+000  6.5303789e+000
  6.0758181e+000  6.7864198e+000
  3.3266601e+000  4.3254845e+000
  1.9600547e+000  1.0374495e+001
  2.8882148e+000  6.2037790e+000
  3.9305087e+000  2.2874868e+000
  5.2774829e+000  3.8385200e+000
  9.2821341e+000  5.7478504e+000
  1.1245310e+001  2.8033281e+000
  4.5120860e+000  2.8993905e+000
  7.2224085e+000  5.4857634e+000
  1.6169708e+000  3.2765916e+000
  6.1740140e+000  1.0123498e+001
  5.0527951e+000  7.5318271e+000
  5.6461160e+000  3.5995885e+000
  7.4223781e+000  3.6768612e+000
  6.2861377e+000  3.0721191e+000
  5.5832334e+000  1.1134552e+001
  7.4296890e+000  5.4691397e+000
  4.2726562e+000  4.4822505e+000
  3.8894005e+000  2.9132959e+000
  3.3443225e+000  4.4899328e+000
  1.9712668e+000  5.9612155e-001
  1.1313376e+000  3.8721378e+000
  5.5570338e+000  2.6903855e+000
  5.6962727e+000  2.7885410e+000
  3.3257304e+000  6.9218220e+000
  3.9662565e+000  2.6728254e+000
  1.3806266e+000  4.1365234e+000
  3.4666431e+000  2.1952356e+000
  6.3138212e+000  3.6215573e+000
  6.2332727e+000  6.5114975e+000
  3.1360475e+000  4.7816426e+000
  2.9991535e+000  7.2799576e+000
  5.1830383e+000  8.0292343e+000
  5.3816186e+000  5.0215124e+000
  5.3536157e+000  6.4015113e+000
  4.1753137e+000  2.0582740e+000
  6.5168821e+000 -3.3285905e+000
  8.0526333e-001  7.0621546e+000
  4.9146622e+000  3.5060360e+000
  4.5080305e+000  4.9459462e+000
  3.5342462e+000  4.0819740e+000
  2.0007589e+000  6.6913056e+000
  5.6332620e+000  2.2670814e+000
  3.1115313e+000  4.3922886e+000
  4.2603983e+000  5.0699390e+000
  3.4889649e+000  2.5275511e+000
  6.2835150e+000  3.7363443e+000
  3.9750977e+000  4.4661228e+000
  2.7101345e+000 -1.2685354e+000
  4.2608668e+000  6.8045738e+000
  6.0203258e+000  7.0186836e+000
  4.4941147e+000  1.0200373e+001
  3.5098474e+000  1.0058799e+001
  9.3758776e+000  6.9543138e-001
 -1.6951400e-002  1.0494946e+000
  4.7554132e+000  4.3723231e+000
  4.8038061e+000  1.0262127e+001
  7.0396772e+000  4.7156512e+000
  3.3790636e+000  8.8108550e+000
  3.8727244e+000  4.4784545e+000
  3.8617505e+000  8.0944838e+000
  3.5169393e+000  8.7993138e+000
  7.7300964e+000  3.7046524e+000
  3.1950319e+000  3.7316277e-001
  1.6606928e+000  3.3628161e+000
  8.3889260e+000 -1.3171052e+000
  2.8609251e+000  4.1713453e+000
  5.4275778e+000  3.0488039e+000
  1.0531080e+000  3.4379377e+000
  1.2583670e+001  6.1775543e+000
  5.6953987e+000  6.5742042e+000
  7.0121736e+000  6.8577747e+000
  6.4672454e+000  3.5297851e+000
  6.6822665e+000  3.5207099e+000
  4.6969455e-001  3.5159037e+000
  3.4523627e+000  3.6372924e+000
  5.7491965e+000 -1.3953252e+000
  4.2144698e+000  5.2145246e+000
  5.7273579e+000  1.1632147e+000
  2.9464304e+000  4.8428666e+000
  1.7091403e+000  5.2576044e+000
  7.9110592e+000  6.8023833e+000
  7.9947459e+000  6.9310471e+000
  4.0937785e+000  3.0365814e+000
  3.7227535e+000  3.4758751e+000
  7.7613224e+000  2.5122489e+000
  1.1087075e+001  2.0139434e+000
  7.8387976e+000  4.2077402e+000
  5.5864914e+000  3.9780771e+000
  4.1099012e+000  3.2233253e+000
  5.9420142e+000 -2.5040346e-001
  2.0882595e+000  5.3952628e+000
  5.3205509e+000  6.1085428e+000
  4.8147615e+000  2.1605475e+000
  2.6264261e+000  2.6252579e+000
  6.9645832e+000  4.3053419e+000
  5.2674129e+000  3.7893489e+000
  8.3035659e+000  8.2250782e+000
  3.8893813e+000  1.2750250e+000
  3.3510442e+000  2.3904087e+000
  4.4385416e+000  4.0786558e+000
  1.2188800e+000  7.2262391e+000
  3.8541047e+000  6.3325065e+000
  6.2252156e+000 -2.4859467e+000
  1.0849000e+000  7.7319410e+000
  5.2078353e+000  3.8543776e+000
  6.6575059e+000  2.8488802e+000
  2.7385913e+000  2.7913147e+000
  6.2182484e+000  3.2168214e+000
  3.6167047e+000  4.0990984e+000
  3.2717461e+000  8.0579389e+000
  7.2872143e-001  8.3700897e+000
  5.4703325e+000  4.2772779e+000
  8.4425308e+000  3.4354765e+000
  5.8466770e+000  7.2528742e+000
  4.8855683e+000 -3.3001524e-001
  6.1027004e+000  6.1565132e+000
  4.9981855e+000  7.2761997e+000
  4.7683078e+000  8.7066548e+000
  6.3762272e+000  2.2820857e+000
  9.6204811e+000  4.8598955e+000
  5.4058197e+000  2.9399072e+000
  5.8562268e+000  3.9002731e+000
  7.0217222e+000  7.4542269e+000
  3.5562373e+000  1.9697402e+000
  3.5327560e+000  3.1293465e+000
  6.3398572e+000  3.6817231e+000
  5.0816806e+000  4.2575533e+000
  6.5938369e+000  7.7551337e+000
  4.2788681e+000  9.1251144e+000
  4.2387336e+000 -2.0709070e-002
  2.2449573e+000  6.0916803e+000
  3.5895320e+000  4.1364200e+000
  6.5610003e+000  7.0048823e+000
  6.9958825e+000  6.7235657e+000
  1.1885768e+001  6.9689623e+000
  1.1591269e+001  1.5383432e+000
  7.4507959e+000  3.8512334e+000
  1.6602937e+000  8.2159594e+000
  8.6438423e+000  1.1204676e+001
  4.5721390e+000  5.5195980e+000
  4.9335667e+000 -2.2260707e-001
  5.3597690e+000  2.6223066e+000
  5.8343416e+000  2.0577253e+000
  5.3862254e+000  2.5191643e+000
  7.9042098e+000  6.5580199e+000
  5.1077473e+000  1.0310845e+001
  7.3699727e+000  5.1565340e+000
  6.3784505e+000  6.9144706e+000
  5.4349815e+000  3.8272898e+000
  5.7209533e+000  3.7802035e+000
  3.9829200e+000  7.2285644e+000
  2.5610392e+000  7.7051650e+000
  7.9970643e-001  6.0203005e+000
  7.7882400e+000  3.9652034e+000
  4.3002009e+000  8.0800546e+000
  5.5526800e+000  9.1597875e+000
  6.2637731e+000  3.9137438e+000
  7.5331836e+000  3.6812998e+000
  2.2515691e+000  7.9479521e+000
  7.5112836e+000 -3.7236933e-001
  2.3123288e+000  3.8975781e+000
  6.8054301e+000  3.6821287e+000
  4.9863996e+000  2.2890501e+000
  6.2327150e+000  4.0240297e+000
  6.0045950e+000  4.1092321e+000
  1.8871515e+000  6.7453467e+000
  7.9097595e+000  1.0734944e+001
  9.4609000e+000  7.8388376e+000
  6.3567481e+000  5.5740762e+000
  8.6214572e+000  8.5743651e+000
  6.4357738e+000  3.7621969e+000
  6.7252160e+000  3.4304241e+000
  3.6588256e+000  8.4197898e+000
  3.0908694e+000  4.1481742e+000
  5.3898716e+000  7.1069109e+000
  4.5876830e+000  1.8568294e+000
  3.0940665e+000  4.6622608e+000
  6.8763052e+000 -1.9022850e-001
  5.8359351e+000  1.9363062e+000
  9.1227393e+000  9.8655003e+000
  3.3189152e+000  7.4003500e+000
  6.8634018e+000  5.0732106e+000
  2.1834751e+000  9.6257580e+000
  1.0259374e+001  5.5609556e+000
  6.7159225e+000  6.5499776e+000
  4.5178840e+000  4.5974808e+000
  5.5328169e+000  4.1859150e+000
  5.1498940e+000  2.0740970e+000
  7.0439634e+000  6.2750284e+000
  6.9765692e+000  4.6921108e+000
  9.3031937e+000  9.6062921e+000
  5.3557254e+000  4.5615348e+000
  5.5622802e+000  6.9848420e+000
  1.1208060e+001  4.4950901e+000
  2.9067117e+000  7.7801071e+000
  5.2813950e+000  6.5854349e-001
  6.0144354e-001  3.6320998e+000
  1.8330179e+000  6.2457977e+000
  6.6149421e+000  5.5346487e+000
  6.3817527e+000  4.5162164e+000
  3.8042091e+000  4.7714776e+000
  3.7846147e+000  3.9170727e+000
  6.0744564e+000  2.8316320e+000
  6.5188440e+000  6.1959289e+000
  1.7496934e+000  6.6848938e-001
  7.0542692e+000  7.7533810e+000
  5.7245007e+000  7.1293201e+000
  3.2477149e+000  5.5631129e-001
  5.9273101e+000  1.2230648e+000
  6.5224833e+000  5.7294809e-001
  7.5714173e+000  5.7278169e+000
  7.8931645e+000  6.7038969e+000
  6.3252665e+000  3.3425594e+000
  1.9171818e+000  3.4142886e+000
  5.0879708e+000  2.8388873e-001
 -1.2276981e+000  1.1327626e+001
  5.1242185e+000  2.2258087e+000
  2.8484436e+000  4.9799214e+000
  7.5785706e+000  2.3600667e+000
  3.5817821e+000  9.6999147e+000
  9.4962034e-001  5.6247418e+000
  5.0126428e+000  1.0127570e+000
  6.0422762e+000  3.6395946e+000
  5.3320967e+000  7.1143953e+000
  5.3050117e+000  3.6322654e+000
  6.4113479e+000  8.0526932e+000
  6.3285846e+000  3.7631094e+000
  2.8005107e+000  1.3540422e+000
  6.4084757e+000  6.1489144e+000
  2.5691249e+000  1.6398233e+000
  7.1611261e+000  5.4359496e+000
  5.3335635e+000  4.0633280e+000
  7.5371801e+000  6.9609370e+000
  2.1040724e+000  3.5418049e+000
  6.4591598e+000  8.1253210e+000
  4.7157309e+000  2.7347269e+000
  3.4526871e+000  9.3133542e-001
  2.5936332e+000  4.3840891e+000
  4.6206287e+000  7.6031341e+000
  4.5035021e+000  7.9077161e+000
  1.1576294e+000  6.9059998e+000
  4.7165796e+000  2.9605036e+000
  4.4918283e+000  6.2851966e+000
  6.0424153e+000  4.0333025e+000
  6.6816971e+000  6.5670926e+000
  3.9997079e+000  4.7161995e+000
  9.8242920e+000  9.9718671e+000
  8.1322521e+000  6.7282021e+000
  3.0468311e+000  4.6216163e+000
  6.7046473e+000  6.8873584e+000
  5.7198295e+000  3.9452959e+000
  4.0129087e+000  7.6904332e+000
  7.3481343e+000  2.2274171e+000
  5.7683005e+000  5.2995553e+000
  1.4345433e+000  6.9357697e+000
  3.7702767e+000  8.9545966e+000
  2.2827484e+000  2.0459871e+000
  8.7058782e+000  9.6165628e+000
  2.2012152e+000  3.2329317e+000
  6.3545757e+000  3.9650284e+000
  3.3736493e+000  2.4790006e+000
  1.7510264e+000  5.6956388e+000
  1.1408727e+001  4.1531655e+000
  5.2024626e+000  5.7726134e+000
  3.3844525e+000  1.5561144e+000
  6.3405998e+000  3.8595953e+000
  8.8470019e+000  5.6551178e+000
  3.8384831e+000  7.1542077e+000
  9.3322915e-001  7.2925081e+000
  1.9958774e+000  4.7679897e+000
  4.5460901e+000  6.3881742e+000
  1.5330262e+000  3.0586457e+000
  5.7709242e+000  4.3478744e+000
  4.0757366e+000  4.4609625e+000
  3.2217222e+000  1.5200061e-001
  5.2838951e+000  4.3059787e+000
  4.2412312e+000  7.1840576e+000
  3.5650670e+000  7.3892640e+000
  4.7719831e+000  7.7842181e+000
  4.8130757e+000  3.7028232e+000
  5.6438580e+000  6.9886398e+000
  1.0815023e+001  7.5481113e+000
  3.5415593e+000  3.0702523e+000
  3.2766340e+000  4.6835719e+000
  7.1954461e+000  4.6289968e+000
  7.1456220e+000  6.6192908e+000
  5.0890129e+000  2.4242947e+000
  5.9362021e+000  7.4201459e+000
  5.8356460e+000  4.5202264e+000
  7.1135794e+000  7.7740769e+000
  1.1866532e+000  6.8435374e+000
  7.5135662e+000  9.0855019e+000
  4.0191182e+000  7.3596389e+000
  7.2149317e+000  1.0122358e+001
  1.0955709e+001  4.3606631e+000
  1.1836123e+000  7.9416556e+000
  2.2726300e+000  3.4212351e+000
  5.1572229e+000  1.8039942e+000
  3.4357180e+000  1.7752895e+000
  5.3092937e+000  6.7716417e+000
  1.5390215e+000  8.0540715e+000
  5.6973833e+000  7.0814152e+000
  4.5595948e+000  8.1881632e+000
  7.7403711e+000  4.2489670e+000
  2.8100008e+000  3.7080982e+000
  6.9659878e+000  5.1136905e+000
  2.6239591e+000  3.6340237e-001
  4.7610689e+000  4.3546282e+000
  4.4038677e+000  1.6998878e+000
  4.4913149e+000  4.2665043e+000
  6.3674129e+000  2.8924972e+000
  4.0420254e+000  4.5720402e+000
  6.2433133e+000  3.3622208e+000
  6.9651629e+000  4.2406795e+000
  4.2914995e+000  9.2004804e+000
  5.0688699e+000  3.9171531e+000
  5.0568566e+000  6.7978852e+000
  2.5943547e+000  3.7655643e+000
  6.2555336e+000  2.9354577e+000
  6.1071415e+000  2.7184406e+000
  3.4233629e+000  3.4290968e+000
  2.9321892e+000  1.7601722e+000
  8.7605845e+000  1.0909324e+001
  4.1533403e+000  8.2853001e+000
  6.7903146e+000  3.0201032e+000
  3.6139185e+000  8.0852829e+000
  2.6626685e+000  5.0760305e+000
