  4.9726179e+000  4.6892221e+000
  6.0819868e+000  7.7867410e+000
  6.7887603e-001  6.8701998e+000
  8.1222523e+000  2.1584958e+000
  7.0110001e+000  6.1335499e+000
  5.9367996e+000  6.8179980e+000
  8.2729718e+000  2.0930364e+000
  2.0636009e+000  1.6395547e+000
  2.0696020e+000  4.4228599e+000
  1.1371315e+000  6.7604026e+000
  6.7961178e+000  8.3261905e+000
  3.1698198e+000  4.4163685e+000
  7.9258306e+000  5.7556473e+000
  2.5160069e+000  2.3304295e+000
  5.2491188e+000  2.0404355e+000
  8.7418463e+000  5.6377203e+000
  3.7030084e+000  8.8370555e+000
  8.0783177e+000  7.8690473e+000
  8.4408587e+000  2.2533533e+000
  5.3355166e+000  8.1604402e+000
  6.7052732e+000  8.2590747e+000
  3.2893912e+000  7.9797861e+000
  6.1952146e+000  1.8447932e+000
  5.0408199e+000  3.0083444e+000
  5.4683579e+000  5.4009995e+000
  6.9870153e+000  5.2565586e+000
  1.7286992e+000  6.9215221e+000
  8.4579742e+000  1.8721826e+000
  8.8990889e+000  5.5009251e+000
  5.2527817e+000  4.4224647e+000
  8.3622110e+000  5.5931021e+000
  7.6392407e+000  2.3011725e+000
  3.0908786e+000  2.1974815e+000
  2.3439099e+000  4.2743157e+000
  3.3037145e+000  1.3058595e+000
  8.2559574e+000  5.7451518e+000
  6.8229758e+000  8.3684409e+000
  1.5089000e+000  7.6938064e+000
  3.1093681e+000  9.1184833e+000
  7.8279070e+000  1.8435457e+000
  1.6595668e+000  2.1220712e+000
  6.5125150e+000  1.5352097e+000
  2.5760863e+000  1.5074570e+000
  7.7716671e+000  2.2594526e+000
  1.7099174e+000  4.1543315e+000
  2.4280786e+000  8.9272557e+000
  1.1424791e+000  3.3948395e+000
  5.4959535e+000  8.4201202e+000
  8.6703068e+000  1.7952483e+000
  1.5036970e+000  7.1897327e+000
  8.3637362e+000  1.7195823e+000
  3.2145925e+000  8.9603134e+000
  8.9941814e+000  5.5726697e+000
  6.1933111e+000  7.3680625e+000
  6.4197675e+000  6.6279005e+000
  6.8790017e+000  4.6797070e+000
  1.3207189e+000  4.2694760e+000
  6.8475674e+000  8.6329670e+000
  1.6091548e+000  4.2268636e+000
  8.5989186e+000  5.6960709e+000
  1.2524497e+000  4.2993846e+000
  2.2435827e+000  6.9906587e+000
  5.1274296e+000  3.0011579e+000
  8.7903265e+000  2.0936684e+000
  8.2957834e+000  6.5424099e+000
  1.3637503e+000  1.6593612e+000
  5.3346423e+000  6.6394577e+000
  5.3215420e+000  2.9947551e+000
  1.2680676e+000  7.3029413e+000
  6.5599391e+000  6.5788362e+000
  4.9110211e+000  3.2795544e+000
  1.5418187e+000  4.4516955e+000
  2.5293709e+000  6.8828194e+000
  1.8119501e+000  4.7555863e+000
  8.3993001e+000  5.4731637e+000
  4.6569217e+000  3.0423404e+000
  7.8019187e+000  2.3936737e+000
  3.3412232e+000  8.4532368e+000
  4.3013971e+000  2.5145917e+000
  3.5971647e+000  2.0043834e+000
  6.6042755e+000  7.2017193e+000
  7.3311057e+000  8.5772907e+000
  3.6404478e+000  8.2282565e+000
  8.3848231e+000  2.0285405e+000
  4.5682202e+000  1.7513617e+000
  5.8123416e+000  2.9727148e+000
  2.0910943e+000  2.0566387e+000
  3.3411662e+000  1.0750903e+000
  4.6745846e+000  2.0112328e+000
  8.8901392e+000  3.5285588e+000
  4.1280176e+000  7.0058622e+000
  2.6654773e+000  2.5448151e+000
  3.0560652e+000  1.9712185e+000
  8.2793653e+000  2.3116180e+000
  4.0247951e+000  2.0968891e+000
  6.8626617e+000  1.8560854e+000
  2.2159517e+000  4.3724047e+000
  1.6792772e+000  7.3577094e+000
  3.0264138e+000  1.4060513e+000
  3.5237665e+000  1.2492440e+000
  6.6892608e+000  6.0409956e+000
  1.5056949e+000  1.5540802e+000
  9.1433665e+000  2.8982477e+000
  6.2347854e+000  8.2178242e+000
  8.6242723e+000  1.9668520e+000
  1.3556855e+000  7.6328567e+000
  1.5960142e+000  1.5307036e+000
  1.2880081e+000  4.8272366e+000
  4.8385678e+000  3.3354709e+000
  2.0222855e+000  7.2387966e+000
  4.9048719e+000  3.2565458e+000
  8.4699364e+000  2.5759661e+000
  8.5739314e+000  2.2511122e+000
  2.2744193e+000  6.9091788e+000
  2.3591495e+000  4.8427469e+000
  8.6913675e+000  7.0238397e+000
  8.9334762e+000  6.4659032e+000
  5.1789101e+000  3.3343536e+000
  5.0417749e+000  2.5679285e+000
  8.5057586e-001  7.1516375e+000
  6.4575066e+000  7.3083721e+000
  3.4860522e+000  5.6765480e+000
  4.8464123e+000  3.2423235e+000
  9.1237269e+000  5.4552811e+000
  3.2092730e+000  1.2444934e+000
  2.3074079e+000  7.9774832e+000
  3.4745748e+000  6.4650157e+000
  1.9493309e+000  6.5557941e+000
  3.0878411e+000  1.9024551e+000
  6.8428204e+000  6.6001291e+000
  2.8910934e+000  1.8141826e+000
  5.7796694e+000  3.2785904e+000
  8.2155572e+000  6.5135417e+000
  3.4682394e+000  8.4815811e+000
  3.0928926e+000  1.3319332e+000
  2.1469697e+000  1.8305953e+000
  2.9883681e+000  1.8436810e+000
  1.3583773e+000  1.7810634e+000
  1.6607812e+000  5.0265761e+000
  4.8377941e+000  3.0559042e+000
  1.2950369e+000  7.3477244e+000
  2.7874386e+000  1.8276640e+000
  7.8507400e+000  5.3807722e+000
  8.2069030e+000  2.2146788e+000
  1.6494759e+000  8.1099707e+000
  4.8102596e+000  3.1116600e+000
  8.6606865e+000  5.6293643e+000
  1.6042230e+000  7.4827486e+000
  7.2226417e+000  6.8672215e+000
  8.6249308e+000  8.2847996e+000
  8.7255243e+000  8.1692927e+000
  9.1354585e+000  5.4373494e+000
  1.4881757e+000  5.4171885e+000
  5.3064252e+000  4.6660517e+000
  2.9291608e+000  1.2418799e+000
  4.4590938e+000  6.0380086e+000
  8.5249023e+000  8.1081482e+000
  1.2297935e+000  1.5522312e+000
  3.3020601e+000  1.2849573e+000
  7.0689085e+000  5.7233651e+000
  1.5514050e+000  7.4946679e+000
  3.2693679e+000  9.4374715e+000
  2.7995770e+000  1.4369062e+000
  8.0499074e+000  2.0076840e+000
  3.3808668e+000  1.1730528e+000
  9.8803397e-001  6.7769339e+000
  5.4712390e+000  3.4935317e+000
  7.8305901e+000  2.3134505e+000
  6.8251052e+000  3.5791980e+000
  4.2070578e+000  3.7634789e+000
  5.9695038e+000  7.2491655e+000
  2.4284916e+000  3.5055921e+000
  3.2137026e+000  1.4766321e+000
  1.0345185e+000  7.5600585e+000
  2.7278068e+000  8.0403591e+000
  1.8161808e+000  6.7932035e+000
  5.8325924e+000  5.9936061e+000
  1.2442490e+000  6.7706936e+000
  8.7676894e+000  1.9865996e+000
  3.4944169e+000  6.9941931e+000
  3.3848862e+000  2.4270029e+000
  1.3319995e+000  1.6543863e+000
  5.1136255e+000  2.9679175e+000
  7.7614714e+000  1.9269304e+000
  8.8859454e+000  8.5662387e+000
  2.9906116e+000  1.7324178e+000
  5.5602565e+000  3.3187657e+000
  5.8985888e+000  7.6072030e+000
  8.6699848e+000  5.4438800e+000
  7.0493881e+000  8.0881333e+000
  8.8245388e+000  5.4506022e+000
  3.4519295e+000  9.9834404e-001
  6.9454002e+000  8.2681520e+000
  8.2648937e+000  8.6256113e+000
  1.1452775e+000  7.2981526e+000
  5.2561861e+000  3.0645980e+000
  8.2872156e+000  2.3710332e+000
  8.5921678e+000  5.7007566e+000
  8.7612815e+000  5.8114860e+000
  7.9769048e+000  1.6834038e+000
  3.8993000e+000  8.3896358e+000
  9.0395873e+000  8.7528940e+000
  6.4862327e+000  7.8245650e+000
  3.4848420e+000  1.1895244e+000
  5.1281747e+000  4.8672317e+000
  8.1311376e+000  2.3138796e+000
  7.9241661e+000  2.1803341e+000
  6.3961991e+000  6.4781352e+000
  8.4114227e+000  5.3200484e+000
  6.3247864e+000  7.2499193e+000
  8.4156488e+000  1.9840019e+000
  1.4024512e+000  8.2524704e+000
  5.3580698e+000  3.2431705e+000
  5.4766329e+000  1.7210807e+000
  7.9003256e-001  7.0570349e+000
  8.8862215e+000  1.8395711e+000
  6.8824787e+000  8.0241410e+000
  5.5817827e+000  1.8821054e+000
  5.1737138e+000  3.3396509e+000
  8.2583460e+000  2.0112511e+000
  7.7274910e+000  2.1069087e+000
  1.5075991e+000  6.8694791e+000
  1.7545299e+000  5.3660663e+000
  6.4764062e+000  7.0767902e+000
  4.2422430e+000  6.1357116e+000
  3.0721449e+000  1.5131450e+000
  3.4330887e+000  1.5000950e+000
  8.2624160e+000  2.4554525e+000
  1.8734498e+000  7.6449749e+000
  3.2800842e+000  1.1863824e+000
  4.5535515e+000  4.4515218e+000
  6.3623655e+000  6.1563028e+000
  4.0931244e+000  8.1315298e+000
  8.9319068e+000  3.3486251e+000
  6.1631987e+000  7.9215173e+000
  5.5478206e+000  3.2101682e+000
  1.6335344e+000  1.8755393e+000
  3.4675121e+000  4.7648408e+000
  2.1399526e+000  1.5940094e+000
  8.8310990e+000  8.4872743e+000
  5.0629198e+000  2.8562257e+000
  2.1539438e+000  4.8093563e+000
  8.1739417e+000  5.9140125e+000
  1.3106068e+000  3.7378380e+000
  5.3914138e+000  3.1662601e+000
  5.9857896e+000  8.3446474e+000
  8.0527954e+000  2.1298644e+000
  8.1075320e+000  5.4252303e+000
  3.6383146e+000  8.5556764e+000
  1.3668520e+000  6.7401741e+000
  5.3352733e+000  2.9122397e+000
  8.3686646e+000  4.9302672e+000
  5.5412816e+000  3.2398898e+000
  6.9480844e+000  6.2417745e+000
  3.3038154e+000  3.4544653e+000
  7.0594231e+000  6.7078158e+000
  1.9865391e+000  1.5621163e+000
  8.9730309e+000  4.5098430e+000
  7.4410177e+000  5.6625867e+000
  1.1216596e+000  7.0050053e+000
  1.2023544e+000  7.1195233e+000
  3.1250776e+000  8.4909707e+000
  2.2191968e+000  6.9868061e+000
  3.9686163e+000  8.8324998e+000
  7.9670467e+000  1.4866349e+000
  6.2628703e+000  6.5959898e+000
  5.6221849e+000  6.9249468e+000
  6.3065261e+000  7.6789454e+000
  8.4411958e+000  1.7744685e+000
  8.4102465e+000  1.9836218e+000
  6.7979317e+000  6.1141689e+000
  1.4579119e+000  4.6726965e+000
  5.0608275e+000  4.0785365e+000
  8.0080350e+000  5.4691976e+000
  3.3465308e+000  2.4092341e+000
  5.4562328e+000  2.9854560e+000
  3.3489809e+000  8.8856417e+000
  1.9694635e+000  4.1851334e+000
  4.6181963e+000  8.5979745e+000
  2.4259170e+000  7.3158580e+000
  2.2300044e+000  4.7537361e+000
  8.9695000e+000  5.2214971e+000
  5.8172812e+000  2.6300447e+000
  8.5397812e+000  6.6796156e+000
  1.6592277e+000  4.5184456e+000
  8.1402509e+000  7.4261867e+000
  6.8075119e+000  1.5854362e+000
  9.1481837e+000  3.3698800e+000
  7.8297693e+000  2.0827401e+000
  5.7195050e+000  3.1627873e+000
  4.1331632e+000  8.3770275e+000
  2.3596271e+000  4.2302688e+000
  8.0854269e+000  5.5350798e+000
  8.7187319e+000  5.1184373e+000
  6.7710237e+000  8.6765808e+000
  6.0584854e+000  7.0165159e+000
  3.2154246e+000  4.1250765e+000
  8.1808198e+000  2.3499963e+000
  5.1294460e+000  3.1056402e+000
  1.3184119e+000  1.7781247e+000
  5.1642983e+000  8.1108438e+000
  5.2811644e+000  2.9963225e+000
  4.7058819e+000  5.7265484e+000
  5.3788609e+000  6.5095002e+000
  8.0868789e+000  7.4745826e+000
  8.9865373e+000  1.9088637e+000
  8.1515733e+000  2.1741598e+000
  1.9721451e+000  1.8529191e+000
  8.6331401e+000  8.0553837e+000
  1.5959491e+000  1.7242034e+000
  4.1276093e+000  1.6269515e+000
  1.7704234e+000  1.9474687e+000
  2.1271565e+000  7.0642286e+000
  7.7628451e+000  1.9069591e+000
  1.4323432e+000  4.0778231e+000
  6.6656846e+000  4.7613734e+000
  8.3527687e+000  2.2955244e+000
  4.6177216e+000  3.0999608e+000
  5.6486037e+000  4.8597141e+000
  1.6140971e+000  2.3574100e+000
  2.6704603e+000  1.8254847e+000
  7.2823768e+000  1.6985827e+000
  5.5676795e+000  3.1322178e+000
  1.8477464e+000  1.6452347e+000
  8.9322538e+000  7.8984716e+000
  3.4882805e+000  8.1831548e+000
  6.4906557e+000  7.2169498e+000
  8.8195513e+000  8.5125993e+000
  8.5235504e+000  1.8425090e+000
  8.0970758e+000  2.4516726e+000
  8.3571893e+000  2.2630553e+000
  8.7751407e+000  7.7428127e+000
  5.5330756e+000  3.2827319e+000
  8.1337912e+000  1.9972573e+000
  8.7944289e+000  5.5188181e+000
  8.7999925e+000  6.1771537e+000
  1.6192135e+000  6.8010933e+000
  8.3320428e+000  1.9779059e+000
  3.4895154e+000  8.3769859e+000
  1.9078273e+000  6.6987602e+000
  6.6896184e+000  6.0109088e+000
  2.3797868e+000  7.2717220e+000
  5.2726674e+000  2.8880599e+000
  3.1372394e+000  2.3189882e+000
  8.2763838e+000  6.3512440e+000
  3.2112589e+000  8.5810505e+000
  7.0131662e+000  6.0563597e+000
  5.7215403e+000  2.1280731e+000
  6.5225551e+000  4.3957503e+000
  4.0096365e+000  6.7243592e+000
  1.9248523e+000  4.1328692e+000
  1.4055771e+000  1.8788015e+000
  2.3436243e+000  8.6082649e+000
  7.6991997e+000  2.1663764e+000
  2.2758314e+000  4.3004069e+000
  8.1786998e+000  2.0976819e+000
  8.3649239e+000  5.4269021e+000
  2.3118428e+000  7.5679856e+000
  6.1443424e+000  7.8275108e+000
  1.9879761e+000  7.1092865e+000
  1.9529781e+000  4.1778767e+000
  8.4704357e+000  6.2212652e+000
  8.2605151e+000  2.4406373e+000
  1.4567573e+000  2.2131148e+000
  1.3130256e+000  8.3259793e+000
  6.9937451e+000  6.1653743e+000
  3.4586328e+000  1.4916579e+000
  5.4137180e+000  1.5550241e+000
  6.9973588e+000  4.7895637e+000
  1.1701484e+000  7.2196480e+000
  8.4910287e+000  5.7273300e+000
  8.9039589e+000  1.6672911e+000
  3.4273009e+000  9.1784425e+000
  8.0610418e+000  2.9272663e+000
  6.0306222e+000  7.8929948e+000
  3.2326961e+000  1.2647855e+000
  8.1088721e+000  5.3748002e+000
  4.2064858e+000  9.0804364e+000
  7.9329103e+000  2.1574265e+000
  8.3067177e+000  2.6617734e+000
  8.5630769e+000  8.1464891e+000
  3.4884670e+000  1.4042130e+000
  5.4986443e+000  3.6773435e+000
  1.0472994e+000  8.9782295e+000
  4.7334882e+000  2.7822944e+000
  8.8658907e+000  2.6810193e+000
  3.6269624e+000  1.6724203e+000
  1.7096514e+000  1.8759832e+000
  8.6100660e+000  8.2819091e+000
  1.6874928e+000  4.1846653e+000
  1.5286019e+000  4.5477133e+000
  8.0260956e+000  5.8286149e+000
  7.8577131e+000  6.0846919e+000
  8.4053119e+000  5.5180747e+000
  5.7372432e+000  2.8027923e+000
  1.2345092e+000  7.8046147e+000
  1.5457874e+000  4.5872447e+000
  1.3182382e+000  1.5395815e+000
  2.1834699e+000  6.7034374e+000
  6.9951461e+000  6.2205729e+000
  1.9884836e+000  4.5249481e+000
  4.0661272e+000  8.6312892e+000
  4.8377901e+000  3.2717743e+000
  1.7970968e+000  1.4551552e+000
  1.9452532e+000  1.7525290e+000
  4.8689232e+000  3.7532252e+000
  5.4262151e+000  5.3484153e+000
  8.3767480e+000  8.3679605e+000
  4.2395960e+000  9.0097555e+000
  6.1246806e+000  5.5498126e+000
  4.6794285e+000  8.1523582e+000
  1.0932626e+000  6.9110321e+000
  3.2754447e+000  1.7955866e+000
  1.6662453e+000  8.2853880e+000
  3.4104028e+000  8.6204272e+000
  2.9986265e+000  1.4746310e+000
  8.2352305e+000  1.8492602e+000
  2.7938437e+000  8.0110839e+000
  5.3288063e+000  2.9797739e+000
  8.6750388e+000  2.0386530e+000
  1.6420865e+000  4.5687075e+000
  1.3924523e+000  4.6024843e+000
  4.0828224e+000  4.9982122e+000
  6.8534560e+000  8.6902325e+000
  3.2830556e+000  1.5163348e+000
  4.1191293e+000  5.6225405e+000
  4.7945004e+000  3.1213886e+000
  7.0869372e+000  4.4726121e+000
  7.8657556e+000  2.3126397e+000
  1.4100852e+000  1.9280434e+000
  8.7666538e+000  4.0914430e+000
  2.1048469e+000  6.7952546e+000
  8.2212642e+000  1.7652824e+000
  3.6767402e+000  7.9723776e+000
  8.3312071e+000  8.6871700e+000
  8.2270513e+000  7.7457142e+000
  8.6701715e+000  6.4163307e+000
  7.0746526e+000  5.4311000e+000
  5.8674845e+000  5.5967826e+000
  8.7098135e+000  5.3868973e+000
  3.3089296e+000  1.1925378e+000
  6.9232459e+000  8.6358384e+000
  6.0034963e+000  7.0160505e+000
  3.2793576e+000  9.9012188e-001
  5.4648202e+000  3.7264669e+000
  8.7248164e-001  8.0611765e+000
  4.1648405e+000  1.4808289e+000
  3.2406966e+000  9.4331343e+000
  1.2763716e+000  7.1635387e+000
  3.7082636e+000  1.8984637e+000
  2.4300084e+000  7.3439367e+000
  6.4079091e+000  6.6648021e+000
  7.9509871e+000  6.0477459e+000
  3.5065137e+000  1.1114453e+000
  8.5321092e+000  7.5816719e+000
  3.5507235e+000  8.3945139e+000
  8.7188529e+000  5.3146571e+000
  7.6201890e+000  2.1801078e+000
  1.7956558e+000  1.7031270e+000
  9.1747641e+000  3.5307287e+000
  3.7137992e+000  1.8828751e+000
  8.7830229e+000  8.4442578e+000
  1.4624604e+000  1.9380229e+000
  3.0329199e+000  2.3347410e+000
  8.6061120e+000  2.1095756e+000
  8.3654958e+000  6.0939105e+000
  1.4309944e+000  2.0233571e+000
  1.6794314e+000  6.6482203e+000
  1.4112384e+000  8.3273105e+000
  2.0518116e+000  8.1710485e+000
  4.9418350e+000  3.1082226e+000
  8.5250369e+000  5.5431696e+000
  1.9080619e+000  4.6639939e+000
  8.2535133e+000  8.4191968e+000
  1.5886434e+000  7.2205585e+000
  1.7630675e+000  1.9262485e+000
  8.0973746e+000  2.5490318e+000
  5.9506569e+000  7.4409975e+000
  4.4366408e+000  5.9814685e+000
  7.8243817e+000  6.1533084e+000
  6.7457140e+000  8.4055254e+000
  5.1875945e+000  2.8465396e+000
  8.3388376e+000  2.2615294e+000
  2.1971216e+000  5.4587093e+000
  7.8418502e+000  6.0329306e+000
  7.9445063e+000  6.0396290e+000
  4.9726955e+000  2.8927688e+000
  8.5816923e+000  1.7657859e+000
  5.0969109e+000  3.1857343e+000
  5.0692083e+000  8.0603022e+000
  3.4967824e+000  8.9343933e+000
  8.5393590e+000  5.9517510e+000
  6.2464153e+000  8.2935313e+000
  3.4338154e+000  8.2864888e+000
  5.1910610e+000  8.8331029e+000
  5.8502736e+000  8.2760977e+000
  6.3904341e+000  6.8151166e+000
  7.9265050e+000  1.9769301e+000
  8.3433757e+000  5.8345886e+000
  3.0243615e+000  2.2893948e+000
  8.6167476e+000  5.4876153e+000
  8.5869468e+000  6.8052664e+000
  8.7169424e+000  8.2643075e+000
  4.9402068e+000  3.8287486e+000
  1.3380581e+000  4.4902028e+000
  2.2181739e+000  4.5818607e+000
  1.7398505e+000  2.7181177e+000
  3.2063670e+000  1.1684117e+000
  1.7667486e+000  6.8569730e+000
  1.4915751e+000  7.9080864e+000
  8.2538822e+000  5.9923605e+000
  1.6729477e+000  6.9605682e+000
  1.0502877e+000  6.8823353e+000
  5.7868325e+000  1.8813986e+000
  3.3258724e+000  8.6123680e+000
  5.9015546e+000  7.3060255e+000
  8.1958612e+000  2.1291434e+000
  8.5371500e+000  2.0532184e+000
  8.6195224e+000  2.0698733e+000
  1.3860610e+000  8.9486909e+000
  7.2942997e+000  1.7235263e+000
  4.6839556e+000  1.8234506e+000
  1.0986063e+000  7.2075974e+000
  8.9570869e+000  8.5001603e+000
  1.5382437e+000  6.8787708e+000
  4.6781047e+000  3.7752191e+000
  3.4795690e+000  1.7232632e+000
  4.8967291e+000  3.1186882e+000
  7.1327037e+000  8.0459816e+000
  1.1064213e+000  7.3274169e+000
  8.3464352e+000  2.0039679e+000
  7.0034510e+000  5.9991010e+000
  6.6651496e+000  6.7143098e+000
  1.3615127e+000  1.4659742e+000
  3.6245022e+000  8.0453108e+000
  3.4810308e+000  1.8685506e+000
  2.2322149e+000  6.9561304e+000
  7.6336394e+000  1.5749488e+000
  8.6567476e+000  5.6078198e+000
  8.5337163e+000  8.2656588e+000
  1.4796129e+000  1.5588478e+000
  5.4414668e+000  5.8253561e+000
  1.4000895e+000  5.7807470e+000
  8.0972276e+000  5.5649497e+000
  5.4860452e+000  3.0502860e+000
  1.9465065e+000  4.6905134e+000
  6.6387167e+000  4.4811138e+000
  2.0230946e+000  6.6756364e+000
  3.3976030e+000  8.8325447e+000
  8.2097110e+000  5.7225204e+000
  1.3680232e+000  4.2929430e+000
  8.7957462e+000  8.1649110e+000
  6.1826913e+000  6.8462160e+000
  5.1883965e+000  4.1780397e+000
  7.8160205e+000  5.6686284e+000
  3.5671053e+000  8.2597865e+000
  1.8762117e+000  3.9709670e+000
  3.2328210e+000  1.3357770e+000
  1.5095617e+000  2.0812636e+000
  1.9327645e+000  4.2360283e+000
  6.1587579e+000  3.4939175e+000
  1.6864680e+000  4.1592644e+000
  6.3550068e+000  7.6641500e+000
  6.4733139e+000  7.8730451e+000
  1.7632598e+000  4.2326289e+000
  4.9605657e+000  8.1751297e+000
  8.7005610e+000  2.5523371e+000
  3.0097141e+000  1.7658355e+000
  1.5965558e+000  7.4838565e+000
  1.4791868e+000  4.2851563e+000
  8.8035119e+000  8.1565322e+000
  2.8911457e+000  1.8975291e+000
  5.6025057e+000  7.9782408e+000
  1.4885025e+000  3.6535798e+000
  5.0083270e+000  2.6954114e+000
  8.5729636e+000  2.2668095e+000
  8.5706243e+000  5.9861669e+000
  6.5707981e-001  6.9446619e+000
  7.5077581e+000  1.7055643e+000
  8.8586477e+000  6.2910487e+000
  1.3571497e+000  8.0369903e+000
  4.9156114e+000  2.8486773e+000
  6.7660297e+000  3.9969743e+000
  6.4090858e+000  7.0087236e+000
  1.0868180e+000  7.2388023e+000
  3.3280578e+000  1.2687536e+000
  1.6047256e+000  4.3945690e+000
  8.6348051e+000  4.9727989e+000
  8.2052817e+000  2.1141720e+000
  1.8957184e+000  4.0167791e+000
  1.9488709e+000  6.9165684e+000
  8.4959690e+000  5.3120931e+000
  2.2297346e+000  6.9947023e+000
  1.5127306e+000  7.6234458e+000
  8.0703809e+000  4.9187976e+000
  3.4101471e+000  1.7241797e+000
  9.1229054e+000  5.3634277e+000
  5.5076293e+000  6.8281432e+000
  8.6035875e+000  7.7539845e+000
  6.8607980e+000  6.6287125e+000
  1.9799274e+000  1.6573362e+000
  1.7665283e+000  7.4806333e+000
  8.3017261e+000  8.8173814e+000
  1.9699246e+000  4.2593396e+000
  5.0472813e+000  3.2675087e+000
  1.5955679e+000  1.7626077e+000
  5.0307828e+000  1.3502562e+000
  1.3911227e+000  1.5811920e+000
  1.7120155e+000  6.4410526e+000
  1.6473743e+000  1.6840196e+000
  8.1864069e+000  2.4454155e+000
  1.9658425e+000  7.5606243e+000
  8.4827423e+000  2.1750594e+000
  8.1877664e+000  1.8240068e+000
  5.9498721e+000  7.7489007e+000
  2.1075738e+000  7.0326310e+000
  3.1231459e+000  9.1861342e+000
  6.6435363e+000  6.2804116e+000
  4.3954751e+000  9.1074792e+000
  8.1596754e+000  2.5760141e+000
  1.3839790e+000  8.3342432e+000
  8.1861402e+000  1.6059787e+000
  6.3997671e+000  6.8246917e+000
  1.6034970e+000  2.2572639e+000
  8.1596999e+000  8.1931533e+000
  5.1180459e+000  2.9924906e+000
  1.4941966e+000  7.2227133e+000
  3.6218242e+000  8.4925369e+000
  5.0547665e+000  4.4503210e+000
  6.6934834e+000  8.0022616e+000
  7.0936284e+000  1.7852191e+000
  6.7015370e+000  1.6366078e+000
  1.1864066e+000  8.5277772e+000
  2.0142239e+000  2.0727358e+000
  8.5231609e+000  4.7005455e+000
  6.4822252e+000  6.6409654e+000
  1.5838370e+000  6.4355977e+000
  5.3594675e+000  4.4540777e+000
  8.3898587e+000  5.4369292e+000
  3.2569744e+000  8.7388405e+000
  2.0887571e+000  4.1707552e+000
  7.9955342e+000  2.1690033e+000
  6.1952093e+000  8.1949759e+000
  6.4458365e+000  6.4987790e+000
  5.9358772e+000  8.4045186e+000
  4.3208479e+000  7.9786610e+000
  6.6670134e+000  5.7754127e+000
  5.8590358e+000  3.0546799e+000
  8.4215812e+000  3.1482068e+000
  6.4936934e+000  4.1498702e+000
  7.1274826e+000  5.3484238e+000
  1.3758145e+000  7.4708164e+000
  6.7549097e+000  8.0306556e+000
  3.2336926e+000  9.3253778e+000
  1.8967723e+000  1.6154600e+000
  5.6151173e+000  2.8134084e+000
  8.9323094e+000  8.4262439e+000
  8.9481435e+000  5.6095177e+000
  3.5394093e+000  1.3639556e+000
  8.6772541e+000  5.5902278e+000
  7.7486698e+000  2.1316228e+000
  4.1217365e+000  7.8202471e+000
  2.8376211e+000  5.0223108e+000
  2.2446593e+000  7.6118732e+000
  1.4840620e+000  1.5547741e+000
  8.7352751e+000  6.1722086e+000
  3.4400483e+000  1.4699616e+000
  6.3063545e+000  3.1867547e+000
  8.6142202e+000  8.5379923e+000
  2.8813508e+000  4.5468478e+000
  8.1181023e+000  5.8622078e+000
  1.2267022e+000  2.2479221e+000
  8.1575586e+000  8.6531552e+000
  2.1552655e+000  6.8243184e+000
  1.9467885e+000  7.6344219e+000
  5.4104693e+000  3.0149121e+000
  1.9179002e+000  1.6588718e+000
  7.0027596e+000  8.3165618e+000
  4.3506417e+000  8.5658089e+000
  5.3369063e+000  3.9909230e+000
  1.7533676e+000  7.2047959e+000
  8.6812188e+000  8.6042459e+000
  1.9432991e+000  4.3941095e+000
  5.0422568e+000  3.4419152e+000
  3.5942058e+000  9.2250785e+000
  8.5210355e+000  1.9365736e+000
  8.1886563e+000  2.1487102e+000
  1.9349778e+000  6.9197503e+000
  4.9859681e+000  3.7714408e+000
  7.8305735e+000  5.5554223e+000
  1.2276410e+000  8.0984013e+000
  7.9862807e+000  2.0530055e+000
  7.2954166e+000  1.6528396e+000
  3.5177586e+000  1.4991433e+000
  6.9140710e+000  6.1554732e+000
  7.7209397e+000  6.8299461e+000
  8.3004020e+000  2.4900551e+000
  1.9849315e+000  7.8940432e+000
  8.5140918e+000  6.3623447e+000
  6.1743872e+000  3.7985781e+000
  1.3915325e+000  1.3106341e+000
  1.5735263e+000  3.3701513e+000
  5.5741893e+000  3.2658542e+000
  5.0763740e+000  3.7601274e+000
  5.3143069e+000  2.1802354e+000
  8.3937683e+000  7.8999578e+000
  8.4644056e+000  6.7496384e+000
  8.5001106e+000  8.0814168e+000
  6.5634060e+000  8.0767544e+000
  5.8779096e+000  6.0076285e+000
  8.7404717e+000  5.7170307e+000
  7.9099366e+000  5.4734902e+000
  8.5649118e+000  8.3801647e+000
  6.5774164e+000  8.1230424e+000
  5.2933451e+000  3.1830300e+000
  8.7466080e+000  5.7995909e+000
  1.2356752e+000  7.6198113e+000
  3.4198194e+000  8.1978958e+000
  3.3031855e+000  8.8064915e+000
  3.1702889e+000  1.3289070e+000
  8.8184573e+000  5.0500340e+000
  6.9482494e+000  4.4562733e+000
  1.4275932e+000  1.3958040e+000
  8.3514437e+000  7.8036972e+000
  1.5798497e+000  4.4165280e+000
  5.4111321e+000  8.5937260e+000
  4.8156668e+000  2.3870019e+000
  1.3279091e+000  8.7808984e+000
  7.7616180e+000  2.0254588e+000
  1.4353039e+000  4.3865537e+000
  3.3314660e+000  1.1813641e+000
  8.2133531e+000  5.7737834e+000
  8.3881998e-001  6.9889928e+000
  6.9134718e+000  8.3245824e+000
  7.0667674e+000  2.0704371e+000
  8.3056793e+000  5.3716928e+000
  8.6316867e+000  2.0862569e+000
  3.4465690e+000  1.4946321e+000
  7.4358839e+000  8.1956269e+000
  1.7074159e+000  6.5550484e+000
  7.1746476e+000  1.6341306e+000
  4.8994156e+000  3.8122864e+000
  8.0981739e+000  5.6130018e+000
  2.1035597e+000  7.9046915e+000
  6.7865734e+000  4.3755236e+000
  3.3930486e+000  8.8644203e+000
  1.6456648e+000  2.0518088e+000
  3.1972349e+000  2.0200774e+000
  1.5389784e+000  4.9526866e+000
  7.1472001e+000  5.5951399e+000
  2.0800543e+000  1.6000607e+000
  8.2747943e+000  7.9629513e+000
  1.5698237e+000  7.3898030e+000
  8.0598036e+000  6.3992651e+000
  7.0470232e+000  7.7678620e+000
  3.4648076e+000  8.2851613e+000
  8.3447855e+000  8.6110137e+000
  8.1041311e+000  1.6157297e+000
  6.8755272e+000  8.5956750e+000
  8.3464636e+000  1.8194186e+000
  1.3631335e+000  4.1961016e+000
  3.0869027e+000  8.1527387e+000
  7.8013877e+000  2.1026835e+000
  8.6850291e+000  4.1505808e+000
  3.3708000e+000  1.1554697e+000
  5.1387646e+000  3.4202985e+000
  8.0885652e+000  5.0179026e+000
  3.5505817e+000  8.4409718e+000
  8.1909607e+000  6.6743849e+000
  2.9753182e+000  1.9059919e+000
  5.2074033e+000  2.7381679e+000
  6.4235644e+000  6.5542342e+000
  3.3162293e+000  9.1308580e+000
  8.8115940e+000  3.7903875e+000
  3.5246409e+000  8.4068936e+000
  5.2359112e+000  2.7248665e+000
  3.5973927e+000  8.2029076e+000
  1.9243413e+000  1.4921940e+000
  1.6342036e+000  4.3784354e+000
  5.6196646e+000  8.2708273e+000
  6.5280344e+000  5.8590895e+000
  5.3464647e+000  3.5237553e+000
  1.2882759e+000  3.0127894e+000
  6.7993856e+000  8.2275836e+000
  3.2390353e+000  9.3216074e+000
  8.3328723e+000  2.4038605e+000
  5.6906876e+000  3.1382382e+000
  8.7525379e+000  5.6137462e+000
  2.2884562e+000  7.4061425e+000
  2.2107904e+000  1.9391878e+000
  4.8181925e+000  3.1499630e+000
  8.8087202e+000  1.5976003e+000
  5.6401733e+000  2.9827896e+000
  2.1001686e+000  1.9192081e+000
  1.9387505e+000  7.5866814e+000
  1.4252451e+000  4.1888163e+000
  7.8189315e+000  1.9387857e+000
  3.8725522e+000  8.4730918e+000
  8.0542601e+000  2.2369209e+000
  6.5176863e+000  2.1493038e+000
  1.4917297e+000  4.3992270e+000
  1.4280426e+000  4.3234936e+000
  4.8432544e+000  2.0178436e+000
  3.1458975e+000  1.7921016e+000
  8.7376386e+000  5.6063170e+000
  3.0865228e+000  1.7858964e+000
  5.1020087e+000  3.3955088e+000
  8.2407744e+000  5.5056115e+000
  3.7367198e+000  8.4149769e+000
  6.7060721e+000  8.0439516e+000
  5.6829318e+000  1.3272513e+000
  5.8240032e+000  5.6994345e+000
  3.3305363e+000  1.6836600e+000
  7.6305892e+000  8.4216801e+000
  7.9252615e+000  6.4468917e+000
  8.1020914e+000  5.4705263e+000
  1.0735897e+000  6.8104797e+000
  6.0584933e+000  1.6922635e+000
  1.4321778e+000  7.8317407e+000
  9.7539497e-001  7.0967809e+000
  6.7566317e+000  6.7001609e+000
  1.6841386e+000  6.6257924e+000
  3.0511813e+000  2.1226029e+000
  6.5570406e+000  8.2877692e+000
  5.5517408e+000  3.0989511e+000
  1.6026746e+000  4.2032849e+000
  2.5467608e+000  4.1999806e+000
  5.4068108e+000  3.2869606e+000
  7.8817129e+000  2.2405005e+000
  7.7088784e+000  2.0463533e+000
  8.4208538e+000  5.4069460e+000
  6.0874858e+000  7.1784685e+000
  7.5682695e+000  2.0284770e+000
  6.6008890e+000  6.5966874e+000
  4.9531148e+000  3.2231135e+000
  8.9041771e+000  6.2502493e+000
  3.4832347e+000  1.9658148e+000
  4.1559290e+000  6.0187564e+000
  1.3888314e+000  3.5891319e+000
  1.5948582e+000  4.4146802e+000
  5.2830052e+000  3.2174248e+000
  6.7470381e+000  1.3369967e+000
  1.7568359e+000  1.5498374e+000
  7.2832115e+000  7.9852034e+000
  7.8284371e+000  2.0363809e+000
  5.3627660e+000  3.5790990e+000
  7.8673342e+000  2.4214210e+000
  1.4590212e+000  1.8468668e+000
  5.4451917e+000  8.1520382e+000
  5.3211826e+000  5.1617238e+000
  8.4954715e+000  8.2430120e+000
  6.8359665e+000  6.8241815e+000
  1.4333707e+000  4.4116632e+000
  5.2167319e+000  3.0174347e+000
  5.2369207e+000  3.3428757e+000
  6.7016496e+000  7.8592924e+000
  8.1527842e+000  2.3313640e+000
  3.5205133e+000  4.6613516e+000
  5.6083503e+000  3.2603803e+000
  8.9580462e+000  5.3243776e+000
  6.2830324e+000  4.0531410e+000
  8.6252186e+000  4.0966032e+000
  4.6014346e+000  4.2017640e+000
  3.5060988e+000  3.1305885e+000
  2.5113374e+000  3.5564699e+000
  8.5516370e+000  6.0441146e+000
  9.1159053e-001  6.9575087e+000
  8.0695644e+000  2.0021925e+000
  7.1157526e+000  8.4184777e+000
  8.3657264e+000  5.4214974e+000
  5.1294497e+000  3.3482580e+000
  6.8875311e+000  6.1090094e+000
  1.4391853e+000  4.2483208e+000
  3.0619385e+000  9.3324894e+000
  8.2838938e+000  2.1067516e+000
  8.3924804e+000  7.5461918e+000
  8.9493252e+000  5.2056510e+000
  2.1310150e+000  1.4879417e+000
  1.6646718e+000  4.2668591e+000
  5.5049576e+000  3.6798759e+000
  6.2105465e+000  7.2081546e+000
  8.0494516e+000  6.7488758e+000
  5.5533412e+000  6.7269197e+000
  1.6869724e+000  2.0141806e+000
  1.9517408e+000  7.0894551e+000
  3.6911637e+000  8.3288744e+000
  1.4409628e+000  4.2344949e+000
  5.1923239e+000  2.8915014e+000
  1.0013185e+000  7.9282613e+000
  2.5714090e+000  8.3249641e+000
  9.6887970e-001  8.8537080e+000
  6.5750697e+000  1.4009459e+000
  8.7483835e+000  6.1513587e+000
  1.6530981e+000  6.9126561e+000
  8.9476898e+000  8.1341077e+000
  6.4632570e+000  2.1912422e+000
  9.2345002e-001  6.8907452e+000
  1.4931669e+000  8.5819605e+000
  6.0196058e+000  5.7222465e+000
  3.1273131e+000  9.0874102e+000
  1.5668814e+000  1.3374362e+000
  6.6776768e+000  4.2097537e+000
  7.4226021e+000  5.4928939e+000
  8.6769961e+000  8.5000711e+000
  2.9370882e+000  9.1463587e+000
  2.3332378e+000  2.0640717e+000
  1.7866560e+000  7.1223305e+000
  7.0748794e-001  7.1803210e+000
  3.6161372e+000  2.2255465e+000
  6.5150719e+000  4.1621803e+000
  2.1687144e+000  4.1978059e+000
  5.3787850e+000  3.1701027e+000
  7.1091408e+000  4.6866641e+000
  6.3117149e+000  6.7488003e+000
  5.2373982e+000  4.1110803e+000
  1.6902383e+000  1.5277544e+000
  5.1253304e+000  3.2084623e+000
  1.5122467e+000  7.1595611e+000
  7.5385976e+000  2.0095218e+000
  1.2565250e+000  6.9045556e+000
  2.1548516e+000  7.1365412e+000
  8.9367226e+000  8.7933635e+000
  1.9607143e+000  4.2326826e+000
  3.5401124e+000  8.2799366e+000
  4.9185210e+000  4.4124013e+000
  1.6740254e+000  6.7921818e+000
  1.0001577e+000  7.1728498e+000
  1.7121461e+000  8.1574264e+000
  6.5587028e+000  2.0427553e+000
  3.0955812e+000  1.9339053e+000
  5.1294712e+000  3.6060400e+000
  5.5231563e+000  3.5517038e+000
  2.0102028e+000  1.9213470e+000
  1.4701854e+000  8.9790717e+000
  1.6405025e+000  4.5518601e+000
  1.8613940e+000  4.3457955e+000
  5.6000061e+000  3.1751653e+000
  1.6211594e+000  2.0344517e+000
  1.5988887e+000  7.7465435e+000
  4.1712867e+000  6.4456585e+000
  4.6737589e+000  6.3431746e+000
  7.1724452e+000  4.7152255e+000
  5.2203063e+000  4.1572715e+000
  8.3662349e+000  5.7259643e+000
  8.3739497e+000  1.9558758e+000
  1.8236825e+000  4.4189543e+000
  6.4841025e+000  8.4410667e+000
  6.4775925e+000  1.7664674e+000
  5.2923975e+000  3.8684904e+000
  1.5005605e+000  6.9998318e+000
  3.3065378e+000  8.6702784e+000
  4.7071316e+000  8.7373240e+000
  6.8453117e+000  5.9913709e+000
  8.4046653e+000  2.5507220e+000
  1.4864771e+000  1.8093708e+000
  5.3146558e+000  4.6778493e+000
  4.9998045e+000  3.3743416e+000
  5.1203911e+000  2.1353670e+000
  6.4477672e+000  6.2208454e+000
  6.9878319e+000  8.1865331e+000
  1.5570140e+000  1.8384072e+000
  5.9694212e+000  7.8930219e+000
  4.2878463e+000  8.4551603e+000
  1.7123365e+000  8.5841295e+000
  7.7331822e+000  6.6226963e+000
  6.3911854e+000  7.6553630e+000
  4.8502862e+000  5.3769657e+000
  1.2571410e+000  7.4008374e+000
  7.9373774e+000  2.5734198e+000
  8.0399146e+000  5.5724660e+000
  6.0215207e+000  8.0926650e+000
  1.4472033e+000  4.1241582e+000
  2.7801690e+000  2.3392984e+000
  3.3107978e+000  9.4061901e+000
  4.8530715e+000  2.9217709e+000
  1.0839161e+000  8.7740417e+000
  4.9775100e+000  3.1024364e+000
  3.5423148e+000  8.2023724e+000
  8.5628143e+000  8.3779507e+000
  8.3308621e+000  2.0492989e+000
  6.2815961e+000  2.2409895e+000
  7.8413728e+000  2.2280601e+000
  8.5456747e+000  7.8033063e+000
  2.3398981e+000  5.2264891e+000
  4.9420861e+000  3.4620627e+000
  6.2968833e+000  7.5233146e+000
  7.0265022e+000  7.7441562e+000
  5.3742233e+000  3.2328396e+000
  8.6236249e+000  8.2567396e+000
  6.9802391e+000  1.5249021e+000
  8.7380033e+000  6.5563424e+000
  7.0068247e+000  1.8790300e+000
  6.6055786e+000  4.8470605e+000
  6.9424439e+000  8.2965747e+000
  5.4910065e+000  5.3301570e+000
  1.7771982e+000  1.9896907e+000
  5.6559666e+000  2.9778256e+000
  8.1608745e+000  2.5509138e+000
  1.6248482e+000  7.7775993e+000
  5.8289752e+000  1.8231426e+000
  8.6217431e+000  5.8479569e+000
  3.2996753e+000  8.9835183e+000
  4.0962131e+000  6.5732469e+000
  1.5345525e+000  7.5747966e+000
  6.5179498e+000  4.5907363e+000
  2.2215149e+000  1.8001023e+000
  7.6965084e+000  2.3065414e+000
  1.1910033e+000  6.8005386e+000
  3.3320353e+000  8.7648701e+000
  5.4396561e+000  3.4030167e+000
  3.7931330e+000  8.7161793e+000
  6.6398588e+000  8.3406408e+000
  3.3207294e+000  4.0749411e+000
  2.8017015e+000  8.0462298e+000
  3.2170623e+000  6.5748263e+000
  3.5391506e+000  1.6229895e+000
  8.5878134e+000  5.7222567e+000
  4.6739523e+000  8.3146255e+000
  5.4477844e+000  3.0806139e+000
  1.7364266e+000  5.6755842e+000
  4.9410783e+000  9.0127092e+000
  4.9837902e+000  2.9571855e+000
  4.9723812e+000  5.3686626e+000
  1.8247876e+000  4.1647243e+000
  1.4754238e+000  4.3729205e+000
  3.6839335e+000  9.0026752e+000
  3.5827812e+000  9.0116714e+000
  8.6413501e+000  1.8102881e+000
  5.1626595e+000  3.2001660e+000
  4.7047550e+000  7.2807644e+000
  8.7410578e+000  7.6380583e+000
  7.2296667e+000  8.3560157e+000
  8.1629403e+000  2.0604124e+000
  8.1060378e+000  6.1459425e+000
  1.7516384e+000  4.0215439e+000
  8.0799996e+000  2.7101951e+000
  2.5037611e+000  8.4847662e+000
  5.3015575e+000  6.8079308e+000
  6.5438036e+000  7.8394672e+000
  5.5937665e+000  5.8062277e+000
  1.4341656e+000  8.5754849e+000
  1.6560530e+000  1.7633609e+000
  3.0548632e+000  2.3176374e+000
  6.5172279e+000  4.0771265e+000
  8.6207030e+000  2.1831728e+000
  1.8035998e+000  1.9469765e+000
  3.3427180e+000  1.2244218e+000
  6.9282121e+000  4.8691969e+000
  5.6736093e+000  2.9292047e+000
  7.0251341e+000  5.9523192e+000
  9.7708014e-001  7.0382736e+000
  6.2354978e+000  7.3592000e+000
  2.9189784e+000  2.3510009e+000
  3.3308658e+000  8.0170492e+000
  6.9939186e+000  6.2363307e+000
  3.6839056e+000  8.3699501e+000
  7.4539544e+000  8.2645301e+000
  2.1217164e+000  4.1113046e+000
  8.3191597e+000  8.4390429e+000
  5.3895011e+000  3.0521081e+000
  2.0031775e+000  6.8419382e+000
  1.3431014e+000  6.7967571e+000
  1.4611414e+000  1.7012114e+000
  5.2751531e+000  5.1465431e+000
  8.3637071e+000  1.9878561e+000
  2.1215007e+000  7.5355737e+000
  6.8019604e+000  1.5916514e+000
  1.7886335e+000  2.3547163e+000
  8.2830215e+000  2.1080226e+000
  8.4634459e+000  7.3576679e+000
  4.7659257e+000  2.9705713e+000
  5.6701839e+000  6.6901322e+000
  5.3514314e+000  2.3141493e+000
  8.1108865e+000  2.0757873e+000
  5.8299021e+000  7.5403556e+000
  1.1503189e+000  7.0895919e+000
  1.7347353e+000  4.0552707e+000
  3.3056170e+000  1.1038359e+000
  7.8678738e+000  2.0577653e+000
  3.4317459e+000  9.1124270e+000
  3.5500694e+000  2.0352139e+000
  6.9551664e+000  5.6117723e+000
  6.8446727e+000  6.3313688e+000
  5.1342825e+000  3.4305993e+000
  8.5126109e+000  5.3189824e+000
  5.1829443e+000  5.6749710e+000
  1.3008496e+000  4.3334871e+000
  1.6290719e+000  1.7916851e+000
  8.4464356e+000  8.2096664e+000
  7.8942858e+000  2.3335232e+000
  7.9560144e+000  2.1479880e+000
  7.8472957e+000  5.6475263e+000
  8.5447309e+000  6.4235507e+000
  5.1842046e+000  2.8227805e+000
  3.0151363e+000  1.5953215e+000
  8.2920889e+000  8.8892486e+000
  3.5530840e+000  1.7962730e+000
  5.6815294e+000  8.2541447e+000
  1.9277411e+000  4.4440408e+000
  5.6966252e+000  3.3265800e+000
  6.9146821e+000  8.0059699e+000
  8.8915302e+000  5.6138313e+000
  5.3536746e+000  3.3760200e+000
  5.6390322e+000  3.4512239e+000
  1.9551972e+000  1.9736932e+000
  1.3566298e+000  4.4240395e+000
  6.5007182e+000  2.0423517e+000
  1.6310982e+000  4.5780303e+000
  6.7673473e+000  6.3927861e+000
  1.6561677e+000  3.9344112e+000
  3.6688789e+000  2.1887685e+000
  5.1465679e+000  2.9191727e+000
  6.4144302e+000  8.1082287e+000
  3.6120116e+000  2.1448215e+000
  1.4272371e+000  7.7496845e+000
  7.3806666e+000  6.2158818e+000
  3.3472667e+000  9.4745111e+000
  2.4398893e+000  7.0344329e+000
  8.2316917e+000  3.1124478e+000
  1.7365944e+000  6.5699694e+000
  6.0089479e+000  7.9694409e+000
  6.0519679e+000  7.5742877e+000
  1.6483064e+000  4.5586781e+000
  5.6350481e+000  3.7254871e+000
  8.7322389e+000  6.2583036e+000
  1.5938229e+000  7.0670791e+000
  6.4966271e+000  6.9507439e+000
  1.0899689e+000  7.2122787e+000
  1.4060899e+000  7.5640819e+000
  8.3188823e+000  8.6174846e+000
  6.1898518e+000  6.8413191e+000
  8.8446725e+000  2.0076061e+000
  8.6312257e+000  6.0047549e+000
  1.8772633e+000  4.2715258e+000
  6.5854300e+000  6.5400474e+000
  3.9660972e+000  6.1547628e+000
  6.9690709e+000  8.2656308e+000
  3.8045406e+000  4.2967698e+000
  7.1478084e+000  1.6141962e+000
  4.9732487e+000  3.3467243e+000
  2.6769320e+000  4.3420223e+000
  9.0077164e+000  1.9693262e+000
  2.6429561e+000  8.6083293e+000
  1.6184522e+000  7.0627726e+000
  5.8644083e+000  3.0247201e+000
  2.4131903e+000  7.0715165e+000
  9.0834460e-001  7.0667014e+000
  6.4618626e+000  1.8735114e+000
  2.3009161e+000  6.7623784e+000
  8.1949272e+000  1.7642906e+000
  8.3532853e+000  5.8861541e+000
  1.8206561e+000  1.5890891e+000
  3.5140448e+000  8.2280362e+000
  7.8956448e+000  6.2167107e+000
  1.7457335e+000  1.7049722e+000
  5.6733005e+000  5.4357218e+000
  3.4983634e+000  8.2758547e+000
  5.5787946e+000  1.6727642e+000
  8.2278847e+000  5.4519088e+000
  1.4406881e+000  2.0756135e+000
  6.8692072e+000  8.3719671e+000
  8.8790877e+000  1.7536827e+000
  4.4424854e+000  8.3527596e+000
  1.7420450e+000  7.3572746e+000
  7.0998643e+000  6.3570538e+000
  2.3608657e+000  7.8115543e+000
  1.7880338e+000  3.9926687e+000
  5.2713306e+000  1.7217071e+000
  7.9379019e+000  3.9412946e+000
  5.9415785e+000  3.6360729e+000
  7.8850406e+000  5.5322462e+000
  6.7824787e+000  5.4683856e+000
  8.4307497e+000  2.0871331e+000
  8.6744515e+000  8.3466017e+000
  1.2966064e+000  8.5667604e+000
  7.8735038e+000  2.2199874e+000
  1.6345149e+000  3.9007550e+000
  2.8577823e+000  1.9752771e+000
  5.6214091e+000  3.1868880e+000
  8.3845861e+000  8.6536905e+000
  3.2681187e+000  9.0344907e+000
  7.3144464e+000  8.2346397e+000
  5.4503570e+000  3.2434483e+000
  6.7168728e+000  8.2392971e+000
  9.1694661e-001  7.1497595e+000
  7.9633477e+000  2.1538196e+000
  3.6509846e+000  1.9001702e+000
  6.8228934e+000  6.1044930e+000
  1.6445832e+000  7.1473403e+000
  1.9088532e+000  1.9639190e+000
  5.3520470e+000  8.4928299e+000
  9.0077992e+000  1.9653108e+000
  3.0941190e+000  4.6301734e+000
  3.3791574e+000  1.7415472e+000
  8.9648469e+000  8.3902459e+000
  8.9392572e+000  1.8424629e+000
  2.5963875e+000  5.0420921e+000
  1.9925199e+000  4.2303310e+000
  3.2414902e+000  4.9092303e+000
  5.0184811e+000  7.9041164e+000
  2.5374723e+000  4.6266950e+000
  5.2144594e+000  3.3056115e+000
  6.6682661e+000  6.3323987e+000
  6.1325285e+000  7.3374992e+000
  2.0303091e+000  4.2889770e+000
  1.6720278e+000  4.0740261e+000
  6.6346384e+000  6.1529693e+000
  3.1636625e+000  1.5948836e+000
  7.4131834e+000  1.7711088e+000
  7.6152974e+000  1.8661683e+000
  8.5326261e+000  7.1824217e+000
  2.1240763e+000  4.2027810e+000
  1.4886119e+000  4.0978221e+000
  7.9019872e+000  1.8777652e+000
  6.6308666e+000  6.5238346e+000
  3.2988602e+000  8.1135663e+000
  3.3101083e+000  1.1247770e+000
  8.3433886e+000  8.1604637e+000
  7.5902789e+000  6.8408412e+000
  8.7243898e+000  1.6921353e+000
  2.5890975e+000  8.6326907e+000
  3.3257267e+000  1.9870161e+000
  3.5577294e+000  8.1535608e+000
  6.6276177e+000  8.4223935e+000
  4.9628612e+000  3.0883201e+000
  6.7768312e+000  8.1959328e+000
  2.1169901e+000  4.2763349e+000
  7.9984232e+000  6.1162525e+000
  3.5290188e+000  9.1900251e+000
  2.2503365e+000  2.6212372e+000
  5.5033452e+000  5.3561709e+000
  7.8233868e+000  5.4643050e+000
  2.1585656e+000  4.5015052e+000
  8.6743745e+000  8.1936611e+000
  7.8785404e+000  2.4202139e+000
  7.0605114e+000  7.8558000e+000
  3.6106282e+000  1.9670453e+000
  6.5096785e+000  6.9318186e+000
  5.3420409e+000  3.4711858e+000
  9.1934545e+000  1.8073012e+000
  3.1249373e+000  2.1770298e+000
  7.0491470e+000  5.2833955e+000
  6.2836515e+000  7.3545675e+000
  5.5848926e+000  5.5825169e+000
  3.6479053e+000  8.5679938e+000
  3.5496997e+000  8.7320333e+000
  7.1073300e+000  4.8342887e+000
  8.2858002e+000  1.8527000e+000
  3.4096678e+000  9.1664996e+000
  1.6857707e+000  1.8337270e+000
  6.2693377e+000  8.0486291e+000
  5.1069082e+000  4.5542068e+000
  6.8750224e+000  8.6074642e+000
  5.2903310e+000  8.3210790e+000
  1.7342380e+000  7.0825261e+000
  8.3984960e+000  8.5861710e+000
  1.5027918e+000  7.3657939e+000
  5.4277959e+000  3.7643603e+000
  2.2181063e+000  6.9096568e+000
  1.6791368e+000  4.8264603e+000
  7.1375010e+000  2.5867503e+000
  4.0387529e+000  6.2607363e+000
  8.6229628e+000  2.0943803e+000
  3.3726555e+000  2.1368948e+000
  6.1548197e+000  7.8296331e+000
  8.6651255e+000  3.9503684e+000
  6.4934997e+000  6.4027112e+000
  2.6281959e+000  4.1647802e+000
  3.2787452e+000  8.2277432e+000
  5.4008488e+000  3.5757640e+000
  2.2032274e+000  6.9582900e+000
  1.7237989e+000  6.6664917e+000
  3.3747026e+000  1.7306005e+000
  5.6583662e+000  1.5879481e+000
  8.2052240e+000  2.1257569e+000
  3.7985557e+000  8.8034880e+000
  6.6376997e+000  1.7292621e+000
  2.1765082e+000  8.0607697e+000
  4.1979269e+000  9.2231288e+000
  9.8313998e-001  8.6205563e+000
  6.9024392e+000  6.0947472e+000
  8.3899995e+000  7.0118874e+000
  5.6915427e+000  6.5191530e+000
  6.4982070e+000  4.6542470e+000
  8.3652989e+000  5.2584903e+000
  8.3740444e+000  2.1298175e+000
  5.3585760e+000  2.9871273e+000
  8.2564870e+000  8.4632305e+000
  2.1385946e+000  1.8750962e+000
  9.7507578e-001  8.2164914e+000
  1.2975523e+000  4.4911179e+000
  6.8218569e+000  1.9838534e+000
  2.1302214e+000  6.9296055e+000
  6.8759396e+000  5.5878230e+000
  2.4838144e+000  7.0494130e+000
  1.6396453e+000  1.8123152e+000
  7.2073407e+000  8.0973641e+000
  9.0632768e+000  2.5139625e+000
  5.8175274e+000  1.4372859e+000
  5.3174568e+000  3.7579029e+000
  2.2249948e+000  4.0319131e+000
  6.6895026e+000  6.2702923e+000
  8.5975382e+000  8.2321599e+000
  6.6811182e+000  6.2880028e+000
  7.5619419e+000  8.6152476e+000
  8.7631657e+000  6.4214226e+000
  1.4927606e+000  1.6838485e+000
  7.2197442e+000  6.1996540e+000
  2.0658972e+000  4.0224368e+000
  6.1297241e+000  7.3810881e+000
  2.1005967e+000  4.0011396e+000
  4.7085288e+000  8.2543754e+000
  5.1870267e+000  5.0634502e+000
  2.9553637e+000  2.0523467e+000
  3.4804436e+000  8.9179167e+000
  1.2776136e+000  4.3495104e+000
  3.4514304e+000  8.5248023e+000
  2.1012172e+000  3.9516830e+000
  1.6409052e+000  4.1312226e+000
  7.8548771e+000  2.4216636e+000
  8.0769004e+000  2.0470104e+000
  8.9673519e+000  8.4542845e+000
  8.8281478e+000  5.6819126e+000
  3.4099618e+000  1.8827485e+000
  3.5031596e+000  8.7881666e+000
  8.9272160e+000  1.9440004e+000
  5.4448130e+000  3.3752412e+000
  4.3268417e+000  3.9726473e+000
  8.5270767e+000  2.0482069e+000
  1.7470414e+000  6.7708110e+000
  5.2265915e+000  3.0696196e+000
  7.8158582e+000  2.1298506e+000
  3.2446600e+000  9.2513002e+000
  9.0188802e+000  8.3863000e+000
  7.9613324e+000  5.9268432e+000
  6.9023776e+000  1.5520821e+000
  2.5025203e+000  1.4192944e+000
  5.5593103e+000  3.7152876e+000
  3.3565688e+000  1.2351334e+000
  1.2535823e+000  6.0655228e+000
  2.3822750e+000  7.4131477e+000
  6.9550800e+000  8.3753408e+000
  1.0385045e+000  6.8245161e+000
  7.5827803e+000  1.4139945e+000
  8.5111444e+000  7.0242312e+000
  5.7738367e+000  3.4754389e+000
  8.8620142e+000  5.5213235e+000
  4.2912163e+000  6.1501015e+000
  1.4642297e+000  1.4847944e+000
  1.9807426e+000  4.4736771e+000
  4.7381618e+000  3.0995070e+000
  1.3317281e+000  4.1876169e+000
  4.8983899e+000  2.9977054e+000
  1.3835661e+000  4.3198505e+000
  3.2788649e+000  7.9064486e+000
  7.2133926e+000  7.5347595e+000
  2.8021818e+000  4.9690507e+000
  3.0130104e+000  1.6359978e+000
  1.4861435e+000  2.2306404e+000
  7.5178659e+000  2.1394647e+000
  2.0188005e+000  7.6171011e+000
  8.3949830e+000  1.6070959e+000
  1.9495370e+000  4.4018162e+000
  5.5397298e+000  3.9297036e+000
  8.7509985e+000  8.1640080e+000
  8.2040723e+000  2.0682173e+000
  8.3299714e+000  2.2909287e+000
  6.9074521e+000  1.6577898e+000
  2.9930710e+000  9.1740032e+000
  8.8842739e+000  1.8411771e+000
  6.6226761e+000  6.3075386e+000
  1.9319975e+000  1.8591418e+000
  3.7068301e+000  8.3546790e+000
  5.5323290e+000  1.3532736e+000
  5.4671784e+000  7.8945345e+000
  1.5980443e+000  2.0159931e+000
  6.6427901e+000  8.4410815e+000
  2.4929059e+000  4.5326297e+000
  2.0387176e+000  3.9804103e+000
  8.2909336e+000  8.7638467e+000
  6.2652053e+000  1.7763216e+000
  3.1559533e+000  1.0994670e+000
  1.5720489e+000  7.8694836e+000
  9.2640093e-001  6.7360167e+000
  8.5022207e+000  1.6380285e+000
  5.0978236e+000  3.1886942e+000
  8.5203437e+000  3.6080489e+000
  6.6367633e+000  8.1282117e+000
  1.6493051e+000  2.1712119e+000
  8.3943421e+000  5.6489727e+000
  6.6503921e+000  7.9204180e+000
  4.9852533e+000  3.4915459e+000
  8.0894567e+000  5.5797208e+000
  6.6640011e+000  6.3445464e+000
  1.4557169e+000  7.9820241e+000
  8.5773990e+000  8.2302046e+000
  8.2481829e+000  8.4897620e+000
  3.5999464e+000  8.7547067e+000
  5.1647992e+000  3.5152299e+000
  2.0455896e+000  4.0879359e+000
  1.9599094e+000  3.8451995e+000
  7.0404233e+000  8.3838379e+000
  4.9543072e+000  4.9766404e+000
  5.9295145e+000  2.3018603e+000
  2.2776888e+000  6.8410348e+000
  6.3494224e+000  8.2068742e+000
  3.1908087e+000  2.1605932e+000
  5.2843935e+000  1.2052400e+000
  8.1931795e+000  2.1826303e+000
  4.8536661e+000  3.0291126e+000
  8.3348419e+000  2.1245650e+000
  7.6172037e+000  5.9414193e+000
  8.9605687e+000  5.5135930e+000
  7.0340638e+000  5.9769901e+000
  3.2539470e+000  2.3179401e+000
  2.2993581e+000  3.9776763e+000
  2.9074071e+000  1.3692999e+000
  1.2857242e+000  6.8662308e+000
  6.7290850e+000  4.1850366e+000
  3.3704875e+000  8.6670594e+000
  5.4465725e+000  3.4398335e+000
  1.8400785e+000  7.6235899e+000
  8.1486082e+000  2.1073270e+000
  8.1744592e+000  1.6407252e+000
  2.5428429e+000  9.1366474e+000
  1.4662724e+000  1.6120375e+000
  8.5993928e+000  8.6763085e+000
  3.0888428e+000  1.3252926e+000
  4.7111467e+000  3.2088180e+000
  7.8389266e+000  1.8999689e+000
  1.5600667e+000  4.3943299e+000
  8.5009295e+000  8.7570718e+000
  8.7521570e+000  1.8539180e+000
  3.4379151e+000  1.1568998e+000
  5.3858383e+000  2.7538665e+000
  5.2115208e+000  2.7765602e+000
  3.8513492e+000  8.5670547e+000
  8.3141961e+000  6.4410278e+000
  5.5475089e+000  3.4913864e+000
  1.0810955e+000  7.0578084e+000
  3.4694664e+000  7.9856779e+000
  7.6700922e+000  2.2877972e+000
  3.4073804e+000  9.0685578e+000
  8.5208808e+000  4.7838314e+000
  7.9370364e+000  5.7456137e+000
  2.1481484e+000  1.7847499e+000
  1.8620078e+000  7.1460549e+000
  6.7201165e+000  8.4638546e+000
  9.0467155e+000  4.9064309e+000
  1.4724653e+000  4.3384279e+000
  1.8277522e+000  1.5937618e+000
  1.8419895e+000  5.5836164e+000
  4.8621390e+000  3.0640760e+000
  4.9196476e+000  3.8221597e+000
  5.1730019e+000  7.6494775e+000
  6.9779498e+000  5.0353886e+000
  4.4627308e+000  8.3765669e+000
  6.6093112e+000  6.2536230e+000
  8.9630465e+000  4.2511003e+000
  8.6437923e+000  8.9110522e+000
  7.7757481e+000  2.2718643e+000
  6.6563443e+000  4.8201271e+000
  8.6064243e+000  5.4876471e+000
  3.6075235e+000  8.5516622e+000
  3.8394143e+000  8.1150496e+000
  8.4147855e+000  1.8647593e+000
  6.2886986e+000  6.2139340e+000
  6.7258218e+000  6.0892989e+000
  6.4250044e+000  8.4613432e+000
  8.8505596e+000  5.7167989e+000
  3.5261108e+000  1.7945560e+000
  6.9336781e+000  4.5941607e+000
  8.0918550e+000  4.9047719e+000
  8.0041984e+000  6.0670695e+000
  6.5700295e+000  1.5890970e+000
  1.6259836e+000  1.9032780e+000
  1.2824665e+000  1.6741389e+000
  6.9859966e+000  7.9047364e+000
  5.0427947e+000  3.9423281e+000
  7.0520001e+000  6.1685875e+000
  8.4696048e+000  8.7255152e+000
  8.9468378e+000  1.6499609e+000
  8.6817748e+000  5.7568787e+000
  5.5952302e+000  2.2384995e+000
  6.8363741e+000  2.0144971e+000
  5.2344228e+000  2.9874341e+000
  4.7946255e+000  3.1375557e+000
  6.6952473e+000  7.1794152e+000
  6.7610760e+000  1.6544689e+000
  1.2894207e+000  6.6962147e+000
  3.7202645e+000  7.9911250e+000
  5.4816989e+000  3.4820760e+000
  8.8597371e+000  2.2276706e+000
  8.6993084e+000  5.4722480e+000
  5.3058007e+000  3.1654462e+000
  3.5203773e+000  9.4583307e+000
  8.2935522e+000  7.4704801e+000
  1.9011166e+000  1.6863114e+000
  8.5642631e+000  1.8883186e+000
  7.9791077e+000  2.5458917e+000
  1.6938049e+000  7.3108469e+000
  3.7527426e+000  4.0776926e+000
  6.5959518e+000  6.8562343e+000
  6.1173730e+000  1.9436237e+000
  8.3756593e+000  1.8197870e+000
  6.4554318e+000  2.1509480e+000
  5.3801942e+000  3.0996966e+000
  7.6666136e+000  1.9933294e+000
  7.8453746e+000  5.8630829e+000
  2.9292958e+000  2.2788203e+000
  7.1230126e+000  6.0345124e+000
  8.8265062e+000  8.4686558e+000
  5.0686517e+000  3.4343621e+000
  3.5149603e+000  2.2693709e+000
  3.1072063e+000  8.4087651e+000
  2.0023839e+000  8.3586456e+000
  2.6343989e+000  1.4732509e+000
  1.3388933e+000  6.7150462e+000
  1.6184995e+000  1.5096149e+000
  1.3706497e+000  6.6271932e+000
  1.9839792e+000  4.3170729e+000
  9.0304031e+000  4.6684664e+000
  3.6029589e+000  8.0610081e+000
  8.8449174e+000  1.9289190e+000
  5.9051515e+000  6.3721744e+000
  1.8302205e+000  6.0310148e+000
  1.2603357e+000  1.6459727e+000
  2.0385990e+000  1.4880478e+000
  4.0196844e+000  2.0628157e+000
  6.6661324e+000  6.5146874e+000
  6.5189838e+000  5.7820725e+000
  2.4770224e+000  6.9402584e+000
  6.3837494e+000  7.5562028e+000
  6.6190877e+000  7.2928613e+000
  3.3093234e+000  1.4500782e+000
  1.5862859e+000  4.2813909e+000
  7.2591721e+000  1.5221077e+000
  5.6504448e+000  3.2656662e+000
  8.0824935e+000  5.6478071e+000
  2.0301508e+000  4.2187097e+000
  5.4228926e+000  3.1672916e+000
  3.2337550e+000  1.7838052e+000
  8.9759218e+000  1.8278116e+000
  4.9146102e+000  4.5893207e+000
  8.6727833e+000  6.6153997e+000
  1.4076271e+000  4.3871133e+000
  1.9051721e+000  4.3737972e+000
  8.0407063e+000  1.8284732e+000
  5.9196022e+000  6.2492894e+000
  3.2447855e+000  3.5180277e+000
  5.2944221e+000  3.9033656e+000
  2.7060126e+000  4.3892286e+000
  6.4245776e+000  6.1612118e+000
  3.3356675e+000  2.3964444e+000
  7.0650388e+000  5.6445714e+000
  1.3682404e+000  7.2271634e+000
  5.0218091e+000  2.9221546e+000
  6.1967236e+000  6.4538364e+000
  4.5900753e+000  4.9069154e+000
  8.4325657e+000  6.5715753e+000
  3.8439411e+000  2.9361861e+000
  6.9555262e+000  5.3222683e+000
  7.8439995e+000  5.1677536e+000
  1.9160304e+000  1.3778376e+000
  3.3956825e+000  8.2674573e+000
  6.5233326e+000  6.9165206e+000
  5.3054657e+000  4.8242461e+000
  1.1730298e+000  6.9920825e+000
  8.7716640e+000  7.9296087e+000
  7.9563736e+000  2.5338652e+000
  7.8450556e+000  5.6824291e+000
  1.4241250e+000  6.8773720e+000
  5.4318349e+000  2.7998564e+000
  3.4241467e+000  8.7692731e+000
  7.1083996e+000  1.9412829e+000
  3.2354603e+000  8.1594718e+000
  8.5266701e+000  2.2712541e+000
  7.1721824e+000  8.1313110e+000
  6.8034865e+000  7.5672068e+000
  5.1579669e+000  4.1730123e+000
  3.0125543e+000  2.4876727e+000
  8.3103596e+000  8.0440203e+000
  7.0101636e+000  2.7990251e+000
  6.9322793e+000  1.6258225e+000
  3.4437602e+000  2.4493541e+000
  6.2723142e+000  8.1772620e+000
  5.5018168e+000  7.8166669e+000
  5.2229432e+000  3.9187765e+000
  1.5711897e+000  2.2290998e+000
  8.1252567e+000  8.4176356e+000
  1.9123893e+000  4.1215782e+000
  1.4585745e+000  4.4644841e+000
  8.7233347e+000  1.5894733e+000
  7.8401739e+000  5.5367893e+000
  7.9618066e+000  5.9950148e+000
  6.7762643e+000  5.0669953e+000
  1.0879107e+000  8.8403202e+000
  5.0841889e+000  6.5989294e+000
  3.3627519e+000  8.7605292e+000
  7.1634388e+000  4.5583306e+000
  8.0811464e+000  6.2024524e+000
  7.6414998e+000  5.9752424e+000
  6.5424534e+000  7.8678308e+000
  4.8573502e+000  2.9569123e+000
  6.7375301e+000  6.3460084e+000
  5.5436449e+000  3.2137971e+000
  8.1597197e+000  5.7425338e+000
  1.4369678e+000  7.0010936e+000
  1.4852641e+000  2.2221962e+000
  7.3746673e-001  6.8611514e+000
  4.9166399e+000  4.9529264e+000
  6.9400268e+000  7.9634222e+000
  6.1466028e+000  7.3254825e+000
  1.9460954e+000  7.0896895e+000
  5.5658184e+000  3.5404708e+000
  8.5516314e-001  8.5771096e+000
  8.7971555e+000  6.6534414e+000
  5.7299974e+000  1.6116816e+000
  1.4122225e+000  2.1855199e+000
  6.6617924e+000  5.9012475e+000
  1.7630434e+000  4.0775051e+000
  1.8102670e+000  6.6949191e+000
  5.9645314e+000  6.1223862e+000
  3.5438194e+000  4.2855312e+000
  8.5510533e+000  5.1353015e+000
  1.2421220e+000  7.1353133e+000
  8.4131987e+000  6.2780283e+000
  6.5988724e+000  4.7072163e+000
  3.7897614e+000  8.6191641e+000
  2.6714312e+000  4.2559067e+000
  5.9353656e+000  7.1380314e+000
  3.3439313e+000  8.1521621e+000
  6.2394130e+000  1.6913796e+000
  1.9358043e+000  4.0738925e+000
  4.8253211e+000  2.6459897e+000
  8.7049228e+000  8.1865493e+000
  2.0021446e+000  6.8771370e+000
  8.7448033e+000  8.3891108e+000
  3.5905765e+000  8.9566999e+000
  5.5895097e+000  3.2574048e+000
  4.8898477e+000  8.5375120e+000
  7.0763630e+000  8.3810357e+000
  8.2156487e+000  1.8010557e+000
  6.6445293e+000  6.2389935e+000
  1.6665427e+000  7.4225450e+000
  6.6259119e+000  8.1494943e+000
  7.9222472e+000  6.0183998e+000
  6.8931100e+000  8.1760085e+000
  6.9509424e+000  5.8124881e+000
  4.5392466e+000  2.3317616e+000
  6.2115173e+000  8.4441589e+000
  8.0089795e+000  2.1024194e+000
  6.5955388e+000  5.1773783e+000
  6.7854966e+000  8.3904130e+000
  3.6939103e+000  1.5077191e+000
  6.8474043e+000  1.8183352e+000
  8.8565937e+000  1.6801996e+000
  6.1313344e+000  7.3636179e+000
  5.7203178e+000  2.9622371e+000
  1.8859025e+000  4.4699298e+000
  1.7124991e+000  6.7876540e+000
  3.6041129e+000  6.7463800e+000
  7.8853040e+000  5.3045222e+000
  4.8986082e+000  3.3450626e+000
  1.1345843e+000  2.1449114e+000
  8.1819280e+000  1.9618943e+000
  6.9528963e+000  7.9226917e+000
  4.9641056e+000  4.0236328e+000
  3.3965619e+000  1.4170120e+000
  7.0708081e+000  5.8111316e+000
  7.3086789e+000  5.8410985e+000
  6.7019185e-001  6.8549786e+000
  3.5176800e+000  2.1951469e+000
  8.5542860e+000  5.6706200e+000
  8.9003487e+000  5.4182326e+000
  1.5202377e+000  7.5477050e+000
  8.2112837e+000  2.1195745e+000
  7.6451656e+000  7.9481952e+000
  7.1819291e+000  8.7080341e+000
  5.4548861e+000  7.3787995e+000
  4.0736251e+000  5.6689046e+000
  3.4038416e+000  1.9276731e+000
  1.2923650e+000  6.3152539e+000
  2.1389996e+000  6.8885065e+000
  8.4068393e+000  2.2702335e+000
  4.9660908e+000  3.6529863e+000
  4.9917514e+000  3.1173492e+000
  7.6943302e+000  6.2010490e+000
  5.5370290e+000  3.0588116e+000
  3.0788999e+000  2.0876294e+000
  1.5454381e+000  7.5302900e+000
  3.2361485e+000  2.3833814e+000
  2.1593483e+000  5.6077736e+000
  4.3847961e+000  8.7881514e+000
  6.4869361e+000  6.2316455e+000
  1.7061724e+000  7.4331666e+000
  2.3648635e+000  7.2380127e+000
  5.6402899e+000  3.6988635e+000
  2.9686144e+000  2.2799463e+000
  1.3594222e+000  7.4458256e+000
  7.6881087e+000  2.1759810e+000
  7.2500914e+000  5.8623612e+000
  5.6601032e+000  3.6147194e+000
  3.7377587e+000  8.5337987e+000
  2.2886748e+000  7.2079026e+000
  1.5917071e+000  4.2712324e+000
  6.3759186e+000  5.9253906e+000
  2.4507360e+000  2.3549221e+000
  8.1768257e+000  3.1574678e+000
  3.3065827e+000  8.4894883e+000
  7.8678874e+000  2.0108713e+000
  3.3700022e+000  1.5312640e+000
  1.7164276e+000  4.0069603e+000
  3.8457148e+000  8.6576149e+000
  8.5439483e+000  7.5229882e+000
  1.4051241e+000  4.5334348e+000
  3.0212210e+000  2.1760637e+000
  1.3516010e+000  7.7109909e+000
  5.2359795e+000  3.3797307e+000
  1.4850079e+000  4.3418415e+000
  9.0860991e+000  2.7813491e+000
  1.2507771e+000  7.2114605e+000
  7.0172532e+000  6.2618485e+000
  1.5818273e+000  3.6984085e+000
  1.6932002e+000  3.5657639e+000
  5.3107238e+000  7.9650241e+000
  2.9460214e+000  5.1199830e+000
  1.9016736e+000  1.9435249e+000
  1.6669428e+000  5.9942632e+000
  8.0103710e+000  4.8384536e+000
  5.8967690e+000  1.4644164e+000
  3.2052937e+000  1.8414061e+000
  1.3703895e+000  6.7975851e+000
  1.5273814e+000  7.5780754e+000
  4.7528014e+000  3.2091097e+000
  2.1821764e+000  5.0350221e+000
  8.0819478e+000  8.1713036e+000
  4.5660166e+000  4.1039669e+000
  1.6793400e+000  4.2845712e+000
  4.6821961e+000  3.1315585e+000
  3.3083487e+000  2.0461081e+000
  5.2518989e+000  8.1920654e+000
  7.0530072e+000  5.8511332e+000
  7.3808258e+000  5.8486044e+000
  5.2676102e+000  3.0727765e+000
  5.7043947e+000  3.2363300e+000
  3.6951708e+000  1.8339234e+000
  1.8128047e+000  4.3463311e+000
  5.0762133e+000  4.7578861e+000
  7.1894408e+000  5.1886833e+000
  8.5272863e+000  8.0987548e+000
  1.9070344e+000  1.9149985e+000
  3.4813408e+000  1.9482081e+000
  8.6511344e+000  5.4775448e+000
  8.5186850e+000  5.5408850e+000
  1.7052181e+000  4.2191426e+000
  1.7202050e+000  7.2540154e+000
  4.9367767e+000  2.9535522e+000
  6.8317636e+000  8.2743123e+000
  1.4928883e+000  2.1967798e+000
  8.3348219e+000  1.9729879e+000
  2.4251938e+000  2.1885095e+000
  8.1338703e+000  2.5102575e+000
  2.0454281e+000  7.2713827e+000
  1.4018601e+000  7.2493392e+000
  2.0280228e+000  4.9318868e+000
  8.5573310e+000  6.4715967e+000
  1.4123430e+000  2.0727109e+000
  8.1786604e+000  2.1465169e+000
  5.2014411e+000  2.5449343e+000
  1.4792729e+000  8.3411283e+000
  1.8201058e+000  2.0934464e+000
  2.7944082e+000  1.8204728e+000
  3.4613300e+000  8.8286820e+000
  8.4034510e+000  6.6544796e+000
  8.0682643e+000  2.8829576e+000
  3.5083739e+000  9.3496721e+000
  5.6399533e+000  7.6402168e+000
  5.4169235e+000  2.8482650e+000
  3.6864507e+000  1.5909203e+000
  5.0325963e+000  2.8577908e+000
  1.7776803e+000  4.1786116e+000
  5.8326883e+000  1.7666155e+000
  8.4739235e+000  5.7345296e+000
  8.2167618e+000  2.3620524e+000
  6.3610358e+000  1.8256077e+000
  6.3451937e+000  6.7764356e+000
  8.8308687e+000  8.5600267e+000
  8.1314835e+000  1.7220568e+000
  2.1338567e+000  6.8543159e+000
  1.9387872e+000  6.8028186e+000
  5.3432736e+000  5.3505523e+000
  7.2241563e+000  2.1736618e+000
  4.7715541e+000  3.1313557e+000
  5.2253802e+000  3.2987571e+000
  4.8624768e+000  2.6372802e+000
  1.3335553e+000  7.5368321e+000
  1.6780504e+000  4.1590397e+000
  5.3350759e+000  3.4033300e+000
  7.9320053e+000  2.2811796e+000
  5.5266085e+000  1.8097291e+000
  1.9884397e+000  7.5959043e+000
  8.6783360e+000  8.4319451e+000
  3.4246983e+000  7.9619236e+000
  3.0089842e+000  1.6990710e+000
  7.2284239e+000  5.8967252e+000
  7.9268536e+000  5.7522748e+000
  5.4673936e+000  8.4337845e+000
  7.2490933e+000  8.3894531e+000
  5.5976562e+000  3.0115815e+000
  8.7162090e+000  7.1237055e+000
  7.0140279e+000  4.2349201e+000
  1.3148344e+000  7.0174363e+000
  5.3577703e+000  4.1029937e+000
  8.5686566e+000  8.0597997e+000
  8.3182082e+000  7.7694896e+000
  8.3518222e+000  2.2875258e+000
  8.7173645e+000  5.3766116e+000
  1.5716100e+000  6.2464740e+000
  5.6529409e+000  3.0103657e+000
  6.8216474e+000  5.8838568e+000
  8.2484486e+000  2.4961872e+000
  8.4329375e+000  2.1999972e+000
  1.6703735e+000  6.7836343e+000
  3.5710812e+000  8.9356532e+000
  3.6290880e+000  7.9835279e+000
  1.5101477e+000  1.7356786e+000
  1.6338003e+000  6.8026579e+000
  7.0744684e+000  4.6687232e+000
  5.1509567e+000  3.5811859e+000
  1.2903995e+000  1.5168025e+000
  3.4423733e+000  9.0069766e+000
  5.2417932e+000  4.8569460e+000
  3.4974479e+000  5.3985244e+000
  1.6844385e+000  1.5799658e+000
  5.8206245e+000  8.0028502e+000
  5.3833762e+000  3.5009955e+000
  5.1425444e+000  3.5299640e+000
  3.5378013e+000  8.5231552e+000
  8.2940612e+000  6.2462628e+000
  4.5584474e+000  2.0573424e+000
  5.1471203e+000  8.4009903e+000
  6.8899933e+000  8.1622360e+000
  1.7502043e+000  1.6858320e+000
  1.6050414e+000  1.4304654e+000
  1.4303606e+000  2.0354126e+000
  1.4466995e+000  4.2173868e+000
  6.3954984e+000  6.5243376e+000
  5.4581010e+000  7.4435672e+000
  1.9114674e+000  1.8544225e+000
  8.6515412e+000  8.6575370e+000
  1.1358822e+000  3.1019140e+000
  4.7808233e+000  1.2830726e+000
  2.4825649e+000  8.5265346e+000
  4.8197648e+000  3.0998731e+000
  8.8343898e+000  5.6854692e+000
  6.7775458e+000  1.6287867e+000
  7.3873019e-001  7.1645141e+000
  5.5752912e+000  7.3013038e+000
  8.2085362e+000  2.2568849e+000
  1.6955552e+000  7.4799672e+000
  5.1041897e+000  2.7236615e+000
  6.9043154e+000  8.4464393e+000
  6.8510375e+000  6.4034882e+000
  7.9436561e+000  2.2828834e+000
  6.3494212e+000  6.4909250e+000
  7.4088006e+000  8.0287232e+000
  1.0383027e+000  7.2150934e+000
  5.2992407e+000  3.9007268e+000
  5.3464896e+000  3.2881422e+000
  3.5769739e+000  8.2610790e+000
  4.8531253e+000  2.9499848e+000
  7.5179989e+000  4.7993173e+000
  3.2983489e+000  1.3098632e+000
  1.5257034e+000  4.6332956e+000
  4.8822657e+000  2.9656879e+000
  4.0771220e+000  6.4147716e+000
  2.3554675e+000  5.5893960e+000
  5.5986203e+000  1.9925359e+000
  6.4931698e+000  6.3848927e+000
  8.9989207e+000  8.2861805e+000
  1.5750617e+000  5.1515635e+000
  8.1280737e+000  7.4335621e+000
  4.8687203e+000  2.9467733e+000
  6.6420606e+000  7.8411007e+000
  5.2140840e+000  3.3916393e+000
  2.9028504e+000  1.6693017e+000
  8.2954246e+000  2.4856214e+000
  1.5057621e+000  6.6842925e+000
  1.7095273e+000  2.0763788e+000
  3.1909952e+000  1.0689566e+000
  7.8363115e+000  2.1976135e+000
  1.3834081e+000  7.0595101e+000
  3.6620107e+000  8.0494480e+000
  1.9584016e+000  5.3226548e+000
  5.2012749e+000  3.4143624e+000
  6.4075751e+000  6.6569417e+000
  8.2881849e+000  1.9007565e+000
  6.1919084e+000  2.0367184e+000
  5.1455301e+000  3.4609166e+000
  5.9475109e+000  4.1733562e+000
  1.0277507e+000  6.6620919e+000
  7.9183575e+000  8.4992178e+000
  1.6315637e+000  1.8909560e+000
  8.1811756e+000  2.1360191e+000
  8.0492205e+000  5.4735858e+000
  8.6804632e+000  6.4723224e+000
  6.6736619e+000  8.0061082e+000
  1.9966951e+000  7.6950378e+000
  8.5575381e+000  7.9163698e+000
  3.2947418e+000  2.3597093e+000
  2.0130980e+000  6.9828771e+000
  2.2849239e+000  7.5507182e+000
  3.6027394e+000  8.6836162e+000
  8.3654852e+000  1.8856262e+000
  6.2266037e+000  5.9052933e+000
  5.0371844e+000  3.5595906e+000
  8.2296057e-001  7.0110267e+000
  3.3958636e+000  2.0550947e+000
  6.9225989e+000  6.7192403e+000
  8.8219941e+000  5.4276342e+000
  1.0662888e+000  7.5452286e+000
  6.7422405e+000  4.9483001e+000
  8.5770920e+000  2.0986297e+000
  1.6318780e+000  7.1443646e+000
  5.0910525e+000  3.9972483e+000
  6.9383104e+000  5.3492986e+000
  3.4327779e+000  8.4902769e+000
  1.6728583e+000  7.5082799e+000
  6.2591078e+000  4.1848701e+000
  4.9088407e+000  1.5726458e+000
  3.6486459e+000  2.1742521e+000
  5.3519825e+000  3.6295291e+000
  1.3102705e+000  7.8423811e+000
  3.5303886e+000  7.9595599e+000
  4.9353871e+000  6.9263413e+000
  8.5566363e+000  7.9687378e+000
  1.2925544e+000  8.3208525e+000
  5.1155838e+000  3.4961478e+000
  3.5749734e+000  2.3160317e+000
  1.0533137e+000  6.9443775e+000
  3.3768149e+000  8.7167646e+000
  1.9586480e+000  4.3246707e+000
  5.8318686e+000  5.9227455e+000
  8.4228271e+000  8.3015870e+000
  6.4302988e+000  1.9192656e+000
  2.9944391e+000  1.9819757e+000
  8.9613977e+000  8.6025635e+000
  8.0877491e+000  2.1925678e+000
  1.6847801e+000  6.8134900e+000
  1.5463496e+000  6.8932162e+000
  2.0253206e+000  7.1283606e+000
  7.8580780e+000  2.1500957e+000
  6.7176501e+000  6.3864258e+000
  6.8931995e+000  8.1324646e+000
  3.1527727e+000  5.9772635e+000
  8.6360282e+000  1.8396834e+000
  6.6701397e+000  6.7583240e+000
  8.0402423e+000  5.6689316e+000
  8.2643029e+000  2.1149430e+000
  6.2152609e+000  7.0354553e+000
  8.4955632e+000  2.1634608e+000
  6.8056711e+000  4.8116934e+000
  3.5067600e+000  8.5739471e+000
  4.4823397e+000  2.1741893e+000
  1.6624746e+000  6.8947925e+000
  6.7175107e+000  4.6298421e+000
  6.7256293e+000  8.6340706e+000
  7.8941992e+000  5.5769802e+000
  3.5921895e+000  5.7584551e+000
  1.7110235e+000  7.8433486e+000
  2.3929762e+000  2.0325293e+000
  6.3908996e+000  6.4255325e+000
  3.3656758e+000  9.0728917e+000
  6.6981868e+000  6.0720108e+000
  1.8992617e+000  7.3177373e+000
  1.2105594e+000  2.8111216e+000
  3.6422900e+000  5.8860224e+000
  1.6098628e+000  1.7487910e+000
  2.3132010e+000  5.2951869e+000
  2.7978712e+000  2.1150505e+000
  1.7394631e+000  4.4879569e+000
  8.4435384e+000  1.6155881e+000
  5.5799634e+000  3.0185056e+000
  2.0913368e+000  4.1995478e+000
  1.2166066e+000  2.2157339e+000
  4.4253428e+000  5.9927129e+000
  8.0290412e+000  6.0929585e+000
  7.8587562e+000  1.7981217e+000
  5.9956886e+000  7.0854984e+000
  3.7563316e+000  1.3483483e+000
  4.9997588e+000  3.1185885e+000
  5.1694867e+000  2.7746518e+000
  1.4743827e+000  4.2269785e+000
  1.7693049e+000  3.0712386e+000
  8.5461422e+000  6.0620485e+000
  6.0880294e+000  1.8902488e+000
  5.7562936e+000  3.1233798e+000
  1.4903498e+000  7.4160132e+000
  8.8151755e+000  1.9996874e+000
