  7.9279763e+000 -9.6481007e-001
  4.6283998e+000  1.1934800e+000
  5.5601398e+000  9.7467741e+000
  5.0544650e+000  3.7887297e+000
  6.0850899e+000  6.6913737e+000
  5.7163609e+000  7.2617192e+000
  4.9136677e+000  3.1006247e+000
  2.8299520e+000  5.0150763e+000
  3.5772604e+000  4.3420359e+000
  3.5401559e+000  8.2149192e+000
  7.0787412e+000  7.5812199e+000
 -8.3930657e-001  4.3772584e+000
  7.3162614e+000  6.8003354e+000
  4.0365706e+000  2.5004760e+000
  8.0128604e+000  8.2518989e+000
  8.4142522e+000  7.2314010e+000
  1.5482192e+000  7.1296619e+000
  1.6240761e+000  3.3248221e+000
  5.9988082e+000  4.6593964e+000
  7.2638276e+000 -4.8228227e-001
  9.7687639e+000  7.1836391e+000
  2.5294148e+000  7.6485046e+000
  1.4854954e+000  5.8455871e+000
  6.3472806e+000  2.7689675e+000
  9.3177154e+000  8.4063337e+000
  5.7106969e+000  5.0916545e+000
  4.0735358e+000  7.5159826e+000
  5.0011895e+000  3.0942134e+000
  3.1369799e+000  4.8235384e+000
  4.6263076e+000 -7.5967779e-001
  7.6785693e+000  6.9072076e+000
  8.0327029e+000  2.8495594e+000
  3.8667219e+000  5.0535490e+000
 -3.6305941e-001  4.6287904e+000
  1.5569575e+000  5.0772882e+000
  7.8323840e+000  7.6961042e+000
  7.4261235e+000  3.8460392e+000
  3.9622531e+000  1.9044393e+000
  2.4104935e+000  5.7670325e+000
  5.7434773e+000  7.9391705e+000
  5.9645401e+000  2.3132071e+000
  1.1060835e+001  4.9168902e+000
  2.9052731e+000  3.7528519e+000
  4.7626551e+000  4.4131184e+000
  4.5399522e+000  7.4780092e+000
  5.8818824e+000  4.0401716e+000
  3.8459832e+000  9.1715488e+000
  7.3935942e+000 -3.2405178e-001
  2.4898535e+000  4.1498896e+000
  3.9212436e+000  7.6050154e+000
  4.8432002e+000  5.2696293e+000
  2.2524568e+000  6.8988837e+000
  2.0179708e+000  8.1132299e+000
  5.0037246e+000  1.8351630e+000
  5.5541177e+000  8.1857457e+000
  7.8386831e+000  9.7725747e+000
  2.9740762e+000  4.1472801e+000
  1.2364801e+001  3.4540077e+000
  3.2000721e+000  4.5574865e+000
  8.3505305e+000  7.8631291e+000
  3.3936729e+000  4.3434653e+000
  5.2725447e+000  7.4999721e+000
  6.0882459e+000  2.8317142e+000
  4.2913039e+000 -5.1439282e-001
  3.3634921e+000  2.4833557e+000
  7.4854600e+000  3.6898226e+000
  5.1187496e+000  6.3560600e+000
  5.9678515e+000  2.7464106e+000
  2.9470171e+000  8.1896917e+000
  7.4013692e+000  8.0987279e+000
  6.1114624e+000  3.4625145e+000
  4.2727224e+000  9.3725264e-001
  3.6435004e+000  6.1528275e+000
  5.2058698e+000  1.5265974e+000
  7.6692036e+000  6.6346854e+000
  5.5640583e+000  2.9044529e+000
  5.8996915e+000  3.1032361e+000
  1.4862296e+000  7.3467438e+000
  6.1989113e+000  7.3055640e+000
  3.4405363e+000  4.7564644e+000
  8.5353566e+000  4.2972539e+000
  1.0203104e+001  4.0951841e+000
  1.5836536e+000  6.3495638e+000
  5.4080394e+000  3.8828078e+000
  9.7138156e+000  8.8105144e+000
  7.0293604e+000  3.0477573e+000
  4.6389532e+000  1.8630646e+000
  3.7501133e+000  5.6405976e+000
  7.1538578e+000  9.0277513e+000
  5.5066131e+000  3.0756027e+000
  2.6370614e+000  8.3393660e+000
  3.6584345e+000  5.7797221e-001
  3.7052054e+000  4.8435660e+000
  5.3989778e+000  4.1231240e+000
  2.2806678e+000  3.2450942e+000
  1.0808664e+001  4.3261704e+000
  4.1420385e+000  4.2239655e+000
  4.2148399e+000  8.1679008e+000
  4.2328874e+000  3.9637685e+000
  3.7971679e+000  4.7688211e+000
  5.3425759e+000  6.6609659e+000
  7.2920995e+000  4.9020952e+000
  1.7665315e+000  6.0952851e-001
  5.6309931e+000  8.4222309e+000
  5.3458597e+000  4.1702063e+000
  3.9177061e+000  1.6398882e+000
  6.5614753e+000  4.1470107e+000
  5.4764902e+000  8.1069598e-001
  5.7272791e+000  3.5435442e+000
  4.6628720e+000  8.2281777e+000
  6.1186623e+000  3.6216090e+000
  5.3932679e+000  3.8164493e+000
  5.8136120e+000  3.7305173e+000
  3.8653062e+000  8.5515285e+000
  5.7144506e-001  1.8053044e+000
  1.8941904e+000  7.9997885e+000
  1.6648369e+000  5.2846075e+000
  6.1294662e+000  3.5837040e+000
  6.4134128e+000  6.5463788e+000
  3.3006969e+000  7.7611833e+000
  7.1890686e+000  3.3170169e+000
  2.0914707e+000  3.3334364e+000
  6.9639252e+000  4.6987985e+000
  3.8971645e+000  7.4692594e+000
  3.7717977e+000  4.8863131e+000
  2.6516960e+000  2.8213377e+000
  2.5910475e+000  7.8366627e+000
  4.5027856e+000  6.9941851e+000
  3.7327699e+000  4.7484652e+000
  9.3464850e+000  9.2720339e+000
  3.8962089e+000  4.1335858e+000
  6.9173998e+000  2.9745365e+000
  4.5648868e+000  2.5198348e+000
  1.5803176e+000  6.3963289e+000
  2.9171273e+000  4.6718563e+000
  2.6309158e+000  4.4718653e+000
  3.6210305e+000  4.6810780e+000
  7.2196470e+000  4.0586016e+000
  5.9895367e+000  1.5274410e+000
  5.4838962e+000  2.8110939e+000
  3.4043256e+000  2.6651627e+000
  3.4950657e+000  2.4956249e+000
  6.6577874e+000  6.0732024e+000
  5.7727715e+000  4.8860555e+000
  4.6551986e+000  1.6727476e+000
  5.5394561e+000  3.0692963e+000
  8.3021016e+000  9.1985886e+000
  4.7163996e+000  7.9090783e+000
  9.0934582e+000  1.0456931e+001
  5.5378835e+000  3.1127704e-001
  5.3937906e+000  6.2541039e-001
  2.1833109e+000  5.7917578e+000
  5.1565668e+000 -1.9452639e-001
  8.4282861e+000 -3.7143464e-002
  2.2229849e+000  6.8818400e+000
  7.3114981e+000  4.9452506e+000
  5.1664280e+000  6.0767831e+000
  6.9479325e+000  3.5517483e+000
  3.2891358e+000  4.2132446e+000
  5.9002593e+000  6.3770065e+000
  3.7296975e+000  8.2282756e+000
  1.1696899e+000  5.0922731e+000
  2.6408251e+000  6.5793760e+000
  5.1151672e+000  3.6229120e+000
  4.1314524e+000  5.6657087e+000
  3.4667972e+000  7.4976889e+000
  6.4749653e+000  3.9635032e+000
  4.9890625e+000  4.6769890e+000
  1.6687866e-001  1.1978738e+000
  1.0112504e+001  2.4135883e-001
  4.9203791e+000  5.0259238e+000
  3.2593082e+000  8.7842794e+000
  1.5966405e+000  3.5913782e+000
  6.6304617e+000  2.4814884e+000
  1.2999631e+000  6.3530738e+000
  4.6686038e+000  8.3921484e+000
  4.1905279e+000  6.4578760e+000
  3.6442856e+000  8.6185188e+000
  2.6853847e+000  4.7190503e+000
  1.6842194e+000  6.9293048e+000
  2.0975737e+000  1.3924382e+000
  7.4120027e+000  3.6677219e+000
  6.3427628e+000  3.6036102e+000
  4.7951212e+000  3.6944463e+000
  2.3397262e+000  2.4160301e+000
  4.0341268e+000  3.9994041e+000
  6.2555416e+000  3.3167950e+000
  4.6957135e+000  1.5232282e+000
  4.1222587e-001  7.4087799e+000
  1.0752730e+001  7.6668334e+000
  8.1307680e+000  6.8043394e+000
  3.4865709e+000  4.5516975e+000
  9.5042502e+000  2.3226548e+000
  5.4855944e+000  1.5157766e+000
  3.6039424e+000  7.7306988e+000
  6.0641571e+000  2.8984387e+000
  5.5885030e+000  2.6532781e+000
  8.1022792e+000  1.0472970e+001
  3.7891283e+000  1.1249963e+001
  7.1943190e+000  5.1691455e+000
  2.8289494e+000  6.7632808e+000
  3.4859672e+000 -2.7502569e-001
  7.7379540e+000  3.6876799e+000
  3.3126673e+000  6.8473438e+000
  8.4243997e+000  4.7764020e-001
  5.1021537e+000  2.6265766e+000
  5.2302251e+000  4.8194340e+000
  5.8726409e+000  7.1383689e+000
  7.5195365e+000  5.8873471e+000
  5.9085747e+000  4.7806001e+000
  5.7431893e+000  4.0341310e+000
  3.8054819e+000  1.5328002e+000
  6.6531761e+000  3.5897706e+000
  5.6694330e+000  8.1015708e+000
  6.4271532e+000  7.3376479e+000
  2.2539339e+000  4.6432764e+000
  7.2857078e+000  9.2789087e+000
  5.8377857e+000  7.7880139e+000
  6.1618809e+000  3.8065814e+000
  5.4852299e+000  3.9412714e+000
  4.6243157e+000  3.8567503e+000
  4.0139779e+000  7.0722074e+000
  5.8257397e+000  1.1075666e+000
  6.3516219e+000  5.9913940e+000
  6.8831344e+000  5.3221325e+000
  4.2920819e+000  3.5487280e+000
  4.5525665e+000  5.2380656e+000
  5.3570417e+000  3.5244525e+000
  5.3844441e+000  2.1603721e+000
  2.4230929e+000  6.2344478e+000
  7.4226135e+000 -1.5534131e+000
  5.1693915e+000  6.6199352e+000
  2.8448491e+000  5.9816737e+000
  2.2387283e+000  1.1586951e+000
  5.7535855e+000  7.8824628e+000
  6.2047782e+000  3.0621055e+000
  7.0888902e+000  3.8638113e+000
  1.1221362e+000  3.2009491e+000
  4.5536415e+000  6.3527492e+000
  5.3687206e+000 -4.7228924e-001
  6.2093902e+000  3.7768419e+000
  1.9730529e+000  1.9616278e+000
  8.0546232e+000  1.1158316e+001
  3.3725024e+000  9.2457862e+000
  7.1154211e+000  5.6911889e+000
  5.4547311e+000  7.9807496e+000
  4.9904411e+000  3.8491821e+000
  7.4014940e+000  6.6735144e+000
  2.9160129e+000  7.5565058e+000
  3.9637312e+000  6.4472160e+000
  6.3052307e+000  2.7273886e+000
  7.1341674e+000  4.9754702e+000
  6.4729997e+000  3.4815745e+000
  5.6882072e+000  6.9597074e+000
  2.9984421e+000  1.6228203e+000
  9.7512884e+000  1.0692051e+001
  2.9067582e+000  4.4787745e+000
  5.3877522e-001  7.6231438e+000
  6.3972624e+000  6.6479645e+000
  3.4584480e+000  9.6946713e+000
  3.2624406e+000  7.5558562e+000
  2.0047548e+000  7.1605670e+000
  1.6900478e+000  6.9822957e+000
  2.3856401e+000  7.1476384e+000
  6.2540401e+000  7.1383899e+000
  5.2932911e+000  6.9752710e+000
  3.8700331e+000  5.3410498e+000
  5.7009578e+000  3.3382253e+000
  4.6512119e+000  2.8750922e+000
  5.3456304e+000  3.5648686e+000
  7.4845366e+000  2.6166643e+000
  3.4916570e+000  3.1763964e+000
  7.7174312e+000  1.4978020e+000
  7.0531225e+000  6.2627723e+000
  8.4770247e+000  4.7487144e+000
  6.0430905e+000  2.8285267e+000
  1.0474047e-001  7.3141112e+000
  2.3702044e+000  7.2135408e-001
  2.9835475e-001  4.3365990e+000
  4.7846800e+000  7.9016620e+000
  9.7221639e-001  2.1407548e+000
  4.9869125e+000  7.3906650e+000
  2.2045564e+000  4.1274075e+000
  2.2426901e+000  2.3794873e+000
  3.5332802e+000  4.4591473e+000
  8.5932566e+000  3.1796501e+000
  1.0341723e+001  5.4997824e+000
  2.1992649e+000  1.9459126e+000
  6.6604929e+000  3.0850373e+000
  6.7077145e+000  3.1254865e+000
  2.5521246e+000  6.5804976e+000
 -2.0164177e-001  5.1645152e+000
  7.5751140e+000  7.0910146e+000
  7.8454829e+000  6.2950396e+000
  1.1095226e+001  2.7672707e+000
  5.2435997e+000  6.4689372e+000
 -2.8156714e-001  5.5918967e+000
  5.5034275e+000  3.6524184e+000
  6.0888785e+000  2.8164353e+000
  7.1844741e+000  3.8983129e+000
  8.7490130e+000  2.7141747e+000
  6.6337917e+000  4.3266238e+000
  5.5702965e+000  2.1601921e+000
  5.2872762e+000  6.7874425e+000
  8.2129137e+000  2.8236459e+000
  1.9118849e+000  5.2248106e+000
  5.4835258e+000  4.6732304e+000
  3.0238563e+000  5.0846717e+000
  5.3871903e+000  2.9601298e+000
  5.9625021e+000  4.1343004e+000
  8.7516566e-001  5.3960090e+000
  3.0657809e+000  4.7820032e+000
  4.8637332e+000  7.7883170e+000
  4.7835926e+000  3.9257152e+000
  3.1653667e+000  3.8052739e+000
  5.4902594e+000  1.0967083e+001
  5.5251981e+000  4.1136542e+000
  6.1532398e+000  3.8211566e+000
  6.7473537e+000  1.0889216e+000
  7.1626251e+000  4.1878962e+000
  3.1340652e+000  5.6632194e+000
  8.8475690e+000  6.2940726e+000
  7.4222452e+000  4.7229689e+000
  3.0186159e+000  4.4692415e+000
  2.0776088e+000  1.8868432e+000
  1.2825542e+000  6.3903112e+000
  6.7772856e+000  5.6216306e+000
  2.7190401e+000  8.3138647e-001
  3.4107556e+000  4.2705002e+000
  5.5203089e+000  4.2916711e+000
  5.4916696e+000  3.4714073e+000
  5.6612507e+000  4.6981386e+000
  6.4661751e+000  3.6586553e+000
  5.2343417e+000  3.9000942e+000
  7.3875203e+000  6.8747555e+000
  2.4194641e+000  8.5666318e+000
  4.3043051e+000  9.2781561e+000
  5.2792330e+000  3.7852268e+000
  1.6215147e+000  6.8767882e+000
  3.4732357e+000  8.7989241e+000
  7.5865853e+000  5.1127930e+000
  5.0235209e+000  7.5416833e+000
  5.7451014e+000  2.6928159e+000
  4.6052348e+000  3.4589262e+000
  8.0352981e+000  1.0357163e+001
  1.4280747e+000  6.7479829e+000
  5.6583834e+000  6.7296104e+000
  5.6994053e+000  7.4957071e+000
  6.3904118e+000  5.4613640e+000
  6.8446063e+000  4.5214830e+000
  4.3577451e+000  4.3133616e+000
  7.2083793e+000  4.0639828e+000
  2.3033185e+000  7.6136638e+000
  4.7195893e+000  3.8350317e+000
  3.2694456e-001  4.8726829e+000
  5.5720237e+000  2.2632352e+000
  7.4782054e+000  6.6565206e+000
  1.8182950e+000  7.1127945e+000
  4.7560881e+000  1.6788246e+000
  4.6167845e+000  7.7868493e+000
  3.9404324e+000  3.8317584e+000
  6.4364028e+000  8.9903607e+000
  4.7405353e+000  3.4429323e+000
  8.4908033e+000  4.2499416e+000
  2.2557099e+000  4.4816236e+000
  6.1770152e+000  7.3722710e+000
  4.5691735e+000  4.9859632e+000
  6.7211851e+000  8.4593824e+000
  6.0707488e+000  6.1199843e+000
  3.4813787e+000  7.5518314e+000
  8.2361700e+000  8.1599078e+000
  1.9987482e+000  4.5261995e+000
  4.8987558e-001  7.8584273e+000
  5.8189033e+000 -2.5546880e+000
  5.0474489e+000  8.0525955e+000
  3.5436544e+000  4.3317888e+000
  6.1630218e+000  6.7215590e+000
  9.7136646e-001  4.1065440e+000
  4.9329743e+000  4.0939874e+000
  5.3327450e+000  3.0415291e+000
  5.1943920e+000  2.5925840e+000
  4.5867537e+000  4.9635926e+000
  6.5049165e+000  4.3950037e+000
  3.2895038e+000  4.6348072e-001
  5.7958838e+000  2.9804256e+000
  4.0278323e+000 -2.4914819e+000
  3.9269680e+000  3.9350723e+000
  2.5449352e+000  7.8195433e+000
  5.5694171e+000  8.7115254e-001
  3.3193430e+000  4.6423974e+000
  4.5808936e+000  4.2666320e+000
  2.0622467e+000  9.9933935e+000
  7.7364709e+000  1.0232578e+001
  8.3024608e+000  6.5727098e+000
  7.0776733e+000  2.7637038e+000
  3.2074079e+000  2.1630762e+000
  3.4505713e+000  4.0642000e+000
  7.6077517e+000  5.1842181e+000
  5.1834908e+000  7.0119819e+000
  5.7421703e+000  6.9170302e+000
  3.7407826e+000  4.4229203e+000
  2.4266187e+000  6.7613955e+000
  5.6754009e+000  3.0962785e+000
  7.6383202e+000  3.4430021e+000
  5.2962603e+000  5.6628708e+000
  7.0349171e+000  3.3586420e+000
  6.0675603e+000  2.7068755e+000
  3.4377582e+000  4.1819561e+000
  7.1275296e-001  5.0080246e+000
  4.7867695e+000  5.8981082e+000
 -3.9427336e-001  8.1126877e+000
  3.4055849e+000  9.7016479e+000
  4.6076811e+000  3.8817775e+000
  4.3249408e+000  1.1923169e+000
  1.6243325e+000  7.3368865e+000
  3.7591749e+000  4.2868694e+000
  2.2109355e+000  6.8611450e+000
  1.7778711e+000  6.8870764e+000
  6.3907286e+000  2.8065073e+000
  3.4644213e+000  4.9281035e+000
  3.8092195e+000  4.0454880e+000
  6.3343701e+000  1.3022049e+000
  7.7886426e+000  1.0979444e+000
  7.2958589e+000  4.4726251e+000
  3.4696233e+000  3.9318907e+000
  7.2296539e+000  5.5698294e+000
  5.8688335e+000  5.1564041e+000
  8.9827115e+000  9.0712718e+000
  5.8332947e+000  2.5189391e+000
  6.5483691e+000  3.4883782e+000
  5.2098104e+000  8.6830280e+000
  4.9986847e+000  7.1103593e+000
  7.9351744e+000  4.7918738e+000
  2.5754414e+000  5.9907105e+000
  7.1942254e+000  1.9010623e-001
  6.4504465e+000  2.4230643e+000
  4.3379745e+000  7.4804199e+000
  6.1710661e+000  5.9356441e+000
  5.5490244e+000  7.2122007e+000
  8.1460231e+000  6.6279221e+000
  3.5048383e+000  6.1809261e+000
  1.0520979e+001  4.6934923e+000
  5.2957736e+000  7.3251201e+000
  3.7148921e+000  5.6185833e+000
  6.5217403e+000  4.5357601e+000
  2.8092252e+000  1.5382524e+000
  1.7708890e+000  6.2029045e+000
  1.1306902e+000  5.7692830e+000
  4.0933323e+000  6.6511076e+000
 -2.4989327e-001  3.4428761e+000
  5.0688571e+000  7.8098691e+000
  5.8395660e+000  7.2737100e+000
  8.7847505e+000  1.1070523e+001
  4.0349220e+000  5.8778488e+000
  5.3652655e+000  3.9432948e+000
  3.4537254e+000  7.4010339e+000
  8.3629974e+000  6.6597261e+000
  4.6455400e+000  4.0631455e+000
  3.1647983e+000  4.5774834e+000
  4.5822247e+000  4.0674456e+000
  1.5661299e+000  3.3113040e+000
  6.6661085e+000  3.6688426e+000
  7.4360521e+000  4.0024292e+000
  4.2988379e+000  4.1257198e+000
  3.1993958e+000  7.3401192e+000
  7.2159472e+000  1.1087451e+001
  7.9024646e+000  5.0174034e+000
  4.1354506e+000  7.5777460e+000
  3.7392018e+000  1.6197239e+000
  5.3728974e+000  1.7578004e+000
  6.2489196e+000  3.1171037e+000
  7.3618929e-001  7.3058241e+000
  4.5729342e+000  1.8131859e+000
  6.1596005e+000  3.4105088e+000
  3.9028292e+000  7.9546792e+000
  3.4212657e+000  3.4234073e+000
  6.0306123e+000  1.8649165e+000
  4.5799929e+000  1.1708090e+000
  7.1473244e+000  4.8096127e+000
  8.8441708e+000  1.1172187e+001
  9.1460701e+000  7.0280688e+000
  6.5503526e+000  2.6247050e+000
  5.5212934e+000  3.5980387e+000
  3.1108975e+000  6.1783958e-002
  8.0255091e+000  1.0210399e+001
  7.6862604e+000  1.1175785e+001
  6.2763902e+000  5.5121840e+000
  4.0640931e+000  3.0937259e+000
  5.5103505e+000  3.6796164e+000
  6.4300718e+000  2.0629109e+000
  2.2323546e+000  7.5437375e+000
  9.2008378e+000  1.0783887e+001
  5.8448761e+000  5.0753176e+000
  3.8809480e+000  7.7302725e+000
  7.3077841e+000  7.9838714e+000
  5.5260142e+000  5.8344583e+000
  5.2406766e+000  7.1852776e+000
  2.1055725e+000  4.2803610e+000
  2.6472642e+000  1.0328444e+001
  3.6899805e+000  5.0284852e+000
  8.1204690e+000  6.9638236e+000
  2.0361026e+000  2.3393486e+000
  3.8545297e+000  3.8491919e+000
  8.2570644e+000  3.3366404e+000
  2.9889499e+000  4.3797490e+000
  3.9135901e+000  1.8058847e+000
  7.1836835e+000  4.5540746e+000
  3.4148564e+000  5.0957707e+000
  4.1553115e+000  7.4621467e+000
  3.9011492e+000  2.5534265e+000
  7.2855885e+000  1.1817585e+001
  4.7306087e+000  6.0363921e+000
  3.2960554e+000  7.4984413e+000
  4.1250895e+000  8.0873596e+000
  8.9897304e-001  7.2217344e+000
  4.7682792e+000  4.4098496e+000
  5.7160649e+000  2.2820904e+000
  5.8920729e+000  4.1742663e+000
  3.1750596e+000  5.3201292e+000
  3.3569093e+000  2.3819055e+000
  9.3295026e+000  4.9748691e+000
  6.0888298e+000  5.2106449e+000
  2.6819314e+000  7.4669561e+000
  9.2771201e-001  6.7777594e+000
  3.5976324e+000  7.3089291e+000
  8.5924871e+000  3.0673688e+000
  4.1255423e+000  4.2013913e+000
  5.7655396e+000  3.9188207e+000
  8.2294042e+000  8.2273497e+000
  2.7515869e+000  8.0908979e+000
  5.8738861e+000  4.5412110e+000
  6.0800295e+000  6.8020715e+000
  6.0348268e+000  8.2643833e+000
  7.2141659e+000  5.3960573e+000
  1.5729198e+000  5.6537260e+000
  3.7252147e+000  4.1300959e+000
  3.8275909e+000  8.0582033e+000
  7.7008137e+000  6.8603534e+000
  7.9233897e-001  8.5971569e+000
  5.4821655e+000  5.1478690e-001
  7.7725145e+000  3.8655439e+000
  1.2474542e+001  8.0543137e+000
  5.3249346e+000  8.1643753e+000
  5.9057800e+000  7.2696319e+000
  6.7541621e+000  3.4005769e+000
  4.6780068e+000  1.4998185e+000
  7.9858012e+000  1.2009241e+001
  3.9474212e+000  7.5080778e+000
  6.0157834e-001  7.3798656e+000
  7.8465993e+000  7.2064937e+000
  3.2646868e+000  3.2126662e+000
  1.8571762e+000  3.2202907e+000
  5.8164583e+000  7.2710535e+000
  7.3660189e+000  5.6671424e-001
  7.9169120e+000  5.7257471e+000
  3.0966577e+000  7.4562616e+000
  4.2185908e+000  8.2896014e+000
  3.4400113e+000  5.7106701e+000
  7.3828204e+000  3.8880435e+000
  4.6829248e+000  5.2608544e+000
 -2.6439639e-001  1.4880324e+000
  5.0765574e+000  4.0653798e+000
  5.7087781e+000  8.4026831e+000
  7.1749952e+000  3.9252343e+000
  3.4634672e+000  4.8442094e+000
  2.6570717e+000  3.0626100e+000
  3.0192555e+000  1.2181498e+000
  4.6485108e+000  3.7184459e+000
  4.5955636e+000  1.9544226e+000
  3.4509139e+000  3.0390488e+000
  5.6625463e+000  6.9747740e-001
  3.5683662e+000  4.7700232e+000
  4.5569116e+000  1.8735938e+000
  4.1579817e+000  1.0319953e+001
  6.0893483e+000  4.4408614e+000
  3.6776780e+000  3.6737569e+000
  7.8385195e+000  1.1412234e+001
  5.9269750e+000  7.6282992e+000
  8.7476895e+000  5.2006554e+000
  5.5919370e+000  7.9280532e+000
  6.4892225e-001  3.8750387e+000
  7.2269363e+000  5.2807234e+000
  3.0494258e+000  2.4135973e+000
  5.7055073e+000  7.4409011e+000
  2.7843794e+000  7.4749041e+000
  2.2384178e+000  2.9139579e+000
  4.0073884e+000  4.9088310e+000
  5.9477595e+000  5.1410742e+000
  4.4629923e+000  3.0525943e+000
  3.6070275e+000  3.9665527e+000
  4.4780522e+000  7.3886195e+000
  6.3652452e+000  5.0554477e+000
  5.2173050e+000  7.3483724e+000
  3.5481176e+000  8.9207760e+000
  2.0662235e+000  4.8232771e+000
  3.9668579e+000  4.2347710e+000
  4.2582950e+000  6.9516441e+000
  3.8886431e+000  4.4872237e+000
  5.6010741e+000  6.2991295e+000
  8.4516781e+000  1.0862224e+001
  2.9034516e+000  4.7360020e+000
  4.3498581e+000  8.2001264e+000
  7.9869365e+000 -6.6558192e-001
  3.7136856e+000  3.4933489e+000
  5.8177635e+000  3.7663102e+000
  5.4914313e+000  4.1453541e+000
  8.5728423e+000  9.5814750e+000
  7.5703793e+000  3.6993931e+000
  3.3451634e+000  1.2075558e+001
  4.6306701e+000  4.5737269e+000
  5.4761168e+000  3.3348413e+000
  4.3779949e+000  9.1139918e+000
  5.5728313e+000  3.6633364e+000
  4.3376549e+000  1.0064278e+001
  5.0202442e+000  4.1592435e+000
  5.0246536e+000  6.2429724e+000
  2.9233373e+000  4.2084183e+000
  5.5525822e+000  6.9659319e+000
  1.0497819e+000  3.3641503e+000
  5.6243816e+000  2.4099633e+000
  3.4960100e+000  9.7758827e-001
  7.0418557e+000  6.8397982e+000
  6.1003960e+000  7.4570077e+000
  4.9790758e+000  2.5937441e+000
  2.0926457e+000  3.7323217e+000
  8.5257769e+000  3.1927476e+000
  3.6107953e+000  7.5888807e+000
  2.9867488e+000  7.6634464e+000
  5.7795773e+000 -1.2594161e+000
  6.4441722e+000  8.2132087e+000
  9.6038934e+000  5.4093082e+000
  1.1105504e+001  4.3385386e+000
  3.1031751e+000  7.2891338e-001
  6.3463931e+000  5.3316584e+000
  6.5315667e+000  5.5489828e+000
  5.2711107e+000  7.0933501e+000
  5.2634187e-001  1.2971659e+001
  5.6347293e+000 -8.4358990e-001
  6.4560065e+000  7.3052392e+000
  1.0380305e+000  7.5292906e+000
  3.8595977e+000  4.5386227e+000
  5.1671470e+000  4.2852557e+000
  5.5334831e+000  8.3470571e+000
  6.6250478e+000  7.7891679e+000
  6.0926816e+000  7.4188060e+000
  1.2575048e+000  6.0177437e+000
  5.2378089e+000  5.8940254e+000
  6.9361331e+000  3.2155042e+000
  5.4771541e+000 -3.1923160e+000
  3.9051558e+000  7.9465872e-001
  5.9387635e+000  5.1968109e+000
  3.3481507e+000  8.5103439e+000
  1.0371601e+001  6.5072853e+000
  3.0856139e+000  6.5139866e+000
  5.0976433e+000  5.5982491e+000
  5.8376892e+000  2.3748193e+000
  5.8271142e+000  1.0810946e+000
  7.9936167e+000  9.3211024e+000
  1.2623701e+000  4.1251446e+000
  8.2105375e+000  6.9929965e+000
  8.0524497e+000  2.8064340e+000
  1.3997178e+000  6.1884525e+000
 -7.4767432e-001  1.2535129e+000
  4.4705851e+000  8.3023043e+000
  6.7766130e+000  5.7185376e+000
  6.8339516e+000  8.6786388e+000
  2.9215433e+000  3.7227027e+000
 -5.2813084e-003  7.9452880e-001
  3.7888784e+000  3.3465724e+000
 -1.5038264e+000  3.8201491e+000
  7.7991355e+000  7.6870610e+000
  2.9245003e+000  6.5903019e+000
  7.5555003e+000 -4.7631896e-001
  4.1106926e+000  6.8971076e+000
  4.2388067e+000  9.3116034e+000
  1.1288113e+000  1.5855828e+000
  3.0481383e+000  4.5323137e+000
  1.1308436e+001  5.0922188e+000
  1.6720393e+000  5.8640532e+000
  6.6211871e+000  1.6533212e+000
  3.8587417e+000  8.2065391e+000
  5.5567356e+000  1.0858386e+000
  3.7760238e+000  4.1431112e+000
  6.3336350e+000  3.8386338e+000
  1.7337124e+000  6.6507384e+000
  5.8059906e+000  4.1384287e+000
  4.5578118e+000  3.0101143e+000
  4.5033717e+000  7.4412477e+000
  7.4914554e+000  3.6901312e+000
  8.3493626e+000  4.9816034e+000
  4.5057506e+000  3.3565650e+000
  4.9497113e+000  3.4829733e+000
  8.8589156e+000  6.1042563e+000
  9.1719969e-001  2.9761406e+000
  6.9907985e+000  7.5374832e+000
  4.6518476e+000  4.8418455e+000
  5.2707279e+000  3.7863000e+000
  4.8025197e+000  2.1061947e+000
  5.3003748e+000  8.1263174e+000
 -4.0889059e-001  2.9910457e+000
  6.6164371e+000  5.9455519e+000
  3.7099331e+000  1.0234955e+001
  3.6550562e+000  2.5900099e+000
  6.4900095e+000  3.9718879e+000
  7.2849874e+000  7.6441466e+000
  5.2541291e+000  4.7686738e+000
  2.3071034e+000  3.4527147e+000
  5.5660623e+000  9.7181074e-002
  1.1116365e+001  7.4927342e-001
  4.0713371e+000  6.4798052e+000
  7.4960216e+000  1.0689722e+001
  7.1702228e+000  6.7113346e+000
  8.0676654e+000  2.5576683e+000
  1.1986395e+001  1.2978418e+000
  5.6987914e+000  3.1489158e+000
  8.4718863e+000  1.0036920e+001
  2.8936973e+000  2.1837150e+000
  1.6664570e+000  6.6675323e+000
  1.3653451e+000  7.4507126e+000
  2.1619682e+000  6.5744553e+000
  7.3927262e+000  6.2801490e+000
  6.2465810e+000  1.2034440e+001
  7.6807927e+000  3.3594720e+000
  5.8811989e+000  1.9039138e+000
  4.0677772e+000  4.3946404e+000
  8.1709295e+000  2.2706037e+000
  8.5488007e+000  9.5882783e+000
  3.4348150e+000  5.4640089e-001
  8.0217090e+000  4.8813561e+000
  3.2288020e+000  3.9087964e+000
  2.5836260e+000  7.0305370e+000
  7.9271054e+000  8.6097194e+000
  4.5864213e+000  7.2387975e+000
  1.1669659e+001  1.3022798e+000
  1.0008795e+001  4.8639395e+000
  8.2291931e+000  6.2971336e+000
  4.1358826e+000  5.0027893e+000
  4.1709005e+000  4.2844156e+000
  1.0788797e+001  5.3854867e+000
  4.2613157e+000  7.0711154e+000
  9.3172189e+000  5.7632829e+000
  7.2555333e+000  3.4149910e+000
  7.1942487e+000  6.5757134e+000
  3.9443076e+000  1.9757140e+000
  8.5980445e+000  1.0484688e+001
  1.1643873e+000  7.3077735e+000
  3.8845029e+000  1.4378458e+000
  4.2720455e+000  4.1945408e+000
  5.9772380e+000  1.0373314e+000
  6.4096874e+000  6.4272769e+000
  2.8018136e+000  4.8543988e+000
  5.9971404e+000  6.5707840e+000
  4.0308379e+000  2.0115547e+000
  7.6008134e+000  9.0541422e+000
  1.1117620e+001  7.1994461e+000
  1.4597602e+000  6.8039790e+000
  5.6992443e+000  1.5385119e+000
  5.9959853e+000  6.1029637e+000
  1.0456665e+001  4.1027711e+000
  5.5166968e+000  3.6222486e+000
  3.0374828e+000  3.9884302e+000
  2.6729066e+000  7.5817601e+000
  4.9036156e+000  4.5975336e+000
  3.6809873e+000  1.1333203e+001
  3.3265068e+000  3.3342254e+000
  5.8223156e+000  3.7508721e+000
  2.1714821e+000  4.4441406e+000
  9.9945385e-001  6.4401998e+000
  4.9139224e+000  5.6082084e+000
  3.7023497e+000  4.6546493e+000
  3.1833118e+000  3.9440478e+000
  5.9952804e+000  7.2346225e+000
  1.9338417e+000  8.2596132e+000
  4.7404208e+000  2.8324527e+000
  1.8553953e+000  6.2552167e+000
  6.8829752e+000  2.8852049e+000
  1.5297842e+000  6.0404857e+000
  3.0774629e+000  4.4300912e+000
  4.0801791e+000  4.8805481e+000
  4.4624952e+000  1.6734669e+000
  5.6081937e+000  6.3925533e+000
  6.1427404e+000  4.2844154e+000
  5.2000241e+000  2.7974805e+000
  9.6884240e+000  4.9702755e+000
  1.2944728e+000  6.2223401e+000
  5.6608434e+000  4.3610526e+000
  7.5862079e+000  3.9539630e+000
  2.5206306e+000  1.0644369e+001
  4.9121585e+000  8.0357684e+000
  2.6840562e+000  4.9511208e+000
  7.0234245e+000  4.3864983e+000
  2.3964350e+000  4.1501495e+000
  6.9516117e+000  3.2259050e+000
  3.1099078e+000  4.7908920e+000
  4.9109085e+000  2.4335143e+000
  3.0104016e+000  4.2134802e+000
  4.7974227e+000  4.1243463e+000
  2.7259631e+000  7.0713423e+000
  5.2882809e+000  3.1357804e+000
  8.4854426e+000  2.3125479e+000
  4.3740456e+000  4.4014985e+000
  3.0331448e+000  4.2896960e+000
  9.6391581e+000  9.9661085e+000
  3.8117658e+000  4.6264557e+000
  3.8199257e+000  9.1784289e+000
  2.6644502e+000  1.5370048e+000
  6.4184899e+000  4.3463811e+000
  7.7184592e+000  6.9429170e+000
  1.4094793e+000  6.3341856e+000
  1.0389005e+001  1.6112309e+000
  4.4873311e+000  8.9636013e+000
  5.1861403e+000  6.6231566e+000
  3.9995335e+000  4.2677510e+000
  5.3351253e+000  1.8035631e+000
  7.6861383e+000  9.7564207e+000
  1.1739428e+000  6.5017534e+000
  3.4224687e+000  7.8666623e+000
  2.1776549e+000  7.3607934e+000
  3.9154650e+000  2.3586285e+000
  2.9069582e+000  7.6048362e+000
  1.0220242e+001  9.6858233e+000
  4.4622785e+000  6.8866075e+000
  1.8635415e+000  4.6555371e+000
  6.6771459e+000  3.7558521e+000
  6.1795232e+000  3.0957678e+000
  5.0698626e+000  3.7979858e+000
 -8.4774217e-001  4.7875065e+000
  6.4680368e+000  3.7549712e+000
  6.3487870e+000  2.6452000e+000
  7.0459537e+000  6.5185949e+000
  7.5005239e+000  6.6594711e+000
  5.4632216e+000  7.4290294e+000
  8.8592956e+000  4.5711245e+000
  9.0947761e+000  9.0331207e+000
  5.2609014e+000  3.4067497e+000
  3.3018190e+000  8.1066717e+000
  3.8489775e+000  4.5286750e+000
  7.0875542e+000  3.4458486e+000
  3.3438395e+000  1.0096744e+001
  3.2850987e+000  4.4457790e+000
  5.9863340e+000  3.0230288e+000
  7.1636516e+000  5.2823884e+000
  4.8087205e+000  6.0323307e+000
  1.0474954e+001  1.0486784e+000
  5.6008011e+000  4.9787925e+000
  6.3903247e+000  4.2487494e+000
  6.2022891e+000  2.6491261e+000
  7.4420488e+000  3.9837298e+000
  6.7601908e+000  3.3740657e-002
  4.2820529e+000  6.8996073e-001
  6.1094361e+000  6.0337429e-001
  1.0530645e+001  8.0330447e+000
  3.1455188e+000  4.1885429e+000
  6.3452887e+000  2.9605656e+000
  6.3440271e+000  3.5785341e+000
  1.0398875e+001  6.5990434e+000
  4.6653014e+000  3.1595287e+000
  2.2879221e+000  4.9358809e+000
  7.0461463e+000  4.3903891e+000
  6.4578005e+000  6.6279239e+000
  1.3687253e+000  2.0849558e+000
  5.2767627e+000  1.0569520e+001
  7.3366371e+000 -1.4703774e+000
  1.2221770e+000  4.0953557e+000
  2.1493359e+000  8.4645452e+000
  2.3857810e+000  9.5058018e+000
  6.3515152e+000  5.6540891e+000
  4.9672958e+000  3.4479094e+000
  7.6323033e+000  5.9394101e+000
  7.7963140e+000  6.7574668e+000
  5.9444774e+000  4.3329579e+000
  6.0147729e+000  6.1802270e+000
  2.9756289e+000  4.3512598e+000
  3.2627743e+000  4.1503512e+000
  5.1685247e+000  2.8850227e+000
  6.0988700e+000  7.4247701e+000
  7.5293397e+000  6.5454723e+000
  5.6918108e+000  3.6663480e+000
  5.0956236e+000  4.1011751e+000
  5.3087846e+000  3.4919241e+000
  5.4884257e+000  4.1922039e+000
  4.1895464e+000  2.3646567e+000
  3.8254484e+000  6.6440564e+000
  6.1077192e+000  4.0926187e+000
  4.5252434e+000  7.7307731e+000
  1.2114322e+000  6.1199400e+000
  2.9258570e+000  4.8416701e+000
  6.5574823e+000  2.4818059e+000
  2.4846161e+000  1.7289219e+000
  1.6467109e+000  7.3268112e+000
  4.7984950e+000  6.3350188e+000
  1.0834528e+001  5.1341449e+000
  2.8888318e+000  8.7214499e+000
  4.5074737e+000  7.1815088e+000
  2.8499027e+000  6.4520319e+000
  5.9754020e+000  3.9675313e+000
  3.0145609e+000  7.3287055e+000
  3.8100198e+000  9.2000804e-001
  4.6140605e+000  6.0327262e+000
  4.7376571e+000  9.0848908e+000
  7.2399098e+000  3.1785727e+000
  5.7292239e+000  4.9233081e+000
  4.4735559e+000  6.6539410e+000
  1.8700386e+000  2.6591879e+000
  4.4616249e+000  4.1836500e+000
  3.4268404e+000  4.7575307e+000
  4.0346933e+000  7.9329459e+000
  5.0947239e+000  8.4379665e+000
  1.8451240e+000  3.8090264e+000
  2.3680206e+000  1.5273575e+000
  3.3553418e+000  4.6282181e+000
  6.2456889e+000  3.5086022e+000
  7.9147491e+000  7.7221446e+000
  5.8508985e+000  7.2624359e+000
  6.2846278e+000  6.7090927e-001
  4.8170744e+000  4.2624163e+000
  2.1470164e+000  2.9074399e+000
  3.6809764e+000  7.8263782e+000
  8.7911177e+000  4.6348682e+000
  3.7666924e+000  7.4274214e+000
  1.6915728e+000  5.7261252e+000
  6.0680098e+000  1.8163446e+000
  3.5863535e+000  4.7128186e+000
  1.3181629e+000  6.1718419e+000
  7.9610216e+000 -6.2452733e-001
  4.4806212e+000  8.0141976e+000
  3.6988047e+000  7.4452298e+000
  4.6111915e+000  1.5741379e+000
  1.0631251e+001  3.5370589e+000
  3.7906864e+000  4.5857140e+000
  6.1591800e+000  4.2479500e+000
  6.6378718e+000  4.4487785e+000
  2.7290109e+000  4.8088244e+000
  3.2141943e+000  6.8184544e+000
  3.4186407e+000  4.4396795e+000
  3.9435730e+000  3.3851277e+000
  6.3166270e+000  3.3397321e+000
  3.8030526e+000  1.9380022e+000
  4.1926682e+000  2.2534787e+000
  6.8653448e+000  4.3568886e+000
  6.8795448e+000  3.6958811e+000
  6.3238361e+000  6.1180020e+000
  7.2310965e+000  5.5134478e-001
  1.4478056e+000  9.6801873e+000
  5.3923614e+000  3.7536042e+000
  4.7415185e+000  4.2171257e+000
  9.0940634e+000  3.5622409e+000
  8.5026941e+000  4.8363808e+000
  6.5085205e+000  3.1370234e+000
  3.4867186e+000  7.6703887e+000
  1.5276679e+000  7.1192755e+000
 -6.9223582e-001  5.9367688e+000
  5.7812513e+000  6.8339944e+000
  5.3635814e+000  3.7150998e+000
  5.8251534e+000  4.2194546e+000
  5.3335112e+000 -1.3651242e+000
  6.2960614e+000  3.8357915e+000
  8.4850942e+000  8.6168189e+000
  5.7168974e+000  6.7718870e+000
  8.4376482e+000  5.8309729e+000
  3.9170040e+000  2.9571707e+000
  4.7438246e+000  2.0365957e+000
  2.2199610e+000  6.2033228e+000
  2.1375160e+000  9.0749720e+000
  4.8806651e+000  5.1601910e+000
  9.6851346e+000  1.1214898e+000
  5.7739987e+000  2.8228061e+000
  3.7591295e+000  8.0140026e+000
  6.6662211e+000 -8.3183390e-001
  7.6017992e+000  7.1908114e+000
  4.7411081e+000  1.6901153e+000
  3.2364907e+000  3.7959027e+000
  3.8549473e+000  5.3986467e+000
  8.2998328e-001  6.1306000e+000
  6.4497002e+000  4.3565513e+000
  3.1754475e+000  5.5613738e-001
  5.9393156e+000  3.0967753e+000
  4.8297783e-001  6.2163429e+000
  5.0995691e+000 -1.3443157e-001
  5.0549689e+000  2.7396649e+000
  5.4566941e+000  5.8055121e+000
  5.9477528e+000  3.5214748e+000
  5.9190172e+000  2.5176502e+000
  1.5316660e+000  3.5800021e-001
  6.2542921e+000  3.8727034e+000
  8.9123251e+000  1.7105944e+000
  1.0925644e+001  3.3608248e+000
  6.9098093e+000  5.4613731e+000
  9.0869421e+000  3.4375295e+000
  8.7392527e+000  6.6387751e+000
  2.0134798e+000  2.7050650e+000
  9.2569577e+000  6.2185429e+000
  1.1561587e+001  9.1109293e+000
  8.2828654e+000  7.3127782e+000
  5.7186431e+000  2.3714836e+000
  7.3952764e+000  3.9958529e+000
  2.4258608e+000  3.6761357e+000
  5.1276514e+000  4.1515049e+000
  4.3975864e+000  2.2509676e+000
  3.5970829e+000  8.3006363e+000
  8.9115392e+000  9.7344809e+000
  1.2621108e+000  7.8698787e+000
  7.0087693e+000  3.6965292e+000
  3.9849829e+000  2.2546542e+000
  8.7692270e+000  1.1865602e+001
  2.4876354e+000  4.8763605e+000
  6.9880367e+000  3.2379346e+000
  4.6634083e+000  6.3475960e+000
  2.9243961e+000  7.7888831e+000
  3.9875763e-001  4.0582953e+000
  2.4084870e+000  7.2501343e+000
  8.1719345e+000  6.3923659e+000
  1.2747828e+000  6.0953848e+000
  2.4336533e+000  8.1001553e+000
  4.3960219e-001  1.0226499e+001
  4.5222439e+000  4.7636958e+000
  8.3154826e+000  9.1427584e+000
 -5.7573203e-002  6.5566445e+000
  6.7430948e+000  3.1516260e+000
  2.9311284e+000  7.8383555e+000
  1.7343385e+000  6.2595004e+000
  6.2174229e+000  2.7152937e+000
  5.7991615e+000  2.9565963e+000
  3.6001631e+000  4.6726610e+000
  3.4800014e+000  3.2500375e+000
  2.0800445e+000  7.3788474e+000
  1.1584712e+000  7.5562544e+000
  3.4907919e+000  3.5686675e+000
  6.4559270e+000  3.5819602e+000
  1.1023241e+001  4.5426494e+000
  5.4236579e+000  6.0578578e+000
  1.0723602e+001  6.3937933e+000
  5.0629050e+000  3.1412362e+000
  7.7874674e+000  1.1570132e+001
  3.6277176e+000  3.7146975e+000
  6.1972466e+000 -1.8164382e+000
  2.5070584e+000  5.2546553e+000
  5.3998927e+000  4.2851784e+000
  1.0639580e+001  9.6023257e-001
  8.8793986e+000  8.6426637e+000
  3.7424687e+000  8.0577175e-001
  7.0168809e+000  5.2528615e+000
  4.2336018e+000  5.0681846e+000
  3.4012660e+000  8.1790840e-001
  3.6520616e+000  5.2434629e+000
  4.0392607e+000  4.7686077e+000
  2.9289060e+000  6.6845589e+000
  5.2155947e+000  6.8100066e+000
  7.2777734e+000  3.4385444e+000
  6.0394605e+000  7.0392622e+000
  9.3634300e-002  8.7298089e+000
  5.8075883e+000  2.5752774e+000
  3.4673594e+000  5.2499487e+000
  3.9366583e+000  7.1877249e+000
  6.5947771e+000  6.1699567e+000
  8.6127745e-001  6.1398651e+000
  1.0646853e+001  4.4336571e+000
  3.5302816e+000  4.1013485e+000
  1.7252978e+000  2.9251980e+000
  6.2491953e+000  4.5384219e+000
  4.6481468e+000  6.3638074e+000
  3.9834631e+000  6.2708358e+000
  7.1613853e+000  3.6199804e+000
  4.5125633e+000  7.1403055e-001
  5.6644531e+000  4.6473274e+000
  4.6529838e+000  8.9027758e+000
  7.5439249e+000  5.2024856e+000
  4.9953404e+000 -3.7701893e-001
  5.4374604e+000  4.0504692e+000
  5.0223539e+000  6.1115781e+000
  5.4487397e+000  2.8867434e+000
  3.7244305e+000  6.4416068e+000
  7.8094662e+000  7.4764575e+000
  5.1874934e+000  3.1863812e+000
  4.7076001e+000  4.6873707e+000
  3.2512402e+000  7.2830223e+000
  3.4149143e+000  3.7122927e+000
  3.2278321e+000  3.8129822e+000
  4.6780698e+000  3.3475505e+000
  8.8910660e-001  7.8824313e+000
  3.1868585e+000  4.5926224e+000
  6.1376273e+000  6.4163557e+000
  7.0798790e+000  8.1400617e+000
  6.3373343e+000  3.7051859e+000
  8.2015131e+000  6.6012921e+000
  9.6115328e+000  9.0374572e+000
  3.0702202e+000  4.1211183e+000
  7.1432471e+000  3.9352514e+000
  7.4322324e+000  1.6358788e+000
  7.5033488e+000  3.7374876e+000
  7.3690116e+000  3.4072932e+000
  6.4956710e+000  6.5519800e+000
  4.8997985e+000  7.7925945e+000
  6.2912102e+000  2.9410679e+000
  4.4161782e+000  3.7087235e+000
  6.2919423e+000 -1.2428241e-001
  1.2975969e+000  3.3261867e+000
  4.6215509e+000  2.0487589e+000
  3.9331660e+000  4.1415784e+000
  2.8122417e-001  3.2858824e+000
  7.6957970e+000  8.0324810e+000
  6.5593652e+000  8.7503044e+000
  6.4561858e+000  3.7486849e+000
  6.7159494e+000  3.3549423e+000
  4.5946333e+000  4.5408733e+000
  3.0227646e+000  4.2592981e+000
  6.7190781e+000  3.6334362e+000
  5.1941048e+000  1.7736049e+000
  5.7498162e+000  7.1569602e+000
  4.3956124e+000  9.4168920e+000
  1.8066794e+000  3.2851455e+000
  6.4194751e+000  2.1085298e+000
  9.1868326e+000  2.0682061e+000
  1.3599255e+000  2.6729796e+000
  3.9544779e+000  1.6907036e+000
  6.6413150e+000  1.0728677e+001
  1.0269566e+000  5.2997591e+000
  2.7137905e+000  8.6529543e+000
  4.6410425e+000 -3.0258277e+000
  4.3919338e+000  7.0233309e+000
  4.5833949e+000  1.3845314e+000
  5.2329435e+000  3.0112362e+000
  4.0444520e+000  1.2768306e+000
  3.7933225e+000  2.3635135e+000
  3.0238686e+000  8.2798665e+000
  3.9512105e+000  7.5981839e+000
  5.2864755e+000  7.2076795e+000
  2.6765127e+000  7.7931755e+000
  3.4681679e+000  8.7699518e+000
  5.0264993e+000 -3.1134510e-001
  5.0717226e+000  7.1492583e+000
  2.2782336e+000  4.8707614e+000
  3.9726261e+000  1.0507902e+001
  2.5876206e+000  3.6961222e+000
  6.2202099e+000  4.4061554e+000
  7.1814254e+000  4.8660002e+000
  1.0362600e+001  5.7682987e+000
  9.4737882e+000  2.2026643e+000
  9.6907122e+000  5.0590410e+000
  6.8038472e+000  4.1045777e+000
 -1.2699505e+000  4.6746943e+000
  1.9554212e+000  4.9660109e+000
  6.1292413e+000  6.1639221e+000
  4.0774621e+000  7.5425578e+000
  6.9277000e+000  2.7170413e+000
  5.3137549e+000  7.4815805e+000
  6.3090313e+000  6.4173468e+000
  1.0309235e+001  3.5258453e+000
  5.3465670e+000  7.1939387e+000
  5.7968159e-001  4.9607419e+000
  8.0409175e+000  1.0352079e+001
  4.0942882e+000  4.2289372e+000
  1.9188584e+000  6.8778750e+000
  8.7001086e+000  1.1314948e+001
  3.5786851e+000  4.2904573e+000
  6.2098397e+000  1.1637641e+001
  1.9400120e+000  7.0439715e+000
  3.8176169e+000  8.5153068e+000
  7.1894058e+000  6.2850029e+000
  7.1825819e+000  3.9997605e+000
  9.6625332e+000  3.6028338e+000
  2.1433367e+000  4.4843231e+000
  1.2496455e+000  6.2025416e+000
  5.3465058e+000  7.0672283e+000
  6.4657756e+000  7.8418476e+000
  2.3727139e+000  4.4962597e+000
  3.4762858e+000  3.5406835e+000
  6.9531860e+000  8.0330589e+000
  2.7874857e+000  2.8529257e+000
 -2.1219170e-001  3.0455675e+000
  8.5799909e+000  6.9584957e+000
  5.2061138e+000  5.5547736e+000
  5.9864705e+000  4.3851488e+000
  1.0052570e+000  3.9016072e+000
  3.1393673e+000  6.3962291e-001
  4.9725350e+000  3.2031669e+000
  3.1719647e+000  4.0011341e+000
  3.6134073e+000  4.7919162e+000
  6.3359816e+000  3.3001048e+000
  6.7716581e+000  3.2338930e-001
  1.5887146e+000  8.0714563e+000
  7.4193774e+000  7.8604830e+000
  6.5228887e+000  4.2861406e+000
  9.3606354e+000  8.1392665e+000
  3.9173702e+000  9.7285131e+000
  4.9281674e+000  3.4506742e+000
  3.5512898e+000  4.5519727e+000
  5.5380384e+000  6.8391393e+000
  3.6701551e+000  8.0320249e+000
  3.2451267e+000  4.4461088e+000
  1.1681554e+001  8.7576882e-001
  1.8673762e+000  5.4730179e+000
 -7.9542174e-001  3.3996123e+000
  3.8884668e+000  4.3016892e+000
  3.3275418e+000  2.7248022e-001
  2.2361291e+000  4.8785525e+000
  6.7563921e-002  9.7059565e-001
  2.3643492e+000  1.0866713e+000
  1.0935072e+000  2.5727123e+000
  6.6040733e+000  2.2795006e+000
 -6.4922884e-001  3.2188488e+000
  5.9758875e+000  3.1938327e+000
  6.2091865e+000  5.1779925e+000
  5.3755964e+000  2.1928719e+000
  2.8348169e+000  4.6220234e+000
  3.5301867e+000  3.8043538e+000
  6.1866330e+000  6.9294193e+000
  3.8862512e+000  4.1518413e+000
  8.9918384e+000  5.0829158e+000
  9.3203193e+000  4.2514021e+000
  6.5014649e+000  7.1152234e+000
  4.0404542e+000  3.9382890e+000
  3.3564795e+000  3.6123210e+000
  8.1028140e+000  4.1575789e+000
  9.3818276e+000  1.0637673e+001
  1.0099088e+000  6.3090052e+000
  2.7213923e+000  5.6271043e+000
  2.7271490e+000  3.9676037e+000
  7.3167917e+000  9.3152687e+000
  2.5918077e+000  4.3107036e+000
  4.9250768e+000  6.5179852e+000
  3.8494194e+000  4.7360489e+000
  1.1712181e+000  5.8954410e+000
  6.8518046e+000  4.9213379e+000
  6.1860792e+000  2.8553816e+000
  1.1369893e+001  1.2346400e+000
  3.6125498e+000  1.2908738e+000
  8.2770600e+000  1.1442961e+001
  1.6794516e+000  8.0023821e+000
  5.0446180e+000  1.3622206e+000
  5.8554498e+000  2.3216468e+000
  1.5081450e+000  7.6371573e+000
  7.7002789e-001  3.5716754e+000
  5.7610646e+000  1.1167378e+000
  5.3636450e+000  4.3950259e+000
  1.1645718e+001  7.3042289e+000
  1.8894493e+000  3.5272123e+000
  5.4402729e+000  7.2566632e+000
  6.2424353e+000  4.0601324e+000
  1.7016538e+000  5.5356179e+000
  4.1989993e+000  5.0072024e+000
  6.0251255e+000  5.3942337e+000
  6.1228306e+000  3.0663032e+000
  9.7110059e+000  1.0859323e+001
  1.4606271e+000  6.7048933e+000
  1.3987766e+000  7.0796384e+000
  6.0658988e+000  5.5831221e+000
  5.2639711e+000  4.2689658e+000
  1.4324981e+000  8.0293328e+000
  2.1961825e+000  5.3728726e+000
  5.6800847e+000  8.2903804e+000
  5.6389252e+000 -1.4230537e+000
  7.7077570e+000  6.4240966e+000
  1.2022906e+001  2.0521597e+000
  4.1482772e+000  5.5133654e+000
  8.4907064e+000  2.1567388e+000
  3.8809525e+000  7.9183380e+000
  5.6041086e+000  2.6568353e+000
  5.2876306e+000  7.8670113e+000
  5.5580801e+000  1.5310931e+000
  1.0505850e+001 -4.4636098e-001
  6.7686707e+000  5.0691016e+000
  4.3399722e+000  4.9392479e+000
  9.5480497e-001  3.7673332e+000
  5.3539049e+000  3.1532337e+000
  5.2244967e+000  1.9488044e+000
  5.9837864e+000  6.9654410e+000
 -1.1379094e+000  4.8800987e+000
  3.7521195e+000  8.6053774e+000
  2.5360730e-001  3.1251125e+000
  3.3133611e+000  8.2760411e+000
  4.3485503e+000  6.9991944e+000
  4.0150067e+000  4.4423693e+000
  5.8776988e+000  8.3496290e+000
  5.5215827e+000  4.4803303e+000
  2.3431150e+000  7.3497312e+000
  9.0267360e+000  5.4294137e+000
  4.6109175e+000  1.7390758e+000
  2.5197938e+000  3.3533039e+000
  2.8472946e+000  7.3417514e-001
  6.0276890e+000  7.0693568e+000
  4.7113041e+000  7.7499473e+000
  3.4374759e+000  7.2068881e+000
  7.6082666e+000  1.2022914e+001
  7.8871237e+000  6.5837693e+000
  5.5085398e+000  4.1088324e+000
  5.9626030e+000  2.3478624e+000
  5.7690877e+000  1.7313435e-001
  2.4675859e+000  2.0191275e+000
  2.6912005e+000  1.3409802e+000
  2.9334746e+000  4.4774007e+000
  1.0752716e+001  4.3747711e+000
  5.0302044e+000  7.4287433e+000
  5.5692787e+000  6.1900744e+000
  2.5280122e+000  6.7791726e+000
  1.7813683e+000  6.3413342e+000
  1.0105517e+001  6.7087054e+000
  1.4004941e+000  1.9935609e+000
  3.6572314e+000  8.9112925e+000
  5.7733240e+000  2.3158145e+000
  3.4091568e+000  5.1577759e+000
  5.3339619e+000  6.8710086e+000
  5.4948513e+000  7.0542082e-001
  6.7803569e+000  7.0792420e+000
  5.2507504e+000  1.8532532e+000
  1.9944594e+000  4.2533019e+000
  6.9687825e+000  3.5741655e+000
  6.1034039e+000  7.0785789e+000
  2.9848476e+000  4.6526307e+000
  5.2808505e+000  3.1468207e+000
  3.4956367e+000  4.1687719e+000
 -3.8205914e-002  7.2926970e+000
  4.7893561e+000  4.1138770e-002
  4.3693690e+000  4.3460216e+000
  1.0425698e+000  7.5050498e+000
  3.0782761e+000  3.7718459e+000
  7.6544519e-001  6.5521126e+000
  3.8587995e+000  3.9135882e+000
  3.3491272e+000  4.3916753e+000
  6.3872530e+000  8.8050548e-001
  5.0837750e+000  3.8830602e+000
  5.8643059e+000  2.3619322e+000
  6.3610833e+000  9.6343532e+000
  4.0364136e+000  4.6594540e+000
  1.8761453e-001  7.2961079e+000
  2.3016085e+000  5.2293396e+000
  6.4844777e+000  4.3697380e+000
  8.9524796e+000 -6.6025266e-001
  5.6744780e+000  3.8426752e+000
  4.4460154e+000  8.3554792e+000
  6.5833828e+000  5.1183837e+000
  5.0139710e+000  4.4590244e+000
  1.0073545e+000  6.6046124e+000
  5.7917472e+000  1.0285417e+000
  7.7102070e+000  8.2727673e+000
  9.9240300e+000  6.0077057e+000
  2.8684205e+000  5.2821116e+000
  6.3250066e+000  4.2051176e+000
  3.7487835e+000  4.0758362e+000
  5.6996832e+000  1.0194461e+001
  2.6178066e+000  6.9703111e+000
  7.7406098e+000  7.5414310e+000
 -1.0650020e+000  1.0560152e+001
  7.4550071e+000  7.3230546e+000
  2.5905600e+000  7.7091649e+000
  1.5250519e-001  2.7826247e+000
  1.4070205e+000  8.2715403e+000
  6.6229377e+000  6.5988782e+000
  7.8442766e+000  2.7331255e+000
  4.0136418e+000  4.4225781e+000
  5.4174008e+000  3.0510121e+000
  2.7387001e+000  4.1323100e+000
  6.0610382e+000  5.1358244e+000
  2.9642967e+000  4.4032112e+000
  1.5694120e+000  6.4133491e+000
  1.1444793e+001  3.2902231e+000
 -8.4289272e-001  1.4158819e+000
  3.6983452e+000  4.1592497e+000
  5.6437493e+000  1.9788006e+000
  9.0597655e+000  4.3970432e+000
  4.4109682e+000  9.1350026e+000
  4.6910723e+000  5.1618643e+000
  3.9260529e+000  4.5649416e+000
  4.5084909e+000  1.6844235e+000
  6.0832933e+000  4.1715904e+000
  5.0330124e+000  9.0159553e+000
  5.2300088e+000  3.1692496e+000
  9.7516831e+000  5.9417763e+000
  4.1067167e+000  4.2289206e+000
  2.2993045e+000  5.1647661e+000
  6.3242850e+000  7.0693038e+000
  5.7128115e+000  5.0173810e+000
  1.3282385e+000  6.2337962e+000
  3.8710281e+000  8.8770494e+000
  4.8779613e+000  8.1634801e-001
  3.9005567e+000  3.0344617e+000
  8.5737491e+000  6.9053346e+000
 -4.7367982e-001  3.8190850e+000
  3.2869044e+000  4.1432777e+000
  2.0222926e+000  1.9275469e+000
  9.0989675e+000  3.2010945e+000
  2.9124498e+000  7.1853685e+000
  4.3177161e+000  1.8663352e+000
  6.5504824e+000  5.8216980e+000
  4.8160993e+000  5.2635708e+000
  6.4427869e+000  2.9231639e+000
  4.6795104e+000  3.9537180e+000
  8.4649172e+000  3.4041667e+000
  3.6719039e+000  4.9424484e+000
  7.8687538e+000  7.0275455e+000
  1.0970614e+001  8.2720356e+000
  5.9329231e+000  3.7982617e+000
  7.0920231e+000  7.4890058e+000
  5.8611538e+000  7.0495311e+000
  5.6482929e+000  1.3028344e+000
  4.5177285e+000  5.6762387e+000
  8.2558550e+000  1.6085269e+000
  7.6803967e-001  6.9642163e+000
  6.4020458e+000  3.8519918e+000
  4.0810619e+000  4.2390152e+000
  1.6096324e+000  4.5567216e+000
  1.1518723e+001  3.6883510e+000
  6.1159209e+000 -1.1567294e+000
  7.4854004e+000  7.7741110e+000
  3.6674935e+000  8.7454475e+000
  1.0163424e+001  1.6673474e+000
  4.3117930e+000  3.9489568e+000
  6.1763870e+000  9.2269316e+000
  5.6094224e+000  4.7902189e+000
  6.0315967e+000  4.0271691e+000
  5.2094256e+000  3.2406740e+000
  5.0745595e+000  9.6319361e+000
  2.0633622e+000  8.2832448e+000
  6.4341908e+000  6.7320032e+000
  1.4332273e+000 -4.3033732e-001
  1.0403136e+000  6.8575789e+000
  2.2088055e+000  6.5695466e+000
  2.6728441e+000  6.8727052e+000
  4.1343096e+000  2.5627952e+000
  1.6102473e-001  6.9452710e+000
  6.2269347e+000  3.4499665e+000
  4.0635113e+000  9.2320461e+000
  5.2772981e+000  4.0500690e+000
  6.5928510e+000  6.7541903e+000
  5.2308862e+000  6.7103044e+000
  7.5142343e+000  3.7049604e+000
  4.3955437e+000 -4.5259201e-001
  3.7247798e+000  4.4482301e+000
  1.0116000e+001  1.7784167e+000
  4.9219221e+000  4.0076136e+000
  3.2886701e+000  4.4684167e+000
  7.7999199e+000 -4.8301999e-001
  2.6248202e+000  4.2529379e+000
  4.0044749e+000  6.4155673e+000
  6.7472268e+000  2.3661005e+000
  7.9382365e+000  4.2643092e+000
  2.8996072e+000  7.2540332e+000
  5.3284940e+000  8.1367879e+000
  6.4819651e+000  4.4931240e+000
  4.4191182e+000  9.9104380e+000
  2.8509849e+000  6.4701617e+000
  5.7152008e+000  3.6142106e+000
  1.2806486e+000  8.0856659e+000
  6.0470158e+000  5.3378214e+000
  8.0495980e+000  8.8497397e+000
  2.6714069e+000  4.9975235e+000
  4.1476719e+000  7.9897376e+000
  9.6454074e+000  3.9611664e+000
  2.3843228e-001  6.6567310e+000
  3.2084785e+000  4.2466563e+000
  3.4639471e+000  4.2157702e+000
  4.7170227e+000  2.2163700e+000
  5.9767762e+000  2.8452232e+000
  6.9883611e+000  3.2969949e+000
  8.6206539e+000  2.3750626e-001
  5.7349932e+000  5.8828774e+000
  5.2150400e-001  6.5473277e+000
  6.1304092e+000  6.9630835e+000
  4.3618944e+000  7.9485637e+000
  5.6660949e+000  1.7453149e+000
  6.9744686e+000  2.8878849e+000
  9.6144145e+000  8.5554993e+000
  8.0578830e+000  7.1055363e+000
  2.3812494e+000  7.4669578e+000
  2.0455734e+000  5.7803020e+000
  5.5568551e+000  3.6397025e+000
  5.0912355e+000  6.9165212e+000
  5.8257912e+000  4.9027102e+000
  6.1980194e+000  7.2246299e+000
  1.8151534e+000  9.2614234e+000
  4.0860939e+000  4.2678845e+000
  1.0220185e+001  9.2681437e+000
  2.0935825e+000  4.8475621e+000
  9.8229782e+000  1.0794469e+001
  1.0801885e+001  4.7199191e+000
  7.5426953e+000  3.9642513e+000
  7.1208608e+000  4.0179350e+000
  1.1467810e+001  7.1710074e+000
  6.9893226e+000  2.2703723e+000
  6.1725812e+000  7.0527732e+000
  8.3710690e+000  6.5200398e-001
  4.3481514e+000  5.2291976e+000
  8.1506323e+000  8.5187165e+000
  7.2341584e+000  7.4547947e+000
  1.0535670e+001  4.8009700e+000
  6.4176245e+000  2.5832262e+000
  5.5423958e+000  3.0996388e+000
  1.1506955e+001  4.9759875e+000
  1.0270668e+001  5.6574020e+000
  5.2731853e+000  8.6956376e+000
  1.7893829e+000  5.5527822e+000
  6.5806383e+000  3.8114500e+000
  2.4737857e+000  5.1514480e+000
  8.1071714e+000  6.6570237e+000
  5.8933880e+000  3.1772831e+000
  1.8027095e+000  4.0103552e+000
  5.5152308e+000  5.9211257e-001
  3.0470160e+000  3.9090791e+000
  4.4554415e+000  4.8353379e+000
  6.1993382e+000 -7.5209173e-001
  3.7736044e+000  8.4581221e+000
  9.3998381e+000  2.2799774e+000
  5.4381494e+000  7.1443683e+000
  3.2796744e+000  7.9110226e+000
  4.7164245e+000  2.8161502e+000
  6.1641608e+000  4.5035553e+000
  6.4394909e+000  2.8615330e+000
  8.2410143e+000  5.1120619e+000
  7.7598048e+000  1.1050527e+001
  4.8519580e+000  3.5750098e+000
  5.7051993e+000  6.7931759e+000
  2.4407889e+000  1.0678423e+000
  5.7832298e+000  3.8844524e+000
  3.4573594e+000  4.8022371e+000
  1.9680850e+000  7.1483058e+000
  5.1357555e+000  1.3341278e+000
  3.1498895e+000  4.2949706e+000
  3.8164103e+000  6.9027770e+000
  5.6717592e+000  3.7794845e+000
  3.9271291e+000  6.9816835e+000
  3.9634016e+000  4.0510799e+000
  8.0537714e-001  7.5244770e+000
  1.1532801e+000  5.7430601e+000
  2.3594179e+000  4.9438356e+000
  3.9389694e+000  6.7724847e+000
  3.3419376e+000  1.1498476e+001
  7.3998516e+000  3.6829623e+000
  4.0282577e+000  6.0940285e+000
  2.3160744e+000  3.4265552e+000
  6.4041661e+000  6.5261637e+000
  5.3876430e+000  5.8781719e+000
  2.0585209e+000  9.3925705e+000
  6.7257432e+000  4.0560249e+000
  1.0624195e+001  2.7518515e+000
  2.4679163e+000  2.8234477e+000
  3.4326125e+000  4.0968527e+000
  9.2516511e+000  5.6460719e+000
  4.4011569e+000  4.1444587e+000
  7.1977809e+000  6.8830242e+000
  3.1692801e+000  1.5406626e+000
  6.8227932e+000  4.3364204e+000
  3.9184624e+000  4.4622292e+000
  2.5277674e+000  3.4320470e+000
  6.2901439e+000 -1.5120557e+000
  2.0961055e+000  2.3717684e+000
  4.4987768e+000  3.3425197e+000
  3.8215589e+000  4.6495202e+000
  6.0499389e+000  4.2051173e+000
  3.6771173e+000  6.7034743e+000
  3.3278354e+000  4.9117101e+000
  6.0202646e+000  1.9424592e+000
 -1.2957618e+000  3.9170792e+000
  5.3131493e+000  6.5865943e+000
  3.8461980e+000  5.1839257e+000
  6.1978787e+000  6.5071603e+000
  3.1052000e+000  8.0378400e+000
  6.9402433e+000  2.2013769e+000
  5.0322993e+000  7.1694883e+000
  7.0186346e+000 -8.7185583e-001
  3.5632816e+000  2.4092064e+000
  8.8932525e+000  3.8712900e+000
  5.6479449e+000  4.5654051e+000
  7.2439415e+000  4.8352809e+000
  2.9465575e+000  4.4574084e+000
  2.0928826e+000  6.4659522e+000
  5.4505764e+000  7.3334288e+000
  7.5942150e+000 -3.9579958e-001
  3.4324293e+000  9.4586765e+000
  1.6584647e+000  5.6377405e+000
  5.1227549e+000  3.3949978e+000
  6.5093603e+000  6.6012146e+000
  3.2958705e+000  7.0535323e+000
  6.3311969e+000  2.3715922e+000
  1.4702637e+000  7.2927415e+000
  1.0328929e+001  4.0867699e+000
  6.8722672e+000  6.6392400e+000
  5.0871108e+000  3.2047689e+000
  9.9069677e+000  5.7290527e+000
  1.0481923e+001  2.1138537e+000
  6.9757881e+000  4.9418051e-001
  2.0822930e+000  3.0866870e-001
  5.2753285e+000  6.1311434e+000
  9.6008764e+000 -5.7428817e-001
  9.9439764e+000  5.7176592e+000
  1.0104469e+000  3.6069338e+000
  9.8527301e+000  1.4449945e+000
  4.3940419e+000  1.6192214e+000
  6.9323181e+000  2.8366584e+000
  5.6673484e+000  1.7592567e+000
  6.4503157e+000 -7.2817447e-001
  3.3899912e+000  1.7568463e+000
  3.4134034e+000  4.2906947e+000
  2.4945107e+000  3.9116653e+000
  8.5955214e+000  5.3709756e+000
  3.2745586e+000  1.0042462e+001
  5.5848057e+000  5.7756376e+000
  3.1673044e+000  4.9538778e-001
  9.7799619e+000  8.7763852e+000
  5.3792294e-001  7.0780294e+000
  7.6052343e+000  9.1499350e+000
  7.6557808e+000  1.1532154e+001
  3.1764975e+000  1.0428660e+001
  1.1102688e+001  1.1655264e+000
  6.1020851e+000  5.3860832e+000
  7.4562099e+000  1.0206101e+001
  6.1508180e+000  3.1042704e+000
  7.7905102e+000  7.1998354e+000
  3.9006909e+000  9.3436949e+000
  7.3075884e+000  4.1878136e+000
  7.2082189e+000  6.9118478e+000
  8.2612180e+000  2.6993006e-001
  1.0984833e+001  6.4540755e+000
  5.4339448e+000  7.5217153e+000
  4.4729139e+000  7.7555226e+000
  6.5300851e+000  4.4518812e+000
  3.4568462e+000  7.1415986e-001
  1.9008681e+000  3.7513774e+000
  3.8090298e+000  8.7561028e+000
  7.0326690e+000  4.1689283e+000
  5.3153706e+000  5.5195058e+000
  3.5986952e+000  3.7791177e+000
  4.3433381e+000  7.0435597e+000
  4.0826623e+000  6.4755690e+000
  1.7234475e+000  5.3653090e+000
  7.9588072e+000  5.9605023e+000
  2.2467026e+000  7.2537721e+000
  4.9725393e+000  8.2203040e+000
  6.4028029e+000  1.1754126e+001
  2.6662823e+000  7.3495603e+000
 -1.3051166e+000  4.4589272e+000
  5.0053901e+000  1.9675757e+000
  1.9391292e+000  6.9719716e+000
  5.8433235e+000  4.1372693e+000
  3.1282601e+000  4.0341369e+000
  5.7815742e+000  6.5025222e+000
  1.0785436e+000  7.6785614e+000
  4.8468981e+000  7.3053564e+000
  3.6456257e+000  3.0347152e+000
  1.9031410e+000  7.4191279e+000
  6.5316779e+000  3.5017442e+000
  2.9009811e-001  6.0817880e+000
  9.6597416e+000  6.0264016e+000
  5.3489070e+000  3.7081157e+000
  5.9351845e+000  6.7088383e+000
  5.0882400e+000  7.1900128e+000
  6.5488398e+000  7.9609223e+000
  8.3134140e+000  1.0979931e+001
  1.1381515e+001  4.3999843e+000
  6.0953105e+000  5.5557628e+000
  7.3676167e+000  8.8316014e+000
  5.8533486e+000  8.0545054e+000
  4.8986941e+000  3.7019207e+000
  5.5476670e+000  5.4568716e+000
  8.2651130e+000  6.9195881e+000
  1.5308906e+000  3.0076594e+000
  1.1101137e+001  3.7006716e+000
  2.3778219e+000  4.6694423e+000
  5.3759351e+000  2.3786762e+000
  6.9910691e+000  2.7581449e+000
  4.5880774e+000  2.7262970e+000
  4.6743868e+000  6.6865780e+000
  2.2149540e+000  9.0144349e+000
  7.3948482e+000  6.1729557e+000
  5.8755226e+000  3.4615330e+000
  9.4529354e+000  4.5720667e+000
  5.0785046e+000  3.5624874e+000
  1.0824836e+001  6.0720687e+000
  8.7528247e+000  1.8690384e+000
  3.4906646e+000  3.7588324e+000
  5.7616307e+000  6.4492145e+000
  6.5668013e+000  6.4802023e+000
  6.1975820e+000  6.7279805e+000
  3.4367102e+000  4.4744007e+000
  1.8209338e+000  1.0447288e+001
  2.7990012e+000  6.2020391e+000
  3.9794977e+000  2.2206300e+000
  5.2322415e+000  3.9047628e+000
  9.3450819e+000  5.7491347e+000
  1.1356057e+001  2.7365010e+000
  4.4571689e+000  2.7660936e+000
  7.2870879e+000  5.4741348e+000
  1.6731657e+000  3.2911069e+000
  6.2750518e+000  1.0132886e+001
  5.1388490e+000  7.4547089e+000
  5.5781625e+000  3.7602763e+000
  7.3745614e+000  3.7718920e+000
  6.3949978e+000  3.0662769e+000
  5.5617668e+000  1.1263059e+001
  7.4655857e+000  5.4936726e+000
  4.2868439e+000  4.5959916e+000
  3.9306218e+000  2.8974422e+000
  3.4383526e+000  4.6518860e+000
  2.0253534e+000  5.1851625e-001
  1.1467445e+000  3.7665655e+000
  5.4340626e+000  2.5641616e+000
  5.8563402e+000  2.7507241e+000
  3.2904854e+000  6.8339822e+000
  3.9303954e+000  2.7395732e+000
  1.3655375e+000  4.2259960e+000
  3.5396225e+000  2.1245151e+000
  6.1468924e+000  3.6540578e+000
  6.1802858e+000  6.4777404e+000
  3.0507113e+000  4.8909223e+000
  3.0711413e+000  7.2966459e+000
  5.2841121e+000  8.0251877e+000
  5.4751148e+000  4.9861183e+000
  5.3542613e+000  6.4088176e+000
  4.2070590e+000  2.1403006e+000
  6.5003903e+000 -3.4200418e+000
  7.5613196e-001  7.0672395e+000
  4.7894599e+000  3.5129107e+000
  4.5619989e+000  4.9563001e+000
  3.5353306e+000  3.9674383e+000
  2.0424110e+000  6.6458941e+000
  5.6584524e+000  2.0878077e+000
  3.1271407e+000  4.3769634e+000
  4.2740817e+000  5.1535812e+000
  3.5528731e+000  2.4931591e+000
  6.2661616e+000  3.8373522e+000
  3.9301132e+000  4.3951971e+000
  2.5838075e+000 -1.3089052e+000
  4.2814621e+000  6.8426147e+000
  5.9403723e+000  6.9433678e+000
  4.5533530e+000  1.0284068e+001
  3.5842461e+000  1.0129976e+001
  9.3970247e+000  5.4725561e-001
 -3.8461896e-002  9.7691787e-001
  4.7853180e+000  4.4607618e+000
  4.9160735e+000  1.0275624e+001
  7.0294301e+000  4.6257228e+000
  3.3359560e+000  8.9252706e+000
  3.9035096e+000  4.5893588e+000
  3.9376437e+000  8.0023999e+000
  3.5503209e+000  8.8204345e+000
  7.7080304e+000  3.6987377e+000
  3.2234970e+000  3.6443091e-001
  1.5304236e+000  3.2644151e+000
  8.4218776e+000 -1.3877771e+000
  2.8069467e+000  4.0817963e+000
  5.3818536e+000  2.9908424e+000
  1.0029035e+000  3.4931044e+000
  1.2728967e+001  6.1979493e+000
  5.6106851e+000  6.5634950e+000
  7.0122864e+000  6.8033794e+000
  6.4616718e+000  3.4190569e+000
  6.6824176e+000  3.5770038e+000
  4.8075953e-001  3.5374543e+000
  3.5617712e+000  3.6367711e+000
  5.7590770e+000 -1.4701435e+000
  4.1582335e+000  5.1241443e+000
  5.7495445e+000  1.0551463e+000
  2.9473012e+000  4.8971191e+000
  1.7457311e+000  5.3498256e+000
  7.9490352e+000  6.7290597e+000
  8.0323811e+000  6.8950453e+000
  4.0936973e+000  2.9421431e+000
  3.8087975e+000  3.4011680e+000
  7.7541644e+000  2.4730961e+000
  1.1189007e+001  1.9111737e+000
  7.8634895e+000  4.3361089e+000
  5.5961550e+000  3.9673468e+000
  4.1320280e+000  3.3403457e+000
  5.9131039e+000 -2.5485741e-001
  2.1400238e+000  5.3820204e+000
  5.4161577e+000  6.0900845e+000
  4.9490529e+000  2.1952847e+000
  2.5000371e+000  2.5871069e+000
  7.0676846e+000  4.3121205e+000
  5.2501447e+000  3.8597297e+000
  8.3620367e+000  8.2931338e+000
  3.9645421e+000  1.2026174e+000
  3.3584214e+000  2.4326659e+000
  4.4576166e+000  4.1648623e+000
  1.2152987e+000  7.1617081e+000
  3.7944977e+000  6.3855982e+000
  6.1924636e+000 -2.5498104e+000
  1.0761470e+000  7.7678722e+000
  5.1038224e+000  3.7244055e+000
  6.6646751e+000  2.9237083e+000
  2.8109888e+000  2.8296212e+000
  6.2954660e+000  3.1008718e+000
  3.6480798e+000  4.0090244e+000
  3.2375490e+000  8.1993536e+000
  5.6346805e-001  8.3861590e+000
  5.3885717e+000  4.3964361e+000
  8.4348666e+000  3.4675080e+000
  5.8190605e+000  7.2498953e+000
  4.8417701e+000 -4.9899487e-001
  5.9896739e+000  6.2479324e+000
  5.0755841e+000  7.2298061e+000
  4.8777743e+000  8.6622801e+000
  6.3610933e+000  2.3211312e+000
  9.6134153e+000  4.9402293e+000
  5.3159092e+000  2.9628308e+000
  5.9503388e+000  3.8447298e+000
  7.0161302e+000  7.5666791e+000
  3.5632889e+000  1.8612519e+000
  3.6193178e+000  3.0870834e+000
  6.3366827e+000  3.7175174e+000
  5.0532930e+000  4.2918480e+000
  6.6675609e+000  7.7634503e+000
  4.3369715e+000  9.1747179e+000
  4.1868849e+000 -1.8924971e-001
  2.2323499e+000  6.0496114e+000
  3.6541781e+000  4.2751152e+000
  6.5084452e+000  6.9992022e+000
  6.9469982e+000  6.6610799e+000
  1.1975554e+001  7.0029163e+000
  1.1724641e+001  1.4222442e+000
  7.4368306e+000  3.8135416e+000
  1.5359297e+000  8.2678133e+000
  8.6910563e+000  1.1342785e+001
  4.6131603e+000  5.4350254e+000
  4.9229388e+000 -2.5494758e-001
  5.4358273e+000  2.4928018e+000
  5.7623154e+000  1.8951076e+000
  5.2868506e+000  2.6059685e+000
  7.9379366e+000  6.4921540e+000
  5.1881586e+000  1.0316555e+001
  7.4270448e+000  5.1583764e+000
  6.3576032e+000  6.9557495e+000
  5.3708679e+000  3.9872842e+000
  5.6524353e+000  3.9350791e+000
  4.0080440e+000  7.2043812e+000
  2.6195279e+000  7.6921087e+000
  7.5832761e-001  5.9164840e+000
  7.8737053e+000  3.9404769e+000
  4.3644083e+000  7.9877909e+000
  5.5137819e+000  9.1596535e+000
  6.2838127e+000  3.9208959e+000
  7.5697059e+000  3.6507288e+000
  2.2903291e+000  7.9078839e+000
  7.5730927e+000 -4.3223743e-001
  2.4049687e+000  3.8841309e+000
  6.9402886e+000  3.7174308e+000
  4.9426454e+000  2.1758566e+000
  6.2223994e+000  3.9706183e+000
  5.9047104e+000  4.1624677e+000
  1.8869682e+000  6.7126740e+000
  7.9790292e+000  1.0862417e+001
  9.5316317e+000  7.9450845e+000
  6.4341877e+000  5.5386023e+000
  8.6080130e+000  8.6568857e+000
  6.5860989e+000  3.7684529e+000
  6.8584969e+000  3.4139741e+000
  3.6882720e+000  8.5472128e+000
  3.0992354e+000  4.0600935e+000
  5.3001396e+000  7.0384844e+000
  4.5059052e+000  1.7178037e+000
  3.0614021e+000  4.7098593e+000
  6.8576158e+000 -3.6796676e-001
  5.9094015e+000  1.9781447e+000
  9.2024110e+000  1.0016451e+001
  3.2592055e+000  7.4288698e+000
  6.8185527e+000  5.0925727e+000
  2.0711817e+000  9.6530664e+000
  1.0277377e+001  5.6276353e+000
  6.8241208e+000  6.5089927e+000
  4.4127750e+000  4.5147455e+000
  5.5466135e+000  4.2384550e+000
  5.2531431e+000  1.9726692e+000
  7.0493953e+000  6.3330909e+000
  6.9211149e+000  4.6523860e+000
  9.3207419e+000  9.6815798e+000
  5.2686939e+000  4.6793913e+000
  5.5460189e+000  6.9877645e+000
  1.1303137e+001  4.4440464e+000
  2.9388883e+000  7.7075360e+000
  5.2715804e+000  6.6461843e-001
  5.3944054e-001  3.6971834e+000
  1.8245081e+000  6.2155126e+000
  6.5835169e+000  5.5661679e+000
  6.3723823e+000  4.3943965e+000
  3.8281168e+000  4.7544341e+000
  3.7438845e+000  3.9356907e+000
  6.1717796e+000  2.8186013e+000
  6.6091950e+000  6.2188016e+000
  1.7931408e+000  5.8688678e-001
  7.1216233e+000  7.8119085e+000
  5.7277147e+000  7.0645057e+000
  3.1450894e+000  3.7350530e-001
  6.0348905e+000  1.2312451e+000
  6.4534426e+000  3.9399703e-001
  7.5713507e+000  5.7847560e+000
  7.8371679e+000  6.7375170e+000
  6.3584368e+000  3.2960063e+000
  1.9319609e+000  3.4776691e+000
  5.0421777e+000  3.0088768e-001
 -1.2596120e+000  1.1406489e+001
  5.1904886e+000  2.2636476e+000
  2.9627889e+000  5.0005577e+000
  7.5183398e+000  2.3679338e+000
  3.6110821e+000  9.7704943e+000
  9.2457281e-001  5.5427947e+000
  5.1425032e+000  1.0130518e+000
  5.9900271e+000  3.6992374e+000
  5.2533185e+000  7.0492482e+000
  5.2308696e+000  3.6727021e+000
  6.4957505e+000  8.1662736e+000
  6.3727055e+000  3.7829655e+000
  2.7652611e+000  1.3809585e+000
  6.5160875e+000  6.0573500e+000
  2.4472877e+000  1.5010552e+000
  7.2300892e+000  5.5173631e+000
  5.2874322e+000  4.0805289e+000
  7.5257061e+000  6.9870409e+000
  1.9889502e+000  3.5148033e+000
  6.3708071e+000  8.1457562e+000
  4.8517343e+000  2.6730012e+000
  3.3583102e+000  7.5310032e-001
  2.6857830e+000  4.5119304e+000
  4.6640790e+000  7.5975547e+000
  4.6047807e+000  7.9155753e+000
  1.1732210e+000  6.8753438e+000
  4.6935418e+000  2.9455970e+000
  4.4485430e+000  6.2850329e+000
  6.1594599e+000  4.0766823e+000
  6.7885243e+000  6.5138249e+000
  4.0552772e+000  4.8260983e+000
  9.8609316e+000  1.0067159e+001
  8.1579773e+000  6.6617742e+000
  3.1927681e+000  4.5343958e+000
  6.6067356e+000  6.8138562e+000
  5.7861534e+000  4.0360879e+000
  4.0825123e+000  7.6835397e+000
  7.3638185e+000  2.3098000e+000
  5.7285739e+000  5.2497935e+000
  1.4172641e+000  6.9175584e+000
  3.7925183e+000  8.9699716e+000
  2.2433059e+000  2.0685765e+000
  8.7740785e+000  9.7329599e+000
  2.2708826e+000  3.2972482e+000
  6.4731336e+000  4.0048067e+000
  3.4241107e+000  2.4478075e+000
  1.7338985e+000  5.6249139e+000
  1.1462936e+001  4.0728557e+000
  5.1135909e+000  5.7004256e+000
  3.4283620e+000  1.5001071e+000
  6.3890464e+000  3.9210759e+000
  8.9159446e+000  5.7127882e+000
  3.8078601e+000  7.1764685e+000
  9.1000313e-001  7.2793222e+000
  2.0400895e+000  4.7544526e+000
  4.4674580e+000  6.3892607e+000
  1.3829232e+000  2.9550295e+000
  5.7076001e+000  4.3601320e+000
  4.0658873e+000  4.5681708e+000
  3.1196576e+000 -2.4296773e-002
  5.2325117e+000  4.3298340e+000
  4.2991288e+000  7.1527542e+000
  3.6033862e+000  7.4081148e+000
  4.8312229e+000  7.7516685e+000
  4.7335202e+000  3.7178797e+000
  5.5631704e+000  6.9194536e+000
  1.0892327e+001  7.5931879e+000
  3.6692277e+000  3.0580470e+000
  3.1566892e+000  4.7208923e+000
  7.1218142e+000  4.5630373e+000
  7.1135540e+000  6.5469935e+000
  4.9378601e+000  2.4712602e+000
  5.9170229e+000  7.4298792e+000
  5.9217203e+000  4.5978370e+000
  7.0728836e+000  7.7088637e+000
  1.1876753e+000  6.8255988e+000
  7.5410402e+000  9.2176568e+000
  4.0569238e+000  7.3447010e+000
  7.2154879e+000  1.0164893e+001
  1.1022289e+001  4.3176840e+000
  1.0261198e+000  7.9543631e+000
  2.2921208e+000  3.3667322e+000
  5.2473118e+000  1.7216651e+000
  3.4742616e+000  1.7847672e+000
  5.2783930e+000  6.7258140e+000
  1.5307208e+000  8.0319652e+000
  5.7167756e+000  7.0299700e+000
  4.6213503e+000  8.1585607e+000
  7.7768756e+000  4.3941173e+000
  2.7601368e+000  3.6492476e+000
  7.0368425e+000  5.1455631e+000
  2.6934193e+000  3.1811234e-001
  4.8166494e+000  4.4466603e+000
  4.4484827e+000  1.6907532e+000
  4.4108299e+000  4.2097046e+000
  6.2758358e+000  2.9134048e+000
  4.0812495e+000  4.4658222e+000
  6.3943567e+000  3.3018927e+000
  7.0167399e+000  4.1467187e+000
  4.1966299e+000  9.2724308e+000
  4.9715477e+000  3.8846634e+000
  5.0186029e+000  6.8614704e+000
  2.7024202e+000  3.8075934e+000
  6.3463181e+000  2.8675919e+000
  6.0253154e+000  2.6271477e+000
  3.3878621e+000  3.3947421e+000
  2.9361492e+000  1.7800796e+000
  8.8279213e+000  1.1010184e+001
  4.1214304e+000  8.4327551e+000
  6.7300782e+000  2.9794348e+000
  3.6339240e+000  8.1589713e+000
  2.5667335e+000  5.1416333e+000
