  7.9779572e+000 -1.0241268e+000
  4.5761775e+000  1.0898776e+000
  5.6015406e+000  9.7869632e+000
  4.9422486e+000  3.8906610e+000
  6.0361221e+000  6.6132700e+000
  5.5653357e+000  7.2359354e+000
  4.8418578e+000  3.2027800e+000
  2.7899239e+000  5.0031083e+000
  3.6897108e+000  4.2889543e+000
  3.5633674e+000  8.1253786e+000
  7.0267905e+000  7.6540131e+000
 -8.9626138e-001  4.3742955e+000
  7.3169673e+000  6.7203061e+000
  4.0696051e+000  2.5872841e+000
  8.0770548e+000  8.3201767e+000
  8.4311922e+000  7.1932780e+000
  1.5826072e+000  7.1021311e+000
  1.5006001e+000  3.2231525e+000
  6.0449682e+000  4.7276822e+000
  7.2039075e+000 -6.7138882e-001
  9.8031989e+000  7.2167261e+000
  2.4570656e+000  7.5876380e+000
  1.3850467e+000  5.8664782e+000
  6.4070428e+000  2.7527291e+000
  9.3594307e+000  8.5117917e+000
  5.7234821e+000  5.0163845e+000
  4.1082176e+000  7.5240244e+000
  5.0200795e+000  3.1202761e+000
  3.0521392e+000  4.6905325e+000
  4.6070571e+000 -8.2284346e-001
  7.6450970e+000  6.8857878e+000
  7.9885822e+000  2.8801924e+000
  3.8591913e+000  5.1263180e+000
 -3.8137936e-001  4.6225638e+000
  1.5800518e+000  5.1437340e+000
  7.8505650e+000  7.6386748e+000
  7.3700418e+000  3.7897672e+000
  3.9841816e+000  1.8231734e+000
  2.3416643e+000  5.7304843e+000
  5.7194307e+000  8.0352306e+000
  6.0619434e+000  2.3802305e+000
  1.1098119e+001  4.9656758e+000
  2.9672379e+000  3.8580725e+000
  4.6751186e+000  4.4598255e+000
  4.6096630e+000  7.5769074e+000
  5.9628352e+000  3.8804724e+000
  3.8226773e+000  9.2520531e+000
  7.3426840e+000 -4.9528277e-001
  2.3644467e+000  4.1936954e+000
  3.9995397e+000  7.5820800e+000
  4.7336004e+000  5.2763600e+000
  2.1700648e+000  6.9376656e+000
  1.9148912e+000  8.1318105e+000
  4.9274745e+000  1.7428617e+000
  5.5403239e+000  8.1534905e+000
  7.8359134e+000  9.8072783e+000
  2.9778018e+000  4.0646061e+000
  1.2483375e+001  3.3867849e+000
  3.2613700e+000  4.4524561e+000
  8.3874201e+000  7.8254223e+000
  3.3350160e+000  4.2543474e+000
  5.3728729e+000  7.4843437e+000
  6.1029928e+000  2.8270458e+000
  4.2005812e+000 -5.2512823e-001
  3.2593699e+000  2.4511597e+000
  7.5133132e+000  3.6650931e+000
  4.9961247e+000  6.3938901e+000
  5.9109401e+000  2.7171594e+000
  2.9656359e+000  8.1924664e+000
  7.3294906e+000  8.1045940e+000
  6.2215132e+000  3.4533045e+000
  4.3023831e+000  9.1873239e-001
  3.7254858e+000  6.0861495e+000
  5.2867157e+000  1.5458796e+000
  7.6522360e+000  6.6180174e+000
  5.5728366e+000  2.8976932e+000
  5.7259919e+000  3.1964860e+000
  1.4529299e+000  7.3551528e+000
  6.1481004e+000  7.4223975e+000
  3.5877315e+000  4.8128521e+000
  8.5273411e+000  4.2287658e+000
  1.0294416e+001  4.0677433e+000
  1.5593776e+000  6.3580757e+000
  5.3334283e+000  3.9907637e+000
  9.8038840e+000  8.9397174e+000
  7.0647299e+000  3.0979776e+000
  4.6832050e+000  1.8743825e+000
  3.8060165e+000  5.6336867e+000
  7.2096474e+000  9.1177118e+000
  5.3165094e+000  3.1826368e+000
  2.5830052e+000  8.3497790e+000
  3.6846260e+000  6.1057717e-001
  3.7400247e+000  4.9228708e+000
  5.3360558e+000  4.2561004e+000
  2.3509896e+000  3.3023171e+000
  1.0839249e+001  4.3752967e+000
  4.1856521e+000  4.1564798e+000
  4.2809678e+000  8.1317627e+000
  4.2437915e+000  4.0140715e+000
  3.9157687e+000  4.7613845e+000
  5.2847150e+000  6.6681880e+000
  7.3933505e+000  4.8960744e+000
  1.6280584e+000  6.3476480e-001
  5.5368187e+000  8.4517650e+000
  5.4148201e+000  4.2193717e+000
  3.9209833e+000  1.5301333e+000
  6.6665002e+000  4.0757976e+000
  5.5380375e+000  8.0334910e-001
  5.6851867e+000  3.6243643e+000
  4.6963779e+000  8.1985148e+000
  6.1573318e+000  3.6772043e+000
  5.3899446e+000  3.9693597e+000
  5.8527631e+000  3.8982497e+000
  4.0101182e+000  8.5348046e+000
  5.8546521e-001  1.7632784e+000
  1.7783564e+000  8.0875026e+000
  1.5528570e+000  5.2515203e+000
  6.0634047e+000  3.6998144e+000
  6.4393110e+000  6.6186078e+000
  3.2408627e+000  7.7349213e+000
  7.1024662e+000  3.2368781e+000
  2.1065798e+000  3.2822795e+000
  6.9098145e+000  4.7044264e+000
  3.8291238e+000  7.4852468e+000
  3.7636968e+000  4.8454675e+000
  2.7535686e+000  2.7556808e+000
  2.5650823e+000  7.9200086e+000
  4.5376604e+000  6.9359018e+000
  3.7615916e+000  4.8279401e+000
  9.3624046e+000  9.3406004e+000
  3.8988974e+000  4.2681380e+000
  6.9885455e+000  2.9508407e+000
  4.5294596e+000  2.5404561e+000
  1.5792420e+000  6.3441819e+000
  3.0462627e+000  4.7032536e+000
  2.6670473e+000  4.6040000e+000
  3.6455596e+000  4.7530227e+000
  7.2629976e+000  4.1461107e+000
  6.0846803e+000  1.5576581e+000
  5.3735071e+000  2.8682523e+000
  3.4324145e+000  2.5846872e+000
  3.5373037e+000  2.5800972e+000
  6.6016023e+000  6.0692106e+000
  5.7607094e+000  4.9897219e+000
  4.7057803e+000  1.6078266e+000
  5.5142316e+000  3.1021727e+000
  8.3659885e+000  9.2158906e+000
  4.7261966e+000  7.9312052e+000
  9.1117664e+000  1.0569454e+001
  5.4981691e+000  2.0670288e-001
  5.4134972e+000  5.0119594e-001
  2.0723265e+000  5.7585336e+000
  5.2358109e+000 -2.5542922e-001
  8.5030899e+000 -8.1301933e-002
  2.1981480e+000  7.0216921e+000
  7.3451119e+000  4.8985670e+000
  5.0494109e+000  6.0219363e+000
  6.9366126e+000  3.5353254e+000
  3.4266570e+000  4.2761567e+000
  5.8348589e+000  6.4117400e+000
  3.7529461e+000  8.3004143e+000
  1.1205593e+000  5.0535300e+000
  2.6149317e+000  6.7066290e+000
  5.1093131e+000  3.6091541e+000
  4.1755625e+000  5.6710852e+000
  3.4115792e+000  7.4407773e+000
  6.4706616e+000  3.8905704e+000
  4.9222155e+000  4.7587416e+000
  5.9560838e-002  1.1548378e+000
  1.0186086e+001  1.9250204e-001
  4.8562972e+000  4.9704087e+000
  3.3806114e+000  8.8209618e+000
  1.6153913e+000  3.6100918e+000
  6.7673466e+000  2.3619156e+000
  1.2514384e+000  6.2576815e+000
  4.7341304e+000  8.3212185e+000
  4.1132485e+000  6.4507501e+000
  3.6854163e+000  8.5508329e+000
  2.5906108e+000  4.8157338e+000
  1.6897384e+000  6.8065406e+000
  2.1193713e+000  1.3587725e+000
  7.4266570e+000  3.6745830e+000
  6.3785764e+000  3.4823845e+000
  4.6911400e+000  3.6719096e+000
  2.1689299e+000  2.2879793e+000
  4.0435721e+000  4.1184336e+000
  6.1448468e+000  3.3462148e+000
  4.6342767e+000  1.4208705e+000
  2.5610511e-001  7.4267498e+000
  1.0838389e+001  7.7229047e+000
  8.1728372e+000  6.7339539e+000
  3.6312236e+000  4.5731890e+000
  9.5573036e+000  2.2353610e+000
  5.4598656e+000  1.4625553e+000
  3.5918311e+000  7.7927229e+000
  6.0403123e+000  2.8917416e+000
  5.4771337e+000  2.7695117e+000
  8.1668857e+000  1.0536424e+001
  3.7106356e+000  1.1379355e+001
  7.1134515e+000  5.1899928e+000
  2.8550138e+000  6.8035204e+000
  3.4075652e+000 -4.3909756e-001
  7.6912387e+000  3.6212928e+000
  3.3642422e+000  6.9704947e+000
  8.4946882e+000  4.4365763e-001
  4.9339160e+000  2.6941937e+000
  5.1712805e+000  4.9215134e+000
  5.8528298e+000  7.1510936e+000
  7.5362438e+000  5.8982258e+000
  5.8195525e+000  4.7147882e+000
  5.7759674e+000  4.0286211e+000
  3.8626693e+000  1.4734409e+000
  6.7397900e+000  3.6739142e+000
  5.7119913e+000  8.1438926e+000
  6.5100090e+000  7.2527386e+000
  2.1948755e+000  4.6983762e+000
  7.2447967e+000  9.3606069e+000
  5.8967879e+000  7.8116251e+000
  6.2252971e+000  3.7196848e+000
  5.5050756e+000  3.9252695e+000
  4.5384121e+000  3.8583813e+000
  4.0842057e+000  7.0535563e+000
  5.9561518e+000  1.1173674e+000
  6.2418482e+000  6.0073022e+000
  6.9645690e+000  5.2937781e+000
  4.3375797e+000  3.6211652e+000
  4.6226607e+000  5.2470062e+000
  5.2736135e+000  3.6846140e+000
  5.5129478e+000  2.0741052e+000
  2.4218127e+000  6.3685185e+000
  7.4427774e+000 -1.6274914e+000
  5.1112959e+000  6.5894817e+000
  2.8894953e+000  5.9578869e+000
  2.1204517e+000  1.1946970e+000
  5.7013521e+000  7.9161408e+000
  6.1224805e+000  3.0350627e+000
  7.1837426e+000  3.9835943e+000
  1.1402035e+000  3.1681180e+000
  4.5763285e+000  6.4524931e+000
  5.3288949e+000 -6.3189984e-001
  6.2727393e+000  3.6588996e+000
  2.0361967e+000  1.9377144e+000
  8.0952981e+000  1.1243349e+001
  3.3720320e+000  9.3349777e+000
  7.1259084e+000  5.7309930e+000
  5.3504623e+000  8.0280766e+000
  4.9224476e+000  3.8755293e+000
  7.3855114e+000  6.6814152e+000
  2.9699958e+000  7.6026301e+000
  3.9535462e+000  6.3863978e+000
  6.2733432e+000  2.7362192e+000
  7.1438636e+000  4.9064218e+000
  6.3759957e+000  3.4416097e+000
  5.5705692e+000  6.9232012e+000
  3.0565295e+000  1.6336384e+000
  9.7906514e+000  1.0811368e+001
  2.9498275e+000  4.5488497e+000
  3.4091421e-001  7.5737565e+000
  6.4176979e+000  6.6010470e+000
  3.4523947e+000  9.7163893e+000
  3.3027624e+000  7.4988710e+000
  1.9136773e+000  7.1653140e+000
  1.7324651e+000  7.0458515e+000
  2.4516918e+000  7.1632069e+000
  6.1408402e+000  7.2543256e+000
  5.2812456e+000  6.9395718e+000
  3.7595060e+000  5.2891263e+000
  5.5831796e+000  3.2157007e+000
  4.6355737e+000  2.8274683e+000
  5.3569550e+000  3.6621188e+000
  7.4181004e+000  2.5091513e+000
  3.5159464e+000  3.2206789e+000
  7.7508084e+000  1.5303737e+000
  7.0661446e+000  6.2106222e+000
  8.5253731e+000  4.7771974e+000
  5.9584357e+000  2.8332020e+000
  2.8716587e-002  7.3353944e+000
  2.3673877e+000  6.9442598e-001
  2.7969365e-001  4.2392632e+000
  4.8739571e+000  7.9353644e+000
  1.0035097e+000  2.1147278e+000
  4.9736332e+000  7.3358582e+000
  2.2050803e+000  4.1268147e+000
  2.1306940e+000  2.3460808e+000
  3.5618300e+000  4.4174099e+000
  8.6413566e+000  3.0738874e+000
  1.0361118e+001  5.5603437e+000
  2.0752660e+000  1.9866751e+000
  6.5249895e+000  3.1379209e+000
  6.6337575e+000  3.0920498e+000
  2.6250490e+000  6.5832822e+000
 -2.1683204e-001  5.1805673e+000
  7.5578320e+000  7.1114641e+000
  7.8915600e+000  6.2803528e+000
  1.1186183e+001  2.6969503e+000
  5.2392106e+000  6.5180018e+000
 -3.1704355e-001  5.6157070e+000
  5.3791255e+000  3.8027357e+000
  6.0145972e+000  2.9099717e+000
  7.1989484e+000  3.9161446e+000
  8.8033033e+000  2.6254146e+000
  6.6467046e+000  4.2532445e+000
  5.4661237e+000  2.1531486e+000
  5.1466129e+000  6.8183616e+000
  8.2398888e+000  2.7088276e+000
  1.8600452e+000  5.3160459e+000
  5.4961119e+000  4.7042659e+000
  2.9656632e+000  5.0715371e+000
  5.3694533e+000  2.7625750e+000
  6.0776202e+000  4.0991377e+000
  8.8761053e-001  5.5150517e+000
  3.0569439e+000  4.9059328e+000
  4.9197064e+000  7.7883631e+000
  4.7010115e+000  3.9030849e+000
  3.2241617e+000  3.7465694e+000
  5.4434806e+000  1.1038055e+001
  5.5101668e+000  4.2381869e+000
  6.0330240e+000  3.7682135e+000
  6.7904866e+000  1.0863301e+000
  7.2690709e+000  4.2724153e+000
  3.1340682e+000  5.7640007e+000
  8.8226162e+000  6.3678931e+000
  7.4404691e+000  4.7066033e+000
  3.0090498e+000  4.5456969e+000
  1.9414472e+000  1.7460356e+000
  1.2410871e+000  6.3988609e+000
  6.6839415e+000  5.6129932e+000
  2.6204297e+000  6.8435969e-001
  3.2961029e+000  4.3206318e+000
  5.5536418e+000  4.4639291e+000
  5.4088067e+000  3.6275945e+000
  5.6337119e+000  4.5521936e+000
  6.4397261e+000  3.7209482e+000
  5.2514456e+000  3.8798946e+000
  7.4403513e+000  6.8273725e+000
  2.3208635e+000  8.6572360e+000
  4.3789821e+000  9.2683420e+000
  5.1961848e+000  3.8644139e+000
  1.5997858e+000  6.8736518e+000
  3.5728476e+000  8.7421509e+000
  7.5216450e+000  5.0565273e+000
  5.1532300e+000  7.5370888e+000
  5.6812189e+000  2.6738823e+000
  4.7034577e+000  3.5559509e+000
  8.1074687e+000  1.0468397e+001
  1.4129110e+000  6.6797333e+000
  5.5492939e+000  6.7551464e+000
  5.7716191e+000  7.5755245e+000
  6.4426362e+000  5.4547091e+000
  6.9288807e+000  4.4332133e+000
  4.3625359e+000  4.2153954e+000
  7.2568628e+000  4.0947584e+000
  2.2514477e+000  7.6645404e+000
  4.5801307e+000  3.8551166e+000
  3.2639115e-001  4.8853027e+000
  5.4055644e+000  2.2865076e+000
  7.4849566e+000  6.5636487e+000
  1.7619460e+000  7.1329223e+000
  4.6633126e+000  1.6102835e+000
  4.6476224e+000  7.7453643e+000
  3.9555735e+000  3.7791698e+000
  6.4669259e+000  9.0368435e+000
  4.6755575e+000  3.5552136e+000
  8.5593036e+000  4.3819959e+000
  2.3716331e+000  4.4127867e+000
  6.0884555e+000  7.2876481e+000
  4.6286825e+000  4.9850554e+000
  6.7876109e+000  8.4981601e+000
  6.0610046e+000  6.0301926e+000
  3.4723519e+000  7.6177431e+000
  8.2757273e+000  8.1341833e+000
  1.9008420e+000  4.5386788e+000
  4.4251043e-001  7.8849784e+000
  5.7715699e+000 -2.6202962e+000
  4.9664587e+000  8.0374437e+000
  3.6725663e+000  4.3910047e+000
  6.1841257e+000  6.6264789e+000
  9.7829647e-001  4.0243242e+000
  4.8559182e+000  4.1061875e+000
  5.2491623e+000  3.1881442e+000
  5.1925572e+000  2.4072361e+000
  4.6487733e+000  4.9556823e+000
  6.5737089e+000  4.5174876e+000
  3.2903864e+000  3.5020732e-001
  5.8082326e+000  2.8743939e+000
  3.9290553e+000 -2.5598423e+000
  4.0408780e+000  4.0596855e+000
  2.5263699e+000  7.9140476e+000
  5.5005158e+000  7.8947177e-001
  3.2492794e+000  4.5383204e+000
  4.5897021e+000  4.2249027e+000
  1.9197578e+000  1.0053176e+001
  7.7693979e+000  1.0299551e+001
  8.2825568e+000  6.5688854e+000
  7.1341710e+000  2.8001857e+000
  3.2577379e+000  2.1067331e+000
  3.4964056e+000  4.0631893e+000
  7.6924519e+000  5.2070521e+000
  5.2863158e+000  6.9653589e+000
  5.6168686e+000  6.9145056e+000
  3.8303638e+000  4.3740353e+000
  2.4877604e+000  6.7919896e+000
  5.6887498e+000  3.0675049e+000
  7.7068664e+000  3.4716248e+000
  5.3509835e+000  5.7313578e+000
  6.9664037e+000  3.4885846e+000
  6.0665190e+000  2.7927541e+000
  3.2651110e+000  4.0637063e+000
  7.1908133e-001  4.9631277e+000
  4.7232930e+000  5.8768286e+000
 -4.4313622e-001  8.1078749e+000
  3.4069997e+000  9.7171559e+000
  4.7460186e+000  3.9707287e+000
  4.4260858e+000  1.1130608e+000
  1.6120637e+000  7.3170489e+000
  3.7243345e+000  4.3350130e+000
  2.0973175e+000  6.9374793e+000
  1.7258538e+000  6.7837890e+000
  6.3552041e+000  2.7276189e+000
  3.3533799e+000  5.0090080e+000
  3.7626604e+000  4.0262601e+000
  6.4308077e+000  1.3022015e+000
  7.8204849e+000  1.0510649e+000
  7.2419975e+000  4.4342141e+000
  3.5848878e+000  4.0352603e+000
  7.2963602e+000  5.5646142e+000
  5.8455755e+000  5.1524826e+000
  9.0025928e+000  9.0863449e+000
  5.7495917e+000  2.6596918e+000
  6.6632714e+000  3.6231564e+000
  5.1330483e+000  8.7682149e+000
  5.0685548e+000  7.0765306e+000
  7.8662515e+000  4.8789092e+000
  2.5796009e+000  5.9531314e+000
  7.1634388e+000  4.1169870e-002
  6.3753203e+000  2.2790516e+000
  4.3036935e+000  7.5813830e+000
  6.1750238e+000  5.9335911e+000
  5.4580565e+000  7.1082239e+000
  8.1494705e+000  6.6100550e+000
  3.5843631e+000  6.2907392e+000
  1.0591311e+001  4.6646990e+000
  5.2877631e+000  7.3480529e+000
  3.7583032e+000  5.6055177e+000
  6.5296757e+000  4.6351639e+000
  2.8055872e+000  1.4543354e+000
  1.8220003e+000  6.3417923e+000
  1.0681751e+000  5.7751476e+000
  4.1123725e+000  6.6838755e+000
 -2.6648155e-001  3.4621794e+000
  5.1875637e+000  7.8099614e+000
  5.8013429e+000  7.2863431e+000
  8.8164014e+000  1.1166255e+001
  4.1528315e+000  5.9471905e+000
  5.3343459e+000  3.7639248e+000
  3.5355184e+000  7.4215730e+000
  8.3749752e+000  6.6655617e+000
  4.5095641e+000  4.0855078e+000
  3.0977219e+000  4.6062467e+000
  4.5569877e+000  4.2046436e+000
  1.5796078e+000  3.3523590e+000
  6.6019448e+000  3.5679525e+000
  7.4772709e+000  3.9890209e+000
  4.3387711e+000  4.2642971e+000
  3.1172619e+000  7.4638153e+000
  7.2719338e+000  1.1224324e+001
  7.9312834e+000  5.1369536e+000
  4.1351543e+000  7.4850088e+000
  3.7834674e+000  1.5715825e+000
  5.5010605e+000  1.6894484e+000
  6.3655175e+000  3.1229804e+000
  5.8208779e-001  7.3303245e+000
  4.6331185e+000  1.8499437e+000
  6.0809304e+000  3.2839985e+000
  3.9479656e+000  7.9132813e+000
  3.4107587e+000  3.5355528e+000
  5.9131169e+000  1.9030913e+000
  4.5390005e+000  1.0370676e+000
  7.1897532e+000  4.7517426e+000
  8.8733081e+000  1.1278458e+001
  9.1499360e+000  7.0627106e+000
  6.6004217e+000  2.6784255e+000
  5.4295802e+000  3.7547855e+000
  3.1517789e+000  3.3455063e-003
  8.0418429e+000  1.0276482e+001
  7.7212584e+000  1.1266095e+001
  6.2874249e+000  5.5279292e+000
  4.0061083e+000  3.0711359e+000
  5.5990286e+000  3.6209077e+000
  6.3555556e+000  1.9574855e+000
  2.2930821e+000  7.5628173e+000
  9.2665069e+000  1.0872998e+001
  5.7758084e+000  5.0412943e+000
  3.9874594e+000  7.7704745e+000
  7.3669331e+000  7.9068083e+000
  5.4427835e+000  5.8620428e+000
  5.1810456e+000  7.1146410e+000
  2.0426497e+000  4.2187591e+000
  2.5118145e+000  1.0419739e+001
  3.7246809e+000  5.1385836e+000
  8.1190793e+000  6.9552151e+000
  1.9206778e+000  2.2977236e+000
  3.7207124e+000  3.7224543e+000
  8.2704079e+000  3.4310053e+000
  2.9988031e+000  4.3269336e+000
  3.9705841e+000  1.8473714e+000
  7.2379672e+000  4.7111331e+000
  3.5212003e+000  5.0789940e+000
  4.1767812e+000  7.4987808e+000
  3.9298369e+000  2.5335338e+000
  7.3281661e+000  1.1946682e+001
  4.8174060e+000  5.9846964e+000
  3.3155361e+000  7.4077429e+000
  4.1018184e+000  8.2132038e+000
  7.9273421e-001  7.2094808e+000
  4.7031346e+000  4.3162586e+000
  5.5894040e+000  2.3460835e+000
  5.9214406e+000  4.2566782e+000
  3.0526967e+000  5.4244665e+000
  3.3917561e+000  2.2773171e+000
  9.3199350e+000  5.0119363e+000
  6.0349439e+000  5.2325987e+000
  2.6922857e+000  7.4087541e+000
  7.4446786e-001  6.8335079e+000
  3.6385253e+000  7.3271286e+000
  8.6073140e+000  3.1406810e+000
  4.2102494e+000  4.3297161e+000
  5.7300282e+000  3.8180485e+000
  8.2004503e+000  8.2857915e+000
  2.7484453e+000  8.0939699e+000
  5.9125759e+000  4.5480897e+000
  6.0273170e+000  6.7947623e+000
  5.9522368e+000  8.2330796e+000
  7.3562082e+000  5.4846679e+000
  1.5539761e+000  5.6100871e+000
  3.8263284e+000  4.2794088e+000
  3.8443503e+000  7.9403336e+000
  7.6341744e+000  6.9678479e+000
  6.4906878e-001  8.5935739e+000
  5.4427214e+000  4.2068100e-001
  7.8837695e+000  3.8271537e+000
  1.2589732e+001  8.0811826e+000
  5.4860934e+000  8.1020886e+000
  5.9281120e+000  7.1855040e+000
  6.7878525e+000  3.5069685e+000
  4.7508019e+000  1.5157609e+000
  7.9971967e+000  1.2143459e+001
  4.0346115e+000  7.3834758e+000
  5.7209455e-001  7.3472745e+000
  7.8064761e+000  7.1988596e+000
  3.2978888e+000  3.1964707e+000
  1.7602821e+000  3.1356989e+000
  5.8183426e+000  7.2422854e+000
  7.4118014e+000  5.6512218e-001
  7.8805119e+000  5.7027465e+000
  3.1376818e+000  7.5114421e+000
  4.2971041e+000  8.4070493e+000
  3.5330204e+000  5.8242047e+000
  7.4233957e+000  4.0682817e+000
  4.7333690e+000  5.2254409e+000
 -3.3931053e-001  1.4838982e+000
  5.1738898e+000  3.9661584e+000
  5.6519031e+000  8.3867959e+000
  7.1000527e+000  3.8575350e+000
  3.5051220e+000  4.7396998e+000
  2.6191547e+000  2.9924690e+000
  2.9384563e+000  1.2792131e+000
  4.7186994e+000  3.8033192e+000
  4.6452144e+000  1.8637345e+000
  3.4451278e+000  3.0000494e+000
  5.6477836e+000  6.0341542e-001
  3.6235078e+000  4.8587787e+000
  4.4607187e+000  1.7891734e+000
  4.1829082e+000  1.0410898e+001
  6.1277980e+000  4.3537868e+000
  3.6028920e+000  3.8204203e+000
  7.9092466e+000  1.1517398e+001
  6.0611065e+000  7.5849086e+000
  8.7334573e+000  5.2339968e+000
  5.6149923e+000  7.9232508e+000
  6.7519210e-001  3.7961507e+000
  7.2026901e+000  5.3008026e+000
  2.9984877e+000  2.3686218e+000
  5.6388340e+000  7.4682658e+000
  2.8189444e+000  7.3935076e+000
  2.2826489e+000  2.9328409e+000
  3.9813235e+000  4.8501727e+000
  5.9985272e+000  5.0686888e+000
  4.3748871e+000  3.0666957e+000
  3.6898295e+000  3.8795841e+000
  4.4917046e+000  7.3505514e+000
  6.4017847e+000  4.9904726e+000
  5.3457050e+000  7.3186331e+000
  3.5771614e+000  8.9431186e+000
  1.9521649e+000  4.6909221e+000
  4.0551663e+000  4.3665725e+000
  4.2267304e+000  6.9792359e+000
  3.7451206e+000  4.3935314e+000
  5.5095338e+000  6.1907983e+000
  8.4426362e+000  1.0972822e+001
  2.9010152e+000  4.7450877e+000
  4.4347388e+000  8.1715872e+000
  7.9897987e+000 -8.4486388e-001
  3.8263751e+000  3.4913823e+000
  5.9008410e+000  3.7058586e+000
  5.5966913e+000  4.1648865e+000
  8.6690528e+000  9.6823398e+000
  7.6023635e+000  3.7475804e+000
  3.4020856e+000  1.2150576e+001
  4.6721740e+000  4.7277603e+000
  5.5017843e+000  3.4136046e+000
  4.4815189e+000  9.1704967e+000
  5.5305229e+000  3.8176766e+000
  4.2119539e+000  1.0168119e+001
  4.9735495e+000  4.0528215e+000
  5.1604466e+000  6.2229558e+000
  2.8938726e+000  4.0503632e+000
  5.4927294e+000  7.0093818e+000
  1.0568691e+000  3.2458850e+000
  5.4985781e+000  2.5059658e+000
  3.5657000e+000  8.8954271e-001
  6.9558977e+000  6.9717494e+000
  6.0506251e+000  7.4894070e+000
  5.0413855e+000  2.6484552e+000
  1.9355706e+000  3.6225807e+000
  8.5705861e+000  3.1662226e+000
  3.6829995e+000  7.5741374e+000
  3.0335233e+000  7.7184041e+000
  5.7839935e+000 -1.3168823e+000
  6.3527518e+000  8.2315611e+000
  9.5986182e+000  5.4638799e+000
  1.1144085e+001  4.3757935e+000
  3.1390528e+000  6.2782475e-001
  6.4662427e+000  5.4151776e+000
  6.5745861e+000  5.4905038e+000
  5.2060950e+000  7.1099495e+000
  5.2804250e-001  1.3081327e+001
  5.6537657e+000 -8.9391969e-001
  6.4714401e+000  7.2016084e+000
  1.0005020e+000  7.5126436e+000
  3.9106646e+000  4.4211544e+000
  5.1484977e+000  4.2940247e+000
  5.4328887e+000  8.3719838e+000
  6.5218679e+000  7.7625542e+000
  5.9664676e+000  7.4879588e+000
  1.2729305e+000  5.8842839e+000
  5.1583324e+000  5.8958969e+000
  7.0366406e+000  3.2930062e+000
  5.4467895e+000 -3.2799586e+000
  3.8798112e+000  7.5709750e-001
  5.8887872e+000  5.1441790e+000
  3.3716708e+000  8.5433256e+000
  1.0423811e+001  6.5136074e+000
  3.0618596e+000  6.4188803e+000
  5.1372166e+000  5.6505322e+000
  5.9481827e+000  2.3816055e+000
  5.8501870e+000  9.9624614e-001
  8.0802270e+000  9.3457434e+000
  1.2711596e+000  4.1478628e+000
  8.2138582e+000  6.9381700e+000
  8.0090930e+000  2.8235035e+000
  1.4213114e+000  6.0567526e+000
 -7.7981180e-001  1.1969764e+000
  4.5528893e+000  8.3125183e+000
  6.9123526e+000  5.7915347e+000
  6.8879551e+000  8.7002127e+000
  3.0312340e+000  3.7924449e+000
 -7.3268631e-002  7.4253851e-001
  3.6603383e+000  3.2286721e+000
 -1.5548471e+000  3.8213739e+000
  7.7684972e+000  7.6672246e+000
  2.8854586e+000  6.6510804e+000
  7.5406579e+000 -6.4601421e-001
  4.2087332e+000  6.7856670e+000
  4.2813523e+000  9.3795308e+000
  1.0971491e+000  1.5463447e+000
  3.0195781e+000  4.5713906e+000
  1.1385911e+001  5.0613953e+000
  1.7378100e+000  5.8569625e+000
  6.6451939e+000  1.7133687e+000
  3.8505928e+000  8.1851994e+000
  5.5847707e+000  9.9493923e-001
  3.8600542e+000  4.1054510e+000
  6.4199663e+000  3.9222550e+000
  1.7433019e+000  6.7051992e+000
  5.8770554e+000  4.1451539e+000
  4.4193330e+000  3.0399087e+000
  4.5399227e+000  7.4299204e+000
  7.4502622e+000  3.8021534e+000
  8.3499526e+000  4.9291518e+000
  4.6398011e+000  3.3010759e+000
  4.8055304e+000  3.5494628e+000
  8.8422030e+000  6.1686042e+000
  8.9260749e-001  2.9864044e+000
  6.9027246e+000  7.5065853e+000
  4.6027924e+000  4.7908671e+000
  5.2302744e+000  3.9405046e+000
  4.9479940e+000  2.0371024e+000
  5.2981363e+000  8.1501274e+000
 -5.0124524e-001  3.0491306e+000
  6.7469955e+000  6.0352924e+000
  3.7382781e+000  1.0325441e+001
  3.6228300e+000  2.5957853e+000
  6.4042143e+000  4.1166040e+000
  7.3462989e+000  7.6808570e+000
  5.1794087e+000  4.6410058e+000
  2.1962224e+000  3.4333092e+000
  5.5172000e+000 -2.9120866e-002
  1.1217073e+001  6.0984323e-001
  3.9914878e+000  6.4784533e+000
  7.5656831e+000  1.0768890e+001
  7.1304280e+000  6.7375610e+000
  8.0721074e+000  2.4774889e+000
  1.2103862e+001  1.1546979e+000
  5.6211120e+000  3.1710167e+000
  8.5492946e+000  1.0094808e+001
  2.9426803e+000  2.1224095e+000
  1.6337237e+000  6.6671619e+000
  1.3491519e+000  7.4076531e+000
  2.1521724e+000  6.7219915e+000
  7.4405812e+000  6.2632409e+000
  6.2240654e+000  1.2147652e+001
  7.7245849e+000  3.3279444e+000
  5.8022781e+000  1.7511399e+000
  4.0273570e+000  4.3326226e+000
  8.1564577e+000  2.1014899e+000
  8.5715847e+000  9.7086003e+000
  3.4690989e+000  4.2859873e-001
  7.9699024e+000  4.9226560e+000
  3.2539877e+000  3.9006924e+000
  2.5949386e+000  7.1840502e+000
  7.9562778e+000  8.6011666e+000
  4.5686361e+000  7.2005560e+000
  1.1791078e+001  1.1815035e+000
  1.0007189e+001  4.9340499e+000
  8.2430607e+000  6.3231088e+000
  4.0698447e+000  5.0861780e+000
  4.2224807e+000  4.3476421e+000
  1.0875934e+001  5.3637370e+000
  4.3065262e+000  7.0010777e+000
  9.3163638e+000  5.8135445e+000
  7.2016565e+000  3.5376579e+000
  7.1590439e+000  6.5418086e+000
  4.0854836e+000  1.8902919e+000
  8.6432886e+000  1.0611611e+001
  1.1548433e+000  7.2503596e+000
  3.8834868e+000  1.4279944e+000
  4.3154475e+000  4.3303377e+000
  6.0669623e+000  1.0331886e+000
  6.3658592e+000  6.4663360e+000
  2.7873581e+000  4.8607047e+000
  5.8571673e+000  6.4887065e+000
  4.0727319e+000  1.9052795e+000
  7.6428146e+000  9.1286753e+000
  1.1202296e+001  7.2243480e+000
  1.4268790e+000  6.8122195e+000
  5.7033161e+000  1.4668999e+000
  5.8853922e+000  6.1800919e+000
  1.0534862e+001  4.0677629e+000
  5.5134901e+000  3.6363531e+000
  3.0989084e+000  3.9357142e+000
  2.5952329e+000  7.5285493e+000
  4.8044148e+000  4.6465946e+000
  3.5730895e+000  1.1466151e+001
  3.4350029e+000  3.3905165e+000
  5.7862394e+000  3.6960577e+000
  2.0724523e+000  4.2915227e+000
  1.0003444e+000  6.4223343e+000
  4.9024424e+000  5.6147784e+000
  3.6957505e+000  4.7593690e+000
  3.0686332e+000  3.9128145e+000
  5.9657522e+000  7.2419784e+000
  1.9456395e+000  8.2529919e+000
  4.6141588e+000  2.9417396e+000
  1.8575497e+000  6.1958111e+000
  6.8057342e+000  2.8315940e+000
  1.5189349e+000  6.0162489e+000
  3.0361705e+000  4.4617646e+000
  4.0574080e+000  4.8256347e+000
  4.3346735e+000  1.6197054e+000
  5.6269082e+000  6.4161265e+000
  6.0901961e+000  4.3070928e+000
  5.2754647e+000  2.8805254e+000
  9.7378460e+000  4.9440243e+000
  1.2466898e+000  6.2542598e+000
  5.6174869e+000  4.5078526e+000
  7.5908558e+000  3.9186866e+000
  2.4162279e+000  1.0712258e+001
  5.0056072e+000  8.0331297e+000
  2.7625559e+000  5.0289529e+000
  6.9645095e+000  4.3760163e+000
  2.2524725e+000  4.1419708e+000
  7.0115053e+000  3.3126565e+000
  3.1139311e+000  4.8512022e+000
  5.0399923e+000  2.3690907e+000
  3.0601513e+000  4.1168016e+000
  4.7774861e+000  4.0530764e+000
  2.7499977e+000  7.1197026e+000
  5.2131245e+000  3.2419142e+000
  8.4849115e+000  2.3033321e+000
  4.3573550e+000  4.3389017e+000
  3.0498252e+000  4.2002882e+000
  9.7085103e+000  1.0094824e+001
  3.8680241e+000  4.6948820e+000
  3.7325420e+000  9.1932120e+000
  2.6874238e+000  1.5927159e+000
  6.3558402e+000  4.3906974e+000
  7.6941426e+000  6.9579857e+000
  1.4279134e+000  6.3225835e+000
  1.0471641e+001  1.4982726e+000
  4.4392699e+000  9.0498378e+000
  5.1070139e+000  6.5574580e+000
  4.0722619e+000  4.3906419e+000
  5.1926108e+000  1.7547399e+000
  7.7205136e+000  9.8523297e+000
  1.0108837e+000  6.5173588e+000
  3.4616205e+000  7.7673857e+000
  2.0858093e+000  7.4559310e+000
  3.9387444e+000  2.3397666e+000
  2.9033273e+000  7.5532806e+000
  1.0263504e+001  9.7708016e+000
  4.5670804e+000  6.8379796e+000
  1.9096473e+000  4.7378698e+000
  6.5770337e+000  3.6823164e+000
  6.0866505e+000  3.1278168e+000
  5.1668946e+000  3.6952997e+000
 -8.7859463e-001  4.7796178e+000
  6.4616936e+000  3.8362498e+000
  6.2041482e+000  2.7060370e+000
  6.9886207e+000  6.6110846e+000
  7.5442563e+000  6.6332137e+000
  5.4404128e+000  7.4600875e+000
  8.8322972e+000  4.6153991e+000
  9.0975715e+000  9.0940917e+000
  5.3556480e+000  3.4348901e+000
  3.2316516e+000  8.2063404e+000
  3.9463698e+000  4.6626427e+000
  7.0923541e+000  3.3341223e+000
  3.3668495e+000  1.0173747e+001
  3.2776831e+000  4.3551180e+000
  5.9474332e+000  2.9579326e+000
  7.0866824e+000  5.3777689e+000
  4.8464634e+000  6.1314707e+000
  1.0592013e+001  8.8796734e-001
  5.5288724e+000  4.9556185e+000
  6.4104488e+000  4.2474180e+000
  6.0557735e+000  2.7281947e+000
  7.4792566e+000  4.0314780e+000
  6.6819868e+000 -1.3021478e-001
  4.2445038e+000  6.7290751e-001
  6.0236841e+000  4.7798708e-001
  1.0587170e+001  8.0663045e+000
  3.1687530e+000  4.1462753e+000
  6.3511650e+000  2.9775457e+000
  6.4540644e+000  3.6731007e+000
  1.0450526e+001  6.6040426e+000
  4.5043203e+000  3.1971156e+000
  2.3798260e+000  4.9318041e+000
  7.0679891e+000  4.3464203e+000
  6.5122945e+000  6.6264738e+000
  1.3054360e+000  2.1132923e+000
  5.2309115e+000  1.0702511e+001
  7.3454354e+000 -1.5453178e+000
  1.2006354e+000  4.2086026e+000
  2.2411209e+000  8.5033240e+000
  2.2497695e+000  9.5702825e+000
  6.4589838e+000  5.5989281e+000
  4.8354912e+000  3.5189447e+000
  7.6162195e+000  5.9759171e+000
  7.8030091e+000  6.7521602e+000
  5.9009412e+000  4.2744356e+000
  5.9256444e+000  6.2120537e+000
  3.0562067e+000  4.2745356e+000
  3.2103006e+000  3.9775199e+000
  5.0723497e+000  2.9970444e+000
  5.9945939e+000  7.3200586e+000
  7.5782245e+000  6.4714555e+000
  5.8259665e+000  3.6601465e+000
  5.2006914e+000  4.0195802e+000
  5.3927285e+000  3.6157716e+000
  5.4620006e+000  4.0755439e+000
  4.1319665e+000  2.3702266e+000
  3.7214790e+000  6.6908568e+000
  6.2561917e+000  4.1567777e+000
  4.5525803e+000  7.6900765e+000
  1.2140510e+000  6.1086721e+000
  2.9268953e+000  4.7565852e+000
  6.6224942e+000  2.5162664e+000
  2.4930789e+000  1.6486388e+000
  1.5769048e+000  7.2713560e+000
  4.8523098e+000  6.3615246e+000
  1.0884593e+001  5.1921147e+000
  2.7809084e+000  8.7696830e+000
  4.5987064e+000  7.1395050e+000
  2.7601997e+000  6.4875481e+000
  6.0187163e+000  3.9483150e+000
  3.0062457e+000  7.2542984e+000
  3.8738093e+000  8.4657645e-001
  4.5268733e+000  6.0296147e+000
  4.7315753e+000  9.0388469e+000
  7.2972592e+000  3.1619990e+000
  5.7771974e+000  4.8729571e+000
  4.4463853e+000  6.6619090e+000
  1.6916878e+000  2.5491200e+000
  4.4415098e+000  4.0440582e+000
  3.3948612e+000  4.8760289e+000
  4.0232981e+000  7.8773025e+000
  5.2182881e+000  8.4838501e+000
  1.8746426e+000  3.8866203e+000
  2.3231597e+000  1.5002532e+000
  3.4579143e+000  4.5356126e+000
  6.2034202e+000  3.5703896e+000
  7.8788805e+000  7.6763257e+000
  5.8163624e+000  7.3132747e+000
  6.3035860e+000  6.7965222e-001
  4.8415373e+000  4.2528192e+000
  2.1186119e+000  2.9676617e+000
  3.7128794e+000  7.7779394e+000
  8.7673378e+000  4.6817081e+000
  3.8425439e+000  7.3389959e+000
  1.7260228e+000  5.7447372e+000
  6.1033632e+000  1.7417740e+000
  3.7310900e+000  4.6295425e+000
  1.3094230e+000  6.1491023e+000
  8.0019460e+000 -6.6374054e-001
  4.5636175e+000  7.9205448e+000
  3.6680941e+000  7.4853477e+000
  4.7142606e+000  1.5077900e+000
  1.0694175e+001  3.5728262e+000
  3.8313389e+000  4.7284996e+000
  6.1451052e+000  4.2791578e+000
  6.6981530e+000  4.4663918e+000
  2.7946195e+000  4.9140063e+000
  3.2058462e+000  6.8777403e+000
  3.4152600e+000  4.4045016e+000
  3.9715454e+000  3.3664338e+000
  6.2386718e+000  3.3916643e+000
  3.8043393e+000  1.9274085e+000
  4.2343533e+000  2.1919497e+000
  6.9439599e+000  4.2612571e+000
  6.8881288e+000  3.5745068e+000
  6.2970437e+000  6.0236903e+000
  7.2770835e+000  5.5146060e-001
  1.3000890e+000  9.7193250e+000
  5.3114518e+000  3.8572613e+000
  4.7873842e+000  4.2024688e+000
  9.1200656e+000  3.5128607e+000
  8.4967120e+000  4.9204852e+000
  6.5034381e+000  3.3077091e+000
  3.4819054e+000  7.6489548e+000
  1.5164353e+000  7.0693177e+000
 -7.4062356e-001  5.8906897e+000
  5.7251369e+000  6.8721298e+000
  5.3372523e+000  3.8747454e+000
  5.9513065e+000  4.2523885e+000
  5.3441345e+000 -1.4311198e+000
  6.3481061e+000  3.9199376e+000
  8.5505733e+000  8.6902094e+000
  5.7209404e+000  6.7622459e+000
  8.4492683e+000  5.8526461e+000
  3.9058937e+000  2.9699229e+000
  4.6287362e+000  1.9668352e+000
  2.2884147e+000  6.2089970e+000
  2.1193943e+000  9.1316455e+000
  4.8311249e+000  5.1350286e+000
  9.7318667e+000  9.8688321e-001
  5.7514686e+000  2.9276865e+000
  3.7327166e+000  8.0494990e+000
  6.6469469e+000 -8.5193890e-001
  7.5959168e+000  7.2206236e+000
  4.7266764e+000  1.5697613e+000
  3.3237733e+000  3.7715563e+000
  3.8346348e+000  5.4667417e+000
  7.7105118e-001  6.1572988e+000
  6.3765937e+000  4.3131678e+000
  3.1827850e+000  4.6725228e-001
  5.9692345e+000  3.1101711e+000
  4.3214792e-001  6.1326080e+000
  5.0497489e+000 -3.0345024e-001
  4.9593279e+000  2.8258374e+000
  5.5183683e+000  5.8509110e+000
  5.8432828e+000  3.7078817e+000
  5.8887625e+000  2.3839241e+000
  1.5629243e+000  3.0026351e-001
  6.3025186e+000  3.9076306e+000
  8.9241359e+000  1.5884795e+000
  1.1060363e+001  3.2683492e+000
  6.9255904e+000  5.4860934e+000
  9.1455187e+000  3.3717359e+000
  8.7356063e+000  6.7595294e+000
  1.9032095e+000  2.6733378e+000
  9.2688086e+000  6.3324063e+000
  1.1658047e+001  9.1498431e+000
  8.2482064e+000  7.3643977e+000
  5.6936621e+000  2.3859271e+000
  7.4836430e+000  4.0925751e+000
  2.3948328e+000  3.7225598e+000
  5.1156720e+000  4.2584881e+000
  4.4761994e+000  2.1950175e+000
  3.5739992e+000  8.4238506e+000
  8.9697550e+000  9.7828912e+000
  1.2379038e+000  7.8442790e+000
  7.0382433e+000  3.5749449e+000
  4.0211307e+000  2.1894400e+000
  8.7921929e+000  1.1980054e+001
  2.5556375e+000  4.9424893e+000
  6.8700553e+000  3.2937275e+000
  4.6790729e+000  6.2708218e+000
  2.9936049e+000  7.7676142e+000
  3.5446094e-001  4.1304113e+000
  2.4247614e+000  7.3045285e+000
  8.1424217e+000  6.4347631e+000
  1.3103790e+000  6.1543588e+000
  2.3858672e+000  8.0547349e+000
  4.1906773e-001  1.0299766e+001
  4.6232542e+000  4.7828626e+000
  8.3785272e+000  9.1603361e+000
 -6.6325232e-002  6.5118354e+000
  6.7521255e+000  3.0527547e+000
  3.0154093e+000  7.9054683e+000
  1.6587086e+000  6.1472511e+000
  6.2723936e+000  2.6446472e+000
  5.7976450e+000  3.0701758e+000
  3.6217515e+000  4.6092307e+000
  3.4548428e+000  3.2250748e+000
  2.1175838e+000  7.4255313e+000
  1.1689893e+000  7.5459424e+000
  3.3822659e+000  3.6053470e+000
  6.5467669e+000  3.6701204e+000
  1.1135375e+001  4.4455155e+000
  5.3617854e+000  5.9580920e+000
  1.0802638e+001  6.4106632e+000
  4.8852500e+000  3.1481925e+000
  7.8361111e+000  1.1698380e+001
  3.6767945e+000  3.6522819e+000
  6.1698452e+000 -1.8586658e+000
  2.4617046e+000  5.1426804e+000
  5.2690469e+000  4.1699840e+000
  1.0722382e+001  8.2451639e-001
  8.8656973e+000  8.6820082e+000
  3.7917639e+000  7.1773236e-001
  7.1105456e+000  5.2869225e+000
  4.2394530e+000  5.1681401e+000
  3.3655230e+000  7.8457301e-001
  3.5504641e+000  5.3455862e+000
  3.9819889e+000  4.7928535e+000
  2.9658367e+000  6.8286646e+000
  5.2009545e+000  6.7149791e+000
  7.2522006e+000  3.3806848e+000
  6.0534101e+000  6.9612410e+000
  1.0119029e-001  8.7530488e+000
  5.6376672e+000  2.5095314e+000
  3.5540500e+000  5.3257725e+000
  4.0418068e+000  7.2101794e+000
  6.4921875e+000  6.1823644e+000
  8.5931606e-001  6.1134873e+000
  1.0745859e+001  4.3966501e+000
  3.6498788e+000  4.0361045e+000
  1.5494150e+000  2.8267433e+000
  6.3298547e+000  4.4759128e+000
  4.7809681e+000  6.2959255e+000
  3.9790205e+000  6.2184293e+000
  7.2104688e+000  3.5999127e+000
  4.4829868e+000  6.9584102e-001
  5.6978583e+000  4.6563145e+000
  4.7302542e+000  8.9338673e+000
  7.4815439e+000  5.2962788e+000
  5.0772306e+000 -3.8962096e-001
  5.4115146e+000  4.0725469e+000
  4.9480159e+000  6.0376311e+000
  5.4120469e+000  2.9144669e+000
  3.6287111e+000  6.4761340e+000
  7.8533931e+000  7.5633512e+000
  5.0498245e+000  3.2983700e+000
  4.6353930e+000  4.6101950e+000
  3.3119078e+000  7.2055618e+000
  3.5310089e+000  3.6887800e+000
  3.3511990e+000  3.8797298e+000
  4.5585604e+000  3.3675687e+000
  8.6525460e-001  7.8868491e+000
  3.3309293e+000  4.6713140e+000
  6.1529714e+000  6.4373826e+000
  7.0100000e+000  8.1330340e+000
  6.3753731e+000  3.7132867e+000
  8.2056249e+000  6.6204223e+000
  9.6528005e+000  9.1508444e+000
  3.0419181e+000  4.0536502e+000
  7.2476412e+000  3.9624332e+000
  7.4055842e+000  1.5271150e+000
  7.4076921e+000  3.7624791e+000
  7.2713418e+000  3.4181210e+000
  6.4061662e+000  6.5440226e+000
  4.8856854e+000  7.8643768e+000
  6.2798688e+000  2.8344612e+000
  4.4576043e+000  3.7840132e+000
  6.2427205e+000 -2.5433803e-001
  1.2965498e+000  3.3589091e+000
  4.5148589e+000  1.9836290e+000
  4.0943142e+000  4.1753138e+000
  2.4006642e-001  3.3348674e+000
  7.6401403e+000  8.0752525e+000
  6.5992626e+000  8.7444656e+000
  6.5093904e+000  3.6562194e+000
  6.7846042e+000  3.2913065e+000
  4.6263849e+000  4.6919613e+000
  3.0279102e+000  4.2013315e+000
  6.6047150e+000  3.6139922e+000
  5.2721645e+000  1.7704504e+000
  5.6279633e+000  7.0967389e+000
  4.4976958e+000  9.5169617e+000
  1.8191484e+000  3.3550943e+000
  6.3206925e+000  2.0941633e+000
  9.2161863e+000  1.9702821e+000
  1.3101795e+000  2.7118202e+000
  4.0459265e+000  1.6070260e+000
  6.6463670e+000  1.0816594e+001
  9.4439509e-001  5.2445616e+000
  2.7939661e+000  8.6282368e+000
  4.5555201e+000 -3.1135712e+000
  4.4533818e+000  6.9611189e+000
  4.5447374e+000  1.2697541e+000
  5.2188705e+000  2.8724938e+000
  4.0719993e+000  1.2932884e+000
  3.7522112e+000  2.4174694e+000
  2.9403345e+000  8.3834925e+000
  3.9938026e+000  7.5686223e+000
  5.1892377e+000  7.2084258e+000
  2.6544137e+000  7.8044853e+000
  3.4555960e+000  8.7786137e+000
  4.9694312e+000 -4.4868176e-001
  5.0376814e+000  7.1080605e+000
  2.2117504e+000  4.9610317e+000
  3.8949188e+000  1.0619604e+001
  2.6821830e+000  3.6673494e+000
  6.1227397e+000  4.3152023e+000
  7.2513852e+000  4.8105499e+000
  1.0421694e+001  5.7584151e+000
  9.5576873e+000  2.1906881e+000
  9.6841972e+000  5.0916761e+000
  6.7212288e+000  4.1112529e+000
 -1.3046935e+000  4.6819292e+000
  1.9203164e+000  5.0592387e+000
  6.2107730e+000  6.1370458e+000
  4.1180852e+000  7.4896084e+000
  7.0025529e+000  2.6720346e+000
  5.4528491e+000  7.4680432e+000
  6.4133100e+000  6.3883598e+000
  1.0375439e+001  3.5564980e+000
  5.4726757e+000  7.1276237e+000
  4.7222763e-001  4.9496652e+000
  8.1000339e+000  1.0418015e+001
  4.0482317e+000  4.2570009e+000
  1.8847388e+000  6.9009685e+000
  8.7310459e+000  1.1434343e+001
  3.5150352e+000  4.3908467e+000
  6.1525195e+000  1.1754023e+001
  1.9101327e+000  7.0665963e+000
  3.7668298e+000  8.6188401e+000
  7.1267072e+000  6.2443244e+000
  7.2534181e+000  4.1233080e+000
  9.7224364e+000  3.5586007e+000
  2.0724200e+000  4.5191586e+000
  1.3197321e+000  6.1762912e+000
  5.4473276e+000  7.1018458e+000
  6.4149775e+000  7.7811503e+000
  2.4857133e+000  4.4400177e+000
  3.5895820e+000  3.5118802e+000
  7.0170603e+000  8.0508707e+000
  2.6964475e+000  2.8359464e+000
 -2.7892802e-001  3.1038460e+000
  8.5522581e+000  6.9243795e+000
  5.2086509e+000  5.5155219e+000
  6.0184987e+000  4.4242758e+000
  8.7506621e-001  3.7916209e+000
  3.1877141e+000  5.3016212e-001
  4.8000412e+000  3.2693827e+000
  3.2668225e+000  3.9092033e+000
  3.5799495e+000  4.8485822e+000
  6.2696446e+000  3.3361290e+000
  6.7220652e+000  1.8340790e-001
  1.5785139e+000  8.0438547e+000
  7.3923924e+000  7.9287435e+000
  6.5671873e+000  4.2189769e+000
  9.3764736e+000  8.2085675e+000
  3.8841393e+000  9.7721880e+000
  4.7850162e+000  3.5436357e+000
  3.6958462e+000  4.6273517e+000
  5.4677300e+000  6.8729083e+000
  3.6660379e+000  8.0097344e+000
  3.2345052e+000  4.6043517e+000
  1.1800351e+001  7.0178735e-001
  1.8010610e+000  5.6092955e+000
 -8.4704122e-001  3.3766421e+000
  3.9810052e+000  4.4304758e+000
  3.2279792e+000  8.6559450e-002
  2.1943772e+000  4.9357967e+000
  5.7453176e-002  9.1159210e-001
  2.3622502e+000  1.0836949e+000
  1.1125998e+000  2.5304991e+000
  6.6295732e+000  2.1510612e+000
 -6.6960859e-001  3.2065560e+000
  5.9608263e+000  3.1649343e+000
  6.1310918e+000  5.1384612e+000
  5.3946133e+000  2.0646174e+000
  2.9459181e+000  4.5717380e+000
  3.6188039e+000  3.7627918e+000
  6.1970856e+000  6.8892289e+000
  3.9077379e+000  4.2585609e+000
  8.9764926e+000  5.1197810e+000
  9.3034897e+000  4.2620254e+000
  6.5312366e+000  7.1491366e+000
  4.0823733e+000  3.8758911e+000
  3.4313133e+000  3.5985037e+000
  8.0562921e+000  4.1623931e+000
  9.3997041e+000  1.0742452e+001
  9.4089976e-001  6.2144547e+000
  2.7987179e+000  5.6720092e+000
  2.5654037e+000  3.8512487e+000
  7.3467592e+000  9.3903605e+000
  2.4365482e+000  4.3120187e+000
  4.9404639e+000  6.4305615e+000
  3.9359853e+000  4.8411094e+000
  1.1394545e+000  5.8771473e+000
  6.7877700e+000  4.8911597e+000
  6.2592436e+000  2.7867189e+000
  1.1479326e+001  1.1122028e+000
  3.6648667e+000  1.2903166e+000
  8.3146251e+000  1.1571519e+001
  1.6952113e+000  7.9867818e+000
  5.1116810e+000  1.4228012e+000
  5.8262647e+000  2.3437636e+000
  1.3629258e+000  7.6564042e+000
  7.9190615e-001  3.5501996e+000
  5.7991491e+000  1.0080959e+000
  5.3206445e+000  4.5660495e+000
  1.1747865e+001  7.3368866e+000
  1.9559464e+000  3.5737118e+000
  5.3716655e+000  7.1858093e+000
  6.2368996e+000  3.9904449e+000
  1.6309474e+000  5.6760472e+000
  4.2022372e+000  5.0906173e+000
  6.0320747e+000  5.3443769e+000
  5.9702377e+000  2.9772591e+000
  9.7346572e+000  1.0954070e+001
  1.4808723e+000  6.6885873e+000
  1.4120723e+000  7.0507944e+000
  6.0074540e+000  5.5191691e+000
  5.2821188e+000  4.2469503e+000
  1.4221403e+000  8.0364726e+000
  2.1828955e+000  5.3541928e+000
  5.6136846e+000  8.2832908e+000
  5.6443264e+000 -1.4853245e+000
  7.6845234e+000  6.4885580e+000
  1.2154506e+001  1.9024309e+000
  4.1967912e+000  5.4239324e+000
  8.5173997e+000  2.0691462e+000
  3.9677961e+000  7.8832072e+000
  5.6435562e+000  2.7783286e+000
  5.4002541e+000  7.7856407e+000
  5.6400974e+000  1.5567401e+000
  1.0551150e+001 -4.8622344e-001
  6.8636291e+000  5.0238670e+000
  4.2947670e+000  5.0256370e+000
  9.2229330e-001  3.8230889e+000
  5.2896306e+000  3.0164784e+000
  5.1358764e+000  1.9985751e+000
  5.9846097e+000  6.9087579e+000
 -1.1735543e+000  4.8710238e+000
  3.7452653e+000  8.5157016e+000
  1.9840327e-001  3.1975859e+000
  3.4283133e+000  8.2848057e+000
  4.4102421e+000  6.9673290e+000
  4.0921844e+000  4.5396147e+000
  5.9269815e+000  8.3917105e+000
  5.4789605e+000  4.5016864e+000
  2.3714641e+000  7.3982328e+000
  9.0435187e+000  5.5364693e+000
  4.7597333e+000  1.6750213e+000
  2.6198397e+000  3.2396689e+000
  2.8538119e+000  6.4486057e-001
  5.9548811e+000  7.1006398e+000
  4.6830566e+000  7.7988572e+000
  3.3183424e+000  7.2453687e+000
  7.6069271e+000  1.2150993e+001
  7.9038610e+000  6.6154836e+000
  5.4673819e+000  4.2073990e+000
  6.0623242e+000  2.3762555e+000
  5.7044665e+000  6.0572876e-002
  2.4667174e+000  2.0359533e+000
  2.7000441e+000  1.2600422e+000
  2.9844977e+000  4.4481080e+000
  1.0774147e+001  4.4281729e+000
  5.1080298e+000  7.4213311e+000
  5.5979913e+000  6.1925724e+000
  2.5388626e+000  6.6582968e+000
  1.7231430e+000  6.3917671e+000
  1.0169619e+001  6.7265564e+000
  1.2984181e+000  2.0603334e+000
  3.5966331e+000  9.0158572e+000
  5.7823300e+000  2.4267155e+000
  3.4773563e+000  5.0721804e+000
  5.2445722e+000  6.8999580e+000
  5.4922381e+000  6.0638628e-001
  6.6690395e+000  7.0616591e+000
  5.1091106e+000  1.8139167e+000
  1.9088028e+000  4.1799700e+000
  7.0619054e+000  3.5241016e+000
  5.9898620e+000  7.0564961e+000
  3.0732291e+000  4.5453055e+000
  5.2980870e+000  3.0088305e+000
  3.6013912e+000  4.0744654e+000
 -5.4899507e-002  7.2575729e+000
  4.7724509e+000 -4.7359168e-003
  4.3877440e+000  4.4606318e+000
  1.0389419e+000  7.4856978e+000
  3.1161039e+000  3.7699763e+000
  7.5629788e-001  6.5076666e+000
  3.9089950e+000  3.8081930e+000
  3.3729952e+000  4.2683246e+000
  6.3420176e+000  9.0573050e-001
  5.0153753e+000  3.8830837e+000
  5.9568040e+000  2.2482532e+000
  6.3897212e+000  9.6778814e+000
  4.1095337e+000  4.7439826e+000
  1.3770932e-001  7.2818283e+000
  2.2453938e+000  5.2961175e+000
  6.4912406e+000  4.3183503e+000
  8.9946426e+000 -7.2767049e-001
  5.6730290e+000  3.9682636e+000
  4.4815703e+000  8.2815289e+000
  6.6198026e+000  5.1053321e+000
  4.8855614e+000  4.4970751e+000
  9.2254207e-001  6.6442519e+000
  5.7790229e+000  9.5763682e-001
  7.7106668e+000  8.2530639e+000
  9.9469720e+000  6.0791073e+000
  2.8927259e+000  5.2708338e+000
  6.4347025e+000  4.3280191e+000
  3.8664106e+000  4.1582959e+000
  5.8151267e+000  1.0205261e+001
  2.5987190e+000  7.0052254e+000
  7.6994197e+000  7.6062482e+000
 -1.0890057e+000  1.0624656e+001
  7.3785943e+000  7.4319604e+000
  2.4987359e+000  7.8130145e+000
  9.9882069e-002  2.8331260e+000
  1.2879880e+000  8.2714850e+000
  6.7044999e+000  6.6322704e+000
  7.8696402e+000  2.6947138e+000
  4.0376860e+000  4.3670277e+000
  5.2870616e+000  3.0290105e+000
  2.8266939e+000  4.0840512e+000
  6.0631842e+000  5.1213487e+000
  2.9743015e+000  4.3041869e+000
  1.5118428e+000  6.2948971e+000
  1.1583914e+001  3.1949120e+000
 -8.7507807e-001  1.3580305e+000
  3.7515939e+000  4.2969631e+000
  5.7205511e+000  2.0177068e+000
  9.0334996e+000  4.4478655e+000
  4.4849957e+000  9.1828577e+000
  4.6006838e+000  5.1487949e+000
  3.9609784e+000  4.4760714e+000
  4.4988058e+000  1.7345497e+000
  6.0959479e+000  4.0518063e+000
  4.9181204e+000  9.0912890e+000
  5.1587969e+000  3.3070021e+000
  9.7522969e+000  6.0045663e+000
  4.0552729e+000  4.1021156e+000
  2.2201723e+000  5.2121703e+000
  6.2746784e+000  7.1282833e+000
  5.7971633e+000  5.0485728e+000
  1.3335552e+000  6.2312470e+000
  3.7980336e+000  8.9577885e+000
  4.7055977e+000  7.0545877e-001
  3.8925617e+000  3.1053626e+000
  8.5449991e+000  6.9443241e+000
 -4.9798858e-001  3.8187908e+000
  3.4089719e+000  4.0644303e+000
  1.8471064e+000  1.7897143e+000
  9.1212547e+000  3.2110115e+000
  2.9211766e+000  7.3330585e+000
  4.3485149e+000  1.7931028e+000
  6.6656267e+000  5.7398983e+000
  4.6831623e+000  5.2857216e+000
  6.4997035e+000  2.8835035e+000
  4.6053490e+000  4.1129480e+000
  8.4637624e+000  3.3446255e+000
  3.6295245e+000  4.8786316e+000
  7.8884498e+000  6.9529961e+000
  1.1045564e+001  8.3342820e+000
  5.9046015e+000  3.8412598e+000
  7.1109686e+000  7.3980146e+000
  5.8132723e+000  7.0493911e+000
  5.7473290e+000  1.2161638e+000
  4.4955005e+000  5.6617553e+000
  8.2736004e+000  1.5029123e+000
  7.6117314e-001  6.9850682e+000
  6.4837941e+000  3.9485735e+000
  4.0990806e+000  4.1254324e+000
  1.6227394e+000  4.5106900e+000
  1.1606300e+001  3.6293161e+000
  6.1317137e+000 -1.2436166e+000
  7.5676901e+000  7.8596071e+000
  3.7117747e+000  8.6629967e+000
  1.0227857e+001  1.5560675e+000
  4.4444983e+000  4.0776349e+000
  6.2221908e+000  9.3104478e+000
  5.5803348e+000  4.8504673e+000
  5.9407853e+000  3.9531358e+000
  5.1455580e+000  3.3719867e+000
  5.0394603e+000  9.6890151e+000
  1.9544045e+000  8.2698792e+000
  6.4022824e+000  6.7016345e+000
  1.4067733e+000 -4.4587225e-001
  1.1059057e+000  6.9139119e+000
  2.2022077e+000  6.6951695e+000
  2.6566447e+000  6.8485043e+000
  4.1086732e+000  2.4859427e+000
  6.4966255e-002  6.9431526e+000
  6.1932641e+000  3.4286893e+000
  4.0805887e+000  9.2831416e+000
  5.2427764e+000  4.0502349e+000
  6.4880833e+000  6.8753854e+000
  5.2621178e+000  6.6038683e+000
  7.5620199e+000  3.6600182e+000
  4.3346265e+000 -6.1960353e-001
  3.6958005e+000  4.4611810e+000
  1.0171297e+001  1.7637638e+000
  4.8289120e+000  3.9856932e+000
  3.3369093e+000  4.3860283e+000
  7.7974673e+000 -6.5490084e-001
  2.5251725e+000  4.3324136e+000
  4.0864954e+000  6.5087181e+000
  6.8435782e+000  2.3698457e+000
  7.9992283e+000  4.2184820e+000
  2.9551280e+000  7.2794961e+000
  5.3249630e+000  8.1841057e+000
  6.5811873e+000  4.5627837e+000
  4.4145943e+000  9.9818943e+000
  2.8679637e+000  6.4618839e+000
  5.5274384e+000  3.6818010e+000
  1.2631518e+000  8.0578606e+000
  6.0983884e+000  5.2715849e+000
  8.0555398e+000  8.8579679e+000
  2.7257331e+000  5.0478535e+000
  4.1510069e+000  7.9607304e+000
  9.7003163e+000  3.9245246e+000
  8.7852380e-002  6.6708212e+000
  3.1798901e+000  4.1620380e+000
  3.3973907e+000  4.2897025e+000
  4.8749231e+000  2.1801263e+000
  6.0446797e+000  2.8015712e+000
  6.9287393e+000  3.4346180e+000
  8.6045995e+000  5.2147072e-002
  5.6418683e+000  5.8526661e+000
  5.5840767e-001  6.5131465e+000
  6.1087666e+000  6.9505986e+000
  4.2024299e+000  7.9529252e+000
  5.6493566e+000  1.7014134e+000
  6.8624391e+000  2.9361116e+000
  9.6428094e+000  8.5727714e+000
  8.0812969e+000  7.1271230e+000
  2.3773264e+000  7.5172314e+000
  2.0560330e+000  5.7390454e+000
  5.5752522e+000  3.6546536e+000
  5.0933228e+000  6.9359579e+000
  5.7418738e+000  4.8354749e+000
  6.1263828e+000  7.3124777e+000
  1.6976662e+000  9.2713361e+000
  4.1754003e+000  4.4020802e+000
  1.0273605e+001  9.2973616e+000
  1.9751789e+000  4.7128173e+000
  9.8851684e+000  1.0894601e+001
  1.0862634e+001  4.7812137e+000
  7.5979066e+000  3.9995825e+000
  7.1503473e+000  4.0812709e+000
  1.1560717e+001  7.2000078e+000
  6.9838697e+000  2.3655760e+000
  6.0955444e+000  7.0316609e+000
  8.3900137e+000  5.1721498e-001
  4.2888179e+000  5.3391945e+000
  8.2321004e+000  8.5139064e+000
  7.2964078e+000  7.5284857e+000
  1.0549840e+001  4.8671538e+000
  6.4412173e+000  2.6370791e+000
  5.6481886e+000  3.0657402e+000
  1.1580090e+001  4.9195953e+000
  1.0304814e+001  5.7378108e+000
  5.3194527e+000  8.6364582e+000
  1.7923244e+000  5.4806466e+000
  6.6044702e+000  3.8441288e+000
  2.4172982e+000  5.3043637e+000
  8.1155696e+000  6.6152001e+000
  5.7581268e+000  3.1534326e+000
  1.8301160e+000  3.9061935e+000
  5.4755602e+000  4.3946779e-001
  3.0976219e+000  3.9760504e+000
  4.4175634e+000  4.8763273e+000
  6.1618808e+000 -7.7001361e-001
  3.7954017e+000  8.4612916e+000
  9.4764529e+000  2.2621836e+000
  5.3516683e+000  7.1076161e+000
  3.2439755e+000  8.0551588e+000
  4.6868703e+000  2.7873311e+000
  6.2324732e+000  4.4919388e+000
  6.4018864e+000  2.7916898e+000
  8.2038268e+000  5.1634188e+000
  7.7865364e+000  1.1130685e+001
  4.9558546e+000  3.6676860e+000
  5.6013713e+000  6.7744540e+000
  2.3379510e+000  9.2153486e-001
  5.6569159e+000  3.9065079e+000
  3.5876769e+000  4.9042277e+000
  1.8769618e+000  7.1394794e+000
  5.2375887e+000  1.2564291e+000
  3.2514875e+000  4.3685169e+000
  3.8894178e+000  6.8459462e+000
  5.7942400e+000  3.7628642e+000
  3.9962257e+000  6.9176173e+000
  3.9868978e+000  3.9989497e+000
  6.7847866e-001  7.4675084e+000
  1.1448766e+000  5.6578154e+000
  2.2881879e+000  5.0076499e+000
  3.8612968e+000  6.8130422e+000
  3.4178486e+000  1.1579273e+001
  7.4090610e+000  3.6901862e+000
  4.0312799e+000  6.1787820e+000
  2.3945822e+000  3.4882287e+000
  6.3265060e+000  6.5792135e+000
  5.3935962e+000  5.8761710e+000
  2.1034114e+000  9.4215836e+000
  6.6282554e+000  3.9755312e+000
  1.0683139e+001  2.6441763e+000
  2.4852076e+000  2.9183513e+000
  3.4872191e+000  4.0447979e+000
  9.2526229e+000  5.6858366e+000
  4.3803723e+000  4.1573793e+000
  7.1409059e+000  6.8704309e+000
  3.2012117e+000  1.5602572e+000
  6.8071353e+000  4.2849136e+000
  3.9715944e+000  4.5886342e+000
  2.4064608e+000  3.5647473e+000
  6.3022865e+000 -1.5806050e+000
  1.9867672e+000  2.3379696e+000
  4.5319831e+000  3.3555286e+000
  3.8615564e+000  4.5530513e+000
  5.9059552e+000  4.1705508e+000
  3.5886327e+000  6.7400803e+000
  3.4701947e+000  4.8814004e+000
  6.0293244e+000  2.0268528e+000
 -1.3341942e+000  3.9069740e+000
  5.2905168e+000  6.5798353e+000
  3.9284064e+000  5.2718666e+000
  6.1669362e+000  6.5297462e+000
  3.1388828e+000  8.0319521e+000
  6.8712899e+000  2.1706248e+000
  5.0213963e+000  7.1637929e+000
  7.0485594e+000 -9.5066851e-001
  3.4682259e+000  2.4031730e+000
  8.9388949e+000  3.9033055e+000
  5.5850549e+000  4.4584445e+000
  7.2063819e+000  4.7690340e+000
  2.9356851e+000  4.4885557e+000
  2.0805539e+000  6.4329540e+000
  5.3437193e+000  7.2687821e+000
  7.6583435e+000 -4.5385966e-001
  3.4447809e+000  9.4530508e+000
  1.5280404e+000  5.6117597e+000
  4.9825267e+000  3.5285271e+000
  6.4188423e+000  6.5856558e+000
  3.3244269e+000  7.0503281e+000
  6.4475689e+000  2.3832835e+000
  1.4662681e+000  7.2534190e+000
  1.0333771e+001  4.1234274e+000
  6.9369955e+000  6.5824301e+000
  5.0597321e+000  3.3222946e+000
  9.9723218e+000  5.7217922e+000
  1.0566761e+001  2.0007575e+000
  7.0124011e+000  4.9208673e-001
  2.0655810e+000  3.1691044e-001
  5.1482779e+000  6.0827664e+000
  9.6400659e+000 -6.1922810e-001
  9.9553922e+000  5.7785642e+000
  9.7342317e-001  3.6808142e+000
  9.9061211e+000  1.3293984e+000
  4.2522338e+000  1.5432598e+000
  6.9247493e+000  2.9757169e+000
  5.7457687e+000  1.7784422e+000
  6.4084399e+000 -9.2499885e-001
  3.3825981e+000  1.7373069e+000
  3.3575551e+000  4.2308310e+000
  2.3620428e+000  3.9262754e+000
  8.5912122e+000  5.3103258e+000
  3.1529294e+000  1.0129561e+001
  5.5127481e+000  5.7412194e+000
  3.1745923e+000  3.9675797e-001
  9.7925424e+000  8.8335650e+000
  4.3453034e-001  7.0873554e+000
  7.6078401e+000  9.1543400e+000
  7.7055695e+000  1.1660689e+001
  3.0644590e+000  1.0510615e+001
  1.1191674e+001  1.0286740e+000
  6.1014833e+000  5.3938672e+000
  7.4284462e+000  1.0284549e+001
  6.0597315e+000  3.0777549e+000
  7.8140609e+000  7.1317969e+000
  3.9758725e+000  9.3387739e+000
  7.3770676e+000  4.2834067e+000
  7.3164347e+000  6.8195249e+000
  8.3223487e+000  2.2747448e-001
  1.1058588e+001  6.4627294e+000
  5.3929951e+000  7.5450633e+000
  4.4963047e+000  7.7197621e+000
  6.6344023e+000  4.4570098e+000
  3.4440707e+000  6.2321495e-001
  1.8365093e+000  3.7167624e+000
  3.7547007e+000  8.8735555e+000
  7.1340712e+000  4.2592628e+000
  5.2316928e+000  5.4964184e+000
  3.5996430e+000  3.7049853e+000
  4.3903789e+000  7.0301827e+000
  4.0129974e+000  6.4938631e+000
  1.7640250e+000  5.3875132e+000
  7.9932995e+000  5.9712418e+000
  2.2192774e+000  7.2171819e+000
  4.9438294e+000  8.2778945e+000
  6.3789568e+000  1.1854947e+001
  2.7030210e+000  7.3983830e+000
 -1.3420147e+000  4.4488881e+000
  4.9815260e+000  1.8364809e+000
  1.8994456e+000  6.9979414e+000
  5.8354765e+000  4.0917104e+000
  3.2594679e+000  3.9873094e+000
  5.8177064e+000  6.5775340e+000
  9.1744940e-001  7.7385706e+000
  4.8990066e+000  7.3089378e+000
  3.5248458e+000  2.9132486e+000
  1.9320274e+000  7.3579348e+000
  6.5121954e+000  3.5425591e+000
  2.9235434e-001  6.0411068e+000
  9.7121606e+000  6.0335110e+000
  5.3266036e+000  3.6777737e+000
  5.9218048e+000  6.6723266e+000
  5.1639568e+000  7.2346191e+000
  6.4686930e+000  8.0130860e+000
  8.3372031e+000  1.1066310e+001
  1.1456332e+001  4.3475227e+000
  6.0271301e+000  5.5418295e+000
  7.3725399e+000  8.9508265e+000
  5.7667427e+000  8.1115256e+000
  4.7775343e+000  3.7584499e+000
  5.5486171e+000  5.3827016e+000
  8.2310380e+000  6.9691879e+000
  1.5466110e+000  3.0244664e+000
  1.1134239e+001  3.7180009e+000
  2.3015644e+000  4.6852087e+000
  5.3917936e+000  2.2465476e+000
  7.0390213e+000  2.7652213e+000
  4.6582221e+000  2.7428969e+000
  4.7717684e+000  6.5879345e+000
  2.1827022e+000  9.0453329e+000
  7.3846569e+000  6.1978015e+000
  5.8850934e+000  3.4809159e+000
  9.5599394e+000  4.6840138e+000
  5.0231425e+000  3.5925258e+000
  1.0892203e+001  6.0658150e+000
  8.8079592e+000  1.9123320e+000
  3.6081720e+000  3.8519678e+000
  5.7014287e+000  6.4413914e+000
  6.5410591e+000  6.4316644e+000
  6.3176188e+000  6.6702794e+000
  3.5492389e+000  4.6241826e+000
  1.6821680e+000  1.0519513e+001
  2.7085065e+000  6.2017177e+000
  4.0305140e+000  2.1541421e+000
  5.1920111e+000  3.9692174e+000
  9.4079640e+000  5.7499907e+000
  1.1466521e+001  2.6698829e+000
  4.4061671e+000  2.6352409e+000
  7.3489408e+000  5.4623351e+000
  1.7310514e+000  3.3065601e+000
  6.3758942e+000  1.0142165e+001
  5.2256470e+000  7.3747988e+000
  5.5129997e+000  3.9210010e+000
  7.3193368e+000  3.8676155e+000
  6.4993258e+000  3.0667759e+000
  5.5404642e+000  1.1391220e+001
  7.4986945e+000  5.5181190e+000
  4.2961225e+000  4.7062724e+000
  3.9732911e+000  2.8843504e+000
  3.5344576e+000  4.8111852e+000
  2.0808458e+000  4.4181492e-001
  1.1640903e+000  3.6602048e+000
  5.3135763e+000  2.4444781e+000
  6.0180060e+000  2.7199596e+000
  3.2557736e+000  6.7497175e+000
  3.8964720e+000  2.8072966e+000
  1.3530507e+000  4.3147936e+000
  3.6144826e+000  2.0542040e+000
  5.9755003e+000  3.6860974e+000
  6.1250470e+000  6.4463110e+000
  2.9694149e+000  4.9926938e+000
  3.1441666e+000  7.3145889e+000
  5.3843284e+000  8.0158357e+000
  5.5695752e+000  4.9449596e+000
  5.3578731e+000  6.4200472e+000
  4.2404265e+000  2.2234024e+000
  6.4837287e+000 -3.5113145e+000
  7.1103394e-001  7.0713429e+000
  4.6701069e+000  3.5227798e+000
  4.6127745e+000  4.9597896e+000
  3.5363885e+000  3.8583699e+000
  2.0829358e+000  6.6014314e+000
  5.6834685e+000  1.9146278e+000
  3.1479631e+000  4.3612431e+000
  4.2840067e+000  5.2294189e+000
  3.6184446e+000  2.4595518e+000
  6.2447762e+000  3.9363310e+000
  3.8802360e+000  4.3215669e+000
  2.4574973e+000 -1.3492107e+000
  4.3037239e+000  6.8841925e+000
  5.8586519e+000  6.8669005e+000
  4.6119182e+000  1.0366474e+001
  3.6593517e+000  1.0199586e+001
  9.4181098e+000  3.9930171e-001
 -5.9982246e-002  9.0460132e-001
  4.8146914e+000  4.5451131e+000
  5.0278172e+000  1.0288214e+001
  7.0151154e+000  4.5313569e+000
  3.2950230e+000  9.0361931e+000
  3.9301046e+000  4.6974054e+000
  4.0137381e+000  7.9077331e+000
  3.5854583e+000  8.8379964e+000
  7.6800492e+000  3.6933621e+000
  3.2521817e+000  3.5791913e-001
  1.4019074e+000  3.1668181e+000
  8.4543904e+000 -1.4578865e+000
  2.7604783e+000  3.9956840e+000
  5.3412390e+000  2.9381647e+000
  9.5445517e-001  3.5485108e+000
  1.2874195e+001  6.2184204e+000
  5.5271157e+000  6.5556595e+000
  7.0099758e+000  6.7485516e+000
  6.4503546e+000  3.3094091e+000
  6.6756570e+000  3.6348172e+000
  4.9315290e-001  3.5590215e+000
  3.6723143e+000  3.6456898e+000
  5.7691607e+000 -1.5444356e+000
  4.0990466e+000  5.0262040e+000
  5.7700023e+000  9.4981660e-001
  2.9534679e+000  4.9440315e+000
  1.7846688e+000  5.4430418e+000
  7.9845684e+000  6.6560498e+000
  8.0672912e+000  6.8586810e+000
  4.0954813e+000  2.8512789e+000
  3.8945869e+000  3.3351293e+000
  7.7448300e+000  2.4366817e+000
  1.1290759e+001  1.8080168e+000
  7.8830842e+000  4.4633537e+000
  5.6083382e+000  3.9519253e+000
  4.1556323e+000  3.4626388e+000
  5.8837097e+000 -2.5839369e-001
  2.1933513e+000  5.3678711e+000
  5.5145259e+000  6.0751843e+000
  5.0856443e+000  2.2325386e+000
  2.3747603e+000  2.5504335e+000
  7.1653696e+000  4.3144757e+000
  5.2381795e+000  3.9289451e+000
  8.4191622e+000  8.3605884e+000
  4.0399759e+000  1.1327170e+000
  3.3674470e+000  2.4755587e+000
  4.4750679e+000  4.2521943e+000
  1.2142706e+000  7.0950965e+000
  3.7359773e+000  6.4411296e+000
  6.1595358e+000 -2.6134446e+000
  1.0695925e+000  7.8007769e+000
  5.0048694e+000  3.5928606e+000
  6.6654251e+000  3.0056631e+000
  2.8846771e+000  2.8700181e+000
  6.3688491e+000  2.9899340e+000
  3.6784466e+000  3.9239847e+000
  3.2057016e+000  8.3380665e+000
  3.9959679e-001  8.3999648e+000
  5.3089919e+000  4.5088237e+000
  8.4245665e+000  3.5001776e+000
  5.7902353e+000  7.2439710e+000
  4.7985934e+000 -6.6712102e-001
  5.8758595e+000  6.3429624e+000
  5.1545988e+000  7.1827532e+000
  4.9849839e+000  8.6142564e+000
  6.3412872e+000  2.3674173e+000
  9.6063219e+000  5.0210364e+000
  5.2309030e+000  2.9913393e+000
  6.0444454e+000  3.7849617e+000
  7.0087445e+000  7.6753590e+000
  3.5720803e+000  1.7533125e+000
  3.7068987e+000  3.0507354e+000
  6.3289480e+000  3.7520878e+000
  5.0272707e+000  4.3213475e+000
  6.7388556e+000  7.7669962e+000
  4.3934852e+000  9.2214436e+000
  4.1351862e+000 -3.5657183e-001
  2.2174871e+000  6.0090337e+000
  3.7180622e+000  4.4182104e+000
  6.4525253e+000  6.9919966e+000
  6.8956526e+000  6.5990200e+000
  1.2064972e+001  7.0369546e+000
  1.1857558e+001  1.3060943e+000
  7.4157304e+000  3.7755148e+000
  1.4126177e+000  8.3161483e+000
  8.7375361e+000  1.1480004e+001
  4.6536645e+000  5.3475155e+000
  4.9128846e+000 -2.8644770e-001
  5.5152435e+000  2.3686446e+000
  5.6882264e+000  1.7385496e+000
  5.1901196e+000  2.6980874e+000
  7.9692867e+000  6.4277790e+000
  5.2682434e+000  1.0321720e+001
  7.4809792e+000  5.1582381e+000
  6.3334603e+000  6.9963111e+000
  5.3110341e+000  4.1449403e+000
  5.5855191e+000  4.0874110e+000
  4.0339394e+000  7.1827242e+000
  2.6795698e+000  7.6767094e+000
  7.2067330e-001  5.8146614e+000
  7.9535598e+000  3.9152450e+000
  4.4272980e+000  7.8926705e+000
  5.4740804e+000  9.1577949e+000
  6.3002421e+000  3.9238062e+000
  7.5992268e+000  3.6208660e+000
  2.3303656e+000  7.8641761e+000
  7.6346804e+000 -4.9174436e-001
  2.5039147e+000  3.8739557e+000
  7.0680438e+000  3.7524880e+000
  4.9016278e+000  2.0658101e+000
  6.2088532e+000  3.9117716e+000
  5.8034204e+000  4.2092311e+000
  1.8861884e+000  6.6805464e+000
  8.0487911e+000  1.0989849e+001
  9.6019348e+000  8.0517776e+000
  6.5110142e+000  5.5030701e+000
  8.5938221e+000  8.7396264e+000
  6.7313320e+000  3.7726319e+000
  6.9846461e+000  3.4001948e+000
  3.7188790e+000  8.6709001e+000
  3.1129804e+000  3.9762332e+000
  5.2120132e+000  6.9695005e+000
  4.4255886e+000  1.5812160e+000
  3.0336497e+000  4.7519734e+000
  6.8391147e+000 -5.4541689e-001
  5.9805504e+000  2.0255125e+000
  9.2815264e+000  1.0167439e+001
  3.2008507e+000  7.4587536e+000
  6.7709587e+000  5.1086626e+000
  1.9595011e+000  9.6799174e+000
  1.0294869e+001  5.6938611e+000
  6.9294226e+000  6.4694197e+000
  4.3043449e+000  4.4267805e+000
  5.5626440e+000  4.2845900e+000
  5.3579486e+000  1.8750140e+000
  7.0525378e+000  6.3928802e+000
  6.8616271e+000  4.6079440e+000
  9.3377516e+000  9.7567712e+000
  5.1832340e+000  4.7898001e+000
  5.5307750e+000  6.9907616e+000
  1.1397101e+001  4.3928565e+000
  2.9732810e+000  7.6331796e+000
  5.2620089e+000  6.7293394e-001
  4.7883978e-001  3.7620059e+000
  1.8152399e+000  6.1872966e+000
  6.5506284e+000  5.5972933e+000
  6.3604664e+000  4.2657153e+000
  3.8485613e+000  4.7295055e+000
  3.7011588e+000  3.9615636e+000
  6.2664059e+000  2.8130457e+000
  6.6972166e+000  6.2441570e+000
  1.8377942e+000  5.0593233e-001
  7.1878410e+000  7.8667198e+000
  5.7306255e+000  6.9981213e+000
  3.0425475e+000  1.9274557e-001
  6.1402102e+000  1.2419497e+000
  6.3831681e+000  2.1549785e-001
  7.5687829e+000  5.8428868e+000
  7.7787888e+000  6.7719606e+000
  6.3868171e+000  3.2529783e+000
  1.9487907e+000  3.5424716e+000
  4.9970569e+000  3.1932990e-001
 -1.2915041e+000  1.1485255e+001
  5.2590530e+000  2.3052948e+000
  3.0820981e+000  5.0132769e+000
  7.4558668e+000  2.3788458e+000
  3.6412491e+000  9.8391489e+000
  9.0243228e-001  5.4632761e+000
  5.2730490e+000  1.0164994e+000
  5.9359337e+000  3.7579897e+000
  5.1763159e+000  6.9836408e+000
  5.1625597e+000  3.7136376e+000
  6.5781800e+000  8.2753575e+000
  6.4125023e+000  3.8005267e+000
  2.7315774e+000  1.4084048e+000
  6.6216944e+000  5.9685678e+000
  2.3271815e+000  1.3627186e+000
  7.2962455e+000  5.5982585e+000
  5.2449453e+000  4.0932790e+000
  7.5125227e+000  7.0124527e+000
  1.8769314e+000  3.4901352e+000
  6.2807881e+000  8.1621462e+000
  4.9922708e+000  2.6133371e+000
  3.2639395e+000  5.7659586e-001
  2.7866284e+000  4.6399504e+000
  4.7075631e+000  7.5903242e+000
  4.7049658e+000  7.9207898e+000
  1.1918226e+000  6.8440760e+000
  4.6756077e+000  2.9337208e+000
  4.4072718e+000  6.2873799e+000
  6.2747420e+000  4.1143026e+000
  6.8923652e+000  6.4619378e+000
  4.1059521e+000  4.9292387e+000
  9.8966937e+000  1.0162284e+001
  8.1806665e+000  6.5959193e+000
  3.3442148e+000  4.4425385e+000
  6.5056834e+000  6.7397525e+000
  5.8538235e+000  4.1222883e+000
  4.1520811e+000  7.6762163e+000
  7.3767263e+000  2.3957507e+000
  5.6896638e+000  5.1973029e+000
  1.4016256e+000  6.8985634e+000
  3.8153754e+000  8.9821166e+000
  2.2052105e+000  2.0920206e+000
  8.8418232e+000  9.8493078e+000
  2.3424000e+000  3.3638614e+000
  6.5875486e+000  4.0399554e+000
  3.4761677e+000  2.4173913e+000
  1.7174368e+000  5.5559979e+000
  1.1515851e+001  3.9928491e+000
  5.0265989e+000  5.6293194e+000
  3.4735401e+000  1.4449890e+000
  6.4332444e+000  3.9790690e+000
  8.9845572e+000  5.7704785e+000
  3.7780619e+000  7.2018089e+000
  8.9020589e-001  7.2641707e+000
  2.0900758e+000  4.7399730e+000
  4.3909778e+000  6.3933527e+000
  1.2345219e+000  2.8527459e+000
  5.6446381e+000  4.3645869e+000
  4.0508565e+000  4.6726160e+000
  3.0177931e+000 -1.9840365e-001
  5.1836292e+000  4.3475135e+000
  4.3579937e+000  7.1237342e+000
  3.6427129e+000  7.4287023e+000
  4.8899885e+000  7.7159515e+000
  4.6580520e+000  3.7351959e+000
  5.4829509e+000  6.8501481e+000
  1.0969598e+001  7.6378722e+000
  3.7979661e+000  3.0510827e+000
  3.0393992e+000  4.7518793e+000
  7.0436758e+000  4.4930689e+000
  7.0792323e+000  6.4756803e+000
  4.7900611e+000  2.5219604e+000
  5.8958541e+000  7.4352046e+000
  6.0077821e+000  4.6673570e+000
  7.0312925e+000  7.6401165e+000
  1.1915936e+000  6.8073580e+000
  7.5690817e+000  9.3490926e+000
  4.0952986e+000  7.3314222e+000
  7.2171310e+000  1.0207310e+001
  1.1088274e+001  4.2749031e+000
  8.7029379e-001  7.9637375e+000
  2.3145627e+000  3.3153622e+000
  5.3380093e+000  1.6430669e+000
  3.5143401e+000  1.7948827e+000
  5.2501352e+000  6.6823865e+000
  1.5236622e+000  8.0061812e+000
  5.7361173e+000  6.9774572e+000
  4.6812075e+000  8.1252580e+000
  7.8080085e+000  4.5378667e+000
  2.7158922e+000  3.5976581e+000
  7.1048171e+000  5.1746454e+000
  2.7640315e+000  2.7469249e-001
  4.8718244e+000  4.5347469e+000
  4.4940989e+000  1.6841864e+000
  4.3280203e+000  4.1513321e+000
  6.1791019e+000  2.9415970e+000
  4.1152675e+000  4.3550519e+000
  6.5413615e+000  3.2448126e+000
  7.0626490e+000  4.0485637e+000
  4.1001647e+000  9.3416942e+000
  4.8785953e+000  3.8507787e+000
  4.9832394e+000  6.9276459e+000
  2.8166473e+000  3.8553216e+000
  6.4327709e+000  2.8068284e+000
  5.9404522e+000  2.5436577e+000
  3.3537028e+000  3.3692104e+000
  2.9416475e+000  1.8003419e+000
  8.8945035e+000  1.1110469e+001
  4.0884138e+000  8.5767440e+000
  6.6628563e+000  2.9449668e+000
  3.6552592e+000  8.2301062e+000
  2.4754731e+000  5.2005373e+000
