  5.0810401e+000  3.7804079e+000
  6.9386725e+000  7.8664611e+000
  1.1445856e+000  6.8655262e+000
  7.6630471e+000  2.4990820e+000
  6.9788729e+000  6.0462780e+000
  6.1215143e+000  6.5522043e+000
  8.4297774e+000  2.9649881e+000
  3.0489511e+000  1.3803262e+000
  2.8098609e+000  4.7089826e+000
  1.6523535e+000  6.6052257e+000
  7.0759564e+000  7.5094517e+000
  2.6838753e+000  4.5508373e+000
  7.5880114e+000  5.9091281e+000
  2.5868853e+000  1.3661663e+000
  5.2321252e+000  3.4535157e+000
  7.8591736e+000  6.1221852e+000
  3.7770894e+000  8.4567855e+000
  8.2620475e+000  7.3773044e+000
  7.4950944e+000  1.8152327e+000
  6.1008767e+000  8.2396432e+000
  6.3411269e+000  7.2778201e+000
  4.1257666e+000  7.5819085e+000
  6.2885679e+000  2.8096288e+000
  5.2968439e+000  3.3816625e+000
  5.7359737e+000  5.2978589e+000
  7.3853762e+000  6.0591531e+000
  1.9188656e+000  7.2313046e+000
  8.5005112e+000  2.7624953e+000
  8.5404263e+000  6.4940815e+000
  6.0617450e+000  3.7763387e+000
  7.6218571e+000  6.1529733e+000
  7.5740563e+000  2.9814889e+000
  2.5586593e+000  2.3688417e+000
  1.2424737e+000  4.5290761e+000
  3.8262318e+000  1.4302303e+000
  7.6177909e+000  5.6990938e+000
  7.0204370e+000  7.8840045e+000
  1.5269114e+000  6.4595332e+000
  3.8723341e+000  8.6876807e+000
  7.1552372e+000  3.2042504e+000
  1.8994656e+000  2.8076583e+000
  6.9882996e+000  2.2586496e+000
  2.9563465e+000  2.0237671e+000
  7.7222521e+000  1.6611209e+000
  1.5573660e+000  5.1735820e+000
  2.9315886e+000  9.0428834e+000
  1.5853512e+000  4.2493842e+000
  6.1310703e+000  8.3044963e+000
  8.4648201e+000  2.1085313e+000
  2.0932947e+000  7.3718541e+000
  8.9333965e+000  2.2031729e+000
  4.1014199e+000  8.5515174e+000
  8.6028606e+000  6.2486756e+000
  6.8434192e+000  7.5274011e+000
  7.2860383e+000  6.5005283e+000
  6.8141956e+000  5.2015870e+000
  1.5919207e+000  4.4043469e+000
  6.2271911e+000  7.9980716e+000
  2.2916671e+000  4.0977543e+000
  7.8109279e+000  5.7946255e+000
  1.3184470e+000  4.4223766e+000
  1.9543212e+000  7.3062400e+000
  5.1294795e+000  3.4705599e+000
  8.6901117e+000  1.0451350e+000
  8.4364053e+000  5.6130611e+000
  1.7408426e+000  1.8038206e+000
  6.2468415e+000  6.7423909e+000
  5.1891292e+000  3.3586201e+000
  1.7981482e+000  7.8141218e+000
  6.2751749e+000  6.3285831e+000
  5.3845470e+000  3.5255501e+000
  1.9993215e+000  3.7472783e+000
  2.8384763e+000  7.2765755e+000
  1.8569323e+000  3.8377014e+000
  7.7162173e+000  6.0730096e+000
  4.9393471e+000  3.5406801e+000
  7.6997127e+000  2.9496235e+000
  2.9915085e+000  8.4334709e+000
  5.2106124e+000  2.4183232e+000
  3.5829111e+000  2.0422889e+000
  6.3695011e+000  7.0716042e+000
  7.0163516e+000  7.9167745e+000
  3.3822068e+000  8.3526380e+000
  7.6726049e+000  2.4319634e+000
  4.3658684e+000  2.9763063e+000
  5.4611054e+000  3.5527911e+000
  2.1115769e+000  2.8474098e+000
  3.0995860e+000  1.2960299e+000
  5.1486996e+000  2.4834094e+000
  9.3280866e+000  3.1830507e+000
  4.3141488e+000  6.9455542e+000
  2.5505945e+000  1.5248787e+000
  2.9057366e+000  2.2830320e+000
  7.8178673e+000  2.6398779e+000
  3.0531282e+000  2.5092523e+000
  7.3161804e+000  2.6820629e+000
  2.6088525e+000  4.6391517e+000
  2.0170971e+000  7.4442791e+000
  2.2707929e+000  1.9864356e+000
  3.4472884e+000  1.4922348e+000
  6.6953937e+000  6.1859511e+000
  2.2767385e+000  1.3019275e+000
  8.8110963e+000  1.9370080e+000
  6.7254595e+000  6.8628495e+000
  7.8803654e+000  2.4180464e+000
  1.3027192e+000  6.5771637e+000
  2.4654492e+000  1.3910038e+000
  1.7437483e+000  3.9474060e+000
  4.8829729e+000  3.8481181e+000
  1.7977943e+000  7.2071692e+000
  5.0663679e+000  3.8734829e+000
  8.4174059e+000  3.0377105e+000
  7.6022885e+000  2.5783374e+000
  2.3749813e+000  6.3840351e+000
  1.4268231e+000  4.2928582e+000
  8.5030788e+000  6.4759357e+000
  8.3529743e+000  5.6160211e+000
  5.0428618e+000  4.1436667e+000
  5.7173635e+000  3.9066573e+000
  1.5388811e+000  7.5338478e+000
  6.6007432e+000  7.3434940e+000
  3.6173888e+000  5.5379498e+000
  4.5179781e+000  2.9703958e+000
  8.4298781e+000  6.2359126e+000
  2.6240467e+000  1.5198184e+000
  2.2104802e+000  6.8427442e+000
  3.5525013e+000  6.3697758e+000
  1.8291917e+000  6.7423287e+000
  2.8991135e+000  2.1917387e+000
  6.3260892e+000  6.2433656e+000
  2.5736966e+000  2.4401234e+000
  5.4010711e+000  2.9764504e+000
  8.4396426e+000  5.4890545e+000
  3.5454535e+000  7.9776776e+000
  3.4882427e+000  1.4904674e+000
  3.2426622e+000  2.3465644e+000
  2.8584479e+000  2.0768005e+000
  1.8042024e+000  2.4027951e+000
  1.5360411e+000  4.0469621e+000
  4.6546550e+000  3.8108425e+000
  1.7863014e+000  6.3207400e+000
  2.7704419e+000  8.6205668e-001
  7.3623742e+000  5.9279783e+000
  7.3908892e+000  1.2654872e+000
  1.4858423e+000  6.9848615e+000
  4.8215169e+000  3.6610551e+000
  7.8336667e+000  5.5328246e+000
  1.3496419e+000  8.0430785e+000
  6.6565396e+000  6.2372312e+000
  7.9895211e+000  8.0341805e+000
  8.2327867e+000  7.7136796e+000
  8.6779108e+000  6.4019478e+000
  1.7079036e+000  4.8793207e+000
  4.9192755e+000  3.9913659e+000
  3.3637576e+000  9.6543739e-001
  4.7548330e+000  6.0094771e+000
  8.8113076e+000  8.3393710e+000
  2.0578542e+000  1.9585464e+000
  3.4950065e+000  1.6027029e+000
  7.0096704e+000  6.2411360e+000
  1.7718789e+000  8.1920211e+000
  3.4672742e+000  9.0988397e+000
  3.1433227e+000  9.0700232e-001
  7.8476598e+000  1.7632958e+000
  2.7248854e+000  1.3307144e+000
  1.4940355e+000  7.1163876e+000
  5.2826077e+000  2.6804634e+000
  7.7731880e+000  1.5963487e+000
  6.0727519e+000  3.7953861e+000
  5.4763828e+000  3.4571385e+000
  6.6263471e+000  7.1954372e+000
  1.9516253e+000  4.3022366e+000
  3.7311290e+000  1.7980632e+000
  9.2881385e-001  6.7733340e+000
  3.2450889e+000  7.6832849e+000
  1.9711447e+000  6.3733412e+000
  6.7556612e+000  6.2468809e+000
  1.7392582e+000  6.4793336e+000
  7.6694688e+000  2.2677323e+000
  3.5013951e+000  7.1187134e+000
  3.3236814e+000  3.2173231e+000
  1.6501517e+000  1.9939136e+000
  5.3597348e+000  2.9649276e+000
  7.5113118e+000  1.6217364e+000
  8.8686340e+000  8.3131451e+000
  2.5353769e+000  2.3194900e+000
  5.0524969e+000  3.7562790e+000
  6.6820103e+000  7.7072097e+000
  8.8118067e+000  6.1777327e+000
  6.4250261e+000  6.8806550e+000
  7.9887368e+000  5.9060491e+000
  3.4890017e+000  1.4938403e+000
  6.9134555e+000  8.0440274e+000
  7.7903390e+000  7.9877766e+000
  1.6120005e+000  8.0259291e+000
  5.2123952e+000  3.4850276e+000
  7.9200666e+000  3.1458413e+000
  7.8295113e+000  5.3903259e+000
  8.5765670e+000  5.3596033e+000
  8.6778237e+000  2.8084142e+000
  2.9031065e+000  8.3067077e+000
  8.5898352e+000  8.3022541e+000
  6.6501991e+000  7.6166351e+000
  3.3681853e+000  1.0220839e+000
  4.8990733e+000  4.3247130e+000
  8.5617481e+000  3.1925920e+000
  7.7010209e+000  1.2096552e+000
  6.9188534e+000  6.5966113e+000
  7.9197392e+000  6.5068878e+000
  6.6187702e+000  7.1942269e+000
  7.5950963e+000  1.7987559e+000
  1.9569455e+000  7.0693152e+000
  5.6379420e+000  3.9078937e+000
  5.6477452e+000  2.7281829e+000
  1.0746225e+000  7.3908520e+000
  8.1100386e+000  1.9750599e+000
  6.8481570e+000  6.7981010e+000
  5.5302358e+000  3.3285594e+000
  5.6505716e+000  2.6175738e+000
  7.7369384e+000  1.6794548e+000
  7.7405083e+000  1.7003409e+000
  2.1059963e+000  7.0268038e+000
  1.3094469e+000  4.5149293e+000
  6.3855628e+000  6.8954748e+000
  4.4169682e+000  6.0941430e+000
  2.3906994e+000  2.2112257e+000
  2.5678414e+000  1.2730488e+000
  7.9550011e+000  3.0118373e+000
  1.4783089e+000  6.5069629e+000
  3.7512618e+000  9.0794350e-001
  5.4320265e+000  3.6549967e+000
  6.5302128e+000  6.1586394e+000
  3.2207033e+000  8.0975853e+000
  8.4318727e+000  2.6673942e+000
  6.7726014e+000  7.3174104e+000
  5.2807757e+000  3.4077555e+000
  1.8617776e+000  2.5120657e+000
  3.2101079e+000  4.4601196e+000
  2.1728387e+000  1.1440136e+000
  8.1273803e+000  8.4440401e+000
  5.4680896e+000  2.9734351e+000
  1.2807867e+000  4.1753301e+000
  7.4915296e+000  5.2937780e+000
  2.3911442e+000  4.7824530e+000
  5.0781150e+000  2.6982886e+000
  6.5610686e+000  7.1816404e+000
  7.6271716e+000  1.9635490e+000
  7.6484242e+000  6.1198462e+000
  2.7092010e+000  8.1670326e+000
  1.5853007e+000  8.1756735e+000
  5.4050905e+000  3.4646727e+000
  7.8409963e+000  6.2631084e+000
  4.9557446e+000  3.3504480e+000
  6.6820415e+000  6.2310371e+000
  3.1421101e+000  3.4231301e+000
  6.4071826e+000  6.0361668e+000
  2.8600267e+000  1.6838293e+000
  9.0320209e+000  5.3724837e+000
  7.6058967e+000  6.0447369e+000
  1.3670656e+000  6.4264469e+000
  1.7761557e+000  7.2120866e+000
  4.0224368e+000  8.4958519e+000
  2.5159999e+000  6.2563645e+000
  3.1165518e+000  8.2017918e+000
  8.7148789e+000  2.2296446e+000
  6.8106577e+000  6.4245722e+000
  6.7024980e+000  7.0215831e+000
  6.7946762e+000  7.5482614e+000
  8.6315527e+000  2.7016135e+000
  8.3124886e+000  2.7370004e+000
  6.5795383e+000  6.6918581e+000
  1.9290643e+000  4.5398195e+000
  5.2507766e+000  2.6649406e+000
  7.7030652e+000  5.7668811e+000
  3.9165169e+000  2.8756145e+000
  5.2562369e+000  3.5042352e+000
  3.9774382e+000  8.7514461e+000
  2.8709027e+000  3.6946786e+000
  3.9356541e+000  8.6151393e+000
  2.2846762e+000  7.6719798e+000
  1.2801771e+000  4.0558269e+000
  8.2790360e+000  5.9026014e+000
  6.2065438e+000  3.1799843e+000
  8.3961681e+000  5.7340728e+000
  2.1484655e+000  4.5187616e+000
  7.2348289e+000  7.6314097e+000
  7.2794339e+000  2.1263064e+000
  8.6622910e+000  2.8587426e+000
  7.6497715e+000  2.7107655e+000
  5.0603553e+000  3.2564134e+000
  3.1081338e+000  7.9585207e+000
  1.3163720e+000  4.0750540e+000
  7.6696938e+000  6.3910880e+000
  7.9613497e+000  6.0167145e+000
  6.5076918e+000  8.1679734e+000
  7.0074322e+000  7.0389621e+000
  2.7678146e+000  4.2937688e+000
  7.5427419e+000  2.7625121e+000
  4.8882702e+000  4.1894104e+000
  1.7877938e+000  2.1640259e+000
  5.1709681e+000  7.1606073e+000
  5.3003381e+000  2.9043822e+000
  5.1187690e+000  5.4650747e+000
  6.1893855e+000  6.6078984e+000
  7.2675524e+000  7.7143051e+000
  8.2282884e+000  1.5620748e+000
  7.8396887e+000  1.4518658e+000
  2.8159158e+000  1.5149162e+000
  8.2972241e+000  8.4278624e+000
  2.6829395e+000  1.7074857e+000
  3.4861638e+000  1.1556840e+000
  2.6188841e+000  2.3662702e+000
  1.9249011e+000  7.4438881e+000
  7.5903175e+000  1.4087124e+000
  1.9565651e+000  4.3529823e+000
  7.0103890e+000  5.0550251e+000
  8.1114142e+000  2.7041630e+000
  4.5576108e+000  3.2593989e+000
  5.3672100e+000  4.6855245e+000
  1.8823580e+000  2.7010922e+000
  2.9766001e+000  1.0260176e+000
  8.2934517e+000  1.9641574e+000
  5.2227440e+000  2.8812585e+000
  2.7358335e+000  1.7725693e+000
  8.7273361e+000  7.6214857e+000
  3.2464015e+000  8.3972401e+000
  6.3948796e+000  6.9967881e+000
  8.5207065e+000  7.9465692e+000
  7.3317427e+000  2.2932374e+000
  7.8749889e+000  1.5794267e+000
  7.9378441e+000  2.9062685e+000
  8.5383643e+000  8.1534953e+000
  5.4198906e+000  3.8934753e+000
  7.8881774e+000  1.6317252e+000
  8.1973213e+000  6.2278868e+000
  8.5690599e+000  5.5637046e+000
  1.8956917e+000  6.2276143e+000
  7.5445606e+000  2.2105748e+000
  3.2355867e+000  8.2395524e+000
  1.5970859e+000  8.0882706e+000
  6.3719592e+000  6.3444102e+000
  2.4127790e+000  7.3752685e+000
  5.0211513e+000  3.4153163e+000
  2.4914555e+000  2.8957223e+000
  7.6258162e+000  5.6336121e+000
  3.2835140e+000  7.9992256e+000
  6.7608057e+000  6.2890409e+000
  5.5316882e+000  3.4422122e+000
  6.1298257e+000  4.8513156e+000
  4.1827486e+000  6.4768397e+000
  1.8555297e+000  4.1466829e+000
  1.8785550e+000  2.2822518e+000
  2.6835765e+000  8.5441626e+000
  7.4956468e+000  1.9822698e+000
  1.2872655e+000  4.1896573e+000
  8.1470768e+000  3.3400277e+000
  7.6878660e+000  5.5567399e+000
  2.5583978e+000  8.1637655e+000
  6.7557700e+000  7.8634046e+000
  1.8473534e+000  7.1027819e+000
  2.3257894e+000  4.5961890e+000
  7.8875769e+000  5.3256600e+000
  8.6178333e+000  3.0489283e+000
  2.6758818e+000  1.4247021e+000
  6.1535275e-001  7.9212249e+000
  6.7194945e+000  5.9898887e+000
  2.5393372e+000  1.4035118e+000
  5.4738884e+000  2.4438803e+000
  7.1947815e+000  5.4542487e+000
  1.7235677e+000  8.0413837e+000
  7.7596262e+000  5.7241234e+000
  8.6335296e+000  1.7795224e+000
  3.8863432e+000  8.6783557e+000
  7.8039936e+000  1.4720547e+000
  6.6287708e+000  6.8534925e+000
  3.3936907e+000  1.5759779e+000
  7.8077545e+000  5.5757968e+000
  3.2236383e+000  8.7902084e+000
  7.5497225e+000  1.6927976e+000
  8.1101108e+000  3.2261604e+000
  8.2963173e+000  8.4313600e+000
  2.5299519e+000  1.4543097e+000
  5.5970544e+000  2.4434476e+000
  1.5619451e+000  8.0144306e+000
  5.0672314e+000  3.3493624e+000
  8.8268597e+000  1.4397053e+000
  3.3122778e+000  2.2272104e+000
  2.0806980e+000  3.1576993e+000
  7.9095617e+000  7.8816009e+000
  3.0207810e+000  4.5249824e+000
  1.2502882e+000  4.5525046e+000
  8.3765540e+000  5.7654630e+000
  7.3564085e+000  5.6519139e+000
  7.5213483e+000  6.3006751e+000
  5.5888972e+000  3.6170696e+000
  1.9250265e+000  6.4554899e+000
  2.0407395e+000  5.0707288e+000
  2.1704234e+000  1.3314397e+000
  1.9758838e+000  6.9731628e+000
  6.7078744e+000  6.3087255e+000
  2.6977909e+000  4.7278214e+000
  3.0010009e+000  8.1619146e+000
  4.9880272e+000  3.3016742e+000
  1.7666536e+000  1.8869989e+000
  2.8461955e+000  1.2244261e+000
  5.6326330e+000  2.5528814e+000
  5.5115754e+000  5.2133468e+000
  8.6359389e+000  8.2501418e+000
  3.2334645e+000  8.5577804e+000
  6.7018704e+000  6.1706251e+000
  4.0293599e+000  7.5627371e+000
  1.4295914e+000  6.3743933e+000
  2.1184614e+000  2.3387269e+000
  2.3169012e+000  7.1888343e+000
  3.1489607e+000  8.3701550e+000
  2.5013561e+000  1.6870909e+000
  7.1349040e+000  3.3361919e+000
  3.4268688e+000  7.6261668e+000
  5.4181190e+000  3.1437505e+000
  7.4655171e+000  1.8506882e+000
  1.5866529e+000  4.9339126e+000
  1.3839810e+000  3.8055735e+000
  4.4607728e+000  4.8314058e+000
  7.0053942e+000  7.9240520e+000
  3.4030511e+000  1.9195675e+000
  4.3470594e+000  5.6514775e+000
  4.9586308e+000  2.6513832e+000
  6.8092518e+000  5.2611465e+000
  7.6070660e+000  1.1715124e+000
  1.9939593e+000  2.6423197e+000
  8.5556663e+000  4.3511422e+000
  1.8022266e+000  7.0338846e+000
  8.9637948e+000  1.5280756e+000
  3.2562453e+000  7.8808440e+000
  7.5345097e+000  8.2692197e+000
  7.3760849e+000  8.1113591e+000
  7.7579817e+000  5.4965533e+000
  7.3381170e+000  6.0920545e+000
  6.4587439e+000  5.8574582e+000
  7.8124425e+000  6.1311990e+000
  3.0550711e+000  7.2095156e-001
  6.5821832e+000  7.8349960e+000
  6.8383282e+000  6.8549316e+000
  2.9685755e+000  1.3428198e+000
  5.3651753e+000  2.5353345e+000
  1.7584991e+000  6.9132153e+000
  3.4702359e+000  1.1765241e+000
  3.5631155e+000  8.9274811e+000
  1.6058494e+000  8.1197326e+000
  2.3782841e+000  2.5369978e+000
  2.2841851e+000  7.4436543e+000
  6.8789148e+000  6.6931675e+000
  7.1179536e+000  5.4159140e+000
  2.8845232e+000  7.5016355e-001
  8.3641279e+000  7.8691085e+000
  2.9695357e+000  7.9793734e+000
  7.7610153e+000  6.3183958e+000
  7.5231894e+000  1.7519880e+000
  2.7281129e+000  1.6494894e+000
  9.1344367e+000  3.2319116e+000
  3.8094672e+000  2.2674889e+000
  7.8056679e+000  7.4083726e+000
  1.7662416e+000  2.0130578e+000
  2.5090115e+000  2.8187586e+000
  7.7344771e+000  3.5293376e+000
  7.8774809e+000  5.2630562e+000
  2.5177593e+000  1.2561985e+000
  1.6814414e+000  6.5385757e+000
  1.8557246e+000  7.0125429e+000
  1.8358617e+000  7.1364445e+000
  5.4493483e+000  3.5170655e+000
  8.7126024e+000  6.2937173e+000
  2.1931452e+000  3.7427662e+000
  7.7641253e+000  7.5525759e+000
  1.8393466e+000  7.3256261e+000
  2.4217639e+000  2.6536809e+000
  7.8197776e+000  3.3494115e+000
  6.9559548e+000  7.6238712e+000
  4.6926035e+000  5.9545662e+000
  7.0010221e+000  5.5042313e+000
  6.4966927e+000  7.3823868e+000
  5.6134220e+000  4.0529901e+000
  7.8130991e+000  2.8235682e+000
  2.6107164e+000  4.9872323e+000
  7.1896052e+000  5.5722557e+000
  7.4082016e+000  5.3892460e+000
  5.0310103e+000  2.8529196e+000
  8.5495540e+000  2.6185710e+000
  5.8301038e+000  2.7462812e+000
  5.0551017e+000  7.2520651e+000
  2.8169372e+000  8.1014046e+000
  7.4545175e+000  5.3593834e+000
  6.7841389e+000  7.7359988e+000
  2.7565395e+000  7.9662003e+000
  5.4283188e+000  9.0153169e+000
  6.4817812e+000  7.5766367e+000
  6.5761349e+000  6.3976894e+000
  6.9989369e+000  3.2423224e+000
  8.6024773e+000  5.5369672e+000
  2.8432998e+000  2.6165888e+000
  7.8250389e+000  6.2669604e+000
  8.5164086e+000  5.9844847e+000
  8.7746373e+000  8.2984123e+000
  5.0031001e+000  2.5533374e+000
  1.6940506e+000  4.4534845e+000
  2.6215204e+000  3.6873687e+000
  1.9053520e+000  2.0604250e+000
  3.3759121e+000  1.3670911e+000
  1.7292894e+000  7.4836907e+000
  1.7285254e+000  6.3554668e+000
  7.7845056e+000  5.2619828e+000
  1.4774965e+000  8.2334942e+000
  1.7105342e+000  6.8995958e+000
  5.8607382e+000  2.8263914e+000
  4.2178987e+000  8.4455245e+000
  6.6509801e+000  7.2619940e+000
  7.6016958e+000  3.1537340e+000
  7.8197126e+000  2.4511659e+000
  7.8375998e+000  1.1717336e+000
  1.9677651e+000  8.2813227e+000
  8.2117062e+000  2.5128134e+000
  5.1940925e+000  1.7012609e+000
  1.9550858e+000  7.4311075e+000
  8.9294059e+000  7.2516544e+000
  2.0255409e+000  7.3068527e+000
  5.2909262e+000  2.6344123e+000
  3.1452036e+000  2.2557809e+000
  4.8547417e+000  3.0520248e+000
  7.0436939e+000  7.1262832e+000
  1.8443006e+000  7.8466531e+000
  7.2333819e+000  1.4861358e+000
  7.0635142e+000  6.2514933e+000
  6.5333140e+000  6.2815341e+000
  1.7801033e+000  9.8563580e-001
  3.5883950e+000  8.1784646e+000
  3.2860308e+000  2.4609755e+000
  2.5986458e+000  8.2962171e+000
  8.5620999e+000  1.9345712e+000
  8.7141979e+000  6.0062287e+000
  7.9595268e+000  7.9792503e+000
  1.4230856e+000  1.6089351e+000
  5.6861266e+000  6.0943977e+000
  8.4090618e-001  6.1419068e+000
  7.9637581e+000  5.8769444e+000
  5.6159809e+000  3.9433218e+000
  2.0799757e+000  3.8550729e+000
  6.7180105e+000  4.7228959e+000
  2.2910613e+000  8.1223515e+000
  3.8821989e+000  8.3181057e+000
  7.5008710e+000  6.3338833e+000
  1.7803515e+000  5.0606046e+000
  8.5326432e+000  7.4629738e+000
  6.9736910e+000  6.7087930e+000
  5.2956014e+000  2.7321401e+000
  7.0821542e+000  6.2399021e+000
  2.8181743e+000  8.2105496e+000
  1.3814322e+000  4.8873705e+000
  3.0036621e+000  7.2512048e-001
  2.0316339e+000  1.2079136e+000
  1.7653359e+000  3.8580761e+000
  4.6553552e+000  3.4258920e+000
  1.0073449e+000  4.5055213e+000
  6.7931275e+000  6.7741523e+000
  6.7547424e+000  7.6302183e+000
  2.3506576e+000  3.9636208e+000
  4.7470447e+000  7.3379877e+000
  7.6927277e+000  1.3104368e+000
  2.2266445e+000  2.3762305e+000
  1.4475835e+000  6.2920565e+000
  1.6409598e+000  5.0534802e+000
  8.1325625e+000  7.7791875e+000
  2.9348951e+000  2.2510240e+000
  6.4743169e+000  7.8648975e+000
  1.2231018e+000  4.6972771e+000
  5.7900304e+000  3.9079383e+000
  7.3981485e+000  1.2194632e+000
  7.9520097e+000  5.4665095e+000
  3.7291436e-001  7.1206353e+000
  8.4945650e+000  2.4500775e+000
  7.8872517e+000  5.5938778e+000
  5.1686137e-001  7.5379249e+000
  4.5845776e+000  3.0587836e+000
  6.2148759e+000  4.5094956e+000
  6.7916318e+000  6.8701091e+000
  2.1425733e+000  7.2021744e+000
  3.5843055e+000  1.9242645e+000
  1.4264559e+000  3.9505504e+000
  8.1508473e+000  6.2208993e+000
  8.7791173e+000  2.6821732e+000
  2.5330956e+000  4.2780597e+000
  1.6721790e+000  6.9844903e+000
  8.1464427e+000  6.4537170e+000
  2.2670198e+000  7.1431579e+000
  1.7108186e+000  7.8746639e+000
  8.3715103e+000  6.0623903e+000
  3.2128551e+000  2.2379768e+000
  8.4149437e+000  6.2826990e+000
  6.6286717e+000  7.0380541e+000
  8.7781159e+000  8.1169869e+000
  6.3994899e+000  5.9812867e+000
  2.7658386e+000  1.5532104e+000
  2.1645387e+000  7.5545884e+000
  7.4301123e+000  8.5367974e+000
  2.6568687e+000  4.9784921e+000
  5.7596937e+000  2.6268149e+000
  2.4172091e+000  1.9960659e+000
  5.1443987e+000  2.4185077e+000
  1.5957376e+000  2.1181294e+000
  1.0897109e+000  7.6967016e+000
  1.5800765e+000  1.1400747e+000
  7.4812214e+000  3.4315191e+000
  1.8937085e+000  7.1330593e+000
  8.0599959e+000  2.8900960e+000
  8.3756489e+000  3.6254022e+000
  6.7145347e+000  7.5088789e+000
  1.7514961e+000  8.1784309e+000
  3.8953929e+000  8.9387367e+000
  6.7940261e+000  6.4921350e+000
  3.6391808e+000  9.1263302e+000
  7.8975317e+000  3.2771522e+000
  2.2810226e+000  7.2439246e+000
  8.9324929e+000  1.7419665e+000
  7.0019489e+000  6.8642792e+000
  2.0888020e+000  2.8443928e+000
  8.4616520e+000  7.7211749e+000
  4.2651211e+000  3.4448120e+000
  2.1527633e+000  7.5072133e+000
  2.7453855e+000  8.2758620e+000
  5.7964109e+000  3.3913816e+000
  6.7896672e+000  7.1036154e+000
  7.9104830e+000  2.3141887e+000
  7.1301230e+000  2.5442696e+000
  1.9531642e+000  7.5592580e+000
  2.9389460e+000  1.3679326e+000
  7.8776410e+000  5.9478168e+000
  6.6226961e+000  6.5681937e+000
  6.5491389e-001  7.4623411e+000
  5.6541047e+000  3.3900943e+000
  7.9625611e+000  5.6314434e+000
  3.2075242e+000  8.4742029e+000
  2.5824297e+000  4.1500277e+000
  7.8282040e+000  1.5916788e+000
  6.6874339e+000  6.8440952e+000
  6.2693854e+000  6.2948728e+000
  6.4839752e+000  7.0717846e+000
  4.1859194e+000  8.7320939e+000
  6.6659935e+000  6.2347107e+000
  5.5432107e+000  3.5456721e+000
  7.5272679e+000  1.9247572e+000
  5.9090402e+000  4.4235427e+000
  7.1028284e+000  6.1194413e+000
  1.7238305e+000  8.0074845e+000
  6.3168628e+000  7.2843282e+000
  3.3429762e+000  9.7116104e+000
  2.7406472e+000  1.1665500e+000
  5.9054319e+000  3.7687656e+000
  8.2118980e+000  7.7899709e+000
  8.0685155e+000  5.7144166e+000
  3.9292697e+000  1.6166570e+000
  7.7854933e+000  5.9076811e+000
  7.8116160e+000  3.0157804e+000
  3.8942357e+000  8.5870774e+000
  2.1692495e+000  4.4042248e+000
  2.2817753e+000  7.7607968e+000
  1.5545583e+000  1.3151447e+000
  7.7904786e+000  5.3407364e+000
  3.5910501e+000  1.8642101e+000
  4.8839922e+000  3.3172722e+000
  8.6551352e+000  8.5315209e+000
  2.1137468e+000  4.2375407e+000
  7.4479344e+000  6.2265517e+000
  1.7821161e+000  3.1413064e+000
  7.4558383e+000  8.4180511e+000
  2.3380415e+000  8.2238100e+000
  1.6590024e+000  7.6097569e+000
  4.0701212e+000  3.3509110e+000
  2.6348496e+000  1.6502450e+000
  6.4602200e+000  7.6234239e+000
  3.2717984e+000  8.2191730e+000
  5.4671158e+000  2.5369031e+000
  1.5943957e+000  7.4589430e+000
  8.1183954e+000  7.9266616e+000
  2.6301957e+000  4.7982408e+000
  5.3233375e+000  4.1008303e+000
  2.8983531e+000  8.6904002e+000
  7.5210619e+000  2.0157411e+000
  8.8023601e+000  2.8543658e+000
  1.8851930e+000  7.1553894e+000
  5.2140072e+000  2.4588745e+000
  7.2012320e+000  6.3732056e+000
  6.1855460e-001  7.4589269e+000
  7.6068389e+000  2.3284147e+000
  8.2128485e+000  2.0493598e+000
  3.9379288e+000  1.9587116e+000
  6.5059840e+000  6.1072432e+000
  7.7153343e+000  5.8824332e+000
  8.2071560e+000  3.0113677e+000
  2.3413681e+000  6.6830018e+000
  7.9274439e+000  5.5417539e+000
  5.0461670e+000  3.4242775e+000
  1.5669453e+000  1.1597056e+000
  1.6633223e+000  4.3166149e+000
  5.9925469e+000  3.7582152e+000
  5.5268681e+000  2.5207729e+000
  5.3880918e+000  3.8036294e+000
  8.3133457e+000  8.2874334e+000
  8.1201358e+000  5.8891231e+000
  7.9259003e+000  7.9506484e+000
  6.3271832e+000  8.1396602e+000
  6.8172301e+000  6.2614128e+000
  8.0654690e+000  5.5368443e+000
  7.4914139e+000  6.2374425e+000
  7.6580808e+000  7.6907691e+000
  6.1201077e+000  8.0433887e+000
  4.9786550e+000  3.6760098e+000
  7.9183143e+000  5.6141893e+000
  2.1953773e+000  6.3192940e+000
  3.1551634e+000  8.1480866e+000
  3.2542588e+000  8.3259284e+000
  3.6803423e+000  1.0335172e+000
  8.0320791e+000  6.0552773e+000
  7.0971974e+000  4.7747579e+000
  1.6941123e+000  1.6377813e+000
  7.6797565e+000  8.2084005e+000
  1.3668322e+000  4.5309434e+000
  5.9505453e+000  8.7232164e+000
  5.3347783e+000  3.9053901e+000
  1.8426567e+000  7.9181797e+000
  8.7922315e+000  2.6059173e+000
  1.7703539e+000  4.9210173e+000
  3.4774385e+000  9.1056642e-001
  7.5404900e+000  5.5781005e+000
  1.4365690e+000  7.5120458e+000
  6.5673705e+000  8.2588389e+000
  7.9364207e+000  2.6458585e+000
  7.7000791e+000  6.4889010e+000
  7.4771324e+000  1.7295333e+000
  3.0272447e+000  1.7606002e+000
  6.9922077e+000  7.4924021e+000
  1.9522400e+000  6.6596066e+000
  7.9757388e+000  2.1194581e+000
  5.4310605e+000  2.5604855e+000
  7.5661585e+000  5.9776383e+000
  2.5255434e+000  6.7537258e+000
  6.5867344e+000  4.6912565e+000
  3.6115660e+000  8.2064586e+000
  2.4555229e+000  3.0141841e+000
  2.6327779e+000  2.6369405e+000
  1.4883240e+000  4.1132250e+000
  7.2674937e+000  6.3274358e+000
  3.1429971e+000  1.4697725e+000
  8.6061193e+000  8.2964226e+000
  1.7209488e+000  6.2758104e+000
  7.2329263e+000  5.4240089e+000
  6.4953486e+000  7.0431091e+000
  3.1889551e+000  8.3008635e+000
  7.8672756e+000  7.8829407e+000
  8.8349136e+000  2.3735605e+000
  6.6221473e+000  7.9370276e+000
  7.3685035e+000  1.9928430e+000
  1.8909105e+000  4.4811858e+000
  4.0150346e+000  7.7367701e+000
  7.5454196e+000  1.2537962e+000
  8.4488299e+000  4.5770937e+000
  3.4039803e+000  1.8340533e+000
  5.3959517e+000  2.4238557e+000
  8.4020716e+000  6.1628018e+000
  3.8840362e+000  8.3462856e+000
  7.5260499e+000  5.6091208e+000
  2.6799201e+000  2.3178781e+000
  6.2430689e+000  3.5028095e+000
  6.9577360e+000  6.6530762e+000
  3.0738112e+000  8.3576037e+000
  8.9728170e+000  3.7023483e+000
  3.5236290e+000  7.8467185e+000
  4.7672093e+000  4.0195610e+000
  3.6165829e+000  8.1253446e+000
  2.5982778e+000  1.5319983e+000
  1.4360047e+000  3.9113105e+000
  6.4734125e+000  8.1178937e+000
  7.1784704e+000  6.3743948e+000
  5.4172476e+000  2.3457058e+000
  2.1756973e+000  2.9935356e+000
  6.6279013e+000  7.6506235e+000
  3.0791368e+000  9.0041255e+000
  7.5865081e+000  2.3832329e+000
  4.9327287e+000  2.9529463e+000
  8.5613201e+000  5.6470931e+000
  2.2455249e+000  7.5042384e+000
  2.9993251e+000  2.1459362e+000
  4.4549350e+000  3.1976996e+000
  8.7272047e+000  2.0745133e+000
  5.6664683e+000  3.7476951e+000
  2.6130353e+000  2.0678696e+000
  2.2633351e+000  6.3657991e+000
  1.9342093e+000  4.1752496e+000
  7.0896484e+000  3.1553093e+000
  2.9259786e+000  8.3185494e+000
  7.3341895e+000  3.2139626e+000
  6.7609344e+000  2.7396983e+000
  1.2527847e+000  4.5248416e+000
  1.7295449e+000  4.3639560e+000
  4.9843116e+000  3.5846263e+000
  3.0803961e+000  1.9802477e+000
  8.3828885e+000  5.9439421e+000
  3.0209465e+000  7.8921253e-001
  4.6108284e+000  2.4385770e+000
  7.6477969e+000  6.3465859e+000
  3.9170232e+000  8.3064347e+000
  6.6025333e+000  8.0133099e+000
  5.7665262e+000  2.1767421e+000
  6.4643692e+000  6.0192503e+000
  3.1272637e+000  2.1521562e+000
  7.4509732e+000  7.9818589e+000
  7.2424452e+000  5.5089827e+000
  8.4834576e+000  6.3348990e+000
  1.7765254e+000  6.6976512e+000
  6.1979332e+000  2.6859580e+000
  1.6614019e+000  6.2035764e+000
  1.7618786e+000  7.3632593e+000
  6.1950187e+000  6.2423958e+000
  2.2924187e+000  6.8430192e+000
  3.5626539e+000  2.3233318e+000
  6.8828998e+000  7.8716473e+000
  5.2346457e+000  3.6946600e+000
  9.9290609e-001  4.7396255e+000
  1.5467925e+000  4.5576883e+000
  5.4259808e+000  4.0089677e+000
  7.8143441e+000  3.0212883e+000
  7.3136661e+000  3.3515579e+000
  8.0316784e+000  6.0996202e+000
  6.7374244e+000  6.9512392e+000
  8.6339516e+000  2.8415567e+000
  6.2008305e+000  6.2703616e+000
  5.6367053e+000  3.6850644e+000
  8.1238687e+000  5.4083796e+000
  3.2787101e+000  2.4023220e+000
  4.3987761e+000  5.7822580e+000
  1.7622681e+000  4.7444360e+000
  1.7771658e+000  4.3815682e+000
  5.1499725e+000  3.3071973e+000
  6.8478778e+000  1.0633369e+000
  1.7053181e+000  1.2021800e+000
  6.7933310e+000  8.2009425e+000
  7.2496390e+000  3.2861130e+000
  5.5363629e+000  2.5277149e+000
  7.6824755e+000  3.0833810e+000
  1.6532211e+000  2.2691177e+000
  6.1383352e+000  8.1348793e+000
  5.6157932e+000  4.6607412e+000
  7.7580781e+000  7.8918238e+000
  6.2465855e+000  6.4851651e+000
  1.7667794e+000  4.7442846e+000
  5.3599945e+000  3.5376548e+000
  5.5790362e+000  4.0697608e+000
  6.2369935e+000  7.1676519e+000
  8.8412568e+000  2.9168013e+000
  3.3877128e+000  4.7192000e+000
  5.2167968e+000  2.5565627e+000
  8.2685813e+000  6.2669624e+000
  5.5044078e+000  3.9191220e+000
  8.2652441e+000  4.4162649e+000
  5.7996016e+000  3.6119348e+000
  3.6076755e+000  2.7374413e+000
  1.8017478e+000  4.2243464e+000
  8.6566665e+000  5.7564847e+000
  1.2767407e+000  7.8889056e+000
  7.6385818e+000  2.2867256e+000
  7.2351436e+000  7.6366651e+000
  7.8183586e+000  6.1506023e+000
  5.1169433e+000  2.4476298e+000
  6.8752529e+000  6.5255320e+000
  2.1961699e+000  4.2969109e+000
  3.5595512e+000  9.4261247e+000
  8.1802953e+000  3.0327361e+000
  8.7275695e+000  7.8117287e+000
  8.0465459e+000  5.8770945e+000
  2.2714975e+000  1.6611074e+000
  9.7041590e-001  4.5359943e+000
  5.9281599e+000  2.6748579e+000
  7.0764808e+000  7.2489570e+000
  8.2819044e+000  5.8562967e+000
  6.6630866e+000  6.7938042e+000
  2.1309136e+000  2.5097945e+000
  1.8510381e+000  7.0960505e+000
  3.9013696e+000  8.3957317e+000
  1.8019385e+000  3.8297998e+000
  5.7119172e+000  4.0890134e+000
  1.9727305e+000  6.7067809e+000
  3.1713474e+000  7.9396349e+000
  1.8309919e+000  8.4384168e+000
  6.8659059e+000  2.0360195e+000
  8.4323665e+000  5.5159861e+000
  2.2048666e+000  6.9347217e+000
  8.4275641e+000  7.1665321e+000
  6.3781688e+000  2.1165321e+000
  1.8552360e+000  7.1544340e+000
  2.1250427e+000  7.4075417e+000
  6.5723026e+000  6.3093192e+000
  3.4636864e+000  9.6954778e+000
  2.1370510e+000  1.6894845e+000
  6.4500505e+000  4.5454999e+000
  7.7781833e+000  6.1094236e+000
  8.7905070e+000  8.1306022e+000
  3.6102291e+000  9.2200502e+000
  2.5000414e+000  2.5243966e+000
  1.5664595e+000  7.0147502e+000
  3.8452397e-001  7.0017312e+000
  3.6504256e+000  2.5649590e+000
  6.2752577e+000  4.2048365e+000
  2.8577163e+000  4.3121873e+000
  5.3279131e+000  3.8901884e+000
  6.8351271e+000  5.4099684e+000
  6.9221748e+000  6.8383099e+000
  5.6139469e+000  2.7611847e+000
  2.6066408e+000  1.4931913e+000
  4.1539627e+000  3.1218216e+000
  1.7088242e+000  7.2214823e+000
  8.5396055e+000  2.7792375e+000
  1.9618043e+000  6.7650672e+000
  2.4951341e+000  6.3155892e+000
  8.0171573e+000  7.6632364e+000
  1.1308750e+000  4.7043372e+000
  3.6755204e+000  8.1716138e+000
  5.2102841e+000  3.2491176e+000
  2.1273426e+000  6.4955943e+000
  1.5919028e+000  7.8738118e+000
  2.2404705e+000  6.9908016e+000
  6.9256365e+000  2.7232749e+000
  2.8993513e+000  2.5129058e+000
  5.5973877e+000  2.6724493e+000
  5.3052084e+000  2.3814461e+000
  2.9021178e+000  2.2757591e+000
  2.2088262e+000  8.3838283e+000
  1.9136412e+000  4.2889992e+000
  2.1844054e+000  5.0580833e+000
  5.2739887e+000  3.8096287e+000
  2.3246995e+000  3.0213492e+000
  1.7633282e+000  6.4140684e+000
  4.3112787e+000  6.2339007e+000
  4.8450410e+000  6.1670852e+000
  7.2098503e+000  5.4305385e+000
  5.3170798e+000  2.6320865e+000
  8.5977675e+000  5.7798826e+000
  7.5069493e+000  2.4280119e+000
  1.4681381e+000  3.8631324e+000
  6.5298370e+000  7.9762920e+000
  6.6470897e+000  1.6686226e+000
  5.5749932e+000  2.6201941e+000
  1.5729045e+000  7.2334408e+000
  3.2293217e+000  8.2089713e+000
  3.9885094e+000  8.2977408e+000
  6.9342025e+000  6.3479232e+000
  8.2989088e+000  3.0548642e+000
  2.4320589e+000  2.2104063e+000
  5.7414941e+000  3.6356916e+000
  5.1987877e+000  4.0742245e+000
  5.3251642e+000  3.7404827e+000
  6.9326734e+000  6.3223159e+000
  7.1074094e+000  7.5628422e+000
  2.1662289e+000  2.9243083e+000
  6.5380961e+000  7.8275652e+000
  3.2618325e+000  8.1461096e+000
  2.5897930e+000  7.9239071e+000
  7.8180538e+000  5.6281847e+000
  6.2553318e+000  7.7269996e+000
  5.3825652e+000  5.1533909e+000
  1.4273183e+000  7.9554585e+000
  7.2964836e+000  1.2434750e+000
  7.7173896e+000  6.4791038e+000
  6.9386097e+000  7.9097495e+000
  2.1484161e+000  4.5979134e+000
  2.2660067e+000  2.1495485e+000
  3.5730785e+000  9.0180969e+000
  4.6027746e+000  3.2174245e+000
  1.6377733e+000  7.6525049e+000
  4.9909928e+000  3.6110073e+000
  4.1915131e+000  7.9309455e+000
  8.0474544e+000  8.4733912e+000
  8.1363960e+000  3.1749777e+000
  5.5793427e+000  2.0666731e+000
  7.2475176e+000  1.1899424e+000
  8.0022841e+000  7.3115087e+000
  1.5759241e+000  4.4909084e+000
  5.2134416e+000  3.8013642e+000
  6.2058662e+000  7.5427352e+000
  6.3245108e+000  7.8890993e+000
  5.2030342e+000  2.6884501e+000
  7.6161262e+000  7.5234877e+000
  7.4801877e+000  1.4936868e+000
  8.5365641e+000  5.6422910e+000
  7.6871248e+000  1.6849933e+000
  6.2796079e+000  5.4349706e+000
  6.8946364e+000  7.4142838e+000
  5.6162005e+000  5.2068148e+000
  1.7486840e+000  2.5068708e+000
  6.3622612e+000  3.2536998e+000
  8.3021216e+000  2.8384271e+000
  2.1177439e+000  6.4596312e+000
  5.8541915e+000  3.1327100e+000
  7.6512289e+000  5.5656274e+000
  3.2996803e+000  8.3969782e+000
  4.3719410e+000  6.3124785e+000
  1.7361031e+000  6.2726458e+000
  6.5542410e+000  4.9163737e+000
  3.1391137e+000  1.8651900e+000
  7.7749568e+000  2.8906771e+000
  1.3193931e+000  8.1397065e+000
  2.9240790e+000  8.1895847e+000
  4.3026348e+000  2.7899099e+000
  2.8393817e+000  8.4348074e+000
  6.6314793e+000  7.5669954e+000
  2.9810740e+000  4.3800111e+000
  3.5153115e+000  7.3142897e+000
  2.9719167e+000  6.6478730e+000
  2.4441949e+000  1.5472975e+000
  7.8306027e+000  5.6167836e+000
  3.9808479e+000  7.8889725e+000
  5.6095862e+000  3.0255267e+000
  1.1420667e+000  5.7753348e+000
  4.8211331e+000  9.1895052e+000
  5.2368223e+000  3.2035993e+000
  5.4919321e+000  5.1152429e+000
  2.2388529e+000  3.7460576e+000
  1.5569306e+000  5.0391236e+000
  2.8627189e+000  8.3902580e+000
  3.7340905e+000  8.6322637e+000
  8.4352142e+000  2.4910821e+000
  5.4967739e+000  4.0118413e+000
  5.1370359e+000  7.3434478e+000
  8.8627333e+000  7.9333854e+000
  6.7318087e+000  7.4222188e+000
  8.8364773e+000  2.8646789e+000
  7.5418174e+000  5.3167787e+000
  2.2723918e+000  4.3552259e+000
  7.4308618e+000  1.2351028e+000
  2.5181508e+000  9.0590034e+000
  6.2479965e+000  6.9485380e+000
  6.3256733e+000  7.9174658e+000
  6.0157096e+000  6.0638202e+000
  1.9381250e+000  7.5963503e+000
  2.7304735e+000  1.2829195e+000
  2.2887415e+000  2.4376525e+000
  5.8879578e+000  4.3410535e+000
  7.6136486e+000  1.4027702e+000
  2.4771039e+000  1.8341961e+000
  3.3494270e+000  8.2598924e-001
  7.2584613e+000  5.4018018e+000
  5.1933448e+000  3.1253936e+000
  7.4165830e+000  6.1368966e+000
  2.6715647e-001  7.3217955e+000
  6.4471263e+000  7.4305961e+000
  3.0532772e+000  2.4623684e+000
  2.8780917e+000  7.7301904e+000
  6.6849433e+000  6.4687386e+000
  4.0825073e+000  8.3587051e+000
  7.0758033e+000  7.6635170e+000
  2.7998468e+000  4.4843674e+000
  8.5452778e+000  7.9424348e+000
  5.7835492e+000  2.6771845e+000
  1.8894014e+000  8.2132664e+000
  1.5788827e+000  8.2044937e+000
  2.0698684e+000  1.9409040e+000
  5.5536773e+000  4.7182695e+000
  7.4988971e+000  1.3453973e+000
  1.9075243e+000  7.4812579e+000
  6.9758962e+000  1.2497069e+000
  1.6297383e+000  1.4352221e+000
  7.6241703e+000  1.9009407e+000
  8.7595954e+000  7.5103200e+000
  4.8132289e+000  3.7224994e+000
  6.8181557e+000  6.8230534e+000
  5.0286047e+000  3.7528868e+000
  7.8350042e+000  2.7543500e+000
  6.6344775e+000  7.3590327e+000
  2.0872477e+000  7.0430900e+000
  2.5617283e+000  4.6224190e+000
  3.4513286e+000  1.6429480e+000
  7.8818597e+000  2.2757407e+000
  3.6599341e+000  8.6302161e+000
  3.5951233e+000  2.1630200e+000
  7.3713832e+000  6.2375420e+000
  6.4760887e+000  6.1473784e+000
  5.2920708e+000  3.7636759e+000
  7.7247906e+000  6.3512933e+000
  5.7195254e+000  5.3969619e+000
  1.4574792e+000  4.5533289e+000
  2.0364651e+000  2.2051291e+000
  7.6902224e+000  7.7263129e+000
  8.7883218e+000  3.0374969e+000
  8.7362051e+000  3.0500608e+000
  7.2659660e+000  6.0051088e+000
  7.7586450e+000  5.4992386e+000
  5.2916338e+000  3.1029920e+000
  2.2821842e+000  2.1485726e+000
  7.5921589e+000  8.4403824e+000
  3.8331844e+000  2.1717823e+000
  6.4735756e+000  8.0075744e+000
  1.1257996e+000  4.1327238e+000
  4.4139714e+000  2.8163020e+000
  6.8804669e+000  7.1574605e+000
  8.2397487e+000  5.9391388e+000
  5.6275907e+000  2.6468268e+000
  5.3354557e+000  2.7251086e+000
  1.8536573e+000  1.2554330e+000
  1.6338017e+000  4.5947783e+000
  6.7667319e+000  2.9252528e+000
  1.5625205e+000  3.8772715e+000
  6.5446599e+000  6.2491146e+000
  1.0626518e+000  4.8430484e+000
  3.6142543e+000  2.6679496e+000
  4.5916333e+000  3.9434892e+000
  6.4497652e+000  7.9665982e+000
  3.8302452e+000  2.6938890e+000
  2.2615238e+000  6.5941298e+000
  7.2220170e+000  5.6196892e+000
  3.4105654e+000  9.6197225e+000
  2.7525250e+000  6.8938964e+000
  8.4950884e+000  1.9101026e+000
  2.0325885e+000  6.7080868e+000
  6.9296688e+000  7.9145450e+000
  6.7626746e+000  7.4876574e+000
  2.2225240e+000  3.7401369e+000
  6.1337165e+000  2.8852476e+000
  8.2726711e+000  5.4430158e+000
  1.8807635e+000  7.1648070e+000
  6.5301897e+000  6.6729814e+000
  1.9907367e+000  7.8517305e+000
  1.4803178e+000  7.7837219e+000
  7.8647924e+000  8.4630037e+000
  6.7156736e+000  6.5044732e+000
  8.1216289e+000  2.0066875e+000
  8.4622455e+000  5.4625980e+000
  2.8513126e+000  4.8329578e+000
  6.7101803e+000  6.8345669e+000
  4.2248987e+000  6.0393166e+000
  6.6022689e+000  7.5278603e+000
  4.0485549e+000  4.0651665e+000
  7.9991496e+000  2.4293914e+000
  4.7660279e+000  2.4733124e+000
  1.6146505e+000  4.1930707e+000
  8.1446540e+000  1.8439427e+000
  3.5402081e+000  8.3211546e+000
  1.8763225e+000  6.9913942e+000
  5.5468910e+000  3.0942613e+000
  2.1449759e+000  7.2825032e+000
  1.1783439e+000  7.7303318e+000
  6.7594153e+000  2.4910432e+000
  2.0579981e+000  6.8978464e+000
  6.9821595e+000  3.1584769e+000
  7.7239345e+000  5.5240058e+000
  2.4440783e+000  1.6114060e+000
  3.0215623e+000  8.3074820e+000
  7.0591148e+000  5.4901865e+000
  2.4633830e+000  2.0237752e+000
  6.3286487e+000  5.2656128e+000
  3.0098503e+000  8.3019707e+000
  5.8891264e+000  2.7465375e+000
  7.3445830e+000  5.7081914e+000
  1.7527811e+000  2.6284905e+000
  6.8181114e+000  7.9507837e+000
  8.3636281e+000  1.9591332e+000
  3.4713246e+000  7.9582540e+000
  1.4171387e+000  8.2054290e+000
  6.9531622e+000  6.1390322e+000
  1.9846047e+000  7.0057526e+000
  2.5484214e+000  4.7224441e+000
  5.4760459e+000  2.8847366e+000
  7.2902787e+000  4.0633198e+000
  4.5481508e+000  3.2094175e+000
  6.9558495e+000  5.7133751e+000
  7.3599911e+000  6.1795299e+000
  7.3520690e+000  1.9122826e+000
  8.6995162e+000  7.5390510e+000
  2.1664357e+000  7.5657895e+000
  8.2311851e+000  2.8578188e+000
  2.3710169e+000  4.1359542e+000
  2.5736147e+000  2.1719216e+000
  5.3120296e+000  3.6986654e+000
  7.5870310e+000  8.2191597e+000
  3.2074942e+000  8.2645389e+000
  7.3880538e+000  7.3400901e+000
  5.5856788e+000  2.4328473e+000
  6.3351413e+000  7.0272086e+000
  1.2187442e+000  6.5955124e+000
  7.8006374e+000  2.6613999e+000
  3.5679865e+000  2.0298506e+000
  6.8050658e+000  6.3478249e+000
  1.5884346e+000  7.4159751e+000
  2.4776514e+000  2.5482707e+000
  5.5675346e+000  8.2173009e+000
  8.3493950e+000  1.3445628e+000
  2.5814210e+000  4.7396683e+000
  3.2537057e+000  2.2092477e+000
  8.6825475e+000  8.1858180e+000
  7.8814418e+000  1.7344591e+000
  1.8604487e+000  4.5348440e+000
  2.9025156e+000  3.6355703e+000
  2.9369539e+000  4.6751602e+000
  4.9576295e+000  7.1894335e+000
  1.5134013e+000  4.2463763e+000
  5.1354293e+000  3.5120817e+000
  6.8658911e+000  6.7377858e+000
  7.0122528e+000  7.4211214e+000
  2.9266549e+000  4.4660254e+000
  2.3869436e+000  4.4695943e+000
  7.2452645e+000  6.3791546e+000
  2.7889149e+000  1.9923826e+000
  8.4519650e+000  2.4996999e+000
  8.5510538e+000  3.1040364e+000
  8.0732913e+000  6.9558913e+000
  2.5462472e+000  4.6061043e+000
  2.1140785e+000  4.6973494e+000
  8.7157981e+000  2.9323163e+000
  6.1903706e+000  5.9956137e+000
  4.0239230e+000  7.9874491e+000
  3.5813324e+000  1.2813956e+000
  8.5905241e+000  7.8571022e+000
  7.3918520e+000  6.0613715e+000
  8.7860449e+000  1.8054118e+000
  2.8698321e+000  9.2555575e+000
  3.2129805e+000  2.3347061e+000
  3.5667271e+000  8.4327332e+000
  6.9525541e+000  7.8006181e+000
  5.2618878e+000  3.1825385e+000
  6.5029187e+000  8.1779791e+000
  2.5960007e+000  3.6849018e+000
  7.2364579e+000  5.2711724e+000
  3.3694786e+000  8.4456121e+000
  2.1191779e+000  1.7715977e+000
  5.5475136e+000  5.2501703e+000
  8.2065102e+000  6.0896001e+000
  1.1570645e+000  4.2690289e+000
  8.1584519e+000  7.6275009e+000
  7.7983103e+000  1.5955395e+000
  6.3861509e+000  7.0314013e+000
  2.3403038e+000  2.1816562e+000
  6.6337457e+000  6.4950274e+000
  5.3642506e+000  2.5327452e+000
  8.4689388e+000  1.2823162e+000
  2.3679382e+000  2.3266931e+000
  7.3112660e+000  5.9639506e+000
  6.4582624e+000  7.3592244e+000
  5.9284799e+000  5.6815364e+000
  3.7920560e+000  8.3395890e+000
  3.6498492e+000  8.4168623e+000
  7.0661959e+000  5.6210536e+000
  7.7550478e+000  1.3893502e+000
  3.2105780e+000  8.6197750e+000
  2.3335343e+000  3.0429258e+000
  6.7556289e+000  7.0029673e+000
  5.7815964e+000  3.4773318e+000
  7.0104889e+000  7.6929877e+000
  5.4383938e+000  8.0075142e+000
  1.7741429e+000  8.3634195e+000
  7.5099180e+000  7.9199855e+000
  2.0920948e+000  7.5257763e+000
  5.8821362e+000  2.6148841e+000
  2.0556220e+000  6.5860004e+000
  1.7823113e+000  3.8615761e+000
  7.7543413e+000  1.7900413e+000
  4.1607114e+000  6.1278902e+000
  7.5027359e+000  1.7728382e+000
  3.7778412e+000  2.4486420e+000
  6.7416057e+000  7.6208453e+000
  8.2563018e+000  4.0590909e+000
  7.0644839e+000  6.3867329e+000
  1.6459333e+000  4.6076735e+000
  3.3165189e+000  9.2000800e+000
  4.1249757e+000  3.1799968e+000
  2.2398452e+000  6.2574759e+000
  2.0372549e+000  6.8620311e+000
  3.2081309e+000  2.0283895e+000
  5.6364327e+000  2.5117853e+000
  7.2984415e+000  1.4786368e+000
  2.8740576e+000  8.3927421e+000
  6.9224663e+000  1.6166022e+000
  2.0715503e+000  6.5971377e+000
  3.4887906e+000  9.3397560e+000
  1.7142675e+000  7.5188796e+000
  7.0310816e+000  6.4653703e+000
  7.9721118e+000  6.4638732e+000
  6.8715652e+000  6.5028594e+000
  6.6698333e+000  4.8164232e+000
  7.8089794e+000  6.3038491e+000
  7.8191146e+000  2.4184666e+000
  5.9202345e+000  3.9608892e+000
  7.6927169e+000  8.2305803e+000
  2.8692864e+000  2.8467266e+000
  1.7758532e+000  7.0736401e+000
  1.9867397e+000  4.2938780e+000
  7.4523078e+000  2.7324161e+000
  1.9476052e+000  7.2992053e+000
  7.4006729e+000  6.1853041e+000
  3.1834641e+000  7.3293299e+000
  2.3168529e+000  3.0942811e+000
  6.9052383e+000  7.3140216e+000
  8.1034159e+000  1.4020611e+000
  5.9151749e+000  2.3682701e+000
  5.9485128e+000  2.5896141e+000
  2.7617959e+000  4.0097611e+000
  6.6180281e+000  6.3806313e+000
  8.0879250e+000  7.8200125e+000
  6.3739983e+000  6.2722576e+000
  7.3816217e+000  8.1093777e+000
  8.2938504e+000  5.4240722e+000
  2.3463486e+000  1.7819843e+000
  6.9863492e+000  6.3770411e+000
  2.4440572e+000  5.0181327e+000
  7.0483520e+000  7.3759379e+000
  2.7223096e+000  4.3046281e+000
  4.1375496e+000  7.7351543e+000
  5.5613520e+000  4.5114196e+000
  2.3327562e+000  2.5399345e+000
  3.7039725e+000  8.5470334e+000
  1.7101619e+000  4.9332349e+000
  3.9214063e+000  8.1840750e+000
  2.4538595e+000  4.3342094e+000
  2.0463214e+000  4.0008789e+000
  7.4980220e+000  1.2247341e+000
  7.4924328e+000  1.6747195e+000
  8.2158619e+000  7.5150025e+000
  8.2405875e+000  5.8631968e+000
  3.1919187e+000  2.1264888e+000
  4.1355959e+000  8.4323990e+000
  7.6673609e+000  1.4827408e+000
  5.3086090e+000  2.4375729e+000
  5.5709593e+000  3.6107918e+000
  7.9087901e+000  2.8763272e+000
  1.7888859e+000  6.3888006e+000
  5.3109601e+000  2.7665579e+000
  7.2612640e+000  1.4036719e+000
  3.8839279e+000  8.7483400e+000
  8.1645672e+000  7.8302796e+000
  7.3450125e+000  5.7945731e+000
  7.3974639e+000  1.9125135e+000
  2.8325201e+000  1.3319988e+000
  5.5110946e+000  2.4623666e+000
  3.3609234e+000  1.6693112e+000
  8.0334795e-001  7.0293228e+000
  2.5192030e+000  8.0815599e+000
  7.0330992e+000  7.4606905e+000
  2.1365953e-001  7.4408656e+000
  8.4303116e+000  1.9071670e+000
  8.2462158e+000  6.4436975e+000
  4.3255869e+000  3.1671087e+000
  8.6465832e+000  6.1260880e+000
  4.4627608e+000  6.2901901e+000
  2.5771197e+000  2.7869095e+000
  2.4238277e+000  4.5805939e+000
  4.5969681e+000  3.4688484e+000
  2.2175855e+000  4.4545332e+000
  4.9922155e+000  2.8475802e+000
  1.6883076e+000  4.2631478e+000
  3.9191639e+000  7.8679015e+000
  6.5012266e+000  7.6525878e+000
  2.0556093e+000  4.4927332e+000
  2.9330441e+000  2.2050393e+000
  1.9280566e+000  2.8899780e+000
  8.5723105e+000  2.9458270e+000
  1.8863171e+000  7.5458066e+000
  8.7353725e+000  2.6222216e+000
  2.4653772e+000  4.3067496e+000
  5.8403851e+000  2.8095319e+000
  8.0611789e+000  7.3174510e+000
  8.4002819e+000  3.6684223e+000
  8.2407146e+000  3.0706018e+000
  7.6883504e+000  2.0371523e+000
  3.8476675e+000  8.8627225e+000
  7.8866128e+000  1.4196995e+000
  7.1612674e+000  6.7340593e+000
  3.2256162e+000  1.6257495e+000
  3.8360454e+000  8.4139765e+000
  5.8252778e+000  2.3475039e+000
  6.4736933e+000  8.0778722e+000
  2.3246624e+000  2.7176271e+000
  6.4937647e+000  7.4420099e+000
  1.5529702e+000  4.1632210e+000
  2.7516092e+000  4.3358961e+000
  8.5264609e+000  8.2548859e+000
  6.5628546e+000  2.2160943e+000
  3.1422986e+000  8.2762953e-001
  1.4538118e+000  6.6520381e+000
  1.0285987e+000  7.8438471e+000
  8.9774105e+000  1.6681590e+000
  5.4177736e+000  3.3182599e+000
  8.8906948e+000  3.2626537e+000
  6.7643440e+000  7.8499733e+000
  1.5638851e+000  2.9475290e+000
  7.7906347e+000  5.8379576e+000
  6.0550026e+000  6.8673136e+000
  5.0812144e+000  3.7218661e+000
  7.6291154e+000  5.5195327e+000
  6.9229190e+000  6.4751052e+000
  1.0333762e+000  7.0620450e+000
  8.1491415e+000  7.2876427e+000
  7.5080276e+000  7.9862376e+000
  3.8033906e+000  8.8238811e+000
  5.4014716e+000  4.1498158e+000
  2.2974816e+000  4.1439191e+000
  2.9829327e+000  4.1467919e+000
  6.5223300e+000  7.8671348e+000
  5.3721081e+000  4.2573260e+000
  5.1254254e+000  3.0373391e+000
  2.5685766e+000  8.2107605e+000
  6.2862977e+000  8.0411153e+000
  2.0501040e+000  2.5693569e+000
  5.4957200e+000  2.1044035e+000
  7.4012187e+000  1.3313400e+000
  4.6354456e+000  3.2074639e+000
  8.2242779e+000  2.9637533e+000
  7.8410040e+000  6.1370740e+000
  8.5539513e+000  6.0877498e+000
  7.1952305e+000  6.2228719e+000
  3.0846448e+000  1.1466224e+000
  1.3571231e+000  4.5887616e+000
  3.4306746e+000  1.1267277e+000
  2.0774370e+000  7.3270026e+000
  6.6590078e+000  4.2890073e+000
  4.1374896e+000  8.6770800e+000
  5.3149676e+000  3.5468724e+000
  1.5883013e+000  7.7149591e+000
  7.5922867e+000  1.6746723e+000
  8.9408432e+000  1.9113624e+000
  2.9563289e+000  9.5236186e+000
  1.8788244e+000  1.6328865e+000
  8.1891246e+000  8.5041583e+000
  2.5229966e+000  1.6502627e+000
  6.3030890e+000  3.1857821e+000
  7.4337745e+000  1.3648771e+000
  2.1195634e+000  4.4079398e+000
  7.4988875e+000  8.4409360e+000
  7.8863675e+000  2.5153746e+000
  2.9675872e+000  8.6354276e-001
  5.7983531e+000  3.9375048e+000
  4.2207026e+000  3.5873932e+000
  3.0011192e+000  8.1258016e+000
  7.8090735e+000  5.5126071e+000
  5.8050753e+000  2.3883177e+000
  9.0558910e-001  6.5930306e+000
  3.0897070e+000  7.8252625e+000
  7.4663303e+000  2.5427180e+000
  3.5620127e+000  8.1683523e+000
  8.0071220e+000  6.0351254e+000
  7.2075665e+000  5.4979484e+000
  3.1274718e+000  1.7504697e+000
  1.7161357e+000  7.2842756e+000
  6.6547896e+000  7.9373184e+000
  8.8645170e+000  6.0643161e+000
  1.5487769e+000  4.4537595e+000
  2.5086457e+000  1.7470497e+000
  1.3456952e+000  5.3360682e+000
  5.1082021e+000  3.3403495e+000
  5.5375496e+000  2.6076978e+000
  6.0152243e+000  7.9285290e+000
  6.8684947e+000  5.7354688e+000
  3.4937931e+000  7.8652857e+000
  7.0356696e+000  6.4297303e+000
  9.0850363e+000  4.7624958e+000
  7.8492627e+000  7.9104744e+000
  7.8771576e+000  3.0080583e+000
  6.4841204e+000  5.4928205e+000
  7.9553277e+000  6.4368754e+000
  2.8327304e+000  8.4892646e+000
  3.6739567e+000  8.0223988e+000
  7.6532898e+000  2.0345724e+000
  7.1584595e+000  6.4937438e+000
  6.7891966e+000  6.5647115e+000
  6.9219367e+000  7.6375870e+000
  8.6269334e+000  5.9874593e+000
  3.1860354e+000  2.3210272e+000
  6.6053593e+000  5.2818495e+000
  8.4110527e+000  6.0908209e+000
  6.9483163e+000  5.5289190e+000
  6.8311359e+000  2.2122522e+000
  1.6726189e+000  2.2471411e+000
  1.9269386e+000  2.3210494e+000
  6.3492863e+000  7.0927789e+000
  5.5799348e+000  2.5370865e+000
  7.1070656e+000  6.4140684e+000
  7.4618162e+000  8.2014230e+000
  8.8114716e+000  1.2629983e+000
  8.0629156e+000  6.0126800e+000
  5.1523276e+000  3.5910347e+000
  7.5016114e+000  2.6064732e+000
  5.5330154e+000  4.2708828e+000
  5.5314316e+000  3.2271025e+000
  6.0640965e+000  6.9377324e+000
  7.1059380e+000  2.0234540e+000
  1.4504426e+000  8.2034772e+000
  3.7409480e+000  7.8876668e+000
  5.4474043e+000  3.8226056e+000
  7.6744849e+000  1.3926640e+000
  7.8602429e+000  6.0141489e+000
  4.7149086e+000  3.4640205e+000
  3.2307685e+000  9.3558538e+000
  7.9047060e+000  7.6627879e+000
  2.5228099e+000  2.9247100e+000
  7.4029167e+000  1.6194468e+000
  7.5913140e+000  1.1277338e+000
  1.7565242e+000  7.7360728e+000
  4.0219672e+000  3.9396292e+000
  6.6433886e+000  6.5718175e+000
  6.0794131e+000  2.5006221e+000
  8.6149811e+000  2.7894418e+000
  6.1194922e+000  1.7617357e+000
  5.4597649e+000  3.1766093e+000
  8.7020549e+000  2.5193605e+000
  7.2808536e+000  5.2729851e+000
  2.1822898e+000  2.8085234e+000
  6.8312210e+000  6.1542762e+000
  8.5545239e+000  7.8946158e+000
  5.3470091e+000  2.3270871e+000
  3.4174388e+000  2.4527523e+000
  3.9981427e+000  8.4350534e+000
  1.8427590e+000  7.4281550e+000
  3.0432785e+000  1.6507079e+000
  2.1214788e+000  6.8633250e+000
  2.6199726e+000  1.6897143e+000
  2.0405731e+000  6.7775682e+000
  2.4322854e+000  4.7004473e+000
  8.4744130e+000  5.6660624e+000
  3.9434287e+000  7.8086094e+000
  7.8966480e+000  1.7497855e+000
  6.9271143e+000  6.5794552e+000
  9.8599845e-001  6.7061129e+000
  1.6307843e+000  1.9998601e+000
  1.8971329e+000  1.0961385e+000
  3.0517165e+000  2.4191773e+000
  6.9756457e+000  6.8113997e+000
  7.1985650e+000  6.4105645e+000
  2.7385605e+000  6.7309683e+000
  6.5838916e+000  7.4097778e+000
  6.1292095e+000  7.2267890e+000
  3.3424862e+000  7.0427767e-001
  2.1487037e+000  4.6116877e+000
  8.0302041e+000  2.1665231e+000
  5.8706285e+000  2.6136058e+000
  7.4728583e+000  6.1914618e+000
  2.7108648e+000  3.5754243e+000
  5.1846947e+000  2.9612707e+000
  3.0210537e+000  2.2719460e+000
  8.5874230e+000  1.0948649e+000
  5.5981392e+000  3.6081227e+000
  8.4599521e+000  5.6200449e+000
  1.5623023e+000  3.8259193e+000
  2.4622793e+000  4.2007394e+000
  8.7596999e+000  2.6444803e+000
  7.0068451e+000  6.5254593e+000
  3.0246805e+000  3.6600576e+000
  5.7378219e+000  2.6548129e+000
  1.7298101e+000  4.5477199e+000
  6.7057043e+000  6.2190979e+000
  3.0767863e+000  2.4480975e+000
  7.1660683e+000  6.1237927e+000
  1.8506904e+000  7.7057964e+000
  4.4670073e+000  3.8389138e+000
  7.0961440e+000  6.5282630e+000
  5.1054717e+000  4.3164854e+000
  8.6137413e+000  5.6446198e+000
  4.3181113e+000  2.5647236e+000
  6.9912139e+000  6.1663983e+000
  7.3786936e+000  6.2172968e+000
  2.7680006e+000  1.4890644e+000
  3.2304787e+000  7.8875919e+000
  6.4740550e+000  6.4965901e+000
  5.1557611e+000  4.1580292e+000
  1.5032891e+000  6.4817360e+000
  8.5528078e+000  7.1949109e+000
  7.8839791e+000  3.0647736e+000
  7.2587091e+000  5.9971426e+000
  2.0695153e+000  7.2573852e+000
  5.9006049e+000  3.8811798e+000
  3.3608226e+000  8.3608837e+000
  7.9319821e+000  2.9331354e+000
  4.1703762e+000  7.5303405e+000
  8.5932647e+000  3.1014528e+000
  6.9983957e+000  7.4778760e+000
  6.6658206e+000  7.6134865e+000
  5.4491420e+000  2.7579662e+000
  3.2820996e+000  1.5173184e+000
  8.6081963e+000  8.2950303e+000
  7.1736680e+000  2.1594670e+000
  7.5162566e+000  2.0867243e+000
  3.6580651e+000  2.7778082e+000
  6.2615311e+000  8.0421674e+000
  6.4248527e+000  7.8473374e+000
  5.4373922e+000  2.5247374e+000
  1.8833695e+000  2.9140801e+000
  7.5081346e+000  8.5224357e+000
  3.0023784e+000  3.8147055e+000
  1.4357011e+000  4.5861459e+000
  8.4126162e+000  2.2520751e+000
  6.9118861e+000  6.0246925e+000
  8.3306752e+000  5.6890300e+000
  6.8526580e+000  5.7854325e+000
  1.6365985e+000  7.7958674e+000
  5.8065865e+000  6.4232278e+000
  4.1802874e+000  8.6955526e+000
  7.0001006e+000  5.2042334e+000
  7.5973027e+000  5.4205434e+000
  8.0218911e+000  5.8482379e+000
  6.2085341e+000  7.8685362e+000
  4.9651333e+000  2.8443950e+000
  6.4395710e+000  5.8918784e+000
  5.2306082e+000  3.4316966e+000
  7.7444759e+000  6.0212153e+000
  1.9515001e+000  6.3629837e+000
  1.7312114e+000  2.6337762e+000
  8.5165623e-001  7.2558294e+000
  4.8752990e+000  4.3967892e+000
  6.4246619e+000  7.2606323e+000
  6.6677709e+000  6.9892854e+000
  1.8339352e+000  7.1399940e+000
  5.2221779e+000  2.4174507e+000
  1.4342120e+000  7.5054296e+000
  8.1867926e+000  5.7314924e+000
  5.9137223e+000  2.3712802e+000
  1.9321179e+000  2.6284757e+000
  6.6642287e+000  6.3517173e+000
  2.0565451e+000  4.3016868e+000
  1.9395557e+000  6.9761592e+000
  6.9144277e+000  6.4398565e+000
  3.4412982e+000  4.5091560e+000
  7.8496696e+000  6.4048158e+000
  2.0945119e+000  7.5946359e+000
  7.8721644e+000  5.2382659e+000
  6.8645885e+000  4.9197074e+000
  2.8119167e+000  8.2687350e+000
  1.6568751e+000  4.5695265e+000
  6.6495056e+000  7.3479014e+000
  2.8873837e+000  8.3047495e+000
  6.1089972e+000  1.5244928e+000
  2.7892895e+000  4.4876586e+000
  5.8456808e+000  3.6373842e+000
  8.7018849e+000  7.1314795e+000
  1.6645329e+000  7.3897980e+000
  8.7257186e+000  8.3637638e+000
  3.5230453e+000  8.1668581e+000
  5.4292728e+000  3.7275837e+000
  4.4710522e+000  8.3171522e+000
  6.8763443e+000  7.5709741e+000
  7.4157023e+000  1.5224529e+000
  6.9665177e+000  6.2625843e+000
  1.4881343e+000  8.2347121e+000
  6.9554856e+000  7.3898131e+000
  7.1982407e+000  5.4008122e+000
  6.3748197e+000  7.6398622e+000
  7.0047263e+000  6.4397917e+000
  5.0637315e+000  3.2375085e+000
  6.7189990e+000  7.4115954e+000
  7.5420714e+000  2.1974377e+000
  7.1131806e+000  5.7489352e+000
  6.7422318e+000  7.5070336e+000
  3.8451476e+000  1.9991696e+000
  7.3865400e+000  2.9227529e+000
  7.8759900e+000  1.6716368e+000
  6.9841228e+000  7.4202700e+000
  5.6137256e+000  3.3652717e+000
  1.7029451e+000  3.7796035e+000
  1.5284498e+000  8.1780260e+000
  3.7428633e+000  6.6866416e+000
  7.5720574e+000  6.2949124e+000
  5.0315968e+000  3.5851834e+000
  2.4606732e+000  1.4981282e+000
  7.6874286e+000  1.9700216e+000
  6.4857548e+000  7.2962625e+000
  4.8822660e+000  2.7301519e+000
  3.4383071e+000  1.8748534e+000
  6.9239616e+000  6.0002803e+000
  7.2805485e+000  5.9960076e+000
  5.0944869e-001  7.3073071e+000
  3.3427404e+000  2.6128030e+000
  8.6696512e+000  5.5840025e+000
  8.5654091e+000  6.3625549e+000
  1.8741668e+000  6.2630133e+000
  7.8490017e+000  2.2794627e+000
  7.4105127e+000  7.3426412e+000
  6.7641074e+000  8.1916131e+000
  6.6182902e+000  7.3889167e+000
  4.3414358e+000  5.6857923e+000
  2.1328735e+000  2.5161172e+000
  1.2695932e+000  7.7198131e+000
  2.0180182e+000  6.7435075e+000
  7.9060217e+000  2.8014013e+000
  5.2154063e+000  2.4269684e+000
  5.4523243e+000  3.4808396e+000
  7.8017892e+000  5.7366459e+000
  5.2444661e+000  2.7411244e+000
  2.3896531e+000  2.4976045e+000
  1.9539481e+000  6.1199935e+000
  3.1566711e+000  2.7757065e+000
  1.4806717e+000  5.1713221e+000
  3.5209280e+000  8.8629784e+000
  6.8757671e+000  6.8539578e+000
  1.4428654e+000  6.0983864e+000
  2.7641066e+000  8.3398465e+000
  6.0620997e+000  2.7723661e+000
  3.5054415e+000  2.6331753e+000
  2.1279166e+000  6.2209115e+000
  7.7341821e+000  2.5466656e+000
  7.1076905e+000  6.0044400e+000
  5.6536764e+000  2.6093664e+000
  2.8914484e+000  8.0042645e+000
  1.8056777e+000  7.3203203e+000
  1.1517509e+000  4.1012324e+000
  6.9324365e+000  6.2457046e+000
  2.5074298e+000  1.3701300e+000
  7.3285292e+000  1.9022562e+000
  3.3260135e+000  8.5193430e+000
  7.5735547e+000  1.9614680e+000
  2.4568845e+000  1.4030784e+000
  1.9922330e+000  4.0850824e+000
  3.7381391e+000  8.0836660e+000
  8.1896053e+000  7.7511377e+000
  1.8627222e+000  4.2288329e+000
  2.2051531e+000  2.1559021e+000
  2.0213314e+000  6.3099660e+000
  5.2322695e+000  4.1251713e+000
  1.3260886e+000  4.4667801e+000
  8.8003742e+000  1.6342091e+000
  1.5249497e+000  8.0950293e+000
  6.8660536e+000  6.1669176e+000
  1.1826831e+000  4.7630276e+000
  2.2018579e+000  4.7497586e+000
  5.7978638e+000  7.8301741e+000
  2.4351888e+000  4.7936071e+000
  3.1930940e+000  2.4266897e+000
  9.6031058e-001  6.7372849e+000
  7.5981266e+000  6.1259772e+000
  5.9634096e+000  2.6180407e+000
  2.8860957e+000  2.2484364e+000
  1.9925495e+000  6.5389553e+000
  1.7529219e+000  7.8830492e+000
  4.3342569e+000  3.3879118e+000
  2.7639848e+000  4.0615499e+000
  8.2687014e+000  7.5324459e+000
  5.7855052e+000  3.2373436e+000
  2.9692107e+000  4.7641913e+000
  4.8422697e+000  3.2989540e+000
  3.7934554e+000  2.4688581e+000
  5.3719948e+000  7.0867449e+000
  6.8184962e+000  6.0234905e+000
  7.4611198e+000  6.1984017e+000
  5.3565676e+000  3.0102723e+000
  5.3948836e+000  3.7323471e+000
  2.3720226e+000  2.3377746e+000
  2.5811142e+000  5.0088889e+000
  5.6274029e+000  3.8283885e+000
  7.6744018e+000  5.9929139e+000
  8.0699580e+000  7.6094013e+000
  2.7978586e+000  1.9421886e+000
  3.8620297e+000  1.8332749e+000
  7.9546231e+000  5.8584055e+000
  7.9794144e+000  6.1892538e+000
  1.5697664e+000  5.0922908e+000
  2.1110906e+000  6.2678167e+000
  4.3517449e+000  3.7139957e+000
  6.5761610e+000  8.1194823e+000
  3.0054361e+000  1.8031656e+000
  7.5649189e+000  1.6669264e+000
  2.5153453e+000  1.2390756e+000
  7.3784133e+000  1.1722135e+000
  2.3862283e+000  6.3708660e+000
  1.2385379e+000  8.1572795e+000
  1.3946882e+000  4.0421495e+000
  8.5139304e+000  5.5005000e+000
  2.1727241e+000  2.2440334e+000
  8.0722287e+000  2.4202423e+000
  5.3873059e+000  4.3000119e+000
  2.1700726e+000  7.2147540e+000
  2.4546484e+000  2.8668329e+000
  2.3462225e+000  2.2349581e+000
  3.7179352e+000  8.1093380e+000
  7.8543458e+000  5.8017224e+000
  7.5519571e+000  1.3813790e+000
  3.4829402e+000  8.7905219e+000
  6.2846525e+000  7.3480178e+000
  5.4919698e+000  3.9999425e+000
  3.5141865e+000  2.3397199e+000
  5.4618335e+000  3.0714861e+000
  2.2760969e+000  4.3269368e+000
  6.0404319e+000  2.6113949e+000
  8.7645095e+000  6.1924782e+000
  7.5007292e+000  2.2841219e+000
  6.5459746e+000  2.0282714e+000
  6.8555029e+000  6.6976844e+000
  8.2715381e+000  8.4513990e+000
  8.8876919e+000  2.0965990e+000
  1.9294603e+000  6.9639180e+000
  2.1647708e+000  6.3414643e+000
  5.2939276e+000  5.2767576e+000
  8.1712678e+000  2.6473404e+000
  4.6959516e+000  3.6299623e+000
  5.8349943e+000  2.6371061e+000
  4.8265676e+000  2.7142534e+000
  1.4880874e+000  6.4498125e+000
  2.3161025e+000  5.0829781e+000
  5.3455739e+000  3.8894059e+000
  7.9123811e+000  1.8652275e+000
  5.4437618e+000  3.2356039e+000
  1.8141361e+000  7.6007695e+000
  8.3276637e+000  8.1502632e+000
  3.2328511e+000  7.8038348e+000
  2.9946485e+000  2.2868943e+000
  7.2628513e+000  6.3336977e+000
  7.3944639e+000  5.8768640e+000
  5.6324850e+000  7.2519142e+000
  6.7735103e+000  8.2777765e+000
  4.9749636e+000  3.1436864e+000
  8.5588030e+000  6.8420895e+000
  6.7756605e+000  4.5923401e+000
  1.3307621e+000  8.1878035e+000
  6.1363068e+000  3.1958106e+000
  8.1473156e+000  7.4072612e+000
  7.7569975e+000  8.1655833e+000
  7.9266834e+000  3.3663198e+000
  7.9360253e+000  5.8427013e+000
  1.4673242e+000  7.6388082e+000
  5.4529509e+000  2.7724610e+000
  7.2525655e+000  6.4648161e+000
  7.9006309e+000  2.8673276e+000
  7.7365449e+000  2.6443090e+000
  1.8428127e+000  6.9338883e+000
  2.9943078e+000  8.2285534e+000
  4.1777909e+000  7.8384367e+000
  1.6108953e+000  1.7256447e+000
  1.9943086e+000  6.4816189e+000
  7.2338591e+000  5.1951244e+000
  5.3427541e+000  3.4967200e+000
  1.7482717e+000  1.6974561e+000
  3.2142697e+000  8.1156873e+000
  5.1473649e+000  4.1872780e+000
  3.4331813e+000  5.2358760e+000
  2.1609049e+000  2.0251493e+000
  6.5859718e+000  7.7966859e+000
  5.3409033e+000  2.4909991e+000
  5.4716039e+000  2.3780140e+000
  3.3872893e+000  8.0970240e+000
  7.6373200e+000  5.4239803e+000
  4.5054614e+000  3.1474704e+000
  5.0963993e+000  7.9258582e+000
  6.5978649e+000  6.9470243e+000
  2.2100114e+000  1.9792375e+000
  2.3626906e+000  1.7354535e+000
  1.7809030e+000  3.1876672e+000
  1.7197231e+000  4.3443527e+000
  6.4364848e+000  6.2811060e+000
  6.6733259e+000  7.5880449e+000
  2.6245899e+000  1.8617842e+000
  7.4818168e+000  8.4887874e+000
  2.2264109e+000  3.2632512e+000
  4.6879166e+000  2.3341761e+000
  3.1551967e+000  8.1851488e+000
  4.5411018e+000  3.0241140e+000
  8.6053610e+000  5.8950902e+000
  7.2870306e+000  2.1021666e+000
  1.0951492e+000  7.7219782e+000
  6.4666340e+000  7.1953943e+000
  7.9851775e+000  2.2207250e+000
  1.3107677e+000  6.3831355e+000
  5.4505309e+000  4.2499538e+000
  7.1423377e+000  7.7855873e+000
  6.3288114e+000  6.0673823e+000
  7.4866586e+000  1.3692272e+000
  6.7853075e+000  6.5023574e+000
  6.9024530e+000  7.5212460e+000
  1.9043219e+000  7.1955518e+000
  6.0820508e+000  2.8828102e+000
  4.3112995e+000  2.8199426e+000
  3.4774767e+000  7.9817589e+000
  4.6966339e+000  2.9329921e+000
  7.4914331e+000  5.9335894e+000
  2.9315531e+000  1.5152900e+000
  1.5501766e+000  4.5872823e+000
  5.2851177e+000  3.4642630e+000
  4.2544939e+000  6.4278254e+000
  1.7204442e+000  5.2139916e+000
  5.3502431e+000  3.0964662e+000
  7.0773426e+000  6.3106553e+000
  8.6988437e+000  8.0427288e+000
  1.3137778e+000  4.2667152e+000
  7.6111297e+000  7.6498129e+000
  4.5009061e+000  2.8868848e+000
  6.5166277e+000  7.2430362e+000
  5.3920126e+000  3.4100216e+000
  3.3948852e+000  2.2985003e+000
  7.6062937e+000  1.1264112e+000
  4.4043945e-001  7.4086679e+000
  2.0369088e+000  2.7936614e+000
  3.4920646e+000  1.3590035e+000
  7.8570761e+000  3.1242685e+000
  1.5845987e+000  6.2809136e+000
  4.1103545e+000  8.1076727e+000
  1.4089893e+000  4.5933667e+000
  5.1013063e+000  3.9468129e+000
  6.4802186e+000  6.3503750e+000
  7.4420076e+000  1.9628875e+000
  5.8134402e+000  2.1095627e+000
  5.3067400e+000  3.8176840e+000
  5.0473031e+000  3.7301387e+000
  1.3436687e+000  7.9564426e+000
  8.0418664e+000  7.9301774e+000
  2.5583303e+000  1.1940971e+000
  7.5710081e+000  1.7754567e+000
  7.6661383e+000  6.3392513e+000
  8.5569555e+000  5.6482512e+000
  6.8703412e+000  7.1561263e+000
  2.1720619e+000  6.5019542e+000
  8.3759426e+000  7.6531234e+000
  3.3853398e+000  2.6834356e+000
  1.9067248e+000  7.2829535e+000
  2.4316145e+000  7.6327415e+000
  3.9092648e+000  8.3612754e+000
  8.6760706e+000  2.5916171e+000
  7.0688152e+000  6.3183715e+000
  5.5125649e+000  3.7079563e+000
  1.0936104e+000  7.5877625e+000
  3.0075256e+000  2.3896841e+000
  6.3282319e+000  6.1955818e+000
  7.8846360e+000  5.8525294e+000
  4.7108681e-001  6.9834641e+000
  6.6991187e+000  5.5884702e+000
  8.2036001e+000  2.6514616e+000
  2.1101563e+000  7.3877651e+000
  5.3424731e+000  2.6340880e+000
  7.0465071e+000  6.0911978e+000
  3.3195741e+000  8.2711719e+000
  1.6720370e+000  7.6511684e+000
  5.6286916e+000  4.0238117e+000
  5.0107934e+000  2.7466546e+000
  2.4636813e+000  2.4443605e+000
  5.5547611e+000  3.7697603e+000
  1.9001604e+000  6.3849909e+000
  3.5280145e+000  7.8730314e+000
  5.5737376e+000  6.9212412e+000
  8.7334059e+000  8.2255580e+000
  1.9068766e+000  7.0140861e+000
  5.2851403e+000  3.9998349e+000
  4.0655322e+000  2.8441938e+000
  1.5469603e+000  7.6856530e+000
  3.5345213e+000  8.5139380e+000
  3.0220990e+000  4.4365973e+000
  6.5855823e+000  6.3180967e+000
  8.5413083e+000  7.7097718e+000
  6.2236441e+000  1.5235849e+000
  2.4409706e+000  2.3925782e+000
  8.6591533e+000  8.2722462e+000
  7.5689896e+000  1.6140053e+000
  2.0286693e+000  6.9153386e+000
  1.9850548e+000  7.3337544e+000
  2.0179626e+000  7.1722081e+000
  7.7362172e+000  1.9855732e+000
  6.6434478e+000  6.2104383e+000
  6.3039976e+000  7.0859603e+000
  3.0522013e+000  5.6791897e+000
  7.3554967e+000  1.8033602e+000
  6.6375946e+000  6.8989221e+000
  7.4742792e+000  5.7399774e+000
  8.4583511e+000  3.2333881e+000
  6.9088770e+000  6.8798318e+000
  7.2876644e+000  1.9172654e+000
  6.8031733e+000  5.4070043e+000
  3.6942884e+000  8.3830449e+000
  4.8386232e+000  2.6520471e+000
  1.9164984e+000  7.0503730e+000
  6.8490263e+000  5.1528921e+000
  6.3293604e+000  7.8695544e+000
  8.3482292e+000  6.1712658e+000
  3.6664301e+000  5.6215429e+000
  1.3357209e+000  6.7522489e+000
  2.5994995e+000  2.9528866e+000
  6.6717316e+000  6.2564545e+000
  3.3259741e+000  8.3318299e+000
  7.3289082e+000  6.2809767e+000
  2.0435560e+000  7.3085519e+000
  2.0646834e+000  2.3606123e+000
  3.7465395e+000  5.6969017e+000
  2.8257992e+000  1.3173657e+000
  1.6804508e+000  4.5396371e+000
  2.0921984e+000  2.4679514e+000
  1.8599834e+000  3.7917776e+000
  8.5081717e+000  2.7296144e+000
  5.1850919e+000  3.6733855e+000
  2.4557816e+000  4.1771817e+000
  1.3889774e+000  2.9060263e+000
  4.5831698e+000  5.8594615e+000
  8.3126327e+000  5.5589670e+000
  7.4093210e+000  1.3630216e+000
  6.6535013e+000  6.9934288e+000
  3.6992229e+000  1.7536998e+000
  5.4279493e+000  3.1833772e+000
  5.2416665e+000  4.2359894e+000
  1.5242309e+000  4.8573325e+000
  2.6591835e+000  3.2215763e+000
  7.6000323e+000  5.4271105e+000
  6.0143931e+000  2.3224929e+000
  5.0934944e+000  3.2265319e+000
  1.7595980e+000  8.1521671e+000
  7.5870885e+000  1.5773305e+000
