  7.0122238e+000  1.4767440e-001
  6.0217137e+000  3.6033624e+000
  4.7466402e+000  8.9898009e+000
  7.0158677e+000  2.5469428e+000
  6.7281803e+000  7.6937070e+000
  7.8614124e+000  7.2212702e+000
  6.7667114e+000  2.5375298e+000
  3.6649364e+000  4.0707526e+000
  2.2758929e+000  4.7293457e+000
  3.4018547e+000  9.0011361e+000
  7.5392080e+000  6.2147961e+000
  1.4944873e-001  4.4233083e+000
  6.9434649e+000  7.8083848e+000
  3.5405468e+000  1.2957451e+000
  6.6439145e+000  6.7717443e+000
  7.5750618e+000  7.6519904e+000
  1.4660672e+000  7.2882177e+000
  4.2876444e+000  5.1272430e+000
  5.7392674e+000  2.5912008e+000
  8.1250944e+000  2.8334383e+000
  9.1433766e+000  6.5662942e+000
  4.0267102e+000  8.2705148e+000
  3.3147839e+000  5.5270128e+000
  5.4764134e+000  3.7183659e+000
  8.3815363e+000  6.6334812e+000
  5.8271789e+000  6.1747998e+000
  3.4165314e+000  7.6870971e+000
  6.0377604e+000  3.2058302e+000
  4.4007755e+000  6.0015080e+000
  5.0459401e+000  4.2763511e-001
  7.7542766e+000  7.2217456e+000
  8.5266899e+000  2.5609919e+000
  3.2392669e+000  3.2241976e+000
 -3.2527279e-002  4.7032823e+000
  1.7454035e+000  3.9757727e+000
  7.3086702e+000  8.2463816e+000
  7.6531281e+000  4.6301330e+000
  3.5594166e+000  3.5875207e+000
  3.3953670e+000  6.2820761e+000
  6.2674853e+000  5.9582914e+000
  4.5091509e+000  2.0866654e+000
  1.0193160e+001  4.0437622e+000
  2.6117806e+000  2.8777526e+000
  6.6750235e+000  2.8414489e+000
  3.3404586e+000  6.3533672e+000
  4.8453676e+000  6.0162031e+000
  3.8822277e+000  7.2915016e+000
  8.0906526e+000  2.6759169e+000
  4.7226114e+000  3.8265818e+000
  2.9386419e+000  7.9674688e+000
  6.8564025e+000  4.6147532e+000
  3.4404785e+000  6.6306449e+000
  4.0294836e+000  7.4849076e+000
  6.5831112e+000  4.0807975e+000
  5.8310374e+000  7.9511897e+000
  7.8789709e+000  9.1679819e+000
  3.3552850e+000  4.9973536e+000
  1.0162104e+001  4.6071338e+000
  2.6826407e+000  5.2263344e+000
  7.4218131e+000  8.2250212e+000
  3.8039134e+000  5.0167487e+000
  3.2536262e+000  7.6607793e+000
  5.8125186e+000  3.6150500e+000
  5.9213261e+000 -2.3037638e-001
  5.2690701e+000  3.3099745e+000
  5.8153524e+000  3.7246021e+000
  7.3997378e+000  6.2281169e+000
  6.1339817e+000  3.7898940e+000
  3.1882962e+000  7.7216610e+000
  8.3590868e+000  7.6913551e+000
  5.2035635e+000  3.4399754e+000
  3.7064922e+000  1.7131263e+000
  2.2536400e+000  7.6887824e+000
  3.8766239e+000  1.6682690e+000
  7.4853617e+000  7.0745777e+000
  6.1496145e+000  3.5561400e+000
  7.8149507e+000  2.4215509e+000
  2.2344207e+000  6.9801862e+000
  6.7163560e+000  5.4579096e+000
  1.9433395e+000  3.5284156e+000
  8.5651372e+000  5.3895439e+000
  8.7084791e+000  4.6567037e+000
  2.1061017e+000  6.6817433e+000
  6.6283419e+000  2.5040843e+000
  7.9534385e+000  6.6427806e+000
  5.4375543e+000  3.1750332e+000
  3.8930364e+000  2.0710757e+000
  2.7537771e+000  4.7500294e+000
  6.2600856e+000  6.9981372e+000
  7.9677488e+000  2.2720179e+000
  3.9139690e+000  7.7152299e+000
  3.1848303e+000  3.8008703e-001
  2.9269358e+000  3.2628249e+000
  6.6095900e+000  2.2329519e+000
  1.3753957e+000  2.5632357e+000
  1.0153682e+001  3.5909591e+000
  2.7191871e+000  4.8080453e+000
  3.0838245e+000  8.1532740e+000
  3.4321317e+000  3.6066304e+000
  2.1828167e+000  4.0862110e+000
  6.7013652e+000  6.9016025e+000
  5.2729380e+000  4.3828156e+000
  4.2417002e+000  4.3524929e-001
  7.1222466e+000  7.1014854e+000
  5.3115501e+000  2.9818731e+000
  3.7731507e+000  3.8008042e+000
  4.8603978e+000  4.1885733e+000
  4.4272758e+000  1.3211737e+000
  6.2662464e+000  2.8648030e+000
  3.4672608e+000  8.0915276e+000
  5.7556704e+000  2.9781417e+000
  6.3192413e+000  2.1604220e+000
  5.7807392e+000  1.9176196e+000
  1.8778576e+000  8.2113033e+000
  4.1688033e-001  2.5736729e+000
  3.9606845e+000  6.5191967e+000
  3.8064753e+000  5.4525773e+000
  6.2377358e+000  2.5612558e+000
  5.8956954e+000  5.6891746e+000
  4.1996644e+000  7.9853887e+000
  7.8298026e+000  4.6905098e+000
  2.6944822e+000  4.5097751e+000
  7.1741239e+000  4.1771406e+000
  4.8079601e+000  7.3730386e+000
  3.2718134e+000  4.3805088e+000
  1.4286648e+000  4.2139435e+000
  3.1650336e+000  6.5568646e+000
  3.5911935e+000  8.1957493e+000
  2.9593860e+000  3.3095727e+000
  8.9676825e+000  8.1059131e+000
  3.3891684e+000  2.7282072e+000
  5.1450895e+000  3.6820170e+000
  5.9410894e+000  2.8118009e+000
  1.8696721e+000  7.4175882e+000
  2.0216474e+000  3.9188755e+000
  3.1293591e+000  2.8726821e+000
  3.0321233e+000  3.4132726e+000
  5.3760779e+000  2.6708376e+000
  4.2598774e+000  1.5445624e+000
  6.7506859e+000  3.0589193e+000
  3.1523017e+000  4.6279084e+000
  3.0330254e+000  1.2680805e+000
  7.1653445e+000  6.5410914e+000
  6.1180418e+000  2.3200969e+000
  3.7709969e+000  3.1908095e+000
  6.2891473e+000  3.2924383e+000
  7.1962635e+000  8.8223847e+000
  4.0498170e+000  7.2951200e+000
  8.6452337e+000  8.5163424e+000
  6.1830477e+000  2.7322380e+000
  5.3723612e+000  3.3787307e+000
  3.8741155e+000  6.3140146e+000
  3.8751580e+000  1.0672995e+000
  7.0194443e+000  7.7142856e-001
  2.6171541e+000  4.5648135e+000
  6.2509578e+000  5.4884550e+000
  7.3482952e+000  7.3937227e+000
  5.7719999e+000  3.4793272e+000
  2.0318064e+000  3.6811038e+000
  6.8865848e+000  6.2981404e+000
  3.4675773e+000  7.0773253e+000
  2.3921128e+000  5.9215757e+000
  3.0356832e+000  4.1768662e+000
  6.3001970e+000  3.4053776e+000
  3.1373536e+000  4.7571447e+000
  4.1777359e+000  8.2934172e+000
  5.8983898e+000  4.0756178e+000
  6.5668071e+000  2.5346701e+000
  2.0114811e+000  2.0382615e+000
  8.8534945e+000  1.0857348e+000
  6.2853758e+000  5.5155342e+000
  1.6363761e+000  7.5540169e+000
  1.6795893e+000  3.3038994e+000
  4.5343366e+000  4.7468553e+000
  2.4107261e+000  7.8995568e+000
  3.1752622e+000  8.8566060e+000
  5.7948995e+000  7.0016591e+000
  3.1963096e+000  9.0883251e+000
  4.3803887e+000  3.1652175e+000
  1.8563526e+000  8.4916352e+000
  2.0288035e+000  2.1114509e+000
  5.8380421e+000  3.3559999e+000
  5.5656335e+000  4.5886329e+000
  6.9428325e+000  3.4495665e+000
  5.1182026e+000  4.9245650e+000
  3.4100224e+000  2.8120599e+000
  6.5964445e+000  3.1799799e+000
  6.3330288e+000  3.8727853e+000
  3.4100121e+000  6.9818646e+000
  9.2623803e+000  6.6526286e+000
  6.9633785e+000  7.7711147e+000
  2.0095821e+000  3.9921968e+000
  8.4792532e+000  3.8285646e+000
  6.0777335e+000  3.4314007e+000
  3.8346379e+000  7.1165234e+000
  5.9510788e+000  3.6015030e+000
  7.0434477e+000  1.9434355e+000
  7.0762811e+000  9.3580460e+000
  5.0577263e+000  8.8682054e+000
  8.1082264e+000  4.6286383e+000
  2.1156587e+000  6.5147183e+000
  4.7934938e+000  2.9373577e+000
  7.9771858e+000  4.7208298e+000
  2.4258964e+000  4.8140779e+000
  7.0794308e+000  1.0983883e+000
  7.5322872e+000  2.6274410e+000
  6.5079533e+000  2.3370314e+000
  6.3246097e+000  6.8124504e+000
  6.8279039e+000  5.9717919e+000
  7.1774595e+000  5.4044350e+000
  5.8888466e+000  3.1556744e+000
  3.0229976e+000  2.9090967e+000
  5.1709056e+000  2.8460321e+000
  5.0655737e+000  6.7276990e+000
  5.0118245e+000  7.9733527e+000
  4.0554216e+000  3.6492962e+000
  7.9376805e+000  7.6792614e+000
  5.0266809e+000  6.7971642e+000
  5.3862157e+000  4.0828173e+000
  6.0234861e+000  3.3009760e+000
  6.7281522e+000  3.3174216e+000
  3.0333111e+000  7.9110392e+000
  3.5817090e+000  1.3795615e+000
  7.7973802e+000  6.0265982e+000
  5.4319761e+000  5.6840522e+000
  3.3096011e+000  3.0066869e+000
  2.8359727e+000  4.1970240e+000
  6.8312534e+000  2.0270603e+000
  3.4950108e+000  4.0453864e+000
  2.7994850e+000  3.6808328e+000
  7.0364943e+000 -1.9366322e-001
  6.6313150e+000  7.2948429e+000
  1.8700876e+000  6.6158524e+000
  4.4166374e+000  8.8604292e-001
  6.6189312e+000  6.6449323e+000
  6.2362597e+000  3.6903153e+000
  4.9348347e+000  2.4757192e+000
  1.0865280e+000  3.7334995e+000
  4.1327524e+000  4.5350281e+000
  6.0561820e+000  2.7095223e+000
  5.3113722e+000  4.6677500e+000
  1.0917654e+000  2.5673543e+000
  7.3691033e+000  9.5450933e+000
  3.6020863e+000  7.2897455e+000
  6.4775386e+000  4.9393103e+000
  7.1279234e+000  6.5485379e+000
  6.6932662e+000  3.0140342e+000
  7.2304805e+000  6.7922706e+000
  2.0183982e+000  6.8572317e+000
  3.9864259e+000  8.0577327e+000
  5.9043718e+000  3.5161980e+000
  6.4965495e+000  5.9962338e+000
  6.7296401e+000  3.8632433e+000
  7.4305052e+000  7.3179515e+000
  2.3568821e+000  1.6122854e+000
  8.9374798e+000  8.6006734e+000
  3.1824444e+000  3.5886564e+000
  4.2201261e+000  7.9777321e+000
  5.9703147e+000  7.3774261e+000
  3.6444211e+000  8.8218110e+000
  3.1074943e+000  8.2535435e+000
  3.5236205e+000  7.2842182e+000
  1.3414176e+000  6.1690430e+000
  1.3653496e+000  6.9007753e+000
  7.6984221e+000  5.3796540e+000
  5.9639182e+000  7.3748514e+000
  5.7684637e+000  5.7386083e+000
  7.0585492e+000  4.7848252e+000
  6.0894165e+000  3.7619956e+000
  6.2571766e+000  2.7278480e+000
  8.0386568e+000  4.7113958e+000
  3.2613495e+000  3.2306608e+000
  7.0283172e+000  1.0375557e+000
  6.4596548e+000  7.3620243e+000
  7.3379512e+000  4.1419564e+000
  6.2811450e+000  3.5169074e+000
  2.0485967e+000  6.8907078e+000
  2.6864210e+000  1.4396165e+000
  7.5604362e-001  5.9545673e+000
  3.0132458e+000  7.3663074e+000
  5.8313317e-001  2.7132895e+000
  5.2225889e+000  7.8516310e+000
  3.3757527e+000  4.2985150e+000
  4.3673493e+000  3.3543153e+000
  2.9726077e+000  4.4593983e+000
  7.4082256e+000  4.9629886e+000
  9.8754112e+000  4.3688778e+000
  4.5408920e+000  1.4965420e+000
  8.0000136e+000  2.7810134e+000
  6.4720471e+000  3.8082766e+000
  1.2727960e+000  6.8861623e+000
  9.0369985e-002  4.8427501e+000
  7.4152870e+000  6.7532196e+000
  6.6717340e+000  6.9117624e+000
  9.4939545e+000  4.0396588e+000
  5.8587118e+000  6.0520296e+000
  3.9760449e-001  5.1450811e+000
  7.0606043e+000  2.0677419e+000
  6.4476769e+000  2.6383839e+000
  5.6623329e+000  3.1926531e+000
  7.5402723e+000  4.2815827e+000
  5.9597042e+000  4.7389785e+000
  6.6149536e+000  3.4454512e+000
  7.6414776e+000  6.6324048e+000
  7.2842728e+000  4.8532945e+000
  3.7144635e+000  3.4551630e+000
  5.9158693e+000  3.0376497e+000
  3.7968953e+000  4.0444368e+000
  6.3222074e+000  5.8171631e+000
  4.6139934e+000  3.7409303e+000
  9.1984830e-001  3.4255674e+000
  3.5412353e+000  2.9423749e+000
  3.4314265e+000  7.6018227e+000
  6.7019306e+000  3.4826659e+000
  2.9049811e+000  4.9983834e+000
  6.3300777e+000  9.6910002e+000
  6.3275831e+000  2.3344013e+000
  7.1092201e+000  4.0425903e+000
  5.8434893e+000  1.4782386e+000
  4.9106767e+000  2.6021680e+000
  3.2860690e+000  3.0422863e+000
  9.1876433e+000  4.9963298e+000
  6.4648388e+000  4.6389448e+000
  3.5491612e+000  3.5155560e+000
  4.5235010e+000  4.5870558e+000
  2.2382359e+000  6.7061995e+000
  7.9345342e+000  5.8781633e+000
  4.4763887e+000  3.6576735e+000
  4.7380399e+000  3.6306372e+000
  5.9863879e+000  1.7744096e+000
  6.7550722e+000  2.0832168e+000
  6.3545279e+000  6.9256515e+000
  5.8195989e+000  2.9118870e+000
  5.9830365e+000  3.4685982e+000
  6.1855063e+000  7.4014812e+000
  4.3751787e+000  6.8652408e+000
  3.0010964e+000  8.8581679e+000
  6.7046581e+000  2.7124830e+000
  2.0971808e+000  7.0139373e+000
  2.1941093e+000  9.2981471e+000
  8.3394003e+000  6.0767515e+000
  2.7167563e+000  7.6932014e+000
  6.2786727e+000  3.7267531e+000
  3.0094040e+000  2.3597100e+000
  6.9201934e+000  8.4326615e+000
  2.0300167e+000  7.6532279e+000
  7.3378737e+000  6.6626062e+000
  4.8076469e+000  6.1331424e+000
  5.6265488e+000  5.4632016e+000
  5.2861882e+000  5.4313588e+000
  3.5085366e+000  5.2657937e+000
  5.3688426e+000  3.0438226e+000
  3.2431814e+000  6.8622522e+000
  7.1953280e+000  3.0657760e+000
  4.2679557e-001  4.6424815e+000
  7.5478324e+000  2.9139609e+000
  7.0052950e+000  7.9591514e+000
  2.6243685e+000  6.8716983e+000
  6.6153102e+000  3.6669572e+000
  3.5163874e+000  8.0670866e+000
  2.9951603e+000  4.8519427e+000
  5.9684692e+000  7.6880523e+000
  6.7545218e+000  2.5231518e+000
  6.7477430e+000  2.1258917e+000
  1.0389477e+000  5.5836490e+000
  7.3613814e+000  7.9803360e+000
  2.8960505e+000  4.1592174e+000
  5.6308951e+000  7.0778618e+000
  6.2998403e+000  7.7733544e+000
  3.7361721e+000  7.0236381e+000
  7.3657532e+000  8.3697547e+000
  4.3447128e+000  4.0403487e+000
  1.8698298e+000  7.0630572e+000
  6.6129546e+000 -1.4048164e+000
  6.5102996e+000  7.4627558e+000
  2.1881242e+000  3.7460092e+000
  5.8850521e+000  7.8999452e+000
  1.1076427e+000  5.4608970e+000
  6.6752861e+000  3.0753852e+000
  6.8265092e+000  1.8883227e+000
  6.2101499e+000  5.4814812e+000
  2.8818809e+000  4.2416766e+000
  5.3786066e+000  2.2119218e+000
  3.3538247e+000  2.8437689e+000
  5.9923999e+000  4.3344168e+000
  5.7404875e+000 -1.3233788e+000
  2.2383988e+000  2.8830352e+000
  2.8895152e+000  6.3108072e+000
  6.4822240e+000  3.0647130e+000
  4.0576241e+000  5.2284528e+000
  3.9306713e+000  4.5069487e+000
  4.5534434e+000  8.6347239e+000
  7.2998818e+000  9.0823810e+000
  8.1140683e+000  6.7601778e+000
  5.3345446e+000  3.2861705e+000
  2.8319239e+000  3.4280512e+000
  2.9385601e+000  4.4135444e+000
  5.6974322e+000  4.4143586e+000
  3.2514621e+000  7.9767661e+000
  7.5357317e+000  6.9908828e+000
  2.4330695e+000  4.5868728e+000
  1.3624389e+000  6.6001197e+000
  6.0811651e+000  3.6268733e+000
  5.3148420e+000  3.1763337e+000
  4.5395680e+000  4.1106704e+000
  7.2520499e+000  1.8233117e+000
  5.9039057e+000  2.8051486e+000
  6.0316522e+000  5.8000993e+000
  8.7867672e-001  5.8605009e+000
  6.2868171e+000  6.5359740e+000
  5.4188129e-001  8.1271864e+000
  3.5219970e+000  8.9578687e+000
  2.2540067e+000  3.1397855e+000
  2.7060619e+000  3.0187794e+000
  2.0655552e+000  7.2718382e+000
  3.5304409e+000  3.7293683e+000
  3.8837918e+000  5.7872454e+000
  2.8362242e+000  8.2617429e+000
  5.8964899e+000  4.1634785e+000
  4.6736414e+000  3.0940926e+000
  3.6760212e+000  4.4436990e+000
  4.5302184e+000  1.8233644e+000
  7.0643724e+000  2.0238166e+000
  7.5909320e+000  4.8423530e+000
  2.1927443e+000  3.1952637e+000
  5.7858322e+000  5.6652744e+000
  6.3070209e+000  4.6831611e+000
  8.5248207e+000  8.7975468e+000
  6.8695464e+000  1.1315746e+000
  4.7848974e+000  2.2779197e+000
  6.5786413e+000  6.5530080e+000
  3.5475052e+000  7.8431555e+000
  8.7672610e+000  3.2083537e+000
  2.2002862e+000  6.9222687e+000
  7.5162383e+000  2.7948077e+000
  6.4505437e+000  5.0911679e+000
  4.9565047e+000  6.1700937e+000
  6.1489253e+000  6.3715890e+000
  7.0835262e+000  8.1352907e+000
  7.5313152e+000  7.0575630e+000
  2.4478057e+000  3.6708968e+000
  9.2798488e+000  5.1162807e+000
  5.8788949e+000  6.7929542e+000
  2.8842340e+000  4.8271722e+000
  5.7089195e+000  2.4033240e+000
  3.2865112e+000  3.2254830e+000
  1.2122747e+000  4.0679938e+000
  2.4964265e+000  6.0606127e+000
  3.8243565e+000  6.7290179e+000
  1.4978002e-001  3.1234826e+000
  2.8000507e+000  7.6450052e+000
  6.5160840e+000  6.8060724e+000
  8.0889747e+000  9.3138117e+000
  2.2257539e+000  3.8306258e+000
  6.2650783e+000  6.3409838e+000
  2.2398901e+000  7.2970703e+000
  7.6078119e+000  6.7129699e+000
  7.1010392e+000  3.0248036e+000
  3.8938464e+000  3.7755405e+000
  5.9706290e+000  2.3001982e+000
  1.6003884e+000  2.7710197e+000
  6.7740018e+000  4.8918498e+000
  5.6610120e+000  3.6308180e+000
  3.2310953e+000  2.4858143e+000
  4.6539745e+000  5.7632727e+000
  6.4563092e+000  8.7419905e+000
  6.6170771e+000  2.7711259e+000
  3.7104749e+000  8.6672857e+000
  3.1538572e+000  2.7953377e+000
  3.2547733e+000  3.4158353e+000
  5.1039608e+000  3.4927929e+000
  3.5598524e+000  6.8645625e+000
  3.5515857e+000  1.6211385e+000
  6.6146158e+000  4.8879079e+000
  3.2656882e+000  8.1708283e+000
  3.6547036e+000  2.3020945e+000
  7.4830996e+000  1.8917472e+000
  5.8514380e+000  3.9325439e+000
  6.0006497e+000  5.4515398e+000
  8.1859910e+000  9.2322607e+000
  8.8295553e+000  6.3660189e+000
  5.4523876e+000  3.1536437e+000
  6.7949593e+000  2.0824683e+000
  2.5234211e+000  1.4136508e+000
  7.7278055e+000  9.0792563e+000
  7.1962925e+000  9.4973972e+000
  6.0823061e+000  5.0815637e+000
  5.5085600e+000  3.7038568e+000
  4.9359383e+000  4.0838339e+000
  6.3576315e+000  4.4314314e+000
  1.4299970e+000  6.9204339e+000
  7.9210443e+000  9.1820470e+000
  6.9042577e+000  5.2750917e+000
  2.3420310e+000  7.2430335e+000
  6.3489047e+000  8.8818761e+000
  7.0074041e+000  5.5326724e+000
  6.5462124e+000  7.7415159e+000
  3.9630710e+000  4.8203773e+000
  4.8975083e+000  8.4477723e+000
  2.9424545e+000  2.9199654e+000
  7.5688792e+000  7.0811627e+000
  4.2707077e+000  3.4621214e+000
  5.8932577e+000  5.8711652e+000
  7.6670993e+000  1.9681256e+000
  3.3112586e+000  4.6244687e+000
  3.0433349e+000  1.4563437e+000
  5.3120294e+000  2.0412938e+000
  2.2457226e+000  4.2755548e+000
  3.6506469e+000  7.3316828e+000
  3.4294863e+000  3.2629854e+000
  6.6701853e+000  9.4765904e+000
  3.3159971e+000  7.4648390e+000
  3.3880074e+000  8.6274089e+000
  4.3411066e+000  6.1940635e+000
  2.9797591e+000  7.2333771e+000
  6.1598362e+000  5.3264866e+000
  7.2073229e+000  2.3093801e+000
  5.9266985e+000  2.5637256e+000
  4.7229725e+000  2.8118299e+000
  3.1007402e+000  4.6412149e+000
  9.5093097e+000  4.3729316e+000
  6.7179141e+000  4.3300238e+000
  2.9143026e+000  8.1114465e+000
  4.0757280e+000  6.0603918e+000
  3.1387438e+000  7.5315772e+000
  8.1120376e+000  1.9918472e+000
  2.5426913e+000  2.9178066e+000
  6.3026422e+000  4.4328409e+000
  8.3324103e+000  7.0866389e+000
  3.3108140e+000  7.6748990e+000
  5.7074646e+000  3.1804563e+000
  6.7493166e+000  7.0160733e+000
  7.3579734e+000  8.1303911e+000
  4.8156970e+000  3.1857870e+000
  2.0752325e+000  6.8808273e+000
  2.3539324e+000  2.6627848e+000
  3.5312742e+000  9.3585778e+000
  8.5028866e+000  5.2360686e+000
  3.5369132e+000  8.1667855e+000
  6.1439847e+000  2.8279699e+000
  5.0677478e+000  3.8498419e+000
  1.0474695e+001  7.5732872e+000
  2.3788035e+000  8.4538151e+000
  5.6787798e+000  7.9173046e+000
  5.4634300e+000  2.7542331e+000
  3.4414696e+000  1.7096938e+000
  7.7530336e+000  9.4862118e+000
  2.8185535e+000  9.1272195e+000
  1.7397732e+000  7.5488515e+000
  8.0121497e+000  7.1775245e+000
  3.1034809e+000  4.3814931e+000
  4.0618400e+000  4.9350040e+000
  6.0180129e+000  7.2094712e+000
  6.5727470e+000  6.3612529e-001
  8.2015787e+000  6.3372268e+000
  2.4419736e+000  6.8385456e+000
  2.9037542e+000  6.5202157e+000
  2.4419580e+000  2.9582461e+000
  5.6263323e+000  1.6507367e+000
  3.5077587e+000  5.2261903e+000
  1.0498710e+000  1.6174857e+000
  3.1164433e+000  5.1236027e+000
  6.6675550e+000  7.9298398e+000
  7.6928013e+000  4.8268337e+000
  2.7922547e+000  5.2342925e+000
  3.6570887e+000  4.8689810e+000
  4.4193635e+000  5.5489609e-001
  3.4250139e+000  2.8277946e+000
  3.7292543e+000  3.7885660e+000
  3.4213811e+000  4.4207298e+000
  5.9332848e+000  3.0772554e+000
  2.8524347e+000  3.2418460e+000
  6.6988036e+000  3.8752559e+000
  3.5710823e+000  8.3129925e+000
  5.6029588e+000  5.0308387e+000
  4.8035010e+000  1.8329028e+000
  6.7497442e+000  9.4605350e+000
  3.3044158e+000  7.8091730e+000
  9.0274835e+000  4.5931885e+000
  5.3209604e+000  7.2377054e+000
  3.3712900e-001  5.1715521e+000
  7.0993458e+000  4.7591579e+000
  3.9865217e+000  3.5722851e+000
  6.7990808e+000  6.6710934e+000
  2.6463769e+000  8.4035758e+000
  1.7990977e+000  2.8983120e+000
  3.7385643e+000  4.8528354e+000
  5.4284770e+000  6.2288764e+000
  6.8185606e+000  3.2703353e+000
  2.5144395e+000  5.1663568e+000
  3.7706779e+000  7.9864419e+000
  5.8030967e+000  5.9272923e+000
  2.8684655e+000  7.8738086e+000
  3.3432663e+000  7.9166042e+000
  4.2769074e+000  6.4929920e+000
  2.4892090e+000  2.9342545e+000
  4.8114331e+000  6.9850871e+000
  6.0896020e+000  5.4921874e+000
  7.1726540e+000  8.0361742e+000
  8.4617181e+000  8.9149083e+000
  3.4535248e+000  3.9336991e+000
  2.9218659e+000  8.0758499e+000
  7.7424959e+000  2.5033733e+000
  2.3444881e+000  4.4676459e+000
  5.2699230e+000  3.8682600e+000
  4.4226394e+000  3.3329332e+000
  6.8653145e+000  7.6737821e+000
  5.7362692e+000  2.9989492e+000
  2.3802568e+000  1.0776501e+001
  3.6342964e+000  2.1801411e+000
  6.1177424e+000  2.9138701e+000
  2.7153373e+000  7.5795268e+000
  6.4411379e+000  2.1946123e+000
  6.3846397e+000  8.0977895e+000
  6.2509088e+000  5.1758522e+000
  2.8375799e+000  7.1920983e+000
  3.6715373e+000  5.9979541e+000
  6.7403429e+000  6.5198058e+000
  1.2281794e+000  5.3413246e+000
  7.2556068e+000  1.8796177e+000
  2.5845326e+000  2.8233653e+000
  8.1465673e+000  4.8273640e+000
  6.6865993e+000  6.6030120e+000
  4.2624067e+000  2.0809296e+000
  5.0524981e+000  5.4473237e+000
  7.3455247e+000  3.7057976e+000
  2.8322494e+000  7.8401755e+000
  2.2716922e+000  6.8464484e+000
  5.7227616e+000 -2.1681015e-001
  7.7318883e+000  7.3093967e+000
  9.6714713e+000  4.4274046e+000
  1.0245144e+001  3.7686171e+000
  2.7813705e+000  2.7813527e+000
  4.7365092e+000  3.1483258e+000
  5.8099187e+000  6.7984757e+000
  6.7149851e+000  6.8358336e+000
  4.9743130e-001  1.1107292e+001
  5.3225512e+000  8.0646066e-002
  6.0302092e+000  8.1792502e+000
  2.1340898e+000  7.3116824e+000
  2.6769366e+000  5.2880913e+000
  6.2167427e+000  3.1495013e+000
  7.1395502e+000  7.0759237e+000
  8.0686828e+000  7.6733631e+000
  7.7246666e+000  6.1707379e+000
  1.5639421e+000  8.2560272e+000
  6.8671685e+000  6.2024151e+000
  4.9632888e+000  3.0082821e+000
  6.0148004e+000 -1.6699669e+000
  4.2391443e+000  1.8649828e+000
  6.7326585e+000  5.9685760e+000
  3.3882368e+000  7.5351696e+000
  9.4302609e+000  6.3170276e+000
  3.5964281e+000  8.4947668e+000
  4.4959408e+000  4.3016307e+000
  4.6206632e+000  3.1883929e+000
  5.6079667e+000  3.3673366e+000
  6.6381829e+000  8.7831461e+000
  1.5269498e+000  3.6338620e+000
  7.6016599e+000  7.7248795e+000
  8.5395679e+000  2.7338611e+000
  1.5314428e+000  8.3003069e+000
 -1.1408653e-001  2.2242570e+000
  2.9478421e+000  7.6843147e+000
  4.6112283e+000  4.1576332e+000
  5.9609626e+000  7.7517222e+000
  1.8903202e+000  3.2496539e+000
  1.1684858e+000  1.7789925e+000
  5.9580063e+000  5.5246350e+000
 -5.4811562e-001  3.8526828e+000
  7.9313714e+000  7.6759644e+000
  3.4300156e+000  5.7573298e+000
  7.6360325e+000  2.5350437e+000
  2.7991906e+000  8.8182163e+000
  3.2884680e+000  7.6031265e+000
  1.7650281e+000  2.4063199e+000
  3.6347413e+000  3.7598652e+000
  9.7676835e+000  5.4734143e+000
  9.5572617e-001  6.4183406e+000
  5.9353399e+000  1.0971436e+000
  3.7155722e+000  8.0001704e+000
  5.4318806e+000  3.3879306e+000
  2.4909888e+000  4.6566711e+000
  5.3650260e+000  2.6993773e+000
  1.7466218e+000  6.1474579e+000
  5.5444343e+000  3.1320173e+000
  7.2312064e+000  3.1789910e+000
  3.5347945e+000  7.7679323e+000
  7.3502832e+000  2.1044981e+000
  8.1477129e+000  5.8855191e+000
  2.1901646e+000  4.8419350e+000
  7.2603387e+000  2.8645959e+000
  9.0961917e+000  4.9687091e+000
  1.5694872e+000  2.9416909e+000
  8.1471737e+000  7.6042151e+000
  5.6182316e+000  5.0758270e+000
  6.5920049e+000  2.1606914e+000
  2.5384217e+000  3.6339685e+000
  5.4156779e+000  7.0150308e+000
  1.3123559e+000  2.0958757e+000
  4.5809558e+000  4.2734456e+000
  3.3179878e+000  8.1886317e+000
  4.1642869e+000  2.8188051e+000
  6.6095426e+000  1.9805877e+000
  6.0041294e+000  6.6356066e+000
  6.7478408e+000  6.6721090e+000
  4.3869560e+000  4.4034865e+000
  6.3249145e+000  2.8580361e+000
  9.3532091e+000  3.2684087e+000
  5.6611671e+000  6.9494268e+000
  6.5107856e+000  9.3301895e+000
  7.3943975e+000  6.5593706e+000
  7.6055755e+000  4.1146867e+000
  9.8473565e+000  3.7784526e+000
  6.3759143e+000  3.3297108e+000
  7.1418223e+000  9.0476534e+000
  2.5558032e+000  3.5250968e+000
  2.2171224e+000  6.9363167e+000
  2.0214968e+000  7.5869493e+000
  2.5306586e+000  4.0844478e+000
  6.2345375e+000  6.9322192e+000
  6.6934860e+000  1.0005146e+001
  5.7595577e+000  3.7336481e+000
  6.3810175e+000  4.9837810e+000
  3.8549506e+000  4.8102483e+000
  8.1516897e+000  5.2470765e+000
  7.9507394e+000  7.4513789e+000
  3.0022738e+000  2.9768011e+000
  8.6529160e+000  4.0612413e+000
  3.1646052e+000  4.5273249e+000
  2.3578460e+000  4.5125348e+000
  7.3715018e+000  8.5801354e+000
  4.6085147e+000  7.8096641e+000
  9.4976091e+000  3.4349608e+000
  9.9997574e+000  3.7536656e+000
  7.5929808e+000  6.1581418e+000
  4.8553920e+000  3.0582723e+000
  2.7594534e+000  3.6133689e+000
  9.1780957e+000  5.6049978e+000
  3.3585140e+000  8.3849299e+000
  9.3481107e+000  4.7994373e+000
  7.2957948e+000  1.8835423e+000
  7.3198551e+000  7.2692868e+000
  2.0190911e+000  3.6935707e+000
  7.7140287e+000  8.3133685e+000
  1.8216653e+000  7.7353727e+000
  3.8504400e+000  2.0333802e+000
  3.1041243e+000  2.6138441e+000
  4.3439444e+000  1.5302145e+000
  6.7669932e+000  6.2059021e+000
  3.5373802e+000  3.9308920e+000
  7.8939472e+000  7.8230934e+000
  3.3186717e+000  4.1058840e+000
  6.9009777e+000  7.4392929e+000
  9.6192303e+000  6.7361130e+000
  2.1798011e+000  6.8676082e+000
  5.8831272e+000  3.7198973e+000
  7.5590074e+000  4.9506281e+000
  9.1576612e+000  4.7753025e+000
  6.2343765e+000  3.1485123e+000
  2.9209881e+000  4.8794780e+000
  4.1579063e+000  8.2066810e+000
  6.7355591e+000  2.7745463e+000
  5.4697846e+000  8.9112000e+000
  2.0702108e+000  3.1943164e+000
  6.1865646e+000  3.5867741e+000
  4.3095815e+000  6.2984726e+000
  1.6619824e+000  7.0154171e+000
  5.3908248e+000  5.3451209e+000
  3.2670839e+000  3.1023997e+000
  4.5253926e+000  4.6511617e+000
  6.4467197e+000  6.8474732e+000
  1.9823067e+000  7.6984937e+000
  7.1863252e+000  2.0658607e+000
  1.8780430e+000  7.4682915e+000
  6.9302998e+000  4.1002423e+000
  1.9446109e+000  6.9504877e+000
  3.7128625e+000  3.8697713e+000
  3.7260085e+000  4.8050611e+000
  6.8286980e+000  3.4268445e+000
  5.8041563e+000  6.4561741e+000
  6.1393165e+000  2.9342718e+000
  4.4450564e+000  1.9212859e+000
  8.8689295e+000  5.3636981e+000
  2.3470103e+000  6.1412592e+000
  6.3741471e+000  2.0277917e+000
  6.6037607e+000  4.2604410e+000
  4.3504234e+000  9.2232740e+000
  2.9566022e+000  7.7183758e+000
  2.6306671e+000  3.3956147e+000
  7.2278077e+000  4.1493946e+000
  4.9312363e+000  4.3041936e+000
  5.2723361e+000  2.9279959e+000
  3.3857000e+000  3.4644567e+000
  2.8507468e+000  3.8555827e+000
  2.9345977e+000  5.1790870e+000
  5.5102203e+000  4.6776079e+000
  2.1065372e+000  6.6084675e+000
  6.6986599e+000  2.6402981e+000
  8.3458402e+000  2.6441591e+000
  3.9627020e+000  4.8387687e+000
  3.2169752e+000  5.0092447e+000
  8.3217552e+000  7.7555193e+000
  2.7343485e+000  3.4846231e+000
  4.9631853e+000  8.4968217e+000
  2.5673917e+000  7.9930697e-001
  6.2438720e+000  2.8698483e+000
  7.6477503e+000  6.7648552e+000
  1.5814459e+000  6.9225320e+000
  8.9749684e+000  3.5645138e+000
  4.8184540e+000  6.9600029e+000
  6.8984293e+000  7.6376507e+000
  2.6326708e+000  3.0387963e+000
  6.9878731e+000  3.6224367e+000
  7.1749717e+000  7.9572453e+000
  3.8926462e+000  6.5905711e+000
  3.2108699e+000  8.8979271e+000
  3.5919224e+000  5.9563254e+000
  3.5333516e+000  2.9995947e+000
  3.4338530e+000  8.1807755e+000
  9.3415939e+000  8.2259965e+000
  2.8568232e+000  8.1609268e+000
  1.8878504e+000  3.2275241e+000
  7.4536792e+000  4.6455174e+000
  6.3494679e+000  3.2439060e+000
  3.2317462e+000  5.1182042e+000
 -2.8093420e-001  4.8688708e+000
  5.7307926e+000  2.7844134e+000
  7.9202881e+000  2.4422740e+000
  7.6180884e+000  5.2083072e+000
  6.4023025e+000  7.1849498e+000
  6.2086630e+000  6.6620233e+000
  9.2799158e+000  3.8707702e+000
  8.9293796e+000  8.0016010e+000
  4.7587105e+000  3.2427494e+000
  4.5317618e+000  6.6312509e+000
  2.3804106e+000  2.9045591e+000
  5.9739364e+000  4.8708511e+000
  3.2006324e+000  8.3077082e+000
  3.3193493e+000  4.9267838e+000
  6.0773517e+000  3.9395142e+000
  7.9506412e+000  3.4160278e+000
  4.0312106e+000  4.0481614e+000
  8.4739199e+000  3.8458712e+000
  6.7801870e+000  4.7436714e+000
  5.7003407e+000  3.1201559e+000
  7.8160048e+000  2.2128080e+000
  5.5669781e+000  2.9899816e+000
  7.9110039e+000  2.9085868e+000
  4.9228031e+000  1.3431418e+000
  7.0558735e+000  3.1509460e+000
  9.5035048e+000  7.4311147e+000
  3.1837661e+000  4.6433083e+000
  5.7091016e+000  3.4585234e+000
  5.0991427e+000  2.7072783e+000
  9.4768175e+000  6.4435874e+000
  7.4471222e+000  3.1337412e+000
  1.5381427e+000  4.8060023e+000
  5.9870680e+000  4.4384519e+000
  5.5848156e+000  6.9161973e+000
  2.7055145e+000  1.8019738e+000
  6.0309000e+000  8.1998507e+000
  7.1442167e+000 -9.4508423e-002
  1.8865393e+000  2.2325560e+000
  9.4990080e-001  7.2308114e+000
  4.6890512e+000  7.9496591e+000
  4.8256612e+000  6.8840372e+000
  7.1574057e+000  2.8574752e+000
  7.5441759e+000  5.5287987e+000
  7.2140722e+000  6.9775118e+000
  6.3618447e+000  4.1571461e+000
  7.2379455e+000  6.0772780e+000
  2.6263680e+000  5.0311264e+000
  3.9348625e+000  6.2976506e+000
  6.8993494e+000  2.3045580e+000
  7.6121056e+000  8.4289521e+000
  6.3698407e+000  7.6623901e+000
  4.3213487e+000  3.5625838e+000
  2.9872991e+000  4.8961082e+000
  4.9112400e+000  2.0011327e+000
  6.2220731e+000  5.2810368e+000
  5.6163801e+000  2.7063456e+000
  5.8173755e+000  6.3135012e+000
  4.4752511e+000  2.7186268e+000
  3.5244268e+000  8.0625645e+000
  1.6778089e+000  6.7873161e+000
  3.2358374e+000  5.0171800e+000
  5.3524536e+000  3.2848205e+000
  2.8017834e+000  3.3172720e+000
  3.0359840e+000  7.8447557e+000
  4.0359470e+000  6.2353880e+000
  9.8076634e+000  4.0918008e+000
  4.6995269e+000  7.3759440e+000
  2.9879216e+000  8.1224602e+000
  4.2630493e+000  6.1646881e+000
  5.7301376e+000  3.2532348e+000
  3.5340041e+000  8.4016004e+000
  2.8308495e+000  2.6136209e+000
  6.4858375e+000  6.3911440e+000
  4.5449936e+000  9.6080445e+000
  5.2157479e+000  3.5382929e+000
  5.2723760e+000  5.1881745e+000
  5.1346893e+000  6.9678983e+000
  4.9278347e+000  4.9300955e+000
  4.4757912e+000  6.0826395e+000
  3.5631381e+000  2.9322485e+000
  3.7743354e+000  8.3170637e+000
  2.6666777e+000  7.3133491e+000
  1.7797095e+000  2.6752689e+000
  3.4910317e+000  2.2085948e+000
  2.2220646e+000  5.1430074e+000
  5.9687552e+000  2.9801979e+000
  8.1834225e+000  8.2158075e+000
  6.4733282e+000  6.4242704e+000
  5.8605464e+000  7.2485285e-001
  4.3882813e+000  3.9731814e+000
  2.9952182e+000  2.2530390e+000
  3.3687690e+000  8.2302475e+000
  9.1535296e+000  3.8720593e+000
  2.9325892e+000  8.6194061e+000
  1.4197222e+000  5.7303796e+000
  5.6764606e+000  4.0243104e+000
  1.6836978e+000  5.1002846e+000
  1.8716597e+000  7.0039195e+000
  7.1780661e+000  1.3697696e-001
  2.9356896e+000  8.8479087e+000
  4.1142003e+000  7.2724685e+000
  2.9055628e+000  3.1402947e+000
  9.5564776e+000  3.0695260e+000
  2.9070991e+000  2.7847027e+000
  5.9259673e+000  2.8289616e+000
  5.4328084e+000  3.0402110e+000
  2.8762285e+000  3.1162752e+000
  3.3098083e+000  6.3283427e+000
  3.2460066e+000  4.4017729e+000
  3.0747645e+000  4.4128604e+000
  6.2104622e+000  3.0458427e+000
  3.7835541e+000  2.4285963e+000
  3.4408268e+000  3.5898490e+000
  5.3248900e+000  5.3037451e+000
  5.9382961e+000  5.0962582e+000
  6.5476289e+000  7.8054974e+000
  6.4481386e+000  6.0140746e-001
  4.1269111e+000  8.6838190e+000
  6.6641308e+000  2.5845526e+000
  3.5115369e+000  4.1628692e+000
  8.5249088e+000  4.4463139e+000
  8.4390212e+000  3.3652939e+000
  5.9082930e+000  1.5729391e+000
  3.6690769e+000  7.9622685e+000
  2.0241211e+000  7.5394935e+000
  2.3291556e-001  6.7222836e+000
  6.7459847e+000  6.5342403e+000
  6.4652298e+000  2.0940093e+000
  4.5172209e+000  3.0697060e+000
  5.2151798e+000 -1.5045448e-001
  5.5876529e+000  2.7212084e+000
  7.0975655e+000  7.1730251e+000
  6.0445413e+000  7.0567343e+000
  8.0189261e+000  5.5954840e+000
  3.9373912e+000  3.1878115e+000
  6.8777129e+000  3.9052362e+000
  1.1795420e+000  6.5750132e+000
  2.7986044e+000  7.6849265e+000
  6.0072528e+000  5.1088929e+000
  8.8704104e+000  3.5116023e+000
  6.1534864e+000  2.5751989e+000
  3.9793020e+000  7.3806111e+000
  6.9748708e+000 -4.0961585e-001
  7.2608071e+000  6.6707806e+000
  5.7913909e+000  4.0703678e+000
  2.6647789e+000  4.7367400e+000
  3.4964688e+000  3.3288762e+000
  2.2755662e+000  6.1172583e+000
  6.9481433e+000  4.4141896e+000
  3.1899889e+000  2.4824600e+000
  5.8700761e+000  3.4161964e+000
  2.0540293e+000  7.6732892e+000
  6.0689890e+000  3.3352497e+000
  6.8585426e+000  2.5426413e+000
  4.7219173e+000  4.9549683e+000
  6.9417373e+000  1.4661386e+000
  6.1216684e+000  4.7769881e+000
  1.0734385e+000  1.4225898e+000
  5.6325309e+000  2.9399467e+000
  8.6174654e+000  3.8719145e+000
  8.6580431e+000  5.0584384e+000
  6.2537384e+000  4.8353901e+000
  7.8941526e+000  4.5671778e+000
  8.6135626e+000  4.6054950e+000
  4.1818708e+000  3.7561408e+000
  9.0739171e+000  4.1959998e+000
  9.8729968e+000  8.4289254e+000
  8.3293836e+000  6.3863651e+000
  6.1335419e+000  3.4013087e+000
  5.0233855e+000  2.6312857e+000
  3.6701143e+000  3.7093456e+000
  6.4012291e+000  2.5002057e+000
  3.1098057e+000  3.5178891e+000
  4.0311100e+000  6.4218987e+000
  7.7989388e+000  8.9046239e+000
  2.0298085e+000  7.6535819e+000
  5.7464385e+000  5.1093658e+000
  3.3842311e+000  3.6697553e+000
  8.2625129e+000  9.7223949e+000
  2.6239798e+000  3.5775740e+000
  8.1865675e+000  2.7332273e+000
  4.3009730e+000  8.0339337e+000
  2.0990220e+000  7.6724017e+000
  1.3909663e+000  2.7464898e+000
  1.9724475e+000  6.5325651e+000
  8.3118685e+000  5.8941299e+000
  1.0840704e+000  5.4073185e+000
  3.6819604e+000  8.2615443e+000
  7.9401772e-001  8.9670742e+000
  2.3047870e+000  3.8638688e+000
  7.2121334e+000  8.7530339e+000
  4.5333229e-001  7.3350804e+000
  5.6038469e+000  4.3141467e+000
  1.6162246e+000  6.6216136e+000
  3.0098980e+000  8.2062566e+000
  5.5460308e+000  4.1012071e+000
  6.0210421e+000  2.5376146e+000
  2.9938118e+000  4.5789902e+000
  3.5578601e+000  4.4171227e+000
  1.5829893e+000  6.5788270e+000
  1.5536943e+000  7.2676132e+000
  5.1449519e+000  3.5628519e+000
  5.2381487e+000  2.8038539e+000
  8.9988068e+000  6.0812267e+000
  6.8041117e+000  7.8814872e+000
  9.2939426e+000  6.0303095e+000
  7.5623678e+000  3.4335560e+000
  7.0534502e+000  9.2157943e+000
  2.8064331e+000  5.0406297e+000
  6.6312450e+000 -1.0234100e+000
  3.2726223e+000  6.8284896e+000
  7.4915405e+000  5.5018907e+000
  9.2121091e+000  3.3923489e+000
  8.9696751e+000  7.9989561e+000
  2.9850219e+000  2.7588348e+000
  5.2938941e+000  4.0817513e+000
  3.2787491e+000  3.0005355e+000
  3.9620443e+000  1.8122150e+000
  4.7815843e+000  2.8618629e+000
  4.1793545e+000  3.7546337e+000
  2.4055354e+000  4.1275274e+000
  5.8403817e+000  8.0978634e+000
  6.5674338e+000  4.2454409e+000
  5.9220183e+000  7.7262306e+000
  9.7325976e-003  8.2799423e+000
  7.5309973e+000  4.2960649e+000
  2.5807924e+000  3.1873586e+000
  2.3143453e+000  7.3384554e+000
  7.8771811e+000  6.3210243e+000
  1.5758642e+000  6.9541528e+000
  8.9594616e+000  5.0506507e+000
  2.2192626e+000  4.9880055e+000
  4.8573805e+000  4.9670232e+000
  5.1021807e+000  4.6540384e+000
  2.6230657e+000  8.1088903e+000
  3.9869445e+000  7.7611154e+000
  5.3037368e+000  3.4573932e+000
  5.0576898e+000  1.3953934e+000
  5.6876136e+000  3.3109382e+000
  3.0246144e+000  7.7619050e+000
  8.1708524e+000  3.4083389e+000
  3.6879755e+000 -4.2777685e-002
  6.3239249e+000  2.9328119e+000
  6.7711843e+000  7.6072092e+000
  6.3624754e+000  3.3482484e+000
  5.5343122e+000  6.2288257e+000
  6.6754366e+000  6.0426762e+000
  7.2449729e+000  2.4568059e+000
  6.1524701e+000  5.3725331e+000
  2.7200808e+000  8.3965016e+000
  2.3375795e+000  4.7670793e+000
  2.0258854e+000  3.5391920e+000
  7.1122354e+000  3.2296223e+000
  1.7933841e+000  7.3024080e+000
  1.9169493e+000  3.3529244e+000
  5.9944659e+000  6.5366313e+000
  8.1044408e+000  7.8863064e+000
  5.6068285e+000  3.1455477e+000
  7.6286357e+000  6.5080933e+000
  8.7770877e+000  7.1307945e+000
  3.5698701e+000  4.8605409e+000
  4.9260818e+000  3.0312577e+000
  7.4666991e+000  3.7504704e+000
  8.5378899e+000  3.3492134e+000
  8.3613539e+000  3.3914842e+000
  7.4736712e+000  6.9757745e+000
  5.2546314e+000  6.4421548e+000
  5.8258061e+000  4.3864436e+000
  3.4875981e+000  3.0475219e+000
  7.0167439e+000  2.4046942e+000
  1.5824193e+000  2.8737040e+000
  6.8159276e+000  3.7974257e+000
  1.7386098e+000  4.0849267e+000
  1.2061853e+000  2.5235305e+000
  8.2450109e+000  7.0341807e+000
  5.9105893e+000  8.4427514e+000
  5.4098065e+000  4.1397438e+000
  5.1996695e+000  3.8083902e+000
  3.7961624e+000  2.2030928e+000
  3.3396329e+000  4.7204689e+000
  7.6039081e+000  3.8264668e+000
  3.9472110e+000  2.3199777e+000
  7.5120797e+000  7.5560421e+000
  2.7211492e+000  7.2428077e+000
  1.8404480e+000  2.3684499e+000
  7.0227744e+000  3.1778495e+000
  8.5683322e+000  3.7846699e+000
  2.4382171e+000  2.3297517e+000
  2.7155815e+000  3.4187539e+000
  6.7046136e+000  9.2353468e+000
  2.6916349e+000  6.6294010e+000
  1.6541889e+000  8.6081430e+000
  6.1224059e+000 -1.5146558e+000
  3.2544445e+000  8.3014548e+000
  5.8540475e+000  3.8267516e+000
  6.3494821e+000  4.8507421e+000
  3.5247692e+000  1.4706726e+000
  4.4940572e+000  1.6893270e+000
  4.5791654e+000  6.6173270e+000
  3.3034644e+000  8.0438347e+000
  7.0811868e+000  6.9717106e+000
  3.4275632e+000  7.5198953e+000
  3.7224472e+000  7.9592608e+000
  6.0498738e+000  2.4576572e+000
  6.0251830e+000  7.4827462e+000
  4.1239086e+000  3.2787652e+000
  5.1316832e+000  8.3865103e+000
  2.1046742e+000  4.5746388e+000
  7.3862144e+000  5.4091309e+000
  5.6741455e+000  5.4716343e+000
  9.2642409e+000  5.7994038e+000
  7.9187522e+000  2.5086668e+000
  9.7742677e+000  4.4921524e+000
  7.1413280e+000  3.5668599e+000
 -5.9739074e-001  4.5193705e+000
  3.6430024e+000  3.3622784e+000
  5.1263038e+000  7.0422024e+000
  3.3268222e+000  8.2484360e+000
  5.1223101e+000  3.8955395e+000
  2.7809873e+000  7.7066707e+000
  4.8248792e+000  7.2044958e+000
  9.1999504e+000  3.1332478e+000
  2.9740755e+000  8.1680225e+000
  2.8248377e+000  5.1255861e+000
  7.1200410e+000  9.2123833e+000
  4.1702423e+000  3.7854812e+000
  2.3169183e+000  6.7337052e+000
  8.0214435e+000  9.1407066e+000
  3.9833900e+000  3.1741080e+000
  7.2792436e+000  9.5584567e+000
  2.2945957e+000  6.8057228e+000
  4.3982803e+000  6.6080809e+000
  7.7783064e+000  7.2288441e+000
  5.1309579e+000  2.4248835e+000
  8.5967334e+000  4.4519613e+000
  4.1431193e+000  3.8662489e+000
  6.9956786e-001  6.9466536e+000
  3.7433988e+000  6.8796297e+000
  7.1583615e+000  8.1346970e+000
  1.3580798e+000  5.3056905e+000
  2.3473710e+000  4.8055396e+000
  5.7768664e+000  6.9933170e+000
  4.3356271e+000  3.7139586e+000
  1.0868166e+000  2.1420150e+000
  8.5508965e+000  7.4652096e+000
  5.5679202e+000  6.2947378e+000
  5.8220307e+000  2.7702834e+000
  3.8470095e+000  5.4316647e+000
  2.6086143e+000  2.8319787e+000
  7.5525736e+000  2.8888107e+000
  2.4995826e+000  5.2857715e+000
  3.4724220e+000  3.4352214e+000
  6.0883767e+000  3.1750230e+000
  7.3535002e+000  2.8482091e+000
  2.0432618e+000  7.8630149e+000
  7.5070703e+000  6.4587391e+000
  5.5715667e+000  4.3246139e+000
  8.9645961e+000  6.9798319e+000
  4.1998871e+000  8.5493089e+000
  7.3033927e+000  2.6714294e+000
  1.9670184e+000  3.4427318e+000
  6.8695237e+000  6.6141435e+000
  3.6803250e+000  7.9821228e+000
  3.5387557e+000  2.6439804e+000
  9.5531689e+000  3.9232567e+000
  3.8269447e+000  3.0456964e+000
  1.4225977e-001  3.8364844e+000
  2.4434992e+000  3.0003337e+000
  4.9648844e+000  3.8343221e+000
  3.8488825e+000  3.6137424e+000
  2.8050758e-001  2.0383421e+000
  2.7046035e+000  1.3562310e+000
  9.9315517e-001  3.4046694e+000
  5.4909700e+000  4.6931873e+000
 -2.2478053e-001  3.4777769e+000
  5.9851022e+000  3.5881404e+000
  7.2254383e+000  5.6635274e+000
  6.0536992e+000  4.5606242e+000
  2.0680464e+000  4.9297309e+000
  2.5655547e+000  4.8898307e+000
  6.0326250e+000  7.3036317e+000
  3.1160442e+000  3.1855373e+000
  9.2967920e+000  4.4500168e+000
  9.5890112e+000  4.1731351e+000
  5.8683318e+000  6.5645585e+000
  2.7410304e+000  4.8935489e+000
  2.7438468e+000  4.6424337e+000
  8.5512793e+000  3.9903698e+000
  8.9351839e+000  8.7930056e+000
  2.5885471e+000  7.8849688e+000
  1.9793517e+000  4.3720316e+000
  5.3908071e+000  5.6565207e+000
  6.9125524e+000  7.7282424e+000
  5.1482149e+000  4.1326412e+000
  4.7262609e+000  8.1504787e+000
  2.4855954e+000  3.1110956e+000
  2.0730708e+000  6.7263225e+000
  7.3956401e+000  5.1426698e+000
  5.4534497e+000  4.0553502e+000
  9.4299231e+000  3.4113749e+000
  2.8555718e+000  1.6688941e+000
  7.5700229e+000  9.0908978e+000
  1.7326444e+000  7.5923563e+000
  3.9811246e+000  7.8524111e-001
  6.1023297e+000  3.3098465e+000
  4.0710546e+000  7.2322816e+000
  5.9837873e-001  3.8604644e+000
  5.4863431e+000  3.7339625e+000
  6.5590706e+000  1.8178526e+000
  9.8194038e+000  6.7200161e+000
  1.0680171e+000  2.8349017e+000
  6.7587719e+000  7.6990312e+000
  5.9444610e+000  3.9857556e+000
  3.7353981e+000  3.1033202e+000
  3.2686573e+000  3.1643436e+000
  6.0810752e+000  6.3297078e+000
  7.5702622e+000  4.6176386e+000
  9.1652857e+000  9.1570917e+000
  1.6051533e+000  7.0875857e+000
  1.6757099e+000  7.2866410e+000
  6.8959279e+000  7.0035182e+000
  5.7368469e+000  3.6194681e+000
  1.9498357e+000  7.2836990e+000
  2.8164432e+000  5.2272471e+000
  6.7799233e+000  7.5467099e+000
  5.5864536e+000 -2.8838965e-001
  7.7473797e+000  5.6470036e+000
  9.6367822e+000  4.6037748e+000
  3.2856984e+000  6.9298091e+000
  7.8471565e+000  3.7792893e+000
  2.8494688e+000  8.1019618e+000
  5.2828310e+000  1.5588427e+000
  2.9398644e+000  8.5020531e+000
  4.1777979e+000  1.5844419e+000
  9.7119040e+000  2.4217131e-001
  5.1904476e+000  5.5359596e+000
  4.9115410e+000  2.9989469e+000
  1.8050212e+000  2.8098065e+000
  6.7085234e+000  4.8006801e+000
  6.6799294e+000  2.1008380e+000
  6.1035596e+000  7.4776784e+000
 -4.6267151e-001  4.9697231e+000
  3.8192572e+000  9.5364697e+000
  1.3683051e+000  2.0431626e+000
  1.8039027e+000  7.5287686e+000
  3.2683092e+000  8.0136747e+000
  2.5379839e+000  3.3054613e+000
  5.1338327e+000  6.8896233e+000
  6.3110125e+000  2.9246050e+000
  1.8005779e+000  6.6120545e+000
  8.7591374e+000  3.6121980e+000
  2.3155834e+000  3.1935946e+000
  1.7610858e+000  5.5204105e+000
  3.0301208e+000  2.5810367e+000
  6.9578329e+000  6.6269210e+000
  5.1571555e+000  6.7587452e+000
  5.4904087e+000  7.0233543e+000
  7.6357790e+000  9.6118503e+000
  7.1801355e+000  6.3903173e+000
  6.4153760e+000  2.4821833e+000
  4.8043254e+000  2.9431075e+000
  6.7089038e+000  2.6052043e+000
  2.8675242e+000  1.9083186e+000
  2.9681026e+000  2.9529019e+000
  3.0197636e+000  4.4583710e+000
  1.0251614e+001  3.5624043e+000
  3.3985529e+000  7.6141528e+000
  5.6221306e+000  6.5875406e+000
  2.5148544e+000  8.5926100e+000
  2.7088258e+000  5.7579455e+000
  8.9775145e+000  6.3074881e+000
  3.4258049e+000  1.0311581e+000
  4.3912063e+000  6.7480655e+000
  5.5922655e+000  1.3886695e+000
  2.3928326e+000  5.4275387e+000
  7.0438079e+000  6.6944619e+000
  5.7159951e+000  3.1397744e+000
  8.1807335e+000  7.1828901e+000
  6.9875988e+000  3.5394226e+000
  4.1542059e+000  4.9479209e+000
  4.9736803e+000  3.6653087e+000
  7.5249809e+000  7.1714314e+000
  2.1983361e+000  5.6256748e+000
  5.9766408e+000  4.9626242e+000
  2.2940008e+000  5.2045715e+000
  5.9352521e-001  7.7851291e+000
  5.1307398e+000  1.0374504e+000
  3.5067629e+000  2.8092982e+000
  1.6792270e+000  7.3632400e+000
  3.1209290e+000  4.4929582e+000
  1.6854727e+000  7.3479778e+000
  2.6747702e+000  5.3029009e+000
  3.0265425e+000  5.3616387e+000
  7.0427802e+000  5.9259610e-001
  6.6474809e+000  3.1592084e+000
  5.2899318e+000  4.5889228e+000
  5.8904523e+000  8.7531380e+000
  2.5384833e+000  3.3208988e+000
  1.6827942e+000  7.3359068e+000
  3.8686752e+000  3.4822410e+000
  5.9314020e+000  4.1852642e+000
  8.1633216e+000  5.2015218e-001
  6.1845585e+000  2.4473535e+000
  3.4313073e+000  8.8793278e+000
  5.8383103e+000  4.9126305e+000
  6.9660772e+000  2.7941148e+000
  2.7095004e+000  6.3259823e+000
  5.9508570e+000  3.1058865e+000
  7.5746159e+000  8.3352243e+000
  9.4843218e+000  4.6519343e+000
  2.9479113e+000  4.3996834e+000
  5.1045435e+000  2.1804980e+000
  2.2416234e+000  3.5744322e+000
  3.6719441e+000  9.8707211e+000
  2.7494766e+000  6.7871070e+000
  7.9761575e+000  6.3306593e+000
 -6.5859673e-001  9.4779669e+000
  8.3863842e+000  5.5249431e+000
  4.2603311e+000  6.3252253e+000
  1.1926418e+000  2.0609494e+000
  3.7283035e+000  7.7555241e+000
  5.2809030e+000  6.4255173e+000
  6.5611642e+000  3.6613719e+000
  2.8927655e+000  4.6212366e+000
  6.9053884e+000  3.6772823e+000
  2.5539784e+000  4.8726582e+000
  6.0853107e+000  4.9019034e+000
  3.2582436e+000  5.0982284e+000
  2.6841230e+000  8.2406937e+000
  8.9893291e+000  5.0065257e+000
 -2.0715128e-001  2.3930496e+000
  2.8793347e+000  2.8712218e+000
  4.4887697e+000  1.9882833e+000
  9.4571187e+000  3.6361881e+000
  3.0176418e+000  7.7234557e+000
  6.4411035e+000  4.8111651e+000
  2.8290817e+000  4.9164066e+000
  4.7166231e+000  1.2674879e+000
  5.8763616e+000  5.3017995e+000
  6.9576880e+000  7.1078970e+000
  6.7496278e+000  2.1612842e+000
  9.6886440e+000  4.7350169e+000
  4.3463617e+000  5.8448548e+000
  4.0649159e+000  3.6154307e+000
  6.7707197e+000  6.2775578e+000
  4.6679704e+000  3.6358001e+000
  1.6937557e+000  6.7498081e+000
  4.6474045e+000  6.9817815e+000
  7.4053373e+000  3.4071359e+000
  3.9682672e+000  2.2114868e+000
  8.6239892e+000  6.2404485e+000
 -1.9125625e-002  3.8520439e+000
  2.1845506e+000  5.1503201e+000
  5.0660438e+000  4.5261461e+000
  8.5286939e+000  3.0856219e+000
  2.6867288e+000  4.7726066e+000
  3.7212950e+000  3.4407454e+000
  4.8165270e+000  7.5372911e+000
  7.1188697e+000  4.2498676e+000
  5.4228521e+000  3.8067807e+000
  6.8434264e+000  2.0917502e+000
  8.1712273e+000  4.4246630e+000
  3.7703017e+000  4.7944692e+000
  7.1650186e+000  7.9267691e+000
  9.6430388e+000  7.1588478e+000
  6.0724779e+000  2.9123231e+000
  6.6388905e+000  8.3350047e+000
  6.6482189e+000  6.9448508e+000
  4.0969628e+000  3.3599288e+000
  5.0292723e+000  5.8060476e+000
  7.8037384e+000  3.5557006e+000
  1.6352626e+000  6.7144162e+000
  5.3444664e+000  2.6156489e+000
  3.0258880e+000  5.3295647e+000
  2.0364749e+000  5.2650451e+000
  9.8035940e+000  4.7435683e+000
  5.8471973e+000  3.5660243e-001
  5.8460129e+000  6.1352843e+000
  3.1328611e+000  9.5801337e+000
  9.0564009e+000  3.5872250e+000
  2.1211103e+000  2.7037768e+000
  5.4886337e+000  7.3322442e+000
  6.2150605e+000  2.6783504e+000
  6.8184268e+000  4.3159775e+000
  6.7024095e+000  2.3189834e+000
  5.5709086e+000  8.5226737e+000
  4.1731002e+000  7.9665217e+000
  6.6203969e+000  7.2267104e+000
  1.9071107e+000 -1.1636888e-001
  5.4644792e-001  6.0531581e+000
  2.4127981e+000  4.4948860e+000
  2.9594120e+000  7.6196932e+000
  4.6925142e+000  3.9881059e+000
  2.4197140e+000  7.0151125e+000
  5.9201270e+000  3.4305924e+000
  3.5019217e+000  7.7660985e+000
  6.3886423e+000  3.1188697e+000
  7.9284417e+000  4.9357774e+000
  4.8197423e+000  8.3673341e+000
  5.6229478e+000  3.9507091e+000
  5.5662010e+000  2.7654526e+000
  3.4011416e+000  3.9899765e+000
  9.1591409e+000  2.1228454e+000
  6.7848612e+000  3.4015740e+000
  2.8711849e+000  4.8791913e+000
  7.6478385e+000  2.5544876e+000
  4.4564540e+000  3.4934852e+000
  2.6506291e+000  4.5053404e+000
  5.0850349e+000  3.5382102e+000
  6.2180146e+000  4.7595824e+000
  1.8996613e+000  6.9950500e+000
  5.5496704e+000  6.6976068e+000
  5.2230241e+000  2.5719422e+000
  4.1125127e+000  8.3460178e+000
  2.2822121e+000  7.0370023e+000
  7.7847720e+000  2.7022283e+000
  1.8869570e+000  7.9362406e+000
  5.5064077e+000  6.5386380e+000
  7.8412088e+000  8.6140419e+000
  2.9199583e+000  3.6898674e+000
  3.6398233e+000  8.0235520e+000
  8.7066748e+000  4.6627117e+000
  3.2180877e+000  6.7297131e+000
  3.5242090e+000  4.9516947e+000
  3.9422692e+000  3.5066821e+000
  2.3147718e+000  3.1758667e+000
  5.6273566e+000  3.8514577e+000
  7.0411868e+000  1.7386168e+000
  8.8036244e+000  3.4708527e+000
  7.2001414e+000  6.8715115e+000
  4.8120411e-001  7.1938539e+000
  6.3949617e+000  7.0481177e+000
  7.0751521e+000  7.2125783e+000
  6.0400083e+000  3.5829203e+000
  8.1683904e+000  2.6345334e+000
  9.0241373e+000  8.2971733e+000
  7.1447416e+000  6.7524094e+000
  2.3264854e+000  6.6907370e+000
  1.8747998e+000  6.9013877e+000
  6.1249869e+000  3.1509510e+000
  5.5440174e+000  6.8486830e+000
  7.0984176e+000  5.6620968e+000
  6.9983286e+000  5.9021628e+000
  4.0226455e+000  8.6608713e+000
  2.4736704e+000  2.8727426e+000
  9.1724339e+000  8.7469329e+000
  4.3468227e+000  6.5630094e+000
  8.6161198e+000  9.0075022e+000
  9.6632003e+000  3.7353390e+000
  5.4405189e+000  3.0922374e+000
  5.4675688e+000  2.8232349e+000
  9.7998077e+000  6.6555091e+000
  6.6341227e+000  1.2558415e+000
  7.0705918e+000  7.1419405e+000
  7.8841793e+000  3.0097195e+000
  5.4600767e+000  2.7862966e+000
  6.7363311e+000  8.3561482e+000
  5.8843141e+000  6.1583102e+000
  1.0170307e+001  3.7168693e+000
  5.6526964e+000  3.1343557e+000
  5.0240661e+000  3.8050043e+000
  1.0046695e+001  5.8243745e+000
  9.5997516e+000  4.2027568e+000
  4.1722381e+000  9.3711715e+000
  1.8970370e+000  7.2006887e+000
  5.5457733e+000  2.9952479e+000
  4.0383897e+000  2.6120815e+000
  7.4123058e+000  7.3866517e+000
  6.8716480e+000  3.7003878e+000
  2.1115090e+000  5.6786821e+000
  6.1589327e+000  3.9163584e+000
  3.0221500e+000  3.7130385e+000
  4.9699725e+000  3.4835249e+000
  6.8204760e+000 -3.8958056e-001
  3.4525297e+000  7.8241232e+000
  7.9521281e+000  2.6734290e+000
  7.0025285e+000  7.3078241e+000
  4.0193569e+000  5.8827233e+000
  6.3770745e+000  3.5730365e+000
  5.3824753e+000  3.4386360e+000
  5.8959013e+000  4.0699719e+000
  8.7489571e+000  4.1723517e+000
  7.3759815e+000  9.5509033e+000
  3.2575389e+000  2.5091324e+000
  7.2731471e+000  7.1527357e+000
  4.3841530e+000  3.8160249e+000
  6.7580312e+000  2.9983553e+000
  2.1308615e+000  3.0665303e+000
  3.5193113e+000  7.4387903e+000
  3.3846898e+000  3.1569057e+000
  2.5260790e+000  3.5883286e+000
  2.9155616e+000  8.2368158e+000
  4.4756905e+000  3.6402420e+000
  3.0461263e+000  8.3460130e+000
  2.8918847e+000  4.7590747e+000
  3.3617828e+000  7.9415960e+000
  1.8175765e+000  7.5342737e+000
  4.1114248e+000  3.4555646e+000
  5.4142858e+000  6.6109239e+000
  2.0765691e+000  1.0084833e+001
  5.9165384e+000  3.3639365e+000
  3.7006064e+000  4.1091229e+000
  1.3530829e+000  2.6786062e+000
  7.2638604e+000  6.0361934e+000
  5.7602217e+000  6.1820746e+000
  1.4184134e+000  8.6908203e+000
  7.6409484e+000  5.0212055e+000
  9.5960062e+000  4.6752823e+000
  2.5069942e+000  1.4385093e+000
  2.8413234e+000  4.7868489e+000
  9.2616297e+000  4.8694715e+000
  4.4960275e+000  3.8228380e+000
  7.6893826e+000  7.0914743e+000
  2.8850411e+000  1.4722875e+000
  6.3584568e+000  4.5436894e+000
  2.7811592e+000  2.9861636e+000
  4.7782839e+000  1.7543936e+000
  6.0718944e+000 -2.8079640e-001
  4.2285902e+000  3.3621097e+000
  3.9688644e+000  3.5370603e+000
  2.7980036e+000  5.0004205e+000
  7.7122313e+000  4.0884056e+000
  5.3027016e+000  6.6327118e+000
  1.7647038e+000  4.5464627e+000
  5.6464406e+000  1.2683334e+000
 -5.6205282e-001  4.1288437e+000
  6.2478166e+000  7.0339981e+000
  2.5300869e+000  3.0621501e+000
  6.5295521e+000  6.5864391e+000
  3.0899546e+000  7.7727128e+000
  7.2321897e+000  3.3027048e+000
  5.5731246e+000  7.1690870e+000
  6.5185940e+000  5.4755455e-001
  5.3816434e+000  2.8266516e+000
  7.8510516e+000  3.3468482e+000
  6.7223509e+000  5.7840700e+000
  7.3568299e+000  5.7845751e+000
  3.5510744e+000  3.8923832e+000
  2.1070555e+000  7.2694165e+000
  7.2307226e+000  7.6268893e+000
  6.4903487e+000  6.8411029e-001
  3.4087556e+000  9.0497342e+000
  3.8566925e+000  6.0325746e+000
  7.3400723e+000  2.2307856e+000
  7.4958140e+000  7.0803996e+000
  3.0036172e+000  7.6147545e+000
  4.8183844e+000  3.3578812e+000
  1.9123311e+000  7.4650852e+000
  1.0200482e+001  3.6077769e+000
  5.6023252e+000  7.4666726e+000
  6.4329717e+000  2.3873859e+000
  8.7641184e+000  5.7452872e+000
  9.0441086e+000  4.0363302e+000
  6.3501345e+000  6.0958036e-001
  2.4624062e+000  3.2487632e-001
  7.4958301e+000  7.3514346e+000
  8.9288613e+000  2.0764237e-001
  9.6802933e+000  4.5691055e+000
  1.8873836e+000  2.4572641e+000
  8.9238814e+000  3.4754748e+000
  6.9477698e+000  3.6799035e+000
  6.3316967e+000  1.4601039e+000
  4.4229758e+000  2.0502411e+000
  7.0604362e+000  2.8850719e+000
  3.6389367e+000  2.4062805e+000
  3.7148297e+000  4.7195298e+000
  4.7617834e+000  4.1506925e+000
  8.5257142e+000  6.4419004e+000
  5.1875841e+000  8.2158624e+000
  6.9207876e+000  6.7905987e+000
  3.1873728e+000  2.5953461e+000
  9.4509708e+000  7.8267280e+000
  2.7570686e+000  6.9368972e+000
  7.6095031e+000  8.9746118e+000
  6.9344090e+000  9.1970179e+000
  5.0051424e+000  8.7502725e+000
  9.5260432e+000  3.5858476e+000
  6.1554706e+000  4.9765088e+000
  7.9889735e+000  8.8636029e+000
  6.3245119e+000  3.6815392e+000
  7.0797812e+000  7.9051635e+000
  2.8368898e+000  8.8684773e+000
  5.1909008e+000  2.5909435e+000
  5.2024375e+000  7.8942542e+000
  7.0787010e+000  1.0424656e+000
  9.6326465e+000  6.2772220e+000
  6.4095188e+000  6.7340858e+000
  3.5465958e+000  8.0222336e+000
  5.0640956e+000  3.2045324e+000
  3.6525946e+000  2.7187955e+000
  3.8541641e+000  4.5429336e+000
  4.4275067e+000  6.5070185e+000
  4.9639229e+000  2.5520122e+000
  6.9145736e+000  5.9868188e+000
  3.1468939e+000  5.0880491e+000
  3.4397710e+000  7.8095805e+000
  5.4890749e+000  6.6020394e+000
  1.4542436e+000  5.1033657e+000
  7.0083418e+000  6.1121872e+000
  2.8212864e+000  7.6999729e+000
  5.4563878e+000  6.6962087e+000
  6.8922733e+000  9.9269591e+000
  1.9321946e+000  6.6949723e+000
 -5.9378105e-001  4.6067358e+000
  6.3173832e+000  4.4325764e+000
  2.4134541e+000  6.7415589e+000
  6.0319155e+000  3.5535169e+000
  2.1196358e+000  4.9224869e+000
  5.5935747e+000  5.5850235e+000
  3.8933232e+000  6.5869019e+000
  3.7016718e+000  7.4789127e+000
  5.6342124e+000  5.3664763e+000
  1.6848430e+000  7.8384043e+000
  5.7507001e+000  3.0939324e+000
  7.4255485e-001  6.9176810e+000
  8.7246830e+000  5.7936418e+000
  6.3424732e+000  3.4180207e+000
  6.2931839e+000  7.2958147e+000
  3.8291810e+000  6.8400683e+000
  7.4731957e+000  6.6058330e+000
  7.8123292e+000  9.3884160e+000
  9.8638536e+000  5.2149485e+000
  7.0287305e+000  5.8724125e+000
  7.1032418e+000  6.5058985e+000
  7.0643141e+000  6.4704011e+000
  7.0759095e+000  2.8650233e+000
  5.9587387e+000  6.9242440e+000
  8.3462418e+000  6.1465073e+000
  1.5087949e+000  2.9075893e+000
  1.0374746e+001  3.5227616e+000
  4.1555507e+000  3.9221722e+000
  6.1100956e+000  4.6487824e+000
  5.3408682e+000  3.5120325e+000
  3.4516150e+000  2.7801602e+000
  3.0206965e+000  8.5909226e+000
  3.1763921e+000  8.0428454e+000
  7.1693525e+000  6.1222697e+000
  5.9905087e+000  3.2069463e+000
  7.4345271e+000  2.7136368e+000
  6.6472088e+000  3.0983969e+000
  9.5556435e+000  6.1016352e+000
  7.7123816e+000  1.2820249e+000
  2.1274414e+000  3.2015971e+000
  6.8136530e+000  6.9890391e+000
  6.6221074e+000  7.3926510e+000
  4.2782608e+000  7.6564304e+000
  2.2479283e+000  2.6867895e+000
  4.2738735e+000  8.9443181e+000
  4.2017830e+000  6.4504115e+000
  3.2122638e+000  3.6700918e+000
  6.5262631e+000  2.7757412e+000
  8.2221031e+000  5.6964070e+000
  9.4048207e+000  3.9364514e+000
  6.2463352e+000  4.8124071e+000
  5.8810281e+000  5.6376183e+000
  9.5620455e-001  3.0872792e+000
  4.5123530e+000  9.9061281e+000
  3.2171426e+000  8.3415517e+000
  6.5763726e+000  2.0784975e+000
  7.3778081e+000  2.3725622e+000
  5.1695835e+000  3.5456442e+000
  5.9459021e+000  9.0148021e+000
  6.4160005e+000  4.9638643e+000
  3.3758870e+000  2.9111027e+000
  3.1889962e+000  3.6661141e+000
  2.4645079e+000  2.5687650e+000
  1.2419258e+000  1.9576104e+000
  1.1585079e+000  5.5204671e+000
  6.9576131e+000  4.7270330e+000
  3.8332681e+000  3.8209330e+000
  3.8681171e+000  8.5180866e+000
  4.5228588e+000  1.8289871e+000
  2.0230305e+000  2.7385824e+000
  2.7319190e+000  3.6389971e+000
  7.9069370e+000  3.0960091e+000
  6.8186139e+000  7.2341864e+000
  4.1208058e+000  3.0008839e+000
  1.8510057e+000  7.1210316e+000
  3.0962447e+000  7.7137186e+000
  3.8918684e+000  5.0795312e+000
  5.8726020e+000  6.6741964e+000
  3.6518514e+000  1.0947085e+000
  6.7516708e+000 -1.8309357e+000
  2.1365894e+000  6.9571783e+000
  7.0869129e+000  3.2379769e+000
  2.9992295e+000  4.0964905e+000
  3.1748028e+000  5.3285563e+000
  1.5076126e+000  7.3970685e+000
  5.9305835e+000  5.1713710e+000
  3.2257276e+000  4.3220830e+000
  3.2786609e+000  3.2679369e+000
  2.8545360e+000  3.4939053e+000
  5.8951591e+000  2.6365391e+000
  3.8777348e+000  4.9416014e+000
  4.7428569e+000 -6.0664045e-001
  3.9312892e+000  6.7959697e+000
  7.0821590e+000  7.6875860e+000
  3.3838023e+000  8.4528129e+000
  2.5983876e+000  8.5342156e+000
  9.0110700e+000  3.2022776e+000
  3.7845741e-001  2.2621682e+000
  4.4206669e+000  2.9178658e+000
  2.9691213e+000  9.7977138e+000
  6.7319886e+000  5.9518193e+000
  4.0854894e+000  6.7603181e+000
  2.9682950e+000  3.1096154e+000
  2.9289295e+000  8.9073485e+000
  3.2916868e+000  7.8990141e+000
  7.4648617e+000  3.7547690e+000
  2.7951180e+000  8.4918522e-001
  4.2720502e+000  5.0370738e+000
  7.8052886e+000 -1.3050572e-001
  3.8128733e+000  5.0597277e+000
  6.4532271e+000  3.8271701e+000
  2.0955130e+000  2.6768071e+000
  1.0201776e+001  5.8580861e+000
  7.0480972e+000  7.0287915e+000
  6.6619628e+000  7.4776183e+000
  5.8656149e+000  4.4436002e+000
  5.6653759e+000  2.9809868e+000
  4.8089289e-001  3.1338443e+000
  2.3780816e+000  4.4056350e+000
  5.6180487e+000 -1.3765483e-001
  5.1025059e+000  6.3747149e+000
  5.6640371e+000  3.6535576e+000
  3.3982638e+000  3.5525186e+000
  1.6713595e+000  3.7889214e+000
  6.9316509e+000  7.7615921e+000
  6.9680620e+000  7.3772331e+000
  3.6008773e+000  4.8018662e+000
  2.5188756e+000  5.1154834e+000
  7.4191678e+000  3.4086665e+000
  9.3991628e+000  3.6820160e+000
  6.6175773e+000  2.2578622e+000
  6.0505637e+000  3.2399470e+000
  3.6935693e+000  1.6939533e+000
  6.3855499e+000 -1.1111281e-001
  1.5999662e+000  5.6536538e+000
  4.0353593e+000  6.7441992e+000
  2.7488703e+000  1.9644230e+000
  4.6988130e+000  3.6437949e+000
  5.0777346e+000  3.2498708e+000
  6.4005816e+000  2.7979701e+000
  7.0277740e+000  6.9218259e+000
  2.8202724e+000  2.8319358e+000
  3.4347336e+000  1.9626319e+000
  3.8085387e+000  3.0366175e+000
  1.7428608e+000  7.7870026e+000
  4.8866555e+000  5.6169058e+000
  6.7207066e+000 -1.4369819e+000
  1.7415186e+000  6.8405786e+000
  7.0365154e+000  5.0800027e+000
  5.7525158e+000  2.9102313e+000
  1.9078544e+000  2.4979528e+000
  5.2966986e+000  4.4251404e+000
  2.8999762e+000  5.0705345e+000
  3.9810207e+000  6.1390446e+000
  3.6606418e+000  7.6709215e+000
  6.6348705e+000  2.2414008e+000
  8.2905035e+000  2.9918288e+000
  6.4078132e+000  6.9800374e+000
  5.6929309e+000  2.7748136e+000
  7.5914136e+000  4.8209603e+000
  3.3966262e+000  7.9843121e+000
  2.8037942e+000  8.7753628e+000
  6.0140358e+000  2.9307354e+000
  9.7331015e+000  3.6710092e+000
  6.6356178e+000  3.3159873e+000
  5.0894969e+000  3.8630817e+000
  6.7231188e+000  5.7161018e+000
  3.5053700e+000  3.9789039e+000
  2.6093899e+000  4.5497657e+000
  5.7730152e+000  3.0125149e+000
  6.2920102e+000  2.9951429e+000
  5.4474379e+000  6.9533879e+000
  3.1722753e+000  7.7770201e+000
  5.1671675e+000  3.0411328e+000
  2.2121436e+000  7.1082983e+000
  2.7757286e+000  2.8394987e+000
  6.9810799e+000  7.0148688e+000
  7.3388064e+000  7.5896981e+000
  1.0363037e+001  6.4297835e+000
  9.3596663e+000  3.4633114e+000
  6.8489213e+000  4.2246030e+000
  3.8479490e+000  7.1358861e+000
  7.7594513e+000  8.8833078e+000
  3.9177243e+000  6.8837993e+000
  5.1547023e+000  4.1290366e-001
  5.2467781e+000  4.7122182e+000
  6.3921668e+000  5.0092187e+000
  6.8335859e+000  2.3640582e+000
  6.9604157e+000  7.5891630e+000
  3.7795741e+000  1.0064326e+001
  6.0339609e+000  4.8837341e+000
  6.4694213e+000  6.4907325e+000
  6.6525281e+000  2.0675024e+000
  6.5194525e+000  2.1255239e+000
  3.4954906e+000  7.9590632e+000
  1.8089708e+000  7.4554758e+000
  2.0373852e+000  7.7837555e+000
  5.5853885e+000  3.8857469e+000
  3.1153653e+000  8.8548682e+000
  6.1622484e+000  8.9936469e+000
  5.7254056e+000  3.0797258e+000
  5.9096025e+000  3.8228534e+000
  1.8587612e+000  7.9659236e+000
  6.5131921e+000  6.7347412e-001
  1.7171601e+000  4.2867886e+000
  4.7418518e+000  3.0507082e+000
  6.4904203e+000  4.2707971e+000
  5.9520781e+000  3.7228534e+000
  6.5007625e+000  2.7387771e+000
  1.9328468e+000  7.2942845e+000
  6.9190447e+000  8.6662908e+000
  8.0971139e+000  6.1537315e+000
  5.3246008e+000  6.2859629e+000
  8.6014536e+000  7.2300160e+000
  4.5912520e+000  3.2356062e+000
  4.7411009e+000  3.4818850e+000
  3.3731851e+000  6.5126203e+000
  3.2412968e+000  5.0489546e+000
  6.9901396e+000  7.6567586e+000
  6.5853417e+000  4.3057339e+000
  3.6134929e+000  3.6275729e+000
  7.0303641e+000  2.8690782e+000
  4.7562329e+000  1.9890983e+000
  7.6658272e+000  7.3881442e+000
  4.2355485e+000  7.3957495e+000
  7.0532409e+000  4.4883054e+000
  4.1345993e+000  8.8352122e+000
  9.8485479e+000  4.3912107e+000
  5.0465006e+000  7.3020092e+000
  6.3468295e+000  5.3884316e+000
  6.0878763e+000  2.7832234e+000
  3.7210357e+000  4.0268315e+000
  6.5763127e+000  5.5959076e+000
  7.3270678e+000  5.0528454e+000
  8.9272880e+000  8.3899199e+000
  6.6714968e+000  2.2096088e+000
  6.2086649e+000  6.9464011e+000
  9.4994904e+000  5.2302907e+000
  2.9216281e+000  8.4563342e+000
  5.4375025e+000  8.2594431e-001
  1.8211058e+000  2.6125810e+000
  1.9877179e+000  7.1025334e+000
  6.7576056e+000  4.8932777e+000
  6.3288269e+000  6.0850023e+000
  2.9608714e+000  4.1952976e+000
  3.6934398e+000  4.0115974e+000
  5.3335982e+000  3.6341056e+000
  5.2059232e+000  6.1828571e+000
  1.1625306e+000  2.0789288e+000
  5.8011348e+000  6.4593695e+000
  5.9602848e+000  7.6344580e+000
  4.8349861e+000  3.8372859e+000
  4.1264135e+000  1.5039971e+000
  7.0863088e+000  3.6653541e+000
  7.1725334e+000  4.8221648e+000
  8.3799895e+000  6.3233397e+000
  5.5975992e+000  3.6357230e+000
  2.0192295e+000  2.6670474e+000
  5.8407049e+000  1.6103187e-001
 -7.1463340e-001  1.0052599e+001
  4.2889307e+000  2.0659129e+000
  2.0131643e+000  4.1602867e+000
  8.3030585e+000  2.5129221e+000
  3.2814488e+000  8.0521370e+000
  1.8366868e+000  7.3043774e+000
  2.9753664e+000  1.4180900e+000
  6.1364099e+000  2.8854193e+000
  6.8310684e+000  7.6338212e+000
  6.6357951e+000  2.9754394e+000
  5.2185520e+000  5.8727821e+000
  5.5864322e+000  3.0657041e+000
  3.5419366e+000  1.2215417e+000
  4.9112258e+000  7.7752264e+000
  4.6263453e+000  4.0677597e+000
  5.6742305e+000  3.6399464e+000
  6.4351632e+000  3.0037945e+000
  7.3093032e+000  6.6653181e+000
  4.3370305e+000  4.4069686e+000
  7.5996922e+000  7.2199642e+000
  2.6264741e+000  4.0596823e+000
  4.9155408e+000  4.0575177e+000
  2.0939114e+000  2.7258452e+000
  3.5018060e+000  7.6972481e+000
  2.8235697e+000  7.6761701e+000
  1.5273060e+000  7.2796686e+000
  6.2105198e+000  3.4548802e+000
  5.4539262e+000  6.6021234e+000
  5.0930114e+000  2.9014759e+000
  5.0424897e+000  7.4337692e+000
  2.7226428e+000  3.0646215e+000
  9.1155878e+000  8.4127676e+000
  7.2493012e+000  7.6873637e+000
  1.4939352e+000  5.4633668e+000
  7.8199812e+000  7.7840124e+000
  5.7456607e+000  2.6108818e+000
  3.0621549e+000  7.8348665e+000
  6.7959108e+000  1.3171809e+000
  6.5260605e+000  6.0564855e+000
  2.0083438e+000  7.1654570e+000
  3.4236841e+000  8.0832238e+000
  3.2608359e+000  1.8624525e+000
  7.4485307e+000  7.6445031e+000
  1.3375774e+000  2.4561910e+000
  5.0621753e+000  2.9072115e+000
  2.9534138e+000  3.3698606e+000
  2.0975291e+000  7.2266688e+000
  1.0309820e+001  5.3980810e+000
  6.9293941e+000  7.2461881e+000
  2.9634700e+000  2.7519095e+000
  5.5729494e+000  2.8114918e+000
  7.6356272e+000  4.7195807e+000
  4.1897948e+000  7.3518929e+000
  1.8732072e+000  7.2169885e+000
  2.1065042e+000  4.8282547e+000
  6.2042907e+000  6.7327213e+000
  4.3570720e+000  4.9319943e+000
  6.3648703e+000  3.0616298e+000
  3.4850197e+000  3.0180516e+000
  4.8080538e+000  3.4031415e+000
  6.4324481e+000  2.9742086e+000
  3.2580427e+000  8.0125416e+000
  3.1830205e+000  7.5314665e+000
  3.3202369e+000  7.9792033e+000
  6.7561670e+000  3.1737038e+000
  6.9801626e+000  7.6293672e+000
  9.5390923e+000  6.7648737e+000
  2.0657890e+000  3.9464622e+000
  4.5632792e+000  3.6466425e+000
  7.8884074e+000  5.4872014e+000
  7.2416812e+000  7.6744942e+000
  7.2558654e+000  2.7608419e+000
  6.3228505e+000  6.8606619e+000
  5.3658941e+000  2.6411486e+000
  7.6449210e+000  8.3737925e+000
  1.7228645e+000  7.1286404e+000
  6.9779571e+000  6.6906055e+000
  3.3782143e+000  7.8910152e+000
  7.3660744e+000  9.4176395e+000
  9.7228885e+000  5.0068953e+000
  3.9166701e+000  7.4133642e+000
  2.8762481e+000  4.6437327e+000
  3.8650033e+000  3.5469521e+000
  3.0296656e+000  1.8934870e+000
  6.2616618e+000  7.4309317e+000
  1.9503633e+000  7.7943530e+000
  5.7360931e+000  7.5002613e+000
  3.1778315e+000  8.0983008e+000
  6.2016025e+000  2.1301555e+000
  3.7749232e+000  4.9055404e+000
  5.5732086e+000  4.0078505e+000
  1.6630263e+000  1.2921318e+000
  3.6893460e+000  2.9504486e+000
  3.6316126e+000  2.2297450e+000
  5.9996211e+000  4.5736825e+000
  6.4655321e+000  3.2614225e+000
  2.8753978e+000  5.2554747e+000
  4.4516769e+000  3.9623468e+000
  5.7131778e+000  5.1670617e+000
  5.5196906e+000  7.6211519e+000
  6.8158511e+000  3.5109869e+000
  6.1490833e+000  6.1661505e+000
  1.6677269e+000  3.4702326e+000
  5.2790012e+000  4.0030589e+000
  6.3462384e+000  4.3063095e+000
  3.5887063e+000  4.5619848e+000
  3.1648475e+000  1.6549451e+000
  7.5620570e+000  9.1922940e+000
  4.4272344e+000  6.0357259e+000
  6.3656514e+000  3.8078054e+000
  3.4659599e+000  7.0811211e+000
  4.2073266e+000  3.3722445e+000
