  5.3099381e+000  5.3402943e+000
  5.1037820e+000  7.1685670e+000
  2.5347953e+000  7.4998797e+000
  8.8537789e+000  1.5382132e+000
  6.7281398e+000  6.4202037e+000
  7.1759536e+000  7.4677834e+000
  8.1571604e+000  9.7434795e-001
  5.1772482e-002  2.3028712e+000
  1.3094972e-001  3.5559345e+000
  1.8516887e+000  7.9175036e+000
  6.1305067e+000  8.9947880e+000
  3.1678563e+000  4.0737532e+000
  9.7761736e+000  5.4384290e+000
  2.4230920e+000  2.5539687e+000
  5.6324683e+000  1.3243494e+000
  8.7676659e+000  4.8250978e+000
  2.8557642e+000  8.9088400e+000
  8.2625018e+000  9.7692210e+000
  8.6911954e+000  1.9644239e+000
  4.5458312e+000  8.0247692e+000
  7.4527492e+000  9.2179719e+000
  2.2077401e+000  9.9727130e+000
  6.0306538e+000  3.5705685e-001
  5.5546179e+000  3.1929244e+000
  5.0348289e+000  5.3662163e+000
  6.6259585e+000  4.6069588e+000
  1.0970877e+000  7.2921170e+000
  7.8335190e+000  1.4188628e+000
  8.3738879e+000  4.0612293e+000
  4.0521991e+000  3.7519799e+000
  9.1917461e+000  4.9213505e+000
  9.6376501e+000  7.0445508e-001
  3.6419069e+000  4.5682005e-001
  3.3220614e+000  4.0648216e+000
  2.3426528e+000  2.0335148e+000
  9.3506295e+000  5.7823013e+000
  6.2465187e+000  8.4401375e+000
  1.7568171e+000  8.5162380e+000
  2.9717339e+000  8.3511499e+000
  9.6078508e+000  1.1110080e+000
  1.1962971e+000  4.5551147e-001
  5.8432686e+000  9.6005333e-001
  2.1266492e+000  1.7071261e+000
  9.7305262e+000  1.9885677e+000
  1.7856075e+000  2.7676596e+000
  2.7179207e+000  8.0517341e+000
  1.6868211e+000  3.0651339e+000
  4.6752393e+000  8.0671916e+000
  8.1490176e+000  2.0023981e+000
  1.5129528e+000  6.8652658e+000
  7.1549044e+000  1.7044483e+000
  2.4902059e+000  8.3720719e+000
  8.1402074e+000  4.6729892e+000
  5.4862496e+000  6.8543095e+000
  4.9593843e+000  7.0428800e+000
  7.0428839e+000  4.3741729e+000
  2.0252933e+000  4.2238734e+000
  7.9993527e+000  8.4850302e+000
  1.2579181e+000  4.3406228e+000
  8.9311338e+000  5.5195128e+000
  2.4504258e+000  4.2049037e+000
  3.6281302e-001  7.2154385e+000
  5.3521245e+000  3.1249012e+000
  7.9084582e+000  3.3534592e+000
  8.3052410e+000  6.8253172e+000
  1.5933187e+000  1.6198546e+000
  4.8094670e+000  6.4264722e+000
  5.1082725e+000  3.2553513e+000
  1.7313271e+000  6.5053276e+000
  7.2284063e+000  6.6916147e+000
  5.8191295e+000  2.6369920e+000
  1.7017546e+000  5.0029502e+000
  2.8188542e-002  7.4108706e+000
  1.5166352e+000  5.1354895e+000
  9.1784641e+000  5.1916840e+000
  6.3422732e+000  2.9465941e+000
  9.3630319e+000  6.0028726e-001
  4.2483120e+000  9.4895806e+000
  3.7824529e+000  2.8657467e+000
  2.6859614e+000  6.9181980e-001
  6.4444809e+000  7.2716859e+000
  7.1957865e+000  8.7093037e+000
  3.4525293e+000  9.7188147e+000
  8.5890574e+000  1.8497335e+000
  4.5110654e+000  2.3973580e-001
  4.3300664e+000  2.8713675e+000
  2.0274601e+000  5.0955819e-001
  3.1542939e+000  2.2440334e+000
  4.1965402e+000  2.4329242e+000
  7.7172618e+000  3.5827133e+000
  3.7415051e+000  7.0419549e+000
  3.0598634e+000  3.1689983e+000
  3.5794904e+000  8.4354707e-001
  8.6190376e+000  1.0469398e+000
  4.7490902e+000  9.4077733e-001
  7.2245736e+000  6.4286499e-001
  7.5138898e-002  3.8099675e+000
  1.2929817e+000  6.6432230e+000
  4.1578313e+000  1.8482478e+000
  2.7194615e+000  1.9044532e+000
  7.0838322e+000  6.4548364e+000
  1.0070177e+000  2.3113720e+000
  8.3094854e+000  3.0596222e+000
  6.0703975e+000  9.8789438e+000
  8.2556554e+000  1.8173514e+000
  1.9454488e+000  7.9790223e+000
  8.3903926e-001  2.2884228e+000
  2.2426046e+000  4.9948863e+000
  6.1014214e+000  2.1827523e+000
  6.5556069e-001  6.8299878e+000
  5.8651402e+000  2.3732630e+000
  7.9694161e+000  1.9542066e-001
  8.1029869e+000  1.2487282e+000
  1.9857535e-001  8.0151567e+000
  3.0202733e+000  4.6615684e+000
  8.5058567e+000  7.8163265e+000
  8.2644711e+000  6.9158898e+000
  5.3662082e+000  1.7728614e+000
  4.3430626e+000  1.7499673e+000
  2.2615104e+000  6.7161861e+000
  6.0668593e+000  6.9669786e+000
  3.1651096e+000  5.9102822e+000
  6.2130379e+000  3.1903934e+000
  8.2232717e+000  4.5084387e+000
  3.7158845e+000  2.0308509e+000
  1.8305820e+000  9.3356608e+000
  3.5122549e+000  6.4248700e+000
  6.1505167e-001  7.9647828e+000
  3.5318663e+000  9.0950735e-001
  7.3192319e+000  6.5861220e+000
  3.8676536e+000  1.1226753e+000
  4.3825100e+000  3.2234382e+000
  7.9422538e+000  7.1837174e+000
  3.4626457e+000  9.1575380e+000
  2.9735700e+000  1.8737285e+000
  7.1152392e-002  1.1645708e+000
  3.6665197e+000  9.4484998e-001
  1.5713566e+000  1.1901559e+000
  2.1488683e+000  5.3829106e+000
  6.2583964e+000  2.5326180e+000
  1.7951532e+000  8.3760047e+000
  3.4146352e+000  2.8844933e+000
  9.8688813e+000  5.7394427e+000
  9.3485102e+000  2.9908999e+000
  1.8636982e+000  8.2538085e+000
  6.0392075e+000  2.7434742e+000
  8.8338119e+000  6.1953471e+000
  1.1378402e+000  5.8368242e+000
  7.3934330e+000  7.2983940e+000
  9.2668490e+000  8.9345541e+000
  9.0982276e+000  9.2375875e+000
  8.0255600e+000  4.0770520e+000
  1.9641152e+000  5.3412047e+000
  5.9514232e+000  4.9102937e+000
  2.6780421e+000  2.6782230e+000
  3.9293736e+000  5.9269141e+000
  7.8973340e+000  8.1093555e+000
  1.5693958e+000  1.7246673e+000
  3.0198657e+000  1.8643367e+000
  7.4213048e+000  5.4086038e+000
  1.5294188e+000  5.7703361e+000
  3.4891120e+000  8.1541931e+000
  2.6142093e+000  2.7646546e+000
  9.4166162e+000  2.3415694e+000
  3.5024631e+000  2.1994722e+000
  1.8573458e+000  7.5321861e+000
  4.7425076e+000  3.4952740e+000
  9.6936238e+000  1.9993918e+000
  7.7008938e+000  3.6456723e+000
  3.3438676e+000  3.9700404e+000
  5.8717135e+000  7.3890143e+000
  2.0455636e+000  3.1976672e+000
  2.4470300e+000  1.6612690e+000
  2.2662835e+000  7.4638229e+000
  1.9890659e+000  9.2702556e+000
  8.8661370e-001  8.1609865e+000
  5.2324856e+000  6.1113485e+000
  1.7509738e+000  8.0660337e+000
  8.0402615e+000  1.9787131e+000
  3.3194541e+000  6.9403917e+000
  3.0865396e+000 -7.2738751e-003
  1.7831972e+000  1.5380172e+000
  5.3819212e+000  3.7284005e+000
  9.7802187e+000  2.7506975e+000
  8.2039411e+000  8.3319738e+000
  3.7378378e+000  1.2139629e+000
  4.6174671e+000  2.3363345e+000
  5.5527207e+000  7.1483276e+000
  7.8017315e+000  5.0224005e+000
  7.5282477e+000  9.9814859e+000
  8.6378670e+000  5.3697810e+000
  2.8532465e+000  2.3871753e+000
  6.3436062e+000  8.3614247e+000
  9.7553739e+000  8.6068489e+000
  1.9911774e+000  6.1612751e+000
  5.2184144e+000  3.0172806e+000
  8.4843368e+000  6.2186742e-001
  8.9183968e+000  6.5636769e+000
  7.9886638e+000  6.6279335e+000
  7.3194877e+000  1.3647372e+000
  4.9976340e+000  9.3447871e+000
  8.6413080e+000  8.3520351e+000
  6.3359556e+000  8.4363287e+000
  2.7597387e+000  2.1577625e+000
  5.6554461e+000  5.1573073e+000
  8.0949045e+000  3.6462597e-001
  9.8154149e+000  2.8897476e+000
  6.0858164e+000  6.4075797e+000
  9.2993902e+000  4.0503185e+000
  6.0455748e+000  7.2129516e+000
  8.8844197e+000  2.4648841e+000
  8.4189084e-001  9.0012448e+000
  4.9821106e+000  2.1867774e+000
  5.1857775e+000  1.0301592e+000
  2.2082973e+000  6.8490649e+000
  7.9804706e+000  2.2541769e+000
  6.4259020e+000  9.9333373e+000
  5.6647025e+000  1.3220004e-001
  5.1483620e+000  4.0228386e+000
  9.1871275e+000  2.4687302e+000
  9.8097717e+000  2.2131755e+000
  1.4690441e+000  7.3838371e+000
  2.3851787e+000  6.1800091e+000
  6.5299098e+000  7.1663364e+000
  3.9901233e+000  6.1045593e+000
  3.7993268e+000  1.5707634e+000
  4.0698231e+000  2.0040347e+000
  8.5549863e+000  5.4284791e-001
  1.3584220e+000  8.6969819e+000
  2.4207402e+000  2.6192465e+000
  4.0993100e+000  4.9624949e+000
  7.1436546e+000  6.9030091e+000
  4.6360204e+000  9.6603390e+000
  8.8555315e+000  3.8392849e+000
  5.6240612e+000  9.0571713e+000
  4.8550130e+000  2.7810711e+000
  1.2629560e+000  1.0166906e+000
  3.6288948e+000  5.4236958e+000
  2.0072005e+000  2.5557187e+000
  8.9409440e+000  8.3305376e+000
  5.5193031e+000  3.9293417e+000
  2.9531333e+000  4.7352073e+000
  9.4676418e+000  6.9055758e+000
  6.9704371e-001  2.9649589e+000
  4.7775176e+000  3.8221961e+000
  5.7117826e+000  9.4060315e+000
  9.1370203e+000  2.0006887e+000
  9.5496858e+000  5.2378483e+000
  4.9823676e+000  9.1816972e+000
  1.9973018e+000  5.7626049e+000
  5.2243282e+000  3.2931226e+000
  9.3889724e+000  4.0978424e+000
  4.6877682e+000  2.7526209e+000
  7.1422462e+000  6.0950758e+000
  3.3193558e+000  3.6480941e+000
  8.0181061e+000  7.4452590e+000
  3.6374275e-001  2.0594611e+000
  8.3936982e+000  3.9611419e+000
  7.5424128e+000  5.5528833e+000
  1.9885272e+000  8.0762280e+000
  1.5774263e+000  6.9040809e+000
  2.3490647e+000  8.9472826e+000
  1.7434668e-001  8.4240977e+000
  4.0106596e+000  8.9039790e+000
  7.4517288e+000  2.0028432e+000
  6.1129399e+000  7.2195583e+000
  5.1334477e+000  7.0542218e+000
  5.6152321e+000  7.8844681e+000
  7.5958848e+000  1.5217864e+000
  8.2690890e+000  1.3689291e+000
  7.4522899e+000  5.0967039e+000
  1.5655261e+000  3.4793726e+000
  5.1006292e+000  5.0049392e+000
  9.7087685e+000  6.0189101e+000
  2.5547316e+000  4.9501844e-002
  4.9821593e+000  3.1095972e+000
  2.7077960e+000  8.7233730e+000
  2.4237834e-001  5.0265118e+000
  5.0216560e+000  8.5618520e+000
  5.8523415e-002  6.7089060e+000
  3.2428728e+000  5.2411423e+000
  8.4862969e+000  5.2868775e+000
  4.0572759e+000  3.4744280e+000
  8.5966241e+000  7.1702659e+000
  1.1357483e+000  3.7253131e+000
  9.8632269e+000  7.5235806e+000
  6.7018607e+000  1.2812724e+000
  8.7187019e+000  3.9805460e+000
  9.2270551e+000  1.5505664e+000
  4.4567403e+000  2.9669950e+000
  4.8072471e+000  9.4059312e+000
  2.8701116e+000  5.2530489e+000
  9.6060788e+000  4.5635692e+000
  8.8617976e+000  5.1726417e+000
  7.2250383e+000  8.2251804e+000
  5.1587912e+000  7.1439114e+000
  3.3251201e+000  4.1741979e+000
  8.6838315e+000  9.5515015e-001
  5.8300481e+000  1.6582791e+000
  1.6351773e+000  1.2656451e+000
  5.4593784e+000  9.8064949e+000
  5.0751880e+000  3.8018808e+000
  4.0463833e+000  6.3035918e+000
  5.2810023e+000  6.3540377e+000
  9.8550863e+000  7.5944614e+000
  8.0008154e+000  2.5323971e+000
  9.4342323e+000  2.4249250e+000
  3.3827620e-001  1.7519548e+000
  8.8948234e+000  7.6546578e+000
  8.9306863e-001  1.7862787e+000
  4.0157995e+000  2.5983891e+000
  8.4074609e-001  9.9750768e-001
  5.9616380e-001  7.1258617e+000
  9.9312901e+000  2.9369967e+000
  1.5682551e+000  4.4813094e+000
  6.2924835e+000  4.9174846e+000
  8.4692505e+000  9.0612743e-001
  6.6242970e+000  3.0893767e+000
  5.8271101e+000  4.3539315e+000
  1.2016050e+000  1.9363651e-001
  2.1201411e+000  2.6389665e+000
  6.4257896e+000  1.7124698e+000
  4.6700699e+000  3.6340382e+000
  6.0344663e-001  1.8397177e+000
  8.3180006e+000  9.4886782e+000
  3.7295085e+000  9.8157085e+000
  6.4767486e+000  7.7667455e+000
  8.8198972e+000  8.7176343e+000
  8.4092564e+000  2.4952123e+000
  9.3671930e+000  1.7755230e+000
  8.4044665e+000  9.7180021e-001
  8.5028726e+000  7.4315299e+000
  4.6626709e+000  2.1914207e+000
  9.4200980e+000  2.4728586e+000
  8.7515305e+000  4.7616916e+000
  7.9707768e+000  6.1924428e+000
  1.1709543e+000  8.5535765e+000
  8.7264835e+000  2.1876021e+000
  3.7270410e+000  9.4695799e+000
  1.1567158e+000  5.6041847e+000
  7.8688635e+000  5.9431424e+000
  2.6841554e-001  6.8189747e+000
  5.0911654e+000  3.3500379e+000
  3.8141307e+000  1.4676151e-001
  9.3373363e+000  5.9418945e+000
  3.9797220e+000  9.0882476e+000
  7.4629107e+000  5.7452389e+000
  5.3383038e+000  8.3819337e-001
  7.2357771e+000  3.6428686e+000
  3.8188691e+000  6.9902102e+000
  8.9055055e-001  4.6189990e+000
  1.4608820e+000  1.0835048e+000
  2.3442582e+000  8.2180653e+000
  9.6307123e+000  1.8920285e+000
  2.6098064e+000  4.8839332e+000
  8.4819671e+000  8.0899252e-001
  9.2175230e+000  6.3724445e+000
  2.6588669e-001  6.0931189e+000
  5.6386880e+000  7.2102317e+000
  7.2987423e-001  7.0186682e+000
  6.0983635e-001  4.1827775e+000
  9.0601383e+000  6.9404048e+000
  7.9898005e+000  2.4564416e-001
  3.3595269e-001  2.5665194e+000
  3.0815655e+000  7.4451103e+000
  7.2342939e+000  6.4916038e+000
  3.9431276e+000  1.9169483e+000
  5.7334065e+000  8.6908584e-001
  6.6528381e+000  4.2583010e+000
  1.9997600e+000  6.3024473e+000
  9.0704542e+000  5.6797113e+000
  7.6698868e+000  2.5215154e+000
  2.8629201e+000  8.3562962e+000
  9.7623627e+000  3.4838640e+000
  5.9343774e+000  9.7300365e+000
  3.1690609e+000  1.8819188e+000
  9.5971043e+000  6.4485766e+000
  4.8791102e+000  8.2741876e+000
  9.4257164e+000  2.2888058e+000
  8.4406552e+000  1.9698450e-002
  9.0037504e+000  7.9007650e+000
  3.9355153e+000  2.0682651e+000
  4.2620755e+000  4.6644481e+000
  2.0018824e-001  9.9828472e+000
  6.1269480e+000  3.4824459e+000
  7.7887445e+000  3.0316023e+000
  2.6969939e+000  1.2917120e+000
  9.7386239e-001  2.7551376e-002
  9.3763817e+000  9.0747833e+000
  1.5868597e-001  3.9040703e+000
  2.2774287e+000  3.7227628e+000
  8.0717848e+000  5.9151044e+000
  9.8333842e+000  5.8801778e+000
  9.1599404e+000  4.6232891e+000
  4.4309627e+000  2.9592714e+000
  1.2525062e+000  9.3720805e+000
  1.3036468e+000  2.9200282e+000
  1.3101104e+000  2.2685786e+000
  3.9707641e-001  7.6568643e+000
  7.2512537e+000  5.8493685e+000
  3.5267580e-001  3.3936503e+000
  4.8405684e+000  9.0624008e+000
  5.8438911e+000  2.7427296e+000
  1.9072628e+000  1.9202023e+000
  1.5960532e-001  2.4452647e+000
  5.2094294e+000  4.8135522e+000
  5.3286815e+000  5.4242910e+000
  8.2543257e+000  8.4886878e+000
  4.8053995e+000  8.5226007e+000
  5.8569919e+000  5.1573190e+000
  5.4226406e+000  9.6348111e+000
  2.1056811e+000  8.2435021e+000
  4.3689303e+000  9.9586552e-001
  3.4746610e-001  8.9639006e+000
  3.9286374e+000  9.2562246e+000
  3.9451800e+000  1.5484435e+000
  9.7463384e+000  2.1125424e-001
  1.6625599e+000  9.3415375e+000
  5.1836264e+000  3.5518604e+000
  8.4441064e+000  2.4089720e+000
  1.5519555e+000  3.2320780e+000
  2.6031252e+000  5.1695586e+000
  3.3753447e+000  5.2624700e+000
  6.5915167e+000  8.3915284e+000
  3.1526368e+000  1.4465974e+000
  3.7644690e+000  5.5680447e+000
  6.1324628e+000  3.8006953e+000
  7.1890063e+000  3.5501574e+000
  9.9312922e+000  2.9257363e+000
  1.4265604e+000  8.6394564e-001
  8.9922861e+000  4.1609551e+000
  4.3950505e-001  7.4989879e+000
  7.4676872e+000  2.6626502e+000
  3.6783109e+000  9.9562302e+000
  9.8669473e+000  8.4074826e+000
  9.8150458e+000  7.9199701e+000
  8.8713362e+000  6.8719835e+000
  6.8877275e+000  5.2610548e+000
  5.5896076e+000  5.8823850e+000
  8.8250521e+000  4.9560963e+000
  3.3378818e+000  2.5997640e+000
  7.1967935e+000  8.6197456e+000
  5.4798810e+000  7.5702361e+000
  3.3479586e+000  2.4107226e+000
  4.4954737e+000  4.2332277e+000
  9.5830135e-001  9.7195577e+000
  3.7460136e+000  2.5020269e+000
  3.3857528e+000  8.1299850e+000
  1.8293050e+000  6.2236087e+000
  4.9433693e+000  4.9720538e-001
  5.2154191e-002  6.7015166e+000
  5.9856564e+000  6.4816882e+000
  9.8262029e+000  6.6600665e+000
  3.5992057e+000  2.8192977e+000
  8.9018883e+000  7.7915341e+000
  4.1277270e+000  9.3616190e+000
  8.8802941e+000  4.4155852e+000
  9.9076898e+000  2.0534615e+000
  6.2591152e-001  1.8481093e+000
  8.4865113e+000  3.7707211e+000
  2.3541789e+000  9.6780138e-001
  9.9507678e+000  9.9701919e+000
  1.4650882e+000  1.0433768e+000
  3.8802778e+000  1.8090222e-001
  8.1428692e+000  3.0743434e-001
  9.1910781e+000  7.0236516e+000
  6.3273220e-001  2.7416623e+000
  9.1858629e-001  8.0804090e+000
  7.4177155e-001  9.3221278e+000
  2.0394101e+000  8.7589128e+000
  5.7881451e+000  2.9190092e+000
  8.0930660e+000  4.7127522e+000
  1.1176021e+000  5.2530333e+000
  9.8917150e+000  9.1975776e+000
  1.1969854e+000  6.8131156e+000
  8.5385838e-001  8.4719675e-001
  8.9154227e+000  5.9244382e-002
  4.9738281e+000  7.0109294e+000
  4.1011792e+000  5.8850521e+000
  9.9831919e+000  6.5228687e+000
  7.2404277e+000  9.0322551e+000
  4.9758831e+000  2.2344064e+000
  8.4703385e+000  1.0635143e+000
  7.9261775e-001  5.5803175e+000
  9.8913825e+000  6.1824181e+000
  9.7465926e+000  6.7155929e+000
  5.5694891e+000  3.9151497e+000
  7.6514499e+000  1.6853646e+000
  5.3830323e+000  4.0367714e+000
  5.2048421e+000  9.7000803e+000
  4.6372044e+000  8.7181198e+000
  9.0301948e+000  6.7259728e+000
  5.9290171e+000  8.2691092e+000
  4.5842978e+000  9.5489326e+000
  4.4518469e+000  7.8653676e+000
  5.3898882e+000  8.8270043e+000
  6.3192771e+000  7.6454897e+000
  9.9264633e+000  5.8244562e-001
  7.8301991e+000  6.3564727e+000
  3.6767170e+000  3.7768481e-001
  8.9530174e+000  4.6989882e+000
  8.4385203e+000  7.2627701e+000
  8.3035097e+000  8.4536973e+000
  5.6785403e+000  4.4421202e+000
  1.9266595e+000  3.8306551e+000
  3.2992907e-001  5.3317818e+000
  1.1052352e+000  2.6247523e+000
  3.1942677e+000  2.0985887e+000
  9.1165784e-001  7.3960249e+000
  1.2963594e+000  9.5816595e+000
  9.3471792e+000  6.9897064e+000
  1.4079759e+000  5.7283282e+000
  1.8801079e+000  7.4480649e+000
  5.2643247e+000  1.1594875e+000
  2.1832180e+000  8.7952561e+000
  5.7047324e+000  7.4407310e+000
  8.6928225e+000  1.0414693e+000
  8.3672660e+000  1.6540306e+000
  9.0017430e+000  3.2320861e+000
  2.9981986e-001  8.9162979e+000
  7.0620445e+000  1.1295044e+000
  3.8067707e+000  2.9794496e+000
  1.9729921e+000  6.7416219e+000
  8.0016163e+000  1.0010912e+001
  1.3862113e+000  7.3502813e+000
  5.7244487e+000  4.5616037e+000
  2.9421903e+000  1.2084915e+000
  5.7525277e+000  3.2338875e+000
  6.3332845e+000  9.6207859e+000
  2.0776672e+000  6.3717000e+000
  9.0372225e+000  3.0867829e+000
  6.7912007e+000  5.8828406e+000
  6.4134395e+000  7.2559017e+000
  1.5063601e+000  2.9032596e+000
  3.2432684e+000  9.8965826e+000
  2.9491513e+000  1.0584255e+000
  2.2167161e-001  5.8595182e+000
  7.1819437e+000  2.0121777e+000
  8.0701661e+000  5.2910182e+000
  9.3846277e+000  8.9829793e+000
  2.2886938e+000  1.8620958e+000
  5.7256494e+000  5.2520591e+000
  2.7452051e+000  6.0175442e+000
  9.6114749e+000  5.6803800e+000
  4.6529432e+000  2.3142344e+000
  1.0653397e+000  4.7248559e+000
  6.6051910e+000  4.2285739e+000
  7.7263050e-001  5.8010005e+000
  3.0961762e+000  8.7980429e+000
  9.3950343e+000  4.4633763e+000
  1.8155451e+000  3.3006603e+000
  8.7831809e+000  9.4215446e+000
  5.4083243e+000  7.3321911e+000
  4.9253795e+000  5.2203788e+000
  9.9421306e+000  4.8855729e+000
  4.6303994e+000  9.6222865e+000
  2.0196099e+000  3.5815091e+000
  3.5052578e+000  2.5182623e+000
  1.0906336e+000  2.6919912e+000
  1.1639150e+000  5.0981431e+000
  7.2611357e+000  3.3071622e+000
  2.8494519e+000  4.3635132e+000
  5.9359458e+000  9.7801488e+000
  6.0699257e+000  8.3876051e+000
  1.0392700e+000  4.4777649e+000
  5.1665032e+000  9.7188332e+000
  8.9570228e+000  3.2185384e+000
  4.0315590e+000  1.1252168e+000
  1.7843287e+000  8.9145014e+000
  1.8112643e+000  3.3399089e+000
  9.0586554e+000  9.2451945e+000
  3.7190582e+000  9.4986561e-001
  4.8760187e+000  8.0934976e+000
  2.6083891e+000  3.6612420e+000
  4.5989480e+000  1.8655875e+000
  9.0117574e+000  3.4820753e+000
  8.9637138e+000  6.2312186e+000
  2.7903112e+000  7.1817789e+000
  7.0240252e+000  1.2801875e+000
  8.6049585e+000  6.3411087e+000
  3.0350808e+000  7.0394205e+000
  5.8772718e+000  3.7300611e+000
  7.3902339e+000  3.3528489e+000
  5.7185315e+000  7.1398661e+000
  2.0949294e+000  6.7516184e+000
  2.9604907e+000  1.9457564e+000
  2.0953343e+000  4.7815280e+000
  9.0459890e+000  4.3520941e+000
  7.5833137e+000  7.6709178e-001
  6.9477060e-001  4.5178574e+000
  5.9070183e-001  7.3221707e+000
  9.1769639e+000  4.3060660e+000
  5.6721266e-001  7.2417301e+000
  1.4091441e+000  5.9263447e+000
  7.9472432e+000  4.6150159e+000
  3.0474789e+000  1.2003291e+000
  8.2884636e+000  4.2879630e+000
  4.6256328e+000  6.3671502e+000
  8.1494101e+000  7.6200107e+000
  7.0360992e+000  7.6121147e+000
  3.6303981e-001  1.9712031e+000
  1.3123231e+000  6.4545911e+000
  1.0005196e+001  8.0392197e+000
  1.8847678e-001  3.3961018e+000
  5.3251577e+000  4.2110749e+000
  1.0307821e+000  1.4472854e+000
  5.1723940e+000  1.3996417e-001
  1.8182043e+000  1.6213802e+000
  1.8489479e+000  5.8297524e+000
  1.8757008e+000  2.5049441e+000
  8.9216090e+000  2.1100478e-002
  7.8025666e-001  6.3984143e+000
  8.1304838e+000  1.0871606e+000
  7.7295466e+000  1.1282949e-001
  5.3447417e+000  8.2242113e+000
  6.6966974e-001  5.9480146e+000
  2.7274386e+000  8.1475870e+000
  6.6917966e+000  6.0774113e+000
  4.5545642e+000  8.0997675e+000
  8.7710646e+000  1.1331701e-001
  1.2418626e-001  9.4171633e+000
  7.4911342e+000  2.5214297e+000
  5.4886648e+000  6.5481014e+000
  1.1236188e+000  2.3306946e-001
  7.6789142e+000  9.2597478e+000
  6.0174042e+000  2.9969723e+000
  1.5957209e+000  6.8308332e+000
  4.8999706e+000  9.2824997e+000
  4.1256202e+000  4.8572391e+000
  6.5125673e+000  9.4917130e+000
  6.9895996e+000  1.0788322e+000
  6.4172257e+000  7.3684369e-001
  3.9514266e-001  9.3458403e+000
  5.5665441e-002  1.9632866e+000
  9.2892371e+000  3.9205014e+000
  6.5529929e+000  6.5370984e+000
  3.0093437e+000  6.1323739e+000
  4.4336466e+000  4.6600903e+000
  9.2513948e+000  6.2282848e+000
  4.0040850e+000  9.1697128e+000
  3.8113500e-001  4.3660675e+000
  9.5154398e+000  2.2407194e+000
  6.1431318e+000  9.9016150e+000
  7.3187701e+000  6.7696839e+000
  5.6602900e+000  9.8261767e+000
  3.6795524e+000  7.3747083e+000
  7.3956647e+000  5.9702459e+000
  4.1958700e+000  2.7359850e+000
  9.5097519e+000  3.4331258e+000
  7.1538446e+000  3.7335607e+000
  7.5583834e+000  4.9688311e+000
  1.6795815e+000  6.0222274e+000
  7.3456758e+000  9.4292673e+000
  3.5997586e+000  7.8158791e+000
  2.5580316e-001  2.6671112e+000
  4.1180741e+000  2.4260146e+000
  9.0028563e+000  9.0536023e+000
  8.3970722e+000  5.6554494e+000
  2.2656049e+000  1.8353391e+000
  8.8160370e+000  5.3362621e+000
  9.3375104e+000  1.0705652e+000
  4.0067459e+000  7.3461122e+000
  3.3448973e+000  5.7352764e+000
  4.1701169e-001  6.2357272e+000
  1.7495462e+000  2.2161157e+000
  8.7434480e+000  6.9719291e+000
  2.8168124e+000  1.5621189e+000
  6.9160914e+000  2.8817722e+000
  8.6442914e+000  7.8596254e+000
  2.8840498e+000  5.0606033e+000
  9.4861239e+000  4.5625418e+000
  1.7486729e+000  3.1294605e-002
  9.9672113e+000  8.2000412e+000
  5.1528097e-001  5.6510494e+000
  6.1990823e-001  6.1849567e+000
  6.7761553e+000  3.0176552e+000
  5.0193868e-001  1.8547257e+000
  7.3724410e+000  9.0605132e+000
  5.3359476e+000  8.9974411e+000
  4.5526280e+000  5.0879371e+000
  8.3971469e-001  6.8645315e+000
  9.2667923e+000  8.7298099e+000
  4.1352506e-001  3.5531563e+000
  5.5949558e+000  1.7294021e+000
  4.5403512e+000  8.3698602e+000
  8.5916760e+000  2.3872205e+000
  7.4076647e+000  6.6597411e-001
  8.2003093e-001  7.3102046e+000
  5.2943441e+000  4.8086380e+000
  9.9412653e+000  4.6523322e+000
  2.9562351e+000  7.5337597e+000
  9.0897918e+000  1.9542471e+000
  6.9243169e+000  1.5783003e+000
  2.2797534e+000  1.6228259e+000
  7.8111606e+000  6.2920995e+000
  7.5747381e+000  7.5291329e+000
  8.4165536e+000  4.0574884e-001
  3.1120801e-001  8.7196137e+000
  9.0297343e+000  6.3938968e+000
  6.6783437e+000  3.9545052e+000
  1.6678284e+000  2.6944767e+000
  1.5478594e+000  3.2945182e+000
  4.3510601e+000  2.0221131e+000
  4.9863264e+000  4.5215203e+000
  5.0661008e+000  7.4402324e-001
  9.0669923e+000  7.6066372e+000
  8.9974289e+000  6.9110727e+000
  9.4112097e+000  9.1623125e+000
  6.9211972e+000  7.4976723e+000
  5.2697559e+000  6.1923932e+000
  8.7070623e+000  6.1026114e+000
  9.7893833e+000  4.9897779e+000
  9.7813019e+000  9.2900996e+000
  7.5997825e+000  8.2324425e+000
  5.0597989e+000  2.6952150e+000
  8.7172496e+000  5.8414883e+000
  8.7337880e-001  9.7881529e+000
  3.8700938e+000  9.6843466e+000
  3.9077853e+000  9.0009309e+000
  2.3425183e+000  2.3671943e+000
  8.7823649e+000  4.8814782e+000
  6.5078056e+000  4.4527578e+000
  1.4976310e+000  2.1579880e+000
  9.4667117e+000  7.6889608e+000
  1.9406903e+000  3.9659743e+000
  4.6182227e+000  7.5607204e+000
  4.6757187e+000  9.3428908e-001
  4.9756984e-001  9.0499206e+000
  6.9521070e+000  7.4432540e-001
  1.6956382e+000  3.5440668e+000
  2.8580488e+000  2.3536624e+000
  9.3981495e+000  6.0534964e+000
  2.2185949e+000  6.9916606e+000
  6.8771935e+000  8.0164344e+000
  6.9175914e+000  4.7726627e-001
  9.3975540e+000  4.1763036e+000
  8.5963058e+000  2.4715792e+000
  2.9910787e+000  1.3965599e+000
  7.8688581e+000  9.3684590e+000
  1.0692783e+000  8.0710917e+000
  7.0501624e+000  1.4478104e+000
  5.2544129e+000  4.6506957e+000
  9.5436817e+000  5.3949924e+000
  8.5066978e-002  8.8148294e+000
  7.0561745e+000  4.3457892e+000
  3.4415940e+000  8.8126554e+000
  8.4825656e-001  9.1787191e-002
  3.4837892e+000  7.9136560e-001
  2.2622419e+000  4.5525845e+000
  7.0594810e+000  4.7307902e+000
  2.1213607e-002  2.2890617e+000
  7.9643532e+000  7.8693845e+000
  1.3109153e+000  8.5330493e+000
  9.6901438e+000  7.0415140e+000
  6.9699980e+000  9.8280682e+000
  3.8113797e+000  9.6309398e+000
  9.6957347e+000  8.7227756e+000
  7.1214263e+000  1.7022764e+000
  7.0778474e+000  8.5529353e+000
  8.8364268e+000  2.8149087e+000
  1.6989529e+000  4.2461999e+000
  2.1269723e+000  9.5441105e+000
  9.9439736e+000  2.9132407e+000
  9.0999964e+000  3.7369216e+000
  3.0322707e+000  2.0977748e+000
  5.0120475e+000  4.4815079e+000
  8.0068620e+000  4.5812072e+000
  2.9807165e+000  9.3177451e+000
  9.4767656e+000  7.4195074e+000
  3.7206607e+000  9.4626773e-001
  4.0695080e+000  2.3911686e+000
  5.9142730e+000  6.3605871e+000
  4.1794786e+000  8.5484276e+000
  8.7040131e+000  3.8112719e+000
  3.4341158e+000  9.2157582e+000
  6.1213692e+000  1.8541627e+000
  3.2454876e+000  9.6054595e+000
  4.5006455e-001  2.2108005e+000
  2.0568326e+000  4.9172265e+000
  4.5414467e+000  8.1112824e+000
  5.9783411e+000  5.7926598e+000
  4.6249679e+000  4.8210577e+000
  5.8194009e-001  3.2504723e+000
  6.9152217e+000  9.0168606e+000
  4.1681349e+000  8.3803683e+000
  8.5204810e+000  1.0504308e+000
  4.3968235e+000  3.4740941e+000
  8.2818779e+000  5.9798134e+000
  3.9236378e-001  6.5984037e+000
  2.4650997e-001  1.1038006e+000
  6.2543502e+000  3.0763304e+000
  7.4896982e+000  2.3544703e+000
  4.5206532e+000  2.6076392e+000
  4.7685814e-001  1.1353365e+000
  3.8859285e-001  8.8600243e+000
  1.6613269e+000  4.4156182e+000
  9.6507545e+000  1.0635997e+000
  4.7049725e+000  9.2841771e+000
  9.0870376e+000  5.9873548e-001
  6.2109579e+000  3.4878667e-001
  2.2862936e+000  3.9941832e+000
  1.7515956e+000  4.1480418e+000
  5.4600246e+000  1.6862492e-001
  3.4333681e+000  9.7987266e-001
  8.6736718e+000  5.3019856e+000
  3.3232841e+000  2.7561168e+000
  6.2435404e+000  4.4575169e+000
  9.3911031e+000  4.6411548e+000
  2.7798861e+000  9.3478188e+000
  6.4407407e+000  7.9429798e+000
  5.8851633e+000  7.4892825e-001
  5.4810819e+000  5.6989847e+000
  3.1701199e+000  1.2239783e+000
  8.1534888e+000  8.8150974e+000
  9.7736381e+000  6.8603985e+000
  7.9399422e+000  4.5314252e+000
  1.9918311e+000  7.7322343e+000
  5.8404772e+000  4.3579549e-001
  1.5375280e+000  9.9178650e+000
  2.0383507e+000  6.8964197e+000
  7.4659667e+000  7.0305399e+000
  1.3692057e+000  7.8809439e+000
  2.4941417e+000  6.0211935e-001
  6.1496840e+000  8.1513034e+000
  4.7628504e+000  2.7304860e+000
  2.9799993e+000  3.8226529e+000
  2.8293826e+000  3.9214122e+000
  4.8408704e+000  2.0567335e+000
  9.1716671e+000  8.9695768e-001
  9.7862975e+000  5.8853879e-001
  9.2388757e+000  5.2121326e+000
  5.6672019e+000  7.7670825e+000
  6.8881236e+000  5.4661359e-001
  7.3775827e+000  6.8083313e+000
  5.8217208e+000  2.5781083e+000
  8.4035772e+000  6.9679170e+000
  2.9487535e+000  8.9150521e-001
  3.7148279e+000  6.6150447e+000
  1.5383607e+000  2.8070249e+000
  1.4113776e+000  3.9975396e+000
  5.1362831e+000  2.8527902e+000
  7.1290402e+000  2.6779973e+000
  1.6668543e+000  2.4748424e+000
  7.3809361e+000  8.0001381e+000
  9.6044774e+000  7.2225226e-001
  4.7066336e+000  4.1690336e+000
  9.2804518e+000  4.5850367e-001
  1.6996083e+000  1.1217702e+000
  4.9755321e+000  7.8683014e+000
  4.7784071e+000  5.7693239e+000
  9.5597158e+000  9.1213548e+000
  7.2608914e+000  6.6581131e+000
  1.6705033e+000  3.7523258e+000
  5.3558002e+000  3.0580661e+000
  5.1056901e+000  1.8336428e+000
  7.4259819e+000  9.6223579e+000
  7.4287082e+000  2.8529407e-001
  3.3348616e+000  4.2720166e+000
  4.3858915e+000  4.1414764e+000
  8.5518288e+000  4.5107697e+000
  6.7985627e+000  3.8461120e+000
  9.1907881e+000  3.8525533e+000
  3.4266026e+000  4.0784062e+000
  3.0454823e+000  3.2304945e+000
  2.9166536e+000  3.3182916e+000
  7.8895193e+000  5.5470838e+000
  2.2839373e+000  6.6337037e+000
  9.0394014e+000  2.0905283e+000
  6.2876377e+000  8.9316871e+000
  9.2525777e+000  5.0956896e+000
  5.1337088e+000  4.2475762e+000
  6.9195406e+000  5.4495212e+000
  1.4988630e+000  4.1815295e+000
  3.1856395e+000  8.0205522e+000
  8.4014129e+000  1.0828306e+000
  7.9954213e+000  7.6224467e+000
  8.5326149e+000  5.2711070e+000
  1.5953868e+000  1.9681039e+000
  3.0031728e+000  4.1751619e+000
  4.1981721e+000  4.0913143e+000
  4.9292099e+000  7.1749741e+000
  7.9277149e+000  6.9545203e+000
  4.8614471e+000  6.8791594e+000
  1.0205364e+000  8.1977822e-001
  7.8270764e-001  7.0445392e+000
  2.8107590e+000  9.5080668e+000
  1.8855028e+000  4.9384020e+000
  4.7436055e+000  1.9073571e+000
  8.8869119e-001  9.7257480e+000
  2.3717099e+000  8.9242653e+000
  5.5581572e-002  9.0217526e+000
  6.4630553e+000  1.3375861e+000
  8.3001236e+000  6.2754156e+000
  1.3660948e+000  7.3530009e+000
  8.8873417e+000  9.9634657e+000
  6.1416422e+000  1.8627405e+000
  2.2163247e+000  7.2935966e+000
  1.1577488e-001  9.4936947e+000
  6.2421234e+000  5.4583888e+000
  3.2297602e+000  7.7001756e+000
  1.0297703e+000  2.2443771e+000
  6.7448914e+000  3.9115413e+000
  6.8285523e+000  5.1847652e+000
  8.2885231e+000  8.5710106e+000
  3.0406813e+000  8.2407377e+000
  2.1063238e+000  6.6728356e-001
  7.1958849e-001  6.9905762e+000
  2.8066059e+000  7.0268569e+000
  2.6815901e+000  4.7368856e-001
  6.4138850e+000  4.0346732e+000
  4.7218464e-002  4.2025815e+000
  4.9859393e+000  2.4653432e+000
  7.5050996e+000  4.1758358e+000
  5.7810691e+000  6.4435980e+000
  4.5752982e+000  4.6916891e+000
  7.1324278e-001  2.2300898e+000
  6.4106355e+000  3.2510336e+000
  1.1289120e+000  6.8756531e+000
  7.3482200e+000  6.6123520e-001
  1.7109376e+000  7.4780183e+000
  2.9180671e-001  8.2819553e+000
  9.9209185e+000  9.8261278e+000
  2.6505253e+000  3.7892810e+000
  3.2416068e+000  9.4978153e+000
  5.1841348e+000  5.0091235e+000
  1.2229278e+000  7.9533257e+000
  2.1322921e+000  6.5178471e+000
  5.4944502e-001  8.7296476e+000
  6.1753970e+000  3.3724372e-001
  3.5310434e+000  9.7002464e-001
  5.2135207e+000  3.6188270e+000
  4.3711776e+000  4.7152829e+000
  4.6962143e-001  1.0912911e+000
  1.6243312e-002  8.9078705e+000
  1.2911680e+000  3.8212277e+000
  6.3154922e-001  3.3160028e+000
  4.5990506e+000  2.4620521e+000
  9.5691733e-001  1.7857511e-001
  1.2648533e+000  8.7932929e+000
  4.0589100e+000  6.6542471e+000
  4.6511647e+000  6.5356427e+000
  6.7542989e+000  4.2764038e+000
  4.9228753e+000  5.6093388e+000
  8.2093611e+000  5.7795949e+000
  8.5632608e+000  2.1091636e+000
  1.8355762e+000  5.1685488e+000
  7.0152893e+000  8.2492953e+000
  6.3858721e+000  2.0069154e+000
  4.6686092e+000  4.2663938e+000
  1.0117629e+000  7.1278520e+000
  3.9353112e+000  9.1015608e+000
  5.0668038e+000  8.7872255e+000
  6.8546033e+000  5.8527163e+000
  8.1638629e+000  2.6879167e-001
  1.2132219e+000  1.2736057e+000
  4.2896150e+000  5.6596519e+000
  5.7187022e+000  1.8873492e+000
  5.1453973e+000  7.6983728e-001
  6.3147805e+000  6.7045799e+000
  6.1792727e+000  9.1287465e+000
  1.1237798e+000  5.8015826e-001
  6.0037743e+000  7.4605968e+000
  4.9842484e+000  9.2024209e+000
  1.1003393e-001  8.5552504e+000
  7.3722104e+000  7.2119506e+000
  6.8553050e+000  7.4573058e+000
  4.1573133e+000  5.5046317e+000
  1.6564807e+000  6.0451699e+000
  9.9628129e+000  2.9838985e+000
  9.6850136e+000  4.3087318e+000
  4.7953121e+000  7.7801936e+000
  1.4180328e+000  4.2515083e+000
  4.1850226e+000  1.1988946e-001
  3.3122745e+000  8.1731552e+000
  6.0009224e+000  3.4364263e+000
  3.1450348e-001  9.9448298e+000
  5.5901746e+000  2.8568888e+000
  2.5589521e+000  9.5165673e+000
  9.1992887e+000  8.1745915e+000
  8.2632681e+000  1.0908013e+000
  7.1618780e+000  2.5279805e+000
  9.9870574e+000  3.0699172e+000
  9.4476808e+000  9.8587368e+000
  3.2054756e+000  5.3318929e+000
  5.7807113e+000  2.1245018e+000
  6.9457901e+000  7.4919083e+000
  7.4535477e+000  8.0681341e+000
  4.8419239e+000  3.7576644e+000
  9.9018716e+000  9.6694819e+000
  6.9149199e+000  2.2010368e+000
  8.1965389e+000  7.0394981e+000
  6.9345981e+000  1.8206510e+000
  7.8143009e+000  4.2890271e+000
  6.6404096e+000  9.1353258e+000
  5.2799498e+000  5.4320052e+000
  1.9932971e+000  8.1704801e-001
  3.9012355e+000  3.2028042e+000
  8.7168697e+000  2.8241167e-001
  7.9032998e-001  8.9649840e+000
  5.5921514e+000  1.4661806e-002
  8.8796629e+000  5.9748106e+000
  3.8474641e+000  8.7954602e+000
  3.5330400e+000  6.8403785e+000
  1.4135905e+000  8.9431952e+000
  6.6581850e+000  3.9777006e+000
  1.1486248e-001  1.5216497e+000
  9.4898881e+000  7.7181102e-001
  2.2475656e+000  5.8348258e+000
  4.3890934e+000  8.9685832e+000
  6.6281926e+000  4.0644066e+000
  4.8516879e+000  8.9661346e+000
  7.0173391e+000  8.9171959e+000
  3.4152904e+000  3.7442043e+000
  1.9264045e+000  9.7526161e+000
  3.6372978e+000  6.2667597e+000
  4.4105242e+000  1.9669202e+000
  8.9465265e+000  5.9255117e+000
  5.2446142e+000  9.2833847e+000
  5.0831330e+000  3.5860984e+000
  2.7875113e+000  5.3384708e+000
  4.6739760e+000  7.8387897e+000
  5.6065826e+000  3.4273996e+000
  4.2633555e+000  5.4960088e+000
  1.0645839e+000  5.0461153e+000
  1.9220801e+000  3.2577139e+000
  4.6084704e+000  8.6493994e+000
  2.9565130e+000  8.7511478e+000
  7.8578578e+000  1.7526451e+000
  5.3065183e+000  2.2176655e+000
  4.4290460e+000  7.4148805e+000
  7.9782056e+000  7.7725942e+000
  7.4202482e+000  9.2139168e+000
  7.1670571e+000  7.8384568e-001
  9.5414725e+000  6.9316412e+000
  9.9006737e-001  4.5106050e+000
  9.8388312e+000  3.5217495e+000
  3.1404309e+000  7.5392723e+000
  4.6525444e+000  6.5479829e+000
  6.7826447e+000  7.6309559e+000
  5.7789236e+000  5.6217340e+000
  6.2348505e-001  8.9480852e+000
  5.0023446e-001  2.4068672e+000
  3.9980079e+000  1.6891461e-001
  7.1426749e+000  3.7243262e+000
  8.8720887e+000  2.7378957e+000
  7.3677710e-001  1.2241024e+000
  2.9243933e+000  2.3535896e+000
  6.6033003e+000  4.8236645e+000
  4.5534807e+000  3.6294742e+000
  6.1219209e+000  6.1481340e+000
  2.6759276e+000  6.7695505e+000
  6.4681163e+000  6.9385651e+000
  3.6230224e+000  2.8280343e-001
  4.2374344e+000  9.9096741e+000
  7.3087408e+000  5.4990868e+000
  2.5650782e+000  9.3674789e+000
  7.7542955e+000  9.1902303e+000
  1.1314747e-001  4.2405695e+000
  8.3534887e+000  8.8022889e+000
  4.9150283e+000  4.3535658e+000
  9.1797798e-001  5.6142899e+000
  2.0261444e+000  5.7492033e+000
  1.2426943e+000  1.5140167e+000
  4.7828128e+000  5.3602155e+000
  9.1532255e+000  3.1180056e+000
  5.1494238e-001  6.3947600e+000
  7.4389429e+000  2.4728986e+000
  2.2526191e+000  2.8227991e+000
  8.9204003e+000  2.0751868e+000
  8.0723455e+000  7.2307654e+000
  6.1912409e+000  2.8629797e+000
  4.8262474e+000  6.5649290e+000
  5.9341294e+000  1.7564189e+000
  8.8807717e+000  1.5231933e+000
  5.4302035e+000  8.0581362e+000
  1.9232171e+000  7.0177720e+000
  8.0948711e-001  4.2144616e+000
  3.0807337e+000  2.1943023e+000
  9.3740962e+000  1.7838782e+000
  3.2043812e+000  8.6216131e+000
  2.7652113e+000  6.9027328e-001
  6.4633102e+000  5.3535904e+000
  7.2876543e+000  6.4221036e+000
  5.3985739e+000  2.2230449e+000
  9.1020166e+000  4.5305309e+000
  4.2495337e+000  6.2358045e+000
  2.1903166e+000  4.0355503e+000
  1.0753680e+000  1.2794763e+000
  9.7106253e+000  9.3032035e+000
  7.3951382e+000  3.9655415e-002
  7.4970778e+000  4.8670688e-001
  9.8592710e+000  5.3985530e+000
  9.0024498e+000  6.7647866e+000
  5.2583785e+000  3.8387558e+000
  3.9788137e+000  1.4379827e+000
  9.8709501e+000  8.1130956e+000
  2.4894597e+000  1.1083328e+000
  4.7896691e+000  8.1603890e+000
  2.7324347e+000  4.7252094e+000
  6.1467865e+000  4.2020051e+000
  6.4188313e+000  9.5287816e+000
  8.4833061e+000  5.2242546e+000
  4.9342332e+000  3.9007381e+000
  4.4908249e+000  3.5418361e+000
  2.0101638e+000  2.2220799e+000
  1.9187404e+000  3.8497506e+000
  6.1020252e+000  9.8413812e-002
  1.9834629e+000  4.8528313e+000
  6.9917458e+000  6.4006028e+000
  3.0498122e+000  3.5119470e+000
  2.6096831e+000  5.6115328e-001
  6.0926452e+000  2.1701842e+000
  6.8002333e+000  7.9364205e+000
  2.5574378e+000  6.2181565e-001
  1.1182408e+000  8.5243106e+000
  7.7217280e+000  6.9412858e+000
  3.4256741e+000  7.8506332e+000
  1.4493584e-001  7.2885324e+000
  8.1601971e+000  3.5797265e+000
  1.0924175e+000  8.0142779e+000
  4.9173051e+000  7.4766570e+000
  5.4795164e+000  7.6511077e+000
  1.4155323e+000  4.9805885e+000
  3.8291372e+000  3.6219818e+000
  8.5302574e+000  6.7124375e+000
  1.1987469e+000  7.0389696e+000
  6.3074086e+000  7.2670050e+000
  2.1684428e+000  6.5849470e+000
  1.3537400e+000  5.9965785e+000
  9.5629983e+000  8.1143169e+000
  5.9857579e+000  7.6968474e+000
  8.0228311e+000  1.8237022e+000
  8.3762460e+000  6.3436647e+000
  2.0407190e-001  3.4996806e+000
  6.6108647e+000  5.6782621e+000
  3.4860564e+000  6.2884824e+000
  7.0040586e+000  9.1266035e+000
  3.4502979e+000  4.7672124e+000
  6.5808351e+000  1.1965620e+000
  6.0161646e+000  4.0977247e+000
  3.5012416e+000  4.9137440e+000
  7.8111745e+000  2.1477459e+000
  2.1945294e+000  8.5331386e+000
  1.1546290e+000  7.0681909e+000
  4.2368501e+000  3.4899707e+000
  7.1990484e-002  7.0940027e+000
  2.1030288e+000  6.6684372e+000
  6.2708814e+000  6.6729117e-001
  1.9897267e-001  7.5798013e+000
  9.9917008e+000  6.0169714e-001
  9.2430829e+000  6.0647789e+000
  6.3292462e-001  1.9598402e+000
  4.1279710e+000  9.7151514e+000
  9.8913087e+000  6.5671480e+000
  8.2302569e-001  1.5485166e+000
  4.6487778e+000  6.1864310e+000
  4.1366987e+000  9.6488807e+000
  4.7929509e+000  5.5134250e-001
  9.3578020e+000  6.0728196e+000
  1.5308689e+000  6.5645109e-001
  6.6210238e+000  8.5408006e+000
  7.8676850e+000  2.3074498e+000
  5.3301265e+000  9.3221880e+000
  1.0909863e+000  5.6728776e+000
  6.6415424e+000  6.1664709e+000
  1.7612493e+000  9.1161329e+000
  6.6208338e-001  4.1774921e+000
  5.0314915e+000  7.1645688e-001
  9.9179399e+000  3.6869867e+000
  6.8414756e+000  3.8113308e+000
  9.9174939e+000  6.1098122e+000
  6.1357831e+000  5.1698013e+000
  8.6637730e+000  2.3055935e+000
  8.4510398e+000  9.2062270e+000
  1.6335545e-003  9.4889332e+000
  9.0862823e+000  8.3981932e-001
  1.1787215e+000  4.7871623e+000
  3.8972029e+000  7.7382387e-001
  4.6269985e+000  2.5453206e+000
  9.7887571e+000  8.4901520e+000
  4.0179381e+000  8.6553962e+000
  6.2010612e+000  9.3718040e+000
  4.5736702e+000  4.6183228e+000
  7.5176051e+000  9.4877000e+000
  2.2323123e+000  7.6383910e+000
  9.0758372e+000  1.3920600e+000
  2.5966758e+000  8.5288544e-001
  6.9586566e+000  6.0074556e+000
  9.2499205e-001  6.9254041e+000
  6.8531343e-001  8.7795227e-001
  5.1720531e+000  8.3671338e+000
  8.0379534e+000  2.7614814e+000
  3.0532154e+000  3.9670465e+000
  3.0943893e+000  1.1619416e+000
  8.4254060e+000  8.6534506e+000
  8.0746289e+000  2.6644826e+000
  2.7975312e+000  4.7446748e+000
  1.2062461e-001  5.1745468e+000
  3.0917300e+000  5.0487667e+000
  5.4981931e+000  9.7325513e+000
  3.1898329e+000  4.8245139e+000
  5.2211696e+000  2.6041300e+000
  6.5098145e+000  5.5715756e+000
  5.0253123e+000  7.1655575e+000
  1.3434124e-001  3.9439136e+000
  1.0624148e+000  4.3520349e+000
  5.7504235e+000  6.2560662e+000
  3.4355631e+000  1.2963063e+000
  6.7447827e+000  1.0958649e+000
  7.0170206e+000  5.5572324e-001
  9.0298964e+000  7.7647871e+000
  2.4850821e-001  4.0978032e+000
  1.3350705e+000  4.2280108e+000
  7.2349976e+000  9.6614322e-001
  7.4861485e+000  7.4760875e+000
  2.6879130e+000  9.5875390e+000
  2.9008718e+000  2.2519940e+000
  8.2314295e+000  9.1598569e+000
  7.6179888e+000  7.0247561e+000
  7.7456501e+000  2.3468436e+000
  2.9017088e+000  7.6244809e+000
  3.1853555e+000  8.3687498e-001
  3.2750837e+000  9.8329208e+000
  6.2707885e+000  8.3973567e+000
  5.6460095e+000  3.1894256e+000
  6.7673476e+000  7.8806069e+000
  3.9129892e-001  5.0062641e+000
  9.7597806e+000  7.1862693e+000
  3.5230014e+000  8.5158437e+000
  2.3861551e+000  2.9932741e+000
  5.6775244e+000  5.6740314e+000
  7.8863183e+000  5.2690715e+000
  3.0473553e+000  4.4953373e+000
  9.2256308e+000  9.2952548e+000
  9.6288444e+000  1.8408641e+000
  7.3853446e+000  9.8434581e+000
  4.5524979e+000  9.1967103e-001
  6.0481109e+000  7.7695314e+000
  4.7953055e+000  4.0010571e+000
  7.6739997e+000  3.1622795e+000
  3.7709703e+000  4.3907195e-001
  6.9044303e+000  5.2053050e+000
  6.4244352e+000  7.1578373e+000
  5.4716820e+000  5.6370619e+000
  2.9758283e+000  9.1898565e+000
  3.1912723e+000  9.0810247e+000
  7.0531037e+000  4.2719113e+000
  9.3318758e+000  3.0858477e+000
  3.8469725e+000  8.6133104e+000
  8.2547706e-001  2.2677747e-001
  6.1302303e+000  9.5202108e+000
  4.0510789e+000  5.2992975e+000
  6.5832720e+000  8.6869015e+000
  5.4648501e+000  8.5894682e+000
  1.3506850e+000  5.3844897e+000
  9.9685859e+000  8.8710881e+000
  1.5685347e+000  6.5954719e+000
  4.1899256e+000  4.3862212e+000
  3.1148852e-001  7.6230032e+000
  1.8069430e+000  5.2702237e+000
  6.9426407e+000  3.0890273e+000
  4.0239726e+000  6.4018664e+000
  8.5696191e+000  2.3553660e+000
  2.7711832e+000  6.0913162e-001
  5.7082061e+000  8.0171725e+000
  9.1770682e+000  3.6285549e+000
  5.8283164e+000  6.7262578e+000
  3.0312475e+000  3.6271928e+000
  3.7362931e+000  7.4158160e+000
  6.9888575e+000  2.9647571e+000
  2.0062948e-001  8.3887654e+000
  1.1344360e+000  7.7753313e+000
  3.0933135e+000  1.0960826e+000
  6.2305992e+000  7.7087552e-001
  9.1874486e+000  2.7935976e+000
  4.6728123e+000  8.8868121e+000
  6.6211296e+000  1.9253437e+000
  1.7040973e+000  9.8103874e+000
  4.2010315e+000  8.0338171e+000
  2.5519358e-001  9.9316909e+000
  6.6014109e+000  5.5948150e+000
  9.1588266e+000  7.2527228e+000
  4.7490696e+000  7.0514033e+000
  6.3623213e+000  4.6589422e+000
  9.2797507e+000  4.7854917e+000
  8.6251624e+000  1.5316468e+000
  4.3183116e+000  1.8845355e+000
  9.7294526e+000  8.5695271e+000
  2.1755443e-001  5.3737511e-001
  8.2644489e-001  9.5913519e+000
  1.8134870e+000  3.8682793e+000
  6.4749845e+000  3.7878852e-001
  5.7786109e-001  7.3112328e+000
  6.2150691e+000  5.5899650e+000
 -6.2986305e-003  7.1682689e+000
  8.3126977e-001  4.7470333e-002
  6.6853688e+000  9.4526812e+000
  8.4756006e+000  3.4704966e+000
  5.9353706e+000  6.5243555e-001
  4.2035329e+000  4.5771438e+000
  5.7975682e-002  4.6894831e+000
  7.0292227e+000  6.1992061e+000
  9.2932678e+000  9.1108816e+000
  7.4106962e+000  6.3300733e+000
  7.7657858e+000  8.5260185e+000
  8.4375845e+000  7.2889350e+000
  1.1238242e+000  1.6781285e+000
  7.3619966e+000  5.2707927e+000
  1.2477190e-001  3.5197139e+000
  4.8602826e+000  7.4375184e+000
  2.4428839e-001  4.5142105e+000
  4.9596241e+000  9.4332468e+000
  4.6305128e+000  5.4981332e+000
  4.0035345e+000  6.7547381e-001
  3.1440051e+000  8.8767005e+000
  1.9977135e+000  3.5283198e+000
  3.0771315e+000  9.1220562e+000
  3.7394554e-001  4.6104042e+000
  1.3161536e+000  4.6814077e+000
  9.9316570e+000  2.8056910e+000
  9.2783751e+000  2.5669122e+000
  9.1827680e+000  9.4651482e+000
  8.5654015e+000  5.3484524e+000
  3.0508794e+000  9.0806162e-001
  2.5231229e+000  8.7171745e+000
  8.3581458e+000  3.1286141e+000
  4.5599250e+000  4.4151377e+000
  3.3534406e+000  3.8873962e+000
  8.1299919e+000  1.4030773e+000
  8.9749581e-001  8.1728773e+000
  5.1009467e+000  3.8609056e+000
  9.7900822e+000  2.7880104e+000
  2.9060678e+000  8.1902494e+000
  8.9878282e+000  9.1170308e+000
  9.6983654e+000  5.4854100e+000
  6.8970089e+000  1.5582686e+000
  1.9631558e+000  2.2981416e+000
  4.2033745e+000  4.6541688e+000
  3.0427796e+000  1.9277095e+000
  2.6662951e+000  6.1018199e+000
  1.4822750e-001  6.4005319e+000
  6.4620539e+000  9.0504651e+000
  3.0532333e+000  6.7876565e+000
  7.1234711e+000  2.1821409e+000
  8.8961360e+000  7.7034817e+000
  6.6631542e+000  3.5156132e+000
  8.2093603e+000  5.0211267e+000
  4.1451152e+000  5.5048928e+000
  4.4928351e-001  1.2505264e-001
  5.5325248e-001  3.7047970e+000
  6.3131811e+000  2.8902682e+000
  1.6064830e+000  4.1952865e+000
  5.7794645e+000  3.7071245e+000
  1.8951213e+000  4.2216208e+000
  2.5482892e+000  9.8736711e+000
  7.6125538e+000  7.8749479e+000
  3.3609943e+000  5.1384047e+000
  3.6382638e+000  1.3224920e+000
  1.3417725e+000  2.6107868e-001
  7.0233110e+000  2.3470328e-001
  6.7989810e-001  6.2483812e+000
  7.3405182e+000  1.7785307e+000
  6.5728537e-001  3.9233436e+000
  4.1186637e+000  4.0360728e+000
  9.3789641e+000  9.7722208e+000
  7.8365291e+000 -9.5185500e-003
  8.2609040e+000  7.1465286e-001
  6.0414938e+000  1.4207333e+000
  2.7487862e+000  8.1184124e+000
  8.3834947e+000  3.0991506e+000
  5.6529086e+000  5.5027466e+000
  4.1483407e-002  1.8563113e+000
  2.8695983e+000  9.5019795e+000
  5.0456549e+000  3.6114605e-001
  4.6681700e+000  7.2613269e+000
  1.0801772e+000  6.4760077e-001
  7.2797183e+000  8.9442578e+000
  2.4851298e+000  4.9564227e+000
  3.0534273e-001  4.5140258e+000
  8.4200798e+000  8.2128793e+000
  5.7414362e+000  1.1984396e+000
  3.4164001e+000  2.5635492e+000
  1.8757819e+000  8.4079388e+000
  2.3928015e+000  6.6200962e+000
  7.5377232e+000  2.5769065e+000
  5.5382132e+000  2.9129881e+000
  7.9858697e+000  3.6206143e+000
  6.3570548e+000  8.3316156e+000
  2.0878534e+000  3.0807115e-001
  9.2111512e+000  5.5490166e+000
  8.0421954e+000  9.8926636e+000
  5.6449248e+000  2.1367204e+000
  9.5892074e+000  6.4235726e+000
  6.3372167e+000  6.1758747e+000
  2.3518544e+000  7.9192499e+000
  9.4553864e+000  9.6698693e+000
  9.9331032e+000  8.7908885e+000
  2.7978903e+000  9.1349677e+000
  5.2989203e+000  1.5086495e+000
  5.5809498e-001  4.5492906e+000
  1.4063089e-001  4.7905313e+000
  7.3246633e+000  8.8611123e+000
  4.6716126e+000  5.9096101e+000
  6.2771317e+000  1.8301076e+000
  1.8829707e-001  5.8228656e+000
  7.1829995e+000  7.9372390e+000
  4.6483447e+000  2.3129495e-001
  5.0871304e+000  3.8113450e-001
  9.3156336e+000  2.8781563e+000
  5.9701346e+000  3.2620239e+000
  8.3065601e+000  1.0669984e+000
  7.5965445e+000  5.1156137e+000
  8.2235407e+000  5.0310366e+000
  6.5725819e+000  5.9036980e+000
  3.1195498e+000  3.2325420e+000
  2.7421721e+000  3.9392277e+000
  2.1268981e+000  2.4236900e+000
  1.7475733e+000  7.3501544e+000
  6.6679140e+000  4.5053742e+000
  2.2921831e+000  8.8232774e+000
  4.9422472e+000  2.3143463e+000
  7.6195447e-001  6.1263406e+000
  9.2101588e+000  2.3885198e+000
  7.2263853e+000  2.1551667e+000
  3.2691728e+000  7.8881685e+000
  1.2859746e+000  1.8177675e+000
  9.1557622e+000  8.0334086e+000
  3.9028310e+000  1.8907474e+000
  3.5426885e+000  3.3151118e+000
  9.8008588e+000  3.1039781e+000
  1.3125154e+000  3.9479527e+000
  9.8891119e+000  8.2558427e+000
  7.9474908e+000  1.9862544e+000
  3.2850888e+000  2.4568990e+000
  4.3130264e+000  2.1618231e+000
  6.7158192e+000  2.5586915e+000
  4.1936329e+000  9.1856941e+000
  9.2703868e+000  6.6571631e+000
  4.0394789e+000  4.8080151e+000
  2.0220095e+000  7.9791949e+000
  3.9072528e+000  9.9409364e+000
  9.5556001e+000  1.1053013e+000
  3.4601025e+000  8.5478925e+000
  9.2090251e+000  4.2952336e+000
  9.8010565e+000  6.4221692e+000
  1.2859072e-001  1.6602345e+000
  8.0517310e-001  6.9503485e+000
  6.9211837e+000  8.4911721e+000
  8.2348501e+000  3.8081531e+000
  1.8217183e+000  4.1223621e+000
  6.4794540e-001  1.8789262e+000
  2.3669475e+000  5.6552773e+000
  5.8126109e+000  3.0967568e+000
  5.1829698e+000  4.5038279e+000
  4.7969320e+000  7.1622175e+000
  7.4800134e+000  4.8531624e+000
  5.3270600e+000  9.3881206e+000
  6.1504581e+000  6.2887758e+000
  8.5435819e+000  3.8451736e+000
  9.8562956e+000  8.9811818e+000
  9.3307139e+000  7.6933104e-001
  7.4348911e+000  4.0305345e+000
  9.0161468e+000  4.2982944e+000
  4.7123651e+000  9.2665017e+000
  3.0430836e+000  9.7290202e+000
  8.8163328e+000  2.4738169e+000
  5.4565821e+000  6.2389156e+000
  6.9747799e+000  5.5679659e+000
  5.9403904e+000  8.6364698e+000
  8.1271944e+000  5.1610137e+000
  2.8759495e+000  1.1252571e+000
  7.4559918e+000  3.8952498e+000
  7.6794115e+000  4.4083586e+000
  9.8535116e+000  6.3209053e+000
  6.6775821e+000  1.1180945e+000
  1.7859389e+000  1.0211973e+000
  1.5885589e+000  1.3765503e+000
  7.3580956e+000  9.7328018e+000
  4.8966451e+000  5.0968557e+000
  6.5526262e+000  5.5495527e+000
  1.0002016e+001  8.5558351e+000
  7.5868720e+000  3.1524332e+000
  8.8566253e+000  4.9883850e+000
  5.9990501e+000  1.2034893e+000
  6.5130947e+000  4.9529377e-001
  4.7574010e+000  1.4681592e+000
  6.0876668e+000  3.0720863e+000
  7.4735438e+000  7.8736652e+000
  7.0875236e+000  1.3032525e+000
  2.2947445e+000  5.1104443e+000
  3.0561050e+000  9.9005887e+000
  4.7832465e+000  1.9598187e+000
  8.6013213e+000  2.9570331e+000
  8.8161393e+000  5.1717941e+000
  4.9861150e+000  2.7914111e+000
  3.7452684e+000  8.0810750e+000
  9.3719113e+000  7.9128906e+000
  5.5365937e-001  5.5275389e-001
  8.7599200e+000  3.0247285e+000
  9.8944631e+000  3.4162996e+000
  1.1016491e+000  6.6940861e+000
  3.3222349e+000  4.5267456e+000
  6.1262305e+000  7.0945339e+000
  5.9939334e+000  1.1935472e+000
  7.6430789e+000  1.3928508e+000
  7.0312144e+000  2.4947323e+000
  5.1835702e+000  3.2672526e+000
  7.1464152e+000  8.1610034e-001
  9.8980342e+000  7.1202311e+000
  4.3543844e+000  1.3368323e-001
  7.9329620e+000  5.8447194e+000
  8.7643970e+000  8.7936564e+000
  5.1255337e+000  4.9360587e+000
  2.9033240e+000  3.8413748e-001
  2.2897930e+000  9.0294909e+000
  2.3659132e+000  8.6737814e+000
  2.0994728e+000  1.8537865e+000
  1.7415335e+000  7.7230857e+000
  8.7270522e-001  2.0944761e+000
  1.6580163e+000  7.9181329e+000
  4.9691554e-001  3.8768917e+000
  8.7149952e+000  3.8655074e+000
  2.9331461e+000  9.7531694e+000
  8.2650865e+000  2.4093995e+000
  5.3089711e+000  6.3235164e+000
  2.9251944e+000  6.0478537e+000
  1.8951219e+000  1.5460218e+000
  2.6713522e+000  2.6770955e+000
  4.4552936e+000  1.0069242e+000
  5.9885805e+000  5.6271873e+000
  5.7956550e+000  5.4537192e+000
 -4.6048651e-003  7.4910650e+000
  6.2309651e+000  8.0962710e+000
  7.1061568e+000  7.3699665e+000
  2.8306638e+000  2.5200944e+000
  1.2202382e+000  4.0480065e+000
  7.1748791e+000  1.5836953e+000
  4.2219634e+000  4.2614908e+000
  9.5432750e+000  4.8932239e+000
  3.9169848e-001  5.3717841e+000
  4.9101962e+000  3.3724376e+000
  3.3197987e+000  1.1222088e+000
  7.8594007e+000  3.3458366e+000
  4.3889564e+000  5.2190011e+000
  8.3719181e+000  7.3798349e+000
  2.2376193e+000  4.9496310e+000
  7.4589407e-001  4.0208964e+000
  7.4093203e+000  1.1896273e+000
  4.9185311e+000  5.9863806e+000
  3.2480783e+000  3.3034772e+000
  4.5165255e+000  4.4054223e+000
  3.0918548e+000  3.9777432e+000
  6.8491747e+000  6.8020556e+000
  3.1872858e+000  1.6791326e-001
  7.0937220e+000  5.6860916e+000
  1.5443337e+000  6.7551661e+000
  6.3708365e+000  2.3481846e+000
  5.4809204e+000  6.7301123e+000
  4.4753380e+000  5.6988632e+000
  7.8235430e+000  6.9281181e+000
  3.6297729e+000  2.9212526e+000
  7.2711273e+000  4.6004609e+000
  9.8850485e+000  4.9928619e+000
  3.8228801e-001  2.4919269e+000
  3.8184300e+000  9.4602519e+000
  6.3756879e+000  7.6407090e+000
  5.3926029e+000  5.3680103e+000
  1.7882802e+000  7.8670369e+000
  8.7623955e+000  9.8525290e+000
  9.1314474e+000  2.7459365e-001
  9.8602646e+000  5.3798499e+000
  1.5525449e+000  7.3453223e+000
  4.1618050e+000  2.1488779e+000
  3.6416790e+000  9.0651310e+000
  6.9517278e+000  2.9456501e-001
  2.1557439e+000  9.9183518e+000
  7.4034172e+000  6.2737286e-001
  6.5223616e+000  9.3179337e+000
  5.8348039e+000  7.6557888e+000
  4.7978127e+000  5.0451863e+000
  2.1897155e+000  2.4104522e+000
  8.1002687e+000  8.1318691e+000
  7.5641081e+000  3.0512235e+000
  6.8426140e+000  1.3428867e+000
  2.9360305e+000  7.6528423e-002
  7.1736628e+000  7.8077576e+000
  4.9326257e+000  7.7813951e+000
  4.7507781e+000  4.8133059e+000
  1.2621954e+000  2.3252845e-001
  9.8470255e+000  7.9501662e+000
  9.8713700e-002  4.8842133e+000
  2.0049512e+000  3.8086616e+000
  7.9996232e+000  2.4179457e+000
  9.9856293e+000  5.4475639e+000
  7.5110209e+000  6.0587591e+000
  7.2012290e+000  4.5704333e+000
  2.7963461e-001  9.8573200e+000
  4.3735094e+000  7.1260377e+000
  2.1419434e+000  8.6130957e+000
  7.0150374e+000  4.1656287e+000
  9.5662393e+000  6.6085320e+000
  6.7059708e+000  6.0139040e+000
  7.1589858e+000  8.1601231e+000
  5.8987436e+000  3.7771870e+000
  7.1339927e+000  7.2576040e+000
  4.8304097e+000  2.7583689e+000
  9.4969370e+000  5.1140648e+000
  1.4949478e+000  8.0684498e+000
  1.4840176e+000  4.3100700e-001
  2.3218466e+000  7.2472320e+000
  5.5774339e+000  5.3568592e+000
  7.1286399e+000  9.5391000e+000
  5.8635845e+000  8.3179235e+000
  7.8209954e-001  7.0407732e+000
  4.3446293e+000  4.5884549e+000
  6.5177470e-001  9.8613814e+000
  8.5678050e+000  7.2435487e+000
  5.4972339e+000  1.0771819e+000
  1.4504499e+000  5.0194160e-001
  7.3206887e+000  5.8913518e+000
  1.0149999e+000  4.5010885e+000
  9.6206405e-001  7.6835453e+000
  5.3660425e+000  6.0894742e+000
  3.3820401e+000  3.9006181e+000
  9.1646792e+000  3.9743351e+000
  1.8776763e+000  6.9075165e+000
  9.1054185e+000  7.4048829e+000
  6.3908646e+000  4.8979548e+000
  4.8823044e+000  9.0881456e+000
  3.2846298e+000  3.8220642e+000
  5.9848729e+000  6.6066459e+000
  4.3971508e+000  9.8453484e+000
  6.6684153e+000  2.3394462e+000
  3.8058893e-001  4.2630837e+000
  4.4136123e+000  1.8119783e+000
  8.4513779e+000  9.9387869e+000
  5.5725924e-001  7.3526786e+000
  8.4615062e+000  8.3086990e+000
  3.3058887e+000  8.6961496e+000
  4.6736631e+000  2.3958625e+000
  5.3226250e+000  8.6419210e+000
  6.7375515e+000  9.0083691e+000
  9.2251785e+000  3.2312490e+000
  6.3109697e+000  6.6167778e+000
  1.2380643e+000  5.6045508e+000
  6.0306789e+000  9.1287108e+000
  9.8254985e+000  6.7005783e+000
  7.3118402e+000  9.1494042e+000
  7.1064326e+000  5.0649103e+000
  4.5192712e+000  1.7424195e+000
  6.1154764e+000  8.9965326e+000
  9.0638582e+000  1.9410822e+000
  6.1928001e+000  5.2899467e+000
  6.8871118e+000  8.9578974e+000
  2.2901760e+000  1.5868502e+000
  6.6095723e+000  1.0416358e-001
  8.2430251e+000  3.0128494e+000
  5.0792781e+000  7.2343353e+000
  4.5981386e+000  3.2004272e+000
  1.4802613e+000  5.2975075e+000
  1.4277277e+000  5.6924896e+000
  3.3731565e+000  6.6491739e+000
  9.8186903e+000  4.8764675e+000
  5.7720851e+000  2.4678520e+000
  5.5427272e-001  2.6139297e+000
  9.1052389e+000  2.3374530e+000
  6.9886246e+000  9.5419449e+000
  5.8756922e+000  4.4999620e+000
  2.9735050e+000  1.6283705e+000
  7.5515716e+000  6.1927657e+000
  7.6470747e+000  5.9316271e+000
  2.6562386e+000  7.1499301e+000
  2.9019638e+000  5.5848893e-001
  7.9702058e+000  6.2511633e+000
  8.3812605e+000  4.4243506e+000
  1.2555090e+000  8.9632029e+000
  8.9143693e+000  1.6376716e+000
  7.9389655e+000  9.7538380e+000
  7.3322281e+000  8.3587501e+000
  4.5011658e+000  7.8527698e+000
  3.4652819e+000  5.6751205e+000
  4.7343450e+000  5.6240938e-001
  2.3722099e+000  5.5250973e+000
  5.0159817e-001  7.4800348e+000
  8.3488543e+000  1.0163334e+000
  5.3618267e+000  4.6756086e+000
  5.7118786e+000  2.9309656e+000
  7.9493373e+000  6.0798752e+000
  4.6207363e+000  3.9997092e+000
  3.8051157e+000  6.1669705e-001
  9.5426782e-001  9.5687763e+000
  3.3358865e+000  2.3164829e-001
  2.8862614e+000  6.1141669e+000
  4.8999761e+000  8.3719520e+000
  6.4919623e+000  5.2989535e+000
  1.9555485e+000  9.5534304e+000
  1.9351628e-002  6.1213329e+000
  3.7948574e+000  3.9135081e+000
  2.2422842e+000  2.6679004e-001
  1.2176497e+000  9.3284194e+000
  9.5029633e+000  1.3167366e+000
  8.0618397e+000  5.9659693e+000
  4.1445953e+000  4.0724204e+000
  4.4102272e+000  9.2091039e+000
  1.4086320e-001  6.8871703e+000
  2.5366049e+000  4.7734088e+000
  6.4832655e+000  6.4820029e+000
  2.2452682e+000  2.9274305e+000
  9.9511856e+000  3.5077956e+000
  3.7795612e+000  9.4887676e+000
  9.4225435e+000  2.3263819e+000
  4.1955390e+000  1.9189959e+000
  1.1705239e+000  4.8041221e+000
  2.8691525e+000  8.9679668e+000
  9.0163797e+000  8.0243029e+000
  1.7487091e+000  3.8984469e+000
  4.0807627e+000  3.8380493e-001
  9.9759054e-001  9.5676416e+000
  5.1522601e+000  1.8013753e+000
  2.1461681e+000  4.1432910e+000
  8.1205130e+000  3.4932290e+000
  1.8167867e+000  6.1669748e+000
  6.8207566e+000  6.1800171e+000
  2.8021361e+000  3.4375590e+000
  6.2219076e-001  2.8575783e+000
  5.2844254e+000  8.4543383e+000
  3.2780744e+000  5.0344454e+000
  1.5371971e-001  7.5681304e-001
  2.5841429e+000  6.0257906e+000
  9.7599264e+000  4.2622557e+000
  5.9132492e+000  2.0296526e-001
  3.3586803e+000  1.0246609e+000
  1.6271909e+000  7.9159734e+000
  1.4139319e+000  6.0256789e+000
  6.5772445e+000  2.7383242e+000
  3.5672397e-001  5.3352891e+000
  8.1653010e+000  9.4068203e+000
  3.4756129e+000  4.6901171e+000
  1.6514965e-001  3.3757039e+000
  6.2940461e+000  2.9982911e+000
  2.6291004e+000  7.5538603e-001
  5.2710627e+000  1.0002694e+001
  7.8898441e+000  6.1601965e+000
  7.3899196e+000  5.2263624e+000
  5.1956049e+000  3.5011884e+000
  4.4303739e+000  2.3784982e+000
  4.7066299e+000  8.9058455e-001
  4.7240115e-001  3.1708632e+000
  4.3422736e+000  5.6654977e+000
  6.3756709e+000  4.6320031e+000
  9.4114446e+000  9.3863312e+000
  5.9427377e-001  1.2749098e+000
  2.3858146e+000  7.7397817e-001
  8.8925211e+000  5.5768278e+000
  9.1058514e+000  4.9006169e+000
  1.6387870e+000  3.1990386e+000
  9.8460220e-001  8.4347400e+000
  6.5041592e+000  2.5706301e+000
  6.7986382e+000  8.2447477e+000
  9.9540032e-002  1.6136574e+000
  9.0506400e+000  2.6622817e+000
  2.1695781e+000  2.7165703e+000
  9.6499920e+000  3.2464808e+000
  5.1798951e-001  8.0844066e+000
  1.5903060e+000  5.7671654e+000
  2.4747873e+000  5.2961156e+000
  8.2344132e+000  7.0692911e+000
  1.3677445e+000  8.2776666e-001
  8.9549488e+000  1.3614477e+000
  4.9604751e+000  3.0506485e-001
  3.9861210e-001  9.2015628e+000
  7.2316697e-001  3.3283876e-001
  4.0882827e+000  1.0380471e+000
  3.2708188e+000  8.7831061e+000
  9.1694371e+000  6.5134952e+000
  9.8399057e+000  3.7794741e+000
  3.3455896e+000  8.3199561e+000
  5.7702224e+000  8.5468562e+000
  4.7404058e+000  2.4538532e+000
  2.5662021e+000  1.4781206e+000
  5.6096654e+000  3.7855490e+000
  9.6138530e-001  4.2786886e+000
  5.2212280e+000  1.0113098e+000
  7.6446125e+000  4.8440500e+000
  8.6844884e+000  1.2305482e+000
  6.2144467e+000  1.4360320e+000
  5.8727384e+000  6.8655416e+000
  8.8725291e+000  8.2528991e+000
  7.3379554e+000  1.7237811e+000
  4.8897400e-001  7.4365236e+000
  7.6723152e-001  8.2223629e+000
  5.4794301e+000  5.1794986e+000
  7.3527166e+000  3.8766536e-001
  6.2145574e+000  2.6976271e+000
  5.0674331e+000  4.2118143e+000
  5.9007903e+000  4.4036314e+000
  1.8772656e+000  8.1334487e+000
  7.5970072e-001  3.1803196e+000
  5.0309326e+000  2.0902324e+000
  9.4197727e+000  1.5288236e+000
  5.9401571e+000  1.3887570e-001
  6.8569008e-001  6.2672699e+000
  9.0477295e+000  8.6341603e+000
  3.7320201e+000  9.9555715e+000
  3.6295082e+000  1.2594425e+000
  7.0803768e+000  5.0761366e+000
  9.7538433e+000  5.5128997e+000
  5.7338363e+000  9.8969878e+000
  7.5852403e+000  8.2828330e+000
  4.5877713e+000  3.4204060e+000
  8.4620114e+000  7.5533922e+000
  6.9450541e+000  4.3597080e+000
  1.8781776e+000  5.8938806e+000
  3.9410188e+000  3.6931710e+000
  9.3730495e+000  9.5871616e+000
  9.4392921e+000  7.6745584e+000
  8.3324821e+000  5.6678786e-001
  8.7941491e+000  5.6179239e+000
  1.9124662e+000  5.5080381e+000
  4.5037108e+000  4.0916962e+000
  6.2307870e+000  5.3561460e+000
  8.6128886e+000  5.4842982e-001
  8.3738199e+000  1.2993941e+000
  1.0493191e+000  7.5369574e+000
  4.1692592e+000  8.7779674e+000
  2.5207762e+000  9.9138335e+000
  1.7330757e+000  1.5097068e+000
  1.2023162e+000  7.9539132e+000
  6.6040404e+000  4.5100730e+000
  5.4081094e+000  2.1495589e+000
  1.6522920e+000  1.9173145e+000
  3.8679862e+000  8.6511577e+000
  5.3546569e+000  5.4155194e+000
  3.6130098e+000  5.7578345e+000
  9.1803120e-001  1.7188774e+000
  5.3381379e+000  7.9358444e+000
  4.6797400e+000  4.1700273e+000
  4.9448520e+000  4.7799289e+000
  3.5178267e+000  9.1896819e+000
  9.3162238e+000  6.5880031e+000
  4.9035686e+000  1.0724520e+000
  5.2425391e+000  8.9597442e+000
  6.9943455e+000  9.6426229e+000
  8.3778546e-001  1.5589758e+000
  9.4534706e-001  2.1138611e+000
  1.4952417e+000  4.1102057e-002
  1.7166362e+000  4.3306124e+000
  6.9299923e+000  7.0507751e+000
  4.2311890e+000  7.2930759e+000
  5.9324058e-001  1.3809530e+000
  9.9638663e+000  8.2562189e+000
  1.8570210e-002  3.2189523e+000
  5.1918767e+000 -1.4637691e-002
  2.1542493e+000  8.5376185e+000
  6.2095165e+000  3.3673538e+000
  8.1561431e+000  5.3576114e+000
  6.5497672e+000  1.2549372e+000
  2.5319723e+000  6.4784179e+000
  5.4274970e+000  7.8866567e+000
  8.9474462e+000  1.2437543e+000
  1.8473291e+000  8.9130180e+000
  5.0093861e+000  1.1678462e+000
  6.2243664e+000  8.6432854e+000
  7.7445347e+000  6.6995548e+000
  9.6183283e+000  2.5738516e+000
  6.3687965e+000  6.6730400e+000
  7.8392295e+000  9.4948327e+000
  1.9929616e+000  6.7465406e+000
  4.0957861e+000  4.0267608e+000
  6.1537302e+000  3.7942149e+000
  3.4108542e+000  9.4697978e+000
  6.0037238e+000  3.7037371e+000
  7.6289503e+000  3.7440352e+000
  3.2627081e+000  1.7391411e+000
  1.7619891e+000  3.5353043e+000
  5.8296486e+000  3.1751169e+000
  3.8324926e+000  6.0204249e+000
  3.0501649e+000  5.7745145e+000
  5.9208050e+000  1.5274909e+000
  5.8074034e+000  6.9115418e+000
  8.3540711e+000  8.8871554e+000
  2.5725273e+000  5.1965588e+000
  9.5908411e+000  7.4077984e+000
  6.1831928e+000  3.8096295e+000
  6.9367635e+000  9.4658303e+000
  5.3653912e+000  2.5140157e+000
  2.4342133e+000  1.3686118e+000
  9.4367328e+000  3.4309233e+000
  2.9215617e+000  6.6985624e+000
  1.0457860e+000  5.2662353e-001
  3.1086832e+000  2.3283158e+000
  9.2188292e+000  8.4544316e-001
  1.6013674e+000  8.3814086e+000
  2.5742630e+000  9.8084871e+000
  2.5659016e+000  5.1910024e+000
  5.2267343e+000  2.0538203e+000
  6.6821391e+000  7.2072141e+000
  8.9171737e+000  2.6263779e+000
  6.4935281e+000  2.0659296e+000
  5.3773754e+000  2.1158802e+000
  6.8175928e+000  3.6294070e+000
  2.3879307e+000  6.2611822e+000
  8.0214031e+000  8.7954804e+000
  5.4524367e-001  2.5742450e+000
  9.0817832e+000  2.2089384e+000
  9.6405937e+000  4.7344389e+000
  8.1552315e+000  6.6149354e+000
  6.2601613e+000  9.4436467e+000
  4.5645992e-001  8.4846974e+000
  9.1149138e+000  9.4372033e+000
  3.2195161e+000  2.7364968e-001
  7.5019275e-001  7.2233055e+000
  4.4113936e-001  6.3585249e+000
  2.8694793e+000  9.0025238e+000
  7.7346848e+000  1.2963383e+000
  5.5659736e+000  6.0471544e+000
  5.6666523e+000  2.0277977e+000
  2.2150750e+000  6.8303905e+000
  3.0820069e+000  7.4426451e-001
  7.4226967e+000  7.0450320e+000
  8.6300683e+000  5.4822300e+000
  2.7169511e+000  7.2699408e+000
  7.3202215e+000  4.5240532e+000
  8.0127260e+000  1.2232321e+000
  1.3897776e+000  6.9590349e+000
  4.9711658e+000  4.6588007e+000
  7.1999445e+000  4.9985697e+000
  3.6807215e+000  9.3380894e+000
  1.0616179e+000  6.3319373e+000
  6.8526273e+000  4.0002680e+000
  4.9814046e+000  2.7612558e-001
  4.4286582e+000  4.2472522e-001
  5.0693977e+000  1.7757260e+000
  1.0723480e+000  9.6216602e+000
  3.3851602e+000  9.9505413e+000
  4.2831530e+000  6.9157748e+000
  8.2643505e+000  8.2141126e+000
  5.8222845e-001  9.5513016e+000
  5.4242691e+000  1.8347593e+000
  2.3552654e+000  2.5565068e-001
  1.8223830e+000  7.0619887e+000
  3.4934730e+000  9.1864155e+000
  8.6423317e-002  3.8772884e+000
  5.5458560e+000  5.6820695e+000
  8.6964543e+000  9.0797605e+000
  7.0770623e+000  2.4025786e+000
  3.8110379e+000  8.0944316e-001
  8.5375273e+000  8.3970301e+000
  9.2809888e+000  2.3263004e+000
  1.1875637e+000  7.5049770e+000
  1.3439018e+000  7.3279541e+000
  8.1967092e-001  7.0009141e+000
  9.4291912e+000  1.8468041e+000
  6.7583908e+000  6.6211534e+000
  7.5709086e+000  9.5696065e+000
  3.4986344e+000  6.6649358e+000
  8.5621113e+000  2.9624532e+000
  6.4643653e+000  5.7824820e+000
  9.6203258e+000  5.8582994e+000
  7.9330161e+000  7.8379975e-001
  5.3906668e+000  7.4349774e+000
  8.5491318e+000  2.2114456e+000
  7.1032799e+000  4.3741472e+000
  3.2182804e+000  9.2340676e+000
  4.1849974e+000  1.9634755e+000
  1.1397041e+000  7.3295144e+000
  6.6110746e+000  3.8634604e+000
  7.5692493e+000  8.5687372e+000
  7.4398771e+000  4.9746025e+000
  3.6352562e+000  6.0880736e+000
  1.8357957e+000  8.2764956e+000
  1.9915481e+000  3.7306854e-001
  6.5901093e+000  7.1087637e+000
  3.7519048e+000  8.6358797e+000
  5.7143899e+000  6.3401326e+000
  1.0450366e+000  6.7170380e+000
  7.2638386e-001  2.9189265e+000
  3.7118431e+000  6.3521515e+000
  4.5648894e-001  2.4718632e+000
  2.6061707e+000  5.5825156e+000
  4.3979196e+000  5.1056324e-001
  1.4894445e+000  4.9733465e+000
  7.8621584e+000  1.9024993e+000
  4.7189613e+000  2.8556478e+000
  4.3276657e-001  4.3204361e+000
  2.2255157e+000  3.4397015e-001
  4.4119866e+000  6.2000806e+000
  7.9660077e+000  6.3086908e+000
  9.7770315e+000  3.2959244e+000
  5.9211505e+000  7.3696382e+000
  2.2932221e+000  1.7917200e+000
  5.6720433e+000  3.1518359e+000
  5.3894691e+000  1.4819986e+000
  1.8628794e+000  3.8349013e+000
  3.1964673e-002  3.1365021e+000
  8.9884294e+000  6.4667635e+000
  6.0931566e+000  1.5319298e+000
  4.4002025e+000  3.0759226e+000
  1.5986622e+000  5.9515759e+000
  8.4803369e+000  2.8441795e+000
