  5.4120320e+000  2.6805581e+000
  7.5205539e+000  7.5267707e+000
  2.0814094e+000  7.1058206e+000
  7.5476557e+000  2.4842411e+000
  7.1742555e+000  6.2125205e+000
  7.0219928e+000  6.4986335e+000
  8.2060423e+000  3.2328047e+000
  3.6519039e+000  1.6205781e+000
  2.9167463e+000  4.6997409e+000
  2.2900790e+000  6.9882321e+000
  7.0400407e+000  6.6325878e+000
  1.9683603e+000  4.5390430e+000
  7.2514854e+000  6.2022861e+000
  2.7383329e+000  9.5232880e-001
  5.3319567e+000  4.6065055e+000
  6.8490135e+000  6.3652993e+000
  3.5261812e+000  8.0228867e+000
  8.2283280e+000  7.1797571e+000
  6.9666977e+000  1.6797197e+000
  7.0026695e+000  7.9176380e+000
  6.5007934e+000  6.3967149e+000
  4.4821761e+000  7.6742704e+000
  5.9479824e+000  3.6150495e+000
  5.5943797e+000  3.6127294e+000
  6.0688759e+000  5.2293025e+000
  7.6316759e+000  6.8653411e+000
  1.9392743e+000  7.5580081e+000
  8.0598824e+000  3.2353378e+000
  7.6750616e+000  6.9201848e+000
  6.1369186e+000  2.9284164e+000
  6.9073526e+000  6.4802546e+000
  7.8794362e+000  2.9916380e+000
  2.2149507e+000  2.1700172e+000
  7.2174870e-001  4.6401341e+000
  3.7885571e+000  1.7802285e+000
  7.0906233e+000  6.0803092e+000
  7.0249833e+000  7.0818477e+000
  1.8469357e+000  5.8980117e+000
  4.2171465e+000  8.0426303e+000
  7.0259066e+000  3.8393592e+000
  2.3759693e+000  3.0248128e+000
  7.6836282e+000  2.7709646e+000
  3.0808500e+000  2.4416252e+000
  7.8390495e+000  1.5231776e+000
  1.6769910e+000  5.5622925e+000
  3.5715950e+000  8.7409477e+000
  2.2178089e+000  5.0648362e+000
  6.9086925e+000  7.8074551e+000
  7.7578753e+000  2.5467897e+000
  2.3230062e+000  7.4278865e+000
  8.7901007e+000  2.7529683e+000
  4.4070952e+000  8.0334770e+000
  7.6566824e+000  6.5540156e+000
  7.3021889e+000  7.3437986e+000
  7.6289568e+000  6.2454004e+000
  7.0067063e+000  6.1206031e+000
  2.1439196e+000  4.5125933e+000
  6.1044959e+000  7.0784172e+000
  2.6170582e+000  4.2303288e+000
  6.9791476e+000  6.1390005e+000
  1.8393510e+000  4.5065279e+000
  1.4968773e+000  7.5471580e+000
  5.4196344e+000  3.6899191e+000
  8.2459414e+000  6.0748634e-001
  8.0931764e+000  4.9270480e+000
  2.4892158e+000  2.0900288e+000
  7.5457470e+000  6.8535597e+000
  5.2148074e+000  3.6164821e+000
  2.3596044e+000  7.7528997e+000
  6.7211926e+000  6.3538994e+000
  5.7813400e+000  3.3996461e+000
  2.4074419e+000  3.5349045e+000
  2.5741877e+000  7.7926330e+000
  1.9859178e+000  3.3714355e+000
  6.9920134e+000  6.5496597e+000
  5.7272062e+000  3.6927061e+000
  7.8957300e+000  2.8451056e+000
  2.9900012e+000  8.2772768e+000
  6.0304229e+000  2.9457153e+000
  3.1441978e+000  2.0176152e+000
  6.6464722e+000  6.8964693e+000
  6.7118979e+000  6.9853510e+000
  3.1750344e+000  8.4663806e+000
  7.2596249e+000  2.5703409e+000
  4.6112485e+000  4.0326029e+000
  4.8063790e+000  3.7633852e+000
  2.3191634e+000  3.0754832e+000
  2.7668533e+000  1.9048245e+000
  5.6573479e+000  3.4125935e+000
  9.3774262e+000  2.8132032e+000
  4.4003883e+000  6.9715356e+000
  2.5706028e+000  9.4082702e-001
  2.6394974e+000  2.2454388e+000
  7.5319794e+000  2.4938871e+000
  2.1446838e+000  2.5060234e+000
  8.0395061e+000  3.0286726e+000
  2.4682463e+000  4.6410426e+000
  2.0910201e+000  7.3096792e+000
  1.9684576e+000  2.5588094e+000
  3.0176502e+000  1.9683003e+000
  7.1335139e+000  6.5447633e+000
  3.0868964e+000  1.5750533e+000
  8.0462843e+000  1.3115772e+000
  7.2650588e+000  5.8598332e+000
  7.1788938e+000  2.6506748e+000
  1.7750523e+000  6.0864260e+000
  3.2735477e+000  1.7464096e+000
  2.3553785e+000  3.4569305e+000
  5.4706786e+000  3.7316401e+000
  1.5498142e+000  7.1891374e+000
  5.5786880e+000  3.7963211e+000
  8.0748487e+000  2.9426024e+000
  6.9972767e+000  2.4748892e+000
  2.0072053e+000  6.4331051e+000
  9.4847505e-001  3.8182164e+000
  7.9307927e+000  5.8026652e+000
  7.4099488e+000  5.0900018e+000
  5.2326805e+000  4.0737287e+000
  5.8636311e+000  4.6270113e+000
  2.4901301e+000  7.6179945e+000
  6.9033944e+000  7.1385904e+000
  3.7083782e+000  5.4326619e+000
  4.9879459e+000  2.9272742e+000
  7.2649828e+000  6.6310414e+000
  2.2853175e+000  2.1447184e+000
  1.7431214e+000  6.1587085e+000
  3.6024963e+000  6.3213388e+000
  1.6964071e+000  7.3357677e+000
  2.6095445e+000  2.2116392e+000
  6.5204759e+000  6.1928281e+000
  2.3709899e+000  2.5887583e+000
  4.8185521e+000  2.9928012e+000
  8.1877078e+000  4.8187843e+000
  3.4883440e+000  7.8869621e+000
  3.4110081e+000  1.9214812e+000
  3.7771970e+000  2.4667089e+000
  2.6467913e+000  2.1560419e+000
  2.5788884e+000  2.7236053e+000
  1.7638742e+000  3.3780003e+000
  5.2233063e+000  4.0040002e+000
  2.2837027e+000  6.0675873e+000
  2.7922156e+000  6.5081199e-001
  7.0807149e+000  6.6719677e+000
  7.0161871e+000  1.0592731e+000
  1.6902427e+000  6.1075547e+000
  5.4780333e+000  3.7537087e+000
  7.0085245e+000  6.0218432e+000
  1.4864965e+000  7.9416152e+000
  6.5240259e+000  5.8856920e+000
  7.4303027e+000  7.6954854e+000
  7.6748099e+000  7.4324760e+000
  7.7180521e+000  6.8889456e+000
  2.0126043e+000  4.0990725e+000
  4.9626554e+000  3.0315920e+000
  3.4957535e+000  1.2168724e+000
  4.9598719e+000  5.9818525e+000
  8.7654732e+000  8.3564890e+000
  3.0576465e+000  2.3794065e+000
  3.2365596e+000  2.0905403e+000
  7.1439216e+000  6.7319674e+000
  2.0505896e+000  8.1051597e+000
  3.6141983e+000  8.3688580e+000
  3.2992630e+000  1.0182998e+000
  7.6849920e+000  1.9501540e+000
  2.2798071e+000  1.9282557e+000
  2.3251206e+000  7.5516958e+000
  5.0953433e+000  2.5128745e+000
  7.8285161e+000  1.3965673e+000
  5.0175072e+000  3.7388979e+000
  6.4851204e+000  2.9051456e+000
  7.3931667e+000  6.9776813e+000
  1.5132157e+000  5.0632629e+000
  3.6534314e+000  2.1690306e+000
  1.4850432e+000  6.3495378e+000
  3.5492025e+000  7.7543366e+000
  1.9437766e+000  6.6277383e+000
  7.7851525e+000  6.6513986e+000
  2.2645603e+000  6.8142507e+000
  6.8227191e+000  2.4561713e+000
  3.3869120e+000  7.5176607e+000
  3.1659577e+000  3.4434421e+000
  2.3790268e+000  2.3280373e+000
  5.5506180e+000  3.3608581e+000
  7.5950533e+000  1.7902977e+000
  8.5640188e+000  7.9468084e+000
  2.2650911e+000  2.5386810e+000
  4.8363371e+000  3.5867956e+000
  7.4409944e+000  7.4333136e+000
  8.2987167e+000  6.6266459e+000
  6.2730632e+000  6.0315889e+000
  6.9462042e+000  6.4204030e+000
  3.1490962e+000  2.1503304e+000
  6.8236802e+000  7.3889141e+000
  7.3574186e+000  7.2735237e+000
  2.2634426e+000  8.0513869e+000
  5.2975738e+000  3.6218446e+000
  7.6772715e+000  3.1564498e+000
  7.0947501e+000  5.8044191e+000
  7.9170967e+000  5.3938955e+000
  8.7664425e+000  3.5187030e+000
  2.3113123e+000  8.1825269e+000
  8.0193133e+000  7.7450827e+000
  6.8979911e+000  7.1374810e+000
  3.0527467e+000  1.3186658e+000
  5.0146054e+000  3.4974373e+000
  8.5870909e+000  3.3734584e+000
  7.6234619e+000  1.0368287e+000
  7.3551435e+000  6.6282490e+000
  7.1651304e+000  7.0095266e+000
  7.0675885e+000  6.9741457e+000
  7.0843142e+000  1.9811138e+000
  2.2797421e+000  6.0888774e+000
  5.4389222e+000  3.8844333e+000
  5.5353271e+000  3.9005081e+000
  1.9364869e+000  7.5873813e+000
  7.1460765e+000  2.3146849e+000
  6.7696108e+000  5.9160344e+000
  5.2221315e+000  4.5343038e+000
  5.7079496e+000  2.5609757e+000
  7.3612222e+000  1.8360652e+000
  7.8935860e+000  1.7383953e+000
  2.3021576e+000  7.4235333e+000
  1.3321770e+000  3.6655552e+000
  6.8279507e+000  6.7527550e+000
  4.5393930e+000  6.0612516e+000
  2.0497333e+000  2.6645403e+000
  2.0231531e+000  1.5867307e+000
  7.7316387e+000  2.8861833e+000
  1.4119463e+000  6.0065780e+000
  3.8276453e+000  1.0286589e+000
  6.0516559e+000  2.6225162e+000
  7.2157824e+000  6.4662357e+000
  2.5424733e+000  8.2562026e+000
  7.7219283e+000  1.9702919e+000
  7.2928573e+000  6.6389877e+000
  4.9728275e+000  3.3969464e+000
  2.4291128e+000  2.7693920e+000
  2.7293898e+000  4.2107532e+000
  2.4449379e+000  1.2944355e+000
  7.5369301e+000  8.0790608e+000
  5.6603228e+000  3.4697531e+000
  9.6221652e-001  3.7261629e+000
  7.0779865e+000  5.5102318e+000
  3.0319235e+000  5.4373103e+000
  5.0690740e+000  2.9027420e+000
  7.3256582e+000  6.1740604e+000
  7.5215546e+000  1.9884091e+000
  7.1361956e+000  6.6501487e+000
  2.1904440e+000  7.7918764e+000
  2.0195025e+000  8.7935980e+000
  5.2755886e+000  3.7751556e+000
  7.1286898e+000  7.2069863e+000
  4.8241838e+000  3.3340662e+000
  6.8885722e+000  6.4017982e+000
  2.8646757e+000  3.2567751e+000
  6.4062484e+000  5.7929164e+000
  3.4444961e+000  2.0721047e+000
  8.7234613e+000  6.2360224e+000
  7.5664852e+000  6.3943335e+000
  1.9892118e+000  6.4664076e+000
  2.3906278e+000  7.3305875e+000
  4.3795381e+000  8.3983756e+000
  2.2788249e+000  6.1140201e+000
  2.5066285e+000  7.7135493e+000
  8.7856560e+000  3.0533404e+000
  7.4508688e+000  6.3905548e+000
  7.7458347e+000  6.9708073e+000
  7.1660565e+000  7.1418972e+000
  8.2442538e+000  3.2893379e+000
  7.8728887e+000  3.0469235e+000
  6.8021014e+000  7.0901980e+000
  2.3676684e+000  4.2111372e+000
  5.5810640e+000  1.8279412e+000
  7.3526778e+000  6.3996598e+000
  4.3590653e+000  3.0182263e+000
  5.0683341e+000  3.7227963e+000
  4.1340925e+000  8.3260173e+000
  3.1620766e+000  3.5173831e+000
  3.0638152e+000  8.4166934e+000
  1.8811540e+000  7.7715023e+000
  8.7963229e-001  3.6494753e+000
  7.1809252e+000  6.5729760e+000
  5.7607900e+000  3.6235443e+000
  7.8173296e+000  4.9721331e+000
  2.3984758e+000  4.3331056e+000
  6.4112364e+000  7.6659076e+000
  8.0030135e+000  2.5736419e+000
  7.9630129e+000  2.3159632e+000
  7.8367742e+000  2.8130256e+000
  4.6716184e+000  3.3499500e+000
  2.2964183e+000  7.8658647e+000
  8.0153656e-001  4.2167153e+000
  7.1090818e+000  6.7034386e+000
  6.9975456e+000  6.8223723e+000
  6.5012964e+000  7.2408971e+000
  7.5549545e+000  6.8733922e+000
  2.0751843e+000  4.4573279e+000
  7.3617363e+000  2.6037327e+000
  5.1448370e+000  4.3882624e+000
  2.6124167e+000  2.4283058e+000
  5.3462200e+000  6.5105649e+000
  5.3346247e+000  3.2823161e+000
  5.4531461e+000  5.2425076e+000
  7.4494067e+000  6.7669985e+000
  6.5063213e+000  7.7747816e+000
  7.2264158e+000  1.6983227e+000
  7.5508432e+000  1.3904181e+000
  3.4212478e+000  1.6149447e+000
  7.9493875e+000  8.4607986e+000
  3.5362155e+000  1.9590304e+000
  2.6954549e+000  1.1340033e+000
  3.2669476e+000  2.3961928e+000
  1.5803793e+000  7.6106337e+000
  7.6413445e+000  1.5487467e+000
  2.4346173e+000  4.6531967e+000
  7.3946879e+000  5.8081263e+000
  7.7334974e+000  2.6414698e+000
  5.2655187e+000  3.3657909e+000
  5.2041938e+000  4.1688945e+000
  2.4043310e+000  2.6708579e+000
  3.1470322e+000  9.2585297e-001
  8.8857667e+000  2.5091102e+000
  4.9563380e+000  3.1056271e+000
  3.3979610e+000  2.0982412e+000
  8.2704045e+000  7.5547585e+000
  3.1705602e+000  8.5327602e+000
  6.7991381e+000  6.7864065e+000
  8.0451463e+000  7.4614124e+000
  6.7318121e+000  2.6377632e+000
  7.6519222e+000  1.2346721e+000
  7.5942630e+000  2.9010408e+000
  8.1420623e+000  8.3981980e+000
  5.0962291e+000  3.7978010e+000
  7.6228696e+000  1.8072974e+000
  7.1887410e+000  6.5434794e+000
  7.8204716e+000  5.2596945e+000
  2.0607360e+000  6.3814452e+000
  7.1804370e+000  2.4040573e+000
  3.1380933e+000  8.2036569e+000
  1.4593471e+000  8.7140823e+000
  6.7765942e+000  6.7991174e+000
  1.9725594e+000  7.4846322e+000
  5.1952537e+000  3.7865182e+000
  2.0327862e+000  2.8880811e+000
  7.0826958e+000  5.3198906e+000
  3.4083512e+000  7.7761915e+000
  6.9206055e+000  6.5852711e+000
  5.0493060e+000  4.4441714e+000
  5.8228008e+000  5.1343190e+000
  4.3119743e+000  6.2969353e+000
  1.8531109e+000  4.4009888e+000
  2.6693481e+000  2.4710570e+000
  3.1824204e+000  8.1745127e+000
  7.7150776e+000  1.9315846e+000
  8.5220609e-001  4.2746622e+000
  8.0485583e+000  3.7112856e+000
  7.1058822e+000  6.2830383e+000
  2.6764934e+000  8.3060119e+000
  7.2893250e+000  7.4722548e+000
  1.6192689e+000  7.2295477e+000
  2.3052954e+000  4.7697787e+000
  7.2818793e+000  5.1110507e+000
  8.5160031e+000  3.0891537e+000
  3.6648109e+000  1.1643618e+000
  4.5875522e-001  7.3971640e+000
  6.9469404e+000  6.1919448e+000
  1.9669312e+000  1.7785645e+000
  5.4799158e+000  3.6047394e+000
  7.4699569e+000  6.5792568e+000
  2.3766907e+000  8.1289769e+000
  7.0354430e+000  6.0768773e+000
  7.8991644e+000  2.1701702e+000
  3.9348597e+000  7.9844691e+000
  7.6309701e+000  5.8623732e-001
  7.3946374e+000  6.1058131e+000
  3.1581215e+000  2.0929309e+000
  7.4319440e+000  6.3169790e+000
  2.4996437e+000  8.1577094e+000
  7.5167129e+000  1.6532848e+000
  7.8992596e+000  3.0959487e+000
  8.0083341e+000  8.3834605e+000
  1.9350769e+000  1.9192945e+000
  5.3287998e+000  1.9698388e+000
  2.1336170e+000  6.9411141e+000
  5.7541842e+000  3.8086741e+000
  8.3106043e+000  6.8673062e-001
  2.7079408e+000  2.4878419e+000
  2.4952078e+000  3.8762658e+000
  7.2809940e+000  7.4885033e+000
  3.5703547e+000  4.7352095e+000
  1.5066732e+000  4.4014422e+000
  8.1898774e+000  5.8365466e+000
  7.0986977e+000  5.7359962e+000
  6.7388740e+000  6.6807313e+000
  4.9761848e+000  4.0005166e+000
  2.4669440e+000  5.7924688e+000
  2.3895551e+000  4.9438635e+000
  3.0837625e+000  1.6024286e+000
  1.5831726e+000  7.4635295e+000
  6.8570573e+000  6.4895747e+000
  2.8098206e+000  4.6007445e+000
  2.2503052e+000  7.8269352e+000
  5.6406766e+000  3.2596886e+000
  2.1931577e+000  2.3969253e+000
  3.5030678e+000  1.3232756e+000
  6.0879598e+000  2.0213907e+000
  5.6466592e+000  5.0214015e+000
  8.6260979e+000  7.9850519e+000
  2.4588674e+000  7.9357367e+000
  7.5378175e+000  6.8949683e+000
  3.3037081e+000  7.4587073e+000
  2.0666998e+000  6.4715391e+000
  1.5183364e+000  2.5470586e+000
  2.4189781e+000  6.2743156e+000
  3.1346698e+000  8.0927053e+000
  2.2888836e+000  2.1658299e+000
  6.5852584e+000  4.0423391e+000
  3.7936105e+000  7.7493119e+000
  5.3059592e+000  3.4716142e+000
  6.6862856e+000  1.9580564e+000
  1.7868662e+000  4.7751150e+000
  1.8004163e+000  3.4777628e+000
  4.8662673e+000  4.6059217e+000
  7.0141838e+000  6.8646166e+000
  3.0848919e+000  2.2780198e+000
  4.5286870e+000  5.7061316e+000
  5.5539753e+000  2.8237636e+000
  6.8694767e+000  6.3687932e+000
  7.5785691e+000  8.3555136e-001
  2.7520030e+000  2.8897354e+000
  8.3523951e+000  4.5711763e+000
  1.4946967e+000  7.4667142e+000
  9.1166439e+000  1.6894111e+000
  2.9112841e+000  8.1551103e+000
  6.9528036e+000  7.5379644e+000
  6.6981889e+000  8.1511076e+000
  6.9315324e+000  5.0976580e+000
  7.5111127e+000  6.7539273e+000
  7.4213200e+000  6.4560734e+000
  6.8241275e+000  6.6486601e+000
  2.8137208e+000  8.3797890e-001
  6.5111892e+000  6.7872460e+000
  7.5430537e+000  6.6555898e+000
  2.6565278e+000  2.0550322e+000
  5.1635542e+000  2.0748744e+000
  2.6302097e+000  6.1200110e+000
  2.6505588e+000  1.2822692e+000
  3.7442144e+000  8.1076365e+000
  2.1296315e+000  8.2967318e+000
  1.4765284e+000  2.6769171e+000
  1.7948614e+000  7.4685489e+000
  7.2691970e+000  6.6346687e+000
  6.7701724e+000  5.5419608e+000
  2.4201597e+000  9.5056846e-001
  8.0892328e+000  8.1632993e+000
  2.6077102e+000  7.8281755e+000
  6.7359925e+000  6.8542186e+000
  7.7678314e+000  1.6708586e+000
  3.4388750e+000  1.9161196e+000
  8.8324573e+000  2.8741364e+000
  3.5280952e+000  2.4929769e+000
  6.8731037e+000  6.6456512e+000
  2.4748544e+000  2.1067182e+000
  2.1460517e+000  2.7298078e+000
  7.1040832e+000  4.0524721e+000
  7.3769334e+000  5.1897831e+000
  3.4851719e+000  1.1154978e+000
  1.8173525e+000  7.0028316e+000
  2.1945550e+000  5.9660645e+000
  1.6233235e+000  6.2559252e+000
  5.7752164e+000  3.5922772e+000
  8.2636429e+000  6.6470102e+000
  2.2530870e+000  3.2858835e+000
  7.2024555e+000  6.8730728e+000
  2.0299981e+000  7.3177098e+000
  3.0076118e+000  2.7995505e+000
  7.7473885e+000  3.3592414e+000
  7.6258395e+000  7.4502327e+000
  4.8703178e+000  5.9325965e+000
  6.7027751e+000  5.5376123e+000
  6.6017271e+000  6.3923959e+000
  5.6350653e+000  4.4781568e+000
  7.4819519e+000  2.7769645e+000
  2.6447613e+000  4.3093972e+000
  6.9371997e+000  5.7495060e+000
  7.1365225e+000  5.5121159e+000
  5.4824125e+000  3.3086985e+000
  7.9963826e+000  3.1830830e+000
  5.9236094e+000  2.8168533e+000
  5.1364891e+000  6.7077819e+000
  2.4715645e+000  7.4209076e+000
  6.7290064e+000  5.5424353e+000
  7.2304263e+000  6.8927951e+000
  2.3212200e+000  7.7913771e+000
  5.6088957e+000  9.0473473e+000
  7.3053045e+000  6.7275536e+000
  7.1669779e+000  6.2575832e+000
  6.6054652e+000  3.8102548e+000
  8.2774576e+000  5.5795164e+000
  2.5928554e+000  2.4054647e+000
  6.8946524e+000  6.6233012e+000
  7.9641393e+000  5.1799960e+000
  8.5433226e+000  8.1608846e+000
  5.5105625e+000  1.9661527e+000
  2.2419400e+000  4.3341790e+000
  2.5448888e+000  3.1792489e+000
  2.4267930e+000  1.4933481e+000
  3.2011153e+000  1.8927705e+000
  1.7659484e+000  7.8541000e+000
  2.0347140e+000  5.5355239e+000
  7.3658484e+000  5.3298515e+000
  1.5483921e+000  8.6771193e+000
  2.4529391e+000  7.2487818e+000
  5.4876297e+000  3.8355664e+000
  4.4640432e+000  8.2388553e+000
  7.4555689e+000  7.0242214e+000
  7.3904550e+000  3.3805282e+000
  7.2209015e+000  2.5775072e+000
  7.0926753e+000  1.0781395e+000
  2.4410286e+000  7.3709517e+000
  8.8626824e+000  3.0504247e+000
  5.6349725e+000  2.0280737e+000
  2.6459421e+000  7.4581505e+000
  8.5646468e+000  6.4547641e+000
  2.2279530e+000  7.6905572e+000
  6.0327054e+000  2.1340707e+000
  2.5953211e+000  2.4558727e+000
  5.4426042e+000  3.2241388e+000
  6.7316252e+000  6.3665957e+000
  2.5641032e+000  7.7847543e+000
  6.7255304e+000  1.5360251e+000
  7.1956561e+000  6.4841242e+000
  6.9104076e+000  6.1658453e+000
  2.3448903e+000  9.8007045e-001
  3.4005381e+000  8.4628747e+000
  2.8282195e+000  2.5992738e+000
  2.7619292e+000  9.0045488e+000
  8.8993059e+000  2.6100826e+000
  8.1140841e+000  6.2651669e+000
  7.4464812e+000  7.6417608e+000
  1.7930218e+000  1.8455557e+000
  6.2918542e+000  6.4035853e+000
  7.1710125e-001  6.6033678e+000
  7.5526513e+000  6.2958505e+000
  5.2812361e+000  4.1287996e+000
  2.0791323e+000  3.4472335e+000
  6.7962236e+000  5.1094303e+000
  2.2760146e+000  8.8720405e+000
  3.9327152e+000  7.8911017e+000
  6.8423508e+000  6.4990379e+000
  2.2685085e+000  5.2238291e+000
  8.0580624e+000  7.0883990e+000
  7.5065633e+000  6.5220721e+000
  5.4514367e+000  1.7928111e+000
  6.7306551e+000  6.6756678e+000
  2.4335463e+000  8.1462831e+000
  1.3359019e+000  5.3481605e+000
  2.7938618e+000  7.5523052e-001
  2.7339404e+000  9.2048319e-001
  1.7597765e+000  3.9389740e+000
  3.7998238e+000  3.1273011e+000
  1.0092549e+000  4.7470973e+000
  7.2037349e+000  6.1284612e+000
  6.9932045e+000  7.1139352e+000
  2.5444025e+000  4.0453015e+000
  4.5330055e+000  6.8144197e+000
  6.8290208e+000  7.9508071e-001
  1.8711435e+000  2.6085731e+000
  1.6415382e+000  5.8468466e+000
  2.0039818e+000  5.2302939e+000
  7.4606215e+000  7.5125352e+000
  2.7978227e+000  2.2758107e+000
  7.4392025e+000  7.3808108e+000
  1.4789815e+000  5.4352257e+000
  5.9649832e+000  4.5065149e+000
  6.6447300e+000  9.4900624e-001
  7.2282794e+000  5.5303194e+000
  5.2554535e-001  7.3017393e+000
  8.9647012e+000  3.0662749e+000
  6.8902726e+000  5.3173097e+000
  3.2689055e-001  7.0063918e+000
  5.0278653e+000  3.4419488e+000
  5.6111674e+000  4.7636115e+000
  7.1448753e+000  6.6747452e+000
  2.7852014e+000  7.2243087e+000
  3.3302605e+000  2.4978108e+000
  1.6784037e+000  3.8965540e+000
  7.2848665e+000  7.0974286e+000
  8.6826052e+000  2.9391195e+000
  2.6268390e+000  4.6148522e+000
  1.5380030e+000  7.3169246e+000
  7.4020848e+000  6.9745898e+000
  1.8181260e+000  7.3967993e+000
  2.0146889e+000  7.5463730e+000
  8.1304056e+000  7.0405399e+000
  2.7371111e+000  2.4363894e+000
  7.2470413e+000  6.7645439e+000
  7.7741436e+000  7.0699996e+000
  8.6310398e+000  8.3621987e+000
  6.5896511e+000  5.8173995e+000
  3.3524947e+000  1.8488914e+000
  2.1927420e+000  7.3577628e+000
  6.8413772e+000  7.8528838e+000
  2.7947422e+000  5.1812156e+000
  5.9547545e+000  2.6201021e+000
  3.2170952e+000  2.2282969e+000
  5.3873382e+000  3.6839188e+000
  2.2427196e+000  2.5517236e+000
  1.1280194e+000  8.5755879e+000
  1.8298481e+000  1.0381501e+000
  7.1795813e+000  3.6224467e+000
  1.6852639e+000  6.7912432e+000
  7.5786682e+000  2.9903240e+000
  8.3404800e+000  4.4956529e+000
  7.4279914e+000  7.0303496e+000
  1.4773170e+000  8.5189804e+000
  4.2666773e+000  8.3359636e+000
  7.1312328e+000  6.6684829e+000
  2.9076943e+000  8.6954108e+000
  7.7871082e+000  3.2161498e+000
  2.6254759e+000  6.2809276e+000
  9.0449823e+000  2.1922977e+000
  7.2801825e+000  6.7274115e+000
  2.6593920e+000  2.9430092e+000
  8.5204887e+000  7.4688457e+000
  4.3471916e+000  3.6912858e+000
  2.4184656e+000  7.5435432e+000
  2.3044648e+000  7.9921418e+000
  5.9062525e+000  2.2730571e+000
  6.8526179e+000  6.3311900e+000
  8.6664871e+000  2.7232931e+000
  7.8133621e+000  3.0544802e+000
  2.4876667e+000  6.5271640e+000
  3.5522071e+000  1.2034402e+000
  7.0983897e+000  7.1471288e+000
  7.0926478e+000  6.5702042e+000
  4.9486471e-001  8.3178310e+000
  5.4977190e+000  2.2937884e+000
  7.3553840e+000  6.2692273e+000
  3.3593740e+000  8.0984701e+000
  2.5310103e+000  4.3062782e+000
  7.7092988e+000  1.5666497e+000
  7.2838587e+000  5.8606968e+000
  6.8189517e+000  6.3770319e+000
  7.3288085e+000  6.0135138e+000
  3.6764290e+000  9.1245293e+000
  7.1298700e+000  6.8135173e+000
  4.8289138e+000  3.6781256e+000
  7.0564776e+000  8.9604981e-001
  5.2373350e+000  4.3197978e+000
  7.2443246e+000  6.9183274e+000
  2.1642668e+000  7.8560404e+000
  6.4165467e+000  6.5906453e+000
  3.4681650e+000  9.6737218e+000
  3.4045489e+000  1.3585693e+000
  5.4236457e+000  4.2130953e+000
  7.4601929e+000  7.2845458e+000
  6.9677664e+000  6.1150993e+000
  3.7707773e+000  1.9882146e+000
  6.8650983e+000  6.3200454e+000
  8.0863956e+000  3.1689638e+000
  3.3698285e+000  9.0587743e+000
  1.4482574e+000  3.8229933e+000
  2.0788629e+000  7.6093114e+000
  1.9540864e+000  1.4198462e+000
  6.9294688e+000  5.2096429e+000
  3.2437623e+000  2.2485956e+000
  3.9030491e+000  3.3539615e+000
  8.4937426e+000  8.2427838e+000
  1.3148118e+000  4.0687111e+000
  6.8762302e+000  6.2955576e+000
  2.4426381e+000  3.6700275e+000
  6.9640416e+000  7.7791659e+000
  2.3000079e+000  8.9033882e+000
  1.5463194e+000  7.2023048e+000
  3.6359466e+000  3.5416998e+000
  3.2399644e+000  1.9656399e+000
  6.3075556e+000  6.7988297e+000
  2.3719793e+000  7.9895899e+000
  5.3888708e+000  1.7646687e+000
  1.6718330e+000  7.4538003e+000
  7.5533271e+000  7.2886405e+000
  2.7503515e+000  4.7996352e+000
  5.5987232e+000  3.9119036e+000
  2.6336309e+000  7.9122771e+000
  6.9277446e+000  2.2552957e+000
  8.7724358e+000  3.1214954e+000
  1.7063232e+000  7.4768850e+000
  5.6478522e+000  1.9386182e+000
  6.7922277e+000  6.8472714e+000
  6.4642994e-001  6.8435968e+000
  7.6205690e+000  2.4306736e+000
  8.7830039e+000  2.6456758e+000
  3.8294748e+000  2.3893844e+000
  6.7588036e+000  6.3644093e+000
  7.4945274e+000  5.0987140e+000
  7.9663595e+000  2.9017747e+000
  2.1115630e+000  5.9819926e+000
  7.2490877e+000  5.1615062e+000
  4.2376655e+000  2.8662604e+000
  1.9848661e+000  1.3429602e+000
  1.9624249e+000  5.1988459e+000
  5.5809740e+000  3.7918306e+000
  5.7553217e+000  1.9984930e+000
  5.3361238e+000  4.8478662e+000
  8.1607572e+000  8.4186119e+000
  7.5021465e+000  5.1071710e+000
  7.4179290e+000  7.7744250e+000
  6.4315391e+000  7.7101736e+000
  7.8068011e+000  6.6465057e+000
  7.1828888e+000  5.8673223e+000
  7.0785979e+000  6.7200217e+000
  6.8525527e+000  7.0742162e+000
  6.1661505e+000  7.5839785e+000
  5.1210656e+000  3.6571711e+000
  6.9995675e+000  5.8806747e+000
  2.7267862e+000  5.7563711e+000
  3.0644414e+000  8.2430491e+000
  3.3558302e+000  7.8977728e+000
  3.7523258e+000  1.1706327e+000
  6.9900578e+000  6.8933079e+000
  7.2469161e+000  5.3892251e+000
  2.3183174e+000  2.0777242e+000
  7.1677717e+000  8.2992518e+000
  1.6311537e+000  4.4941203e+000
  6.4875695e+000  8.5484423e+000
  5.8601825e+000  4.7565426e+000
  2.2841346e+000  6.8856679e+000
  9.1306097e+000  2.9206637e+000
  2.2046289e+000  4.9201494e+000
  3.3574806e+000  1.1119928e+000
  7.0685490e+000  5.9782098e+000
  2.3911647e+000  7.7548226e+000
  6.4275224e+000  7.6615648e+000
  8.7614844e+000  2.7895359e+000
  6.9707031e+000  6.9538796e+000
  6.7319114e+000  1.7759417e+000
  2.5042331e+000  2.1540751e+000
  6.5371167e+000  6.7787188e+000
  2.0180568e+000  7.2346422e+000
  8.6283737e+000  2.6894136e+000
  5.9047599e+000  1.9994524e+000
  7.0922186e+000  6.3953399e+000
  2.2768670e+000  6.0766669e+000
  6.4292063e+000  5.0623564e+000
  3.6415557e+000  7.7565006e+000
  3.0674988e+000  3.3369124e+000
  2.1927525e+000  2.6603360e+000
  1.8169102e+000  3.5374167e+000
  7.2977563e+000  6.8097581e+000
  3.7459279e+000  1.7568564e+000
  8.6738192e+000  8.4048856e+000
  1.9419729e+000  5.9538821e+000
  6.8002489e+000  5.1293694e+000
  6.3086382e+000  6.4678093e+000
  3.1112038e+000  8.3357397e+000
  7.4037119e+000  7.1718981e+000
  8.8376665e+000  3.0984088e+000
  6.5784990e+000  6.9518837e+000
  6.9501074e+000  2.3417107e+000
  2.4334805e+000  4.6489016e+000
  4.4447342e+000  7.8080319e+000
  7.5557164e+000  1.1494831e+000
  8.1947261e+000  5.0817750e+000
  3.0360779e+000  2.4820573e+000
  5.6046377e+000  2.2884261e+000
  8.1598426e+000  7.0405150e+000
  3.7912418e+000  8.2838314e+000
  7.0238005e+000  4.9851455e+000
  2.4406186e+000  2.3551860e+000
  6.2821398e+000  4.0312090e+000
  7.3267736e+000  6.6277175e+000
  3.1077060e+000  7.6253709e+000
  8.9283547e+000  3.4499211e+000
  3.4031390e+000  7.8056066e+000
  4.9528633e+000  4.5794018e+000
  3.4523708e+000  8.2799857e+000
  3.1951296e+000  1.9769352e+000
  1.6606597e+000  3.8611379e+000
  7.3673293e+000  7.5070865e+000
  7.6026953e+000  6.7317482e+000
  5.3784987e+000  2.0554822e+000
  2.9444123e+000  2.8149174e+000
  6.6343562e+000  6.8761294e+000
  3.1719338e+000  8.3157986e+000
  7.2393543e+000  2.0831455e+000
  4.6170446e+000  3.1497493e+000
  7.8124897e+000  5.9270202e+000
  1.8648035e+000  7.4563761e+000
  3.3892429e+000  2.1334255e+000
  4.9427871e+000  3.2516454e+000
  8.1029770e+000  2.6537193e+000
  5.1354796e+000  3.9751145e+000
  3.0411318e+000  2.1155335e+000
  2.0861201e+000  5.8394941e+000
  2.4242548e+000  4.3668019e+000
  6.9108583e+000  3.6843633e+000
  2.3734833e+000  8.1244585e+000
  7.1256195e+000  3.4355377e+000
  6.9963312e+000  3.0338824e+000
  1.5501058e+000  4.5165183e+000
  2.2078174e+000  4.4182096e+000
  5.5108427e+000  4.7243752e+000
  2.7818226e+000  2.0978173e+000
  7.5010463e+000  6.2250220e+000
  2.9055834e+000  5.2823597e-001
  4.7212441e+000  2.1670484e+000
  6.9817242e+000  6.6990322e+000
  3.6671610e+000  8.2609262e+000
  6.6445629e+000  7.5218620e+000
  5.7043640e+000  3.2061152e+000
  7.4819637e+000  6.5997823e+000
  2.6858127e+000  2.3746073e+000
  7.1722841e+000  7.3352253e+000
  6.8997658e+000  5.1885518e+000
  8.2887270e+000  6.7254307e+000
  2.4644834e+000  7.0772391e+000
  5.9141113e+000  3.5964367e+000
  2.0267955e+000  5.3665749e+000
  2.6013472e+000  7.4980023e+000
  6.3985251e+000  6.1192006e+000
  2.3268709e+000  7.3965500e+000
  3.5941122e+000  2.2395975e+000
  7.0714800e+000  7.0983312e+000
  4.9407978e+000  3.7561321e+000
  1.0316161e+000  4.9838215e+000
  9.0127134e-001  4.7232195e+000
  5.2555341e+000  3.9340047e+000
  7.9608464e+000  3.0728137e+000
  7.3621718e+000  3.8655334e+000
  7.3162316e+000  6.5802983e+000
  7.3914922e+000  6.6935878e+000
  9.1585612e+000  3.1534308e+000
  6.5704496e+000  6.2538667e+000
  5.8725572e+000  3.6230069e+000
  7.1545794e+000  5.1327299e+000
  2.8123740e+000  2.4402969e+000
  4.5795264e+000  5.6373414e+000
  2.2502045e+000  5.5260937e+000
  2.0989154e+000  4.3369176e+000
  5.2485128e+000  3.3247808e+000
  7.1718926e+000  1.1891927e+000
  1.9765855e+000  1.2965759e+000
  6.4159366e+000  7.8947491e+000
  7.1708260e+000  3.7695329e+000
  5.4114183e+000  2.2075765e+000
  7.8071056e+000  3.0242536e+000
  2.2839389e+000  2.5097974e+000
  7.0300737e+000  7.7327995e+000
  5.7658556e+000  3.9749058e+000
  7.1190886e+000  7.5013386e+000
  6.3865306e+000  6.3630912e+000
  2.2174051e+000  4.6809931e+000
  5.3997487e+000  3.7132180e+000
  5.5770143e+000  3.9893937e+000
  6.4063479e+000  6.5835161e+000
  8.8981777e+000  3.0402969e+000
  3.0557599e+000  4.6920656e+000
  4.9138521e+000  2.6218633e+000
  7.1514336e+000  6.7767567e+000
  4.6924042e+000  3.3734403e+000
  7.9661642e+000  4.7626658e+000
  6.3709894e+000  2.7095050e+000
  3.5680335e+000  2.1978477e+000
  1.2796935e+000  4.9388159e+000
  8.1375655e+000  5.5623212e+000
  2.0740465e+000  8.2546290e+000
  7.5604616e+000  2.4557595e+000
  7.0466593e+000  6.7835345e+000
  7.1117510e+000  6.6266235e+000
  5.3830784e+000  2.3992583e+000
  7.0069956e+000  6.7718454e+000
  2.6760904e+000  4.4223272e+000
  3.9275645e+000  9.0707561e+000
  7.9290191e+000  3.2555348e+000
  8.7365873e+000  8.1247073e+000
  6.9227552e+000  6.6176665e+000
  2.6504063e+000  2.1376758e+000
  9.6627798e-001  4.6780582e+000
  5.6197730e+000  2.1484114e+000
  7.4399314e+000  7.0458205e+000
  8.0696234e+000  5.0105474e+000
  7.8035668e+000  6.8148942e+000
  2.7421803e+000  2.5819711e+000
  1.6572923e+000  7.2449091e+000
  3.6896551e+000  8.4316566e+000
  2.2756860e+000  3.8809792e+000
  5.7238133e+000  4.5073554e+000
  2.7140882e+000  5.9848869e+000
  3.6664968e+000  7.8134200e+000
  2.5445237e+000  7.7058190e+000
  7.4240467e+000  2.5853622e+000
  7.6640099e+000  5.2661394e+000
  2.2381964e+000  7.2666702e+000
  7.7178197e+000  6.5635420e+000
  6.3083977e+000  2.2347778e+000
  2.7049200e+000  7.5142705e+000
  2.4011826e+000  6.3087782e+000
  7.4749737e+000  6.9460946e+000
  3.7488815e+000  9.7951130e+000
  2.8823339e+000  2.2670720e+000
  6.1557070e+000  4.8001808e+000
  7.7841760e+000  6.5625731e+000
  8.5861742e+000  7.7348985e+000
  4.1003001e+000  8.8082758e+000
  2.6871050e+000  2.4770181e+000
  1.6234948e+000  7.1405971e+000
  5.1976911e-001  6.9288577e+000
  3.4348169e+000  2.5877055e+000
  5.7509663e+000  4.0863108e+000
  2.8907074e+000  4.4535680e+000
  5.2025660e+000  3.8836908e+000
  6.9507707e+000  6.5265387e+000
  7.3269039e+000  6.7694570e+000
  5.5795758e+000  1.8593142e+000
  3.3784648e+000  1.8911638e+000
  4.0321059e+000  3.0354874e+000
  2.0212741e+000  7.2889968e+000
  9.0576564e+000  3.0814120e+000
  2.4481470e+000  7.0956253e+000
  2.2615698e+000  6.1055175e+000
  7.1217748e+000  6.7399722e+000
  9.2935232e-001  4.8842427e+000
  3.5672541e+000  8.2602750e+000
  5.6370413e+000  2.1539774e+000
  2.2021881e+000  6.8082660e+000
  2.3981762e+000  7.9752833e+000
  2.2495541e+000  6.1081708e+000
  7.3987297e+000  3.0305725e+000
  2.5986183e+000  2.5503001e+000
  5.7026615e+000  2.3281096e+000
  5.0706733e+000  2.0784716e+000
  3.4181325e+000  2.2968880e+000
  2.7817138e+000  7.5587586e+000
  2.1920334e+000  4.1035780e+000
  2.2595938e+000  5.1446269e+000
  4.9145141e+000  3.7959617e+000
  2.9139206e+000  3.3979051e+000
  1.9522234e+000  5.7952221e+000
  4.4129063e+000  6.0704248e+000
  4.9674077e+000  6.0255898e+000
  7.3673224e+000  6.6034728e+000
  5.4306234e+000  1.7056739e+000
  8.1976750e+000  5.9336789e+000
  7.1112756e+000  2.6435194e+000
  1.5200384e+000  3.7624565e+000
  6.7830774e+000  7.1207220e+000
  7.0705765e+000  1.7830603e+000
  5.5004954e+000  1.9745908e+000
  1.9383946e+000  7.4738607e+000
  3.3018655e+000  7.9023229e+000
  3.0721386e+000  7.9532744e+000
  7.1689220e+000  6.6593880e+000
  7.9888855e+000  2.9500603e+000
  3.3015501e+000  2.3915620e+000
  5.6654319e+000  2.5007872e+000
  5.5528089e+000  3.9337373e+000
  5.5137389e+000  4.8270300e+000
  7.4503317e+000  6.4986042e+000
  6.9391588e+000  6.8475080e+000
  2.7927797e+000  3.4067807e+000
  7.2377897e+000  7.3780007e+000
  2.4097636e+000  8.0191434e+000
  3.1180162e+000  7.2346838e+000
  7.7013027e+000  4.9958105e+000
  6.5938938e+000  7.4945812e+000
  5.8098251e+000  4.8594514e+000
  1.9433297e+000  7.8871369e+000
  7.1727764e+000  6.1486173e-001
  7.1825045e+000  6.7381553e+000
  7.5764164e+000  7.3184774e+000
  2.6164121e+000  4.8281271e+000
  2.1148599e+000  1.8260367e+000
  3.7026436e+000  8.2610897e+000
  5.1525841e+000  3.5280474e+000
  2.2348422e+000  6.5061386e+000
  5.4909597e+000  3.6929288e+000
  4.2852421e+000  7.9978608e+000
  7.6501489e+000  8.2032450e+000
  7.8528171e+000  3.5090676e+000
  5.0088430e+000  2.4428714e+000
  7.1576884e+000  8.8475501e-001
  7.3762973e+000  7.0203021e+000
  1.1549530e+000  3.6948796e+000
  5.6353536e+000  3.4913162e+000
  6.6763724e+000  7.3434304e+000
  6.0282884e+000  7.6745898e+000
  5.1747730e+000  2.8252530e+000
  6.7108916e+000  6.9414090e+000
  8.0398013e+000  1.8714525e+000
  7.8486707e+000  4.9833599e+000
  8.3526570e+000  1.8715082e+000
  6.4295323e+000  6.2132952e+000
  6.7646338e+000  6.5310926e+000
  5.7929647e+000  5.0442735e+000
  2.1456785e+000  2.6793606e+000
  6.1485965e+000  3.4196057e+000
  8.1735760e+000  2.6236245e+000
  2.2141399e+000  5.8047832e+000
  5.3747477e+000  4.2490547e+000
  6.8478483e+000  5.8489288e+000
  3.4141923e+000  7.8163515e+000
  4.5641793e+000  6.1129428e+000
  1.9932715e+000  5.7595869e+000
  6.6759367e+000  5.3914923e+000
  3.5798162e+000  1.9902075e+000
  8.0813769e+000  2.8389284e+000
  1.8499498e+000  8.7429211e+000
  2.8264529e+000  7.7107974e+000
  3.9348941e+000  2.4866334e+000
  2.3480260e+000  8.0069453e+000
  6.7871132e+000  6.6583900e+000
  2.3859599e+000  4.6047257e+000
  3.9170957e+000  7.2029559e+000
  2.4442978e+000  6.8763560e+000
  1.7692073e+000  1.8434475e+000
  7.0477387e+000  5.9927181e+000
  3.1361200e+000  7.8213062e+000
  5.2848866e+000  3.2335929e+000
  9.3430821e-001  5.9194179e+000
  4.6100660e+000  9.1954793e+000
  5.6332344e+000  3.5485214e+000
  5.9048517e+000  4.7923890e+000
  2.3883479e+000  3.7741549e+000
  1.8995425e+000  5.1347493e+000
  2.4679645e+000  7.7062057e+000
  3.6051770e+000  8.0498712e+000
  7.7707115e+000  2.9728013e+000
  5.5800431e+000  4.0205609e+000
  5.5467929e+000  7.4158332e+000
  8.6446705e+000  8.2083227e+000
  6.4225631e+000  6.5194108e+000
  8.8437958e+000  3.2266770e+000
  7.1821661e+000  5.2668677e+000
  2.4424232e+000  4.7083123e+000
  7.2045160e+000  4.8416508e-001
  2.7973872e+000  9.1349074e+000
  7.5505911e+000  7.0131462e+000
  6.4887870e+000  7.5973576e+000
  6.9334726e+000  6.4867557e+000
  2.2798681e+000  6.5414514e+000
  3.5717716e+000  1.3996143e+000
  1.9082992e+000  2.1872863e+000
  5.1488734e+000  4.2129044e+000
  6.8451850e+000  1.2991316e+000
  3.1345608e+000  1.8894072e+000
  3.1808706e+000  9.5930930e-001
  7.5954692e+000  6.4503920e+000
  4.8230596e+000  3.5056998e+000
  7.5737764e+000  6.2685091e+000
  1.2003154e-001  7.5400205e+000
  6.9949935e+000  7.2461979e+000
  2.9384935e+000  2.1526581e+000
  2.4650416e+000  7.7544311e+000
  6.7835553e+000  6.6656683e+000
  3.9403405e+000  8.3558245e+000
  6.6483565e+000  6.9565199e+000
  2.8325077e+000  4.7412879e+000
  8.5196172e+000  7.5264375e+000
  5.5972176e+000  2.8597762e+000
  1.7423501e+000  8.7537536e+000
  2.0304125e+000  8.7807658e+000
  2.9052745e+000  2.2402418e+000
  5.7229280e+000  4.0870994e+000
  6.9861945e+000  1.4088277e+000
  1.6143931e+000  7.1921007e+000
  7.4124849e+000  1.3506162e+000
  1.9041791e+000  9.2397641e-001
  7.2658686e+000  1.9547036e+000
  8.7382423e+000  7.7795385e+000
  5.4938429e+000  3.9618819e+000
  7.8246029e+000  6.8478245e+000
  5.0852524e+000  4.6796245e+000
  7.7389694e+000  2.8767520e+000
  7.4866127e+000  6.9906299e+000
  2.6609982e+000  7.2204245e+000
  2.8170849e+000  4.9444025e+000
  3.1782315e+000  2.2873190e+000
  7.9773054e+000  2.4104423e+000
  3.6669205e+000  7.9591083e+000
  3.2264963e+000  2.1473633e+000
  7.5671690e+000  6.6951402e+000
  6.7544802e+000  6.2794540e+000
  5.4725800e+000  3.4633360e+000
  6.8586685e+000  6.8845676e+000
  6.2634496e+000  5.2375253e+000
  1.9850363e+000  4.5985839e+000
  2.7204383e+000  2.4432898e+000
  6.9959959e+000  7.2925671e+000
  9.0961825e+000  3.1693536e+000
  8.9492233e+000  3.3444397e+000
  6.9633890e+000  6.4748525e+000
  7.0407000e+000  5.0881670e+000
  5.4316225e+000  3.6225844e+000
  1.9691498e+000  2.5334843e+000
  7.1070096e+000  7.6581928e+000
  3.6520996e+000  2.4226804e+000
  7.3449828e+000  7.3497927e+000
  9.6764911e-001  4.0498860e+000
  3.8700941e+000  2.6636331e+000
  6.7378805e+000  6.4155188e+000
  7.1759085e+000  6.2315570e+000
  5.4707917e+000  2.5498605e+000
  4.9344578e+000  2.5931835e+000
  2.1027783e+000  1.0630677e+000
  2.1491636e+000  4.5338862e+000
  6.9645055e+000  3.4051328e+000
  1.8307738e+000  3.6195008e+000
  6.8776073e+000  6.3564929e+000
  1.0844500e+000  5.3762217e+000
  3.3642423e+000  2.7631187e+000
  4.8376104e+000  4.3161612e+000
  6.7474393e+000  7.4021079e+000
  3.8598828e+000  2.9228454e+000
  2.5366196e+000  5.9895367e+000
  7.2607314e+000  5.6380481e+000
  3.4762647e+000  9.3746998e+000
  2.3914038e+000  7.0399310e+000
  8.2192369e+000  9.8428152e-001
  2.0524540e+000  7.2802671e+000
  7.5809850e+000  7.4334582e+000
  7.3756774e+000  7.1313085e+000
  2.5414403e+000  3.3873317e+000
  5.7764777e+000  2.3030613e+000
  7.4837475e+000  5.1136701e+000
  2.0468446e+000  7.3432904e+000
  6.9681988e+000  6.5193125e+000
  2.7475781e+000  7.9103743e+000
  1.8831035e+000  7.4963218e+000
  7.5516065e+000  7.9566354e+000
  7.4140289e+000  6.3479118e+000
  7.1738888e+000  2.1896548e+000
  7.8183388e+000  5.3547098e+000
  3.1585188e+000  5.0039454e+000
  6.9827859e+000  6.9417458e+000
  4.4208292e+000  5.9621238e+000
  6.4814105e+000  6.7038072e+000
  4.4408231e+000  3.7390451e+000
  8.7310307e+000  3.0316725e+000
  5.1174699e+000  2.3243708e+000
  8.7486581e-001  4.2347627e+000
  7.0778154e+000  2.0217831e+000
  4.2267953e+000  8.0687637e+000
  2.0149835e+000  7.1837116e+000
  4.8578261e+000  3.3160600e+000
  1.5714089e+000  7.4735503e+000
  1.9639554e+000  7.9730341e+000
  7.1444670e+000  2.8805800e+000
  1.5665724e+000  7.3064757e+000
  6.3626784e+000  3.8781478e+000
  7.1588843e+000  5.7589946e+000
  3.0891535e+000  1.9889084e+000
  2.8381415e+000  8.3554307e+000
  6.7185818e+000  5.4419454e+000
  3.1498347e+000  2.3072777e+000
  7.0922439e+000  5.4616522e+000
  2.8356438e+000  8.3031089e+000
  5.7283372e+000  3.8732895e+000
  6.8443104e+000  6.4512130e+000
  2.3807277e+000  2.8052520e+000
  6.7733230e+000  7.1535010e+000
  7.4685676e+000  2.3745779e+000
  2.5522447e+000  7.9223047e+000
  1.4017151e+000  8.2823305e+000
  7.0205715e+000  6.1007316e+000
  1.4661677e+000  6.4784771e+000
  2.7572820e+000  5.1164488e+000
  5.5129467e+000  4.1579968e+000
  6.8329047e+000  4.1105898e+000
  3.8931710e+000  2.7470539e+000
  6.6676123e+000  6.4127696e+000
  7.7066627e+000  6.7934580e+000
  6.8400001e+000  1.9551411e+000
  8.4258373e+000  7.0616465e+000
  2.6390575e+000  6.5488220e+000
  8.3847909e+000  2.9102449e+000
  2.6815876e+000  4.5686121e+000
  2.4239126e+000  2.1466892e+000
  4.9083796e+000  3.6705845e+000
  6.9916912e+000  7.5058376e+000
  3.3185395e+000  7.6321885e+000
  7.0563695e+000  6.5843652e+000
  5.4107517e+000  2.4186772e+000
  6.5160969e+000  6.1029468e+000
  1.9993665e+000  6.5388847e+000
  7.8536144e+000  2.6820467e+000
  3.0709156e+000  2.0894097e+000
  7.0729465e+000  6.6183829e+000
  1.7886812e+000  7.4766025e+000
  2.9756812e+000  2.6082299e+000
  5.9717195e+000  7.8362069e+000
  7.4191274e+000  1.2963636e+000
  1.8818647e+000  4.5859194e+000
  2.8148674e+000  2.3899406e+000
  8.1893719e+000  7.8954188e+000
  6.8613981e+000  2.0176520e+000
  1.2600102e+000  3.9031843e+000
  3.2061915e+000  3.3501493e+000
  2.4060502e+000  4.3640261e+000
  4.9613219e+000  6.7196978e+000
  8.7871747e-001  3.9957664e+000
  5.3160016e+000  3.3655816e+000
  7.0580477e+000  6.8997661e+000
  7.4763034e+000  7.2150250e+000
  3.1149949e+000  4.5526484e+000
  2.6501427e+000  4.7662479e+000
  7.5423003e+000  6.4499384e+000
  2.4449124e+000  2.3236229e+000
  9.0200919e+000  3.0317244e+000
  9.0548319e+000  3.6382389e+000
  7.4375141e+000  6.6073897e+000
  2.4428793e+000  4.7670130e+000
  2.5400606e+000  4.9514245e+000
  8.9291176e+000  3.4579927e+000
  6.4873345e+000  5.9166494e+000
  4.2328113e+000  8.1756915e+000
  3.4321966e+000  1.7426465e+000
  8.5639775e+000  7.6767344e+000
  7.1149551e+000  5.3975731e+000
  8.3010947e+000  2.1844641e+000
  3.3460847e+000  9.3518535e+000
  2.8260668e+000  2.3152401e+000
  3.4435695e+000  8.6202769e+000
  7.0878895e+000  6.8977011e+000
  5.6743731e+000  3.3864311e+000
  6.4614759e+000  7.6425725e+000
  2.6009848e+000  3.4706814e+000
  6.8768796e+000  5.2604996e+000
  3.2653247e+000  7.6875717e+000
  2.3299883e+000  1.1837925e+000
  5.6691518e+000  5.1047228e+000
  8.0919922e+000  6.5043583e+000
  7.9517818e-001  4.1398715e+000
  7.5850157e+000  7.2759260e+000
  7.8102961e+000  1.2780482e+000
  6.2009560e+000  6.4032174e+000
  1.5414465e+000  2.1866532e+000
  7.0715366e+000  6.2768672e+000
  5.3196245e+000  2.3710583e+000
  7.5287737e+000  1.2667226e+000
  1.9636925e+000  2.1540215e+000
  7.5355727e+000  6.7887442e+000
  6.9729768e+000  7.1483626e+000
  6.5865645e+000  5.9665812e+000
  3.5911252e+000  8.1576934e+000
  3.5323729e+000  8.0745557e+000
  7.2638289e+000  6.7838001e+000
  7.3312845e+000  1.6104096e+000
  3.2125332e+000  7.8907610e+000
  2.8765343e+000  3.6009992e+000
  7.2235290e+000  6.1544884e+000
  5.8553368e+000  2.3299512e+000
  6.9711441e+000  6.6285254e+000
  5.7930303e+000  7.6639981e+000
  1.8603549e+000  8.7398893e+000
  6.7868274e+000  7.1401486e+000
  2.3565053e+000  7.4010943e+000
  5.6511960e+000  2.0029603e+000
  1.6488037e+000  6.8009871e+000
  2.0393626e+000  3.3330266e+000
  8.4039389e+000  1.3113909e+000
  4.2635667e+000  6.0298070e+000
  6.7709034e+000  1.8173185e+000
  3.8084590e+000  2.5090357e+000
  7.2671546e+000  7.1231146e+000
  7.9500586e+000  3.9651991e+000
  7.4648559e+000  6.3678367e+000
  9.4098515e-001  4.7986298e+000
  3.4651441e+000  9.5234867e+000
  3.7295897e+000  2.7128826e+000
  1.9112971e+000  6.2213559e+000
  2.0492201e+000  7.4038064e+000
  2.7521493e+000  2.2012572e+000
  5.4573440e+000  3.6480608e+000
  6.9472650e+000  1.4084144e+000
  2.3828907e+000  7.8855453e+000
  7.4973931e+000  1.7499227e+000
  1.6890401e+000  5.7465882e+000
  2.8831158e+000  8.9799355e+000
  2.4054788e+000  6.4183044e+000
  7.1368205e+000  6.6457707e+000
  7.3375317e+000  5.7101475e+000
  7.9281719e+000  6.5387576e+000
  6.8548306e+000  5.1790364e+000
  7.0801875e+000  6.9053497e+000
  7.3955603e+000  2.4533053e+000
  5.7263437e+000  4.3039405e+000
  7.2604564e+000  7.7142832e+000
  3.2742487e+000  3.0944300e+000
  2.5287916e+000  6.1538988e+000
  2.5972977e+000  4.1735068e+000
  8.2726357e+000  2.9759837e+000
  1.5849293e+000  7.6014713e+000
  7.6760856e+000  6.6712767e+000
  3.3415107e+000  7.8600482e+000
  2.8801529e+000  3.7325539e+000
  6.5681044e+000  6.5880386e+000
  6.9794919e+000  9.3207214e-001
  5.7496680e+000  3.4069166e+000
  5.8559950e+000  1.9548256e+000
  2.7290527e+000  4.2080428e+000
  6.9983939e+000  6.5987907e+000
  7.5714368e+000  7.4973112e+000
  6.7689129e+000  6.4934409e+000
  7.1397940e+000  7.3113142e+000
  7.5012455e+000  4.9166690e+000
  3.2222704e+000  2.0851909e+000
  6.8993865e+000  6.4349307e+000
  2.3938486e+000  5.4495959e+000
  7.5019798e+000  7.1180044e+000
  2.7306820e+000  4.6378120e+000
  3.4148749e+000  7.6192920e+000
  5.7529454e+000  3.7312199e+000
  2.0231908e+000  2.5317570e+000
  3.6619119e+000  8.0357371e+000
  2.2741295e+000  4.9906681e+000
  3.9336949e+000  8.0441412e+000
  2.3413879e+000  4.7312071e+000
  2.3332591e+000  4.2180081e+000
  7.4770257e+000  7.8201792e-001
  7.3128983e+000  1.7506724e+000
  7.3873003e+000  6.8665396e+000
  7.2411690e+000  6.1081068e+000
  2.7099341e+000  2.1677364e+000
  4.1733392e+000  8.0564962e+000
  6.6351528e+000  1.6071589e+000
  5.1726472e+000  2.3526012e+000
  6.4259481e+000  2.8868048e+000
  7.3688513e+000  3.0791915e+000
  1.8433597e+000  6.6810915e+000
  5.4127777e+000  3.0774280e+000
  7.2334291e+000  1.2739826e+000
  4.1097911e+000  8.0171459e+000
  7.3220364e+000  7.3633096e+000
  6.9997609e+000  6.0100640e+000
  8.0719915e+000  2.3689816e+000
  3.0691106e+000  1.7633838e+000
  5.1830120e+000  1.9710602e+000
  3.0030725e+000  2.2285560e+000
  9.9518222e-001  7.9463919e+000
  2.4905196e+000  8.3104748e+000
  6.8912324e+000  6.5389910e+000
 -3.0027520e-002  7.9043350e+000
  8.7596913e+000  2.7095831e+000
  7.6638226e+000  5.6925825e+000
  3.7325607e+000  2.8438918e+000
  7.8238926e+000  6.4728650e+000
  4.5774840e+000  6.3743167e+000
  3.4373206e+000  3.4067064e+000
  2.4029976e+000  4.4508941e+000
  5.2568686e+000  3.5934914e+000
  2.8035590e+000  4.6312484e+000
  5.5264729e+000  3.1854362e+000
  2.2043874e+000  4.3277537e+000
  4.1152116e+000  8.1961601e+000
  6.0743805e+000  7.4975939e+000
  1.3300426e+000  3.9494776e+000
  2.7054435e+000  2.4804619e+000
  2.5205896e+000  3.1016587e+000
  9.1539861e+000  3.1596492e+000
  1.6993676e+000  7.1762335e+000
  8.4350152e+000  3.3781582e+000
  2.4765407e+000  4.2580685e+000
  5.4573097e+000  2.0819810e+000
  7.2997377e+000  6.7732202e+000
  8.3840179e+000  4.3532630e+000
  7.9711541e+000  3.1579973e+000
  8.4692942e+000  2.4891374e+000
  4.3124734e+000  8.2320438e+000
  6.9234607e+000  1.6070413e+000
  7.3051982e+000  6.8066411e+000
  3.9421699e+000  1.6809752e+000
  3.5954487e+000  8.4252118e+000
  5.8343915e+000  3.4662736e+000
  7.5045880e+000  7.7688908e+000
  3.0052611e+000  2.8453825e+000
  6.6861062e+000  6.4311284e+000
  9.6545595e-001  4.0113050e+000
  2.8266460e+000  4.6968868e+000
  8.5461349e+000  7.6439019e+000
  6.8722223e+000  2.6300167e+000
  3.0457901e+000  1.0992808e+000
  1.7312993e+000  5.9556632e+000
  1.6797751e+000  8.4610713e+000
  8.8937799e+000  1.9884326e+000
  5.5717319e+000  3.3557554e+000
  8.8835527e+000  2.7703958e+000
  6.8797617e+000  7.2110553e+000
  1.8433471e+000  3.3411730e+000
  7.1218298e+000  6.2215004e+000
  6.2627597e+000  6.1584861e+000
  5.5115741e+000  3.3823463e+000
  7.2689495e+000  6.1126816e+000
  7.1993160e+000  6.5471097e+000
  1.3317786e+000  6.3232504e+000
  7.5844532e+000  6.6916343e+000
  6.8948713e+000  7.3126085e+000
  3.6893918e+000  8.5050386e+000
  5.5327074e+000  3.9338500e+000
  2.2035321e+000  4.4072622e+000
  3.3073999e+000  4.5519897e+000
  6.3235155e+000  7.0598884e+000
  5.6643628e+000  3.3027006e+000
  4.6329298e+000  3.9506379e+000
  2.6228384e+000  8.9776975e+000
  6.5970469e+000  7.4601336e+000
  1.4609945e+000  2.5316020e+000
  5.6439106e+000  3.2052199e+000
  7.0511127e+000  1.1816717e+000
  5.2135760e+000  3.4165344e+000
  7.9112183e+000  3.1576612e+000
  7.6966240e+000  6.0626724e+000
  7.5810289e+000  6.4360783e+000
  7.3041626e+000  6.4147947e+000
  2.7872958e+000  6.0763858e-001
  9.1221428e-001  5.0071860e+000
  3.5611911e+000  1.3800187e+000
  2.5443207e+000  7.7373514e+000
  6.4391047e+000  4.4006452e+000
  4.3236160e+000  8.4544762e+000
  5.1157271e+000  3.2513593e+000
  1.5744057e+000  7.3363644e+000
  7.3422798e+000  1.7060330e+000
  9.0240081e+000  2.4269457e+000
  3.4299899e+000  9.5155731e+000
  2.6007126e+000  1.9314694e+000
  7.8347084e+000  8.0226791e+000
  2.2516536e+000  2.2488043e+000
  6.9680437e+000  3.1412958e+000
  7.3930538e+000  1.4764825e+000
  2.4724931e+000  4.3693829e+000
  6.8035498e+000  7.7440308e+000
  7.0699826e+000  2.8753128e+000
  2.5785690e+000  1.1330519e+000
  5.5479918e+000  4.4743713e+000
  4.1545318e+000  4.0967952e+000
  2.4435309e+000  7.8534248e+000
  7.2909839e+000  5.0665047e+000
  5.5369821e+000  2.0155088e+000
  1.3367062e+000  6.5342917e+000
  2.7891636e+000  8.0141518e+000
  7.7467525e+000  2.4090180e+000
  3.5743802e+000  7.5320496e+000
  7.2302095e+000  7.1321786e+000
  6.9134288e+000  5.9744713e+000
  3.6347010e+000  1.8942405e+000
  1.6496082e+000  7.3561350e+000
  6.7263996e+000  7.0462612e+000
  8.1409678e+000  6.9557761e+000
  1.9601607e+000  4.4909357e+000
  3.1567675e+000  2.1336926e+000
  1.1760690e+000  4.9403041e+000
  5.6944911e+000  3.5163240e+000
  5.9427696e+000  2.0208145e+000
  7.0835863e+000  7.8762072e+000
  7.1495334e+000  6.7861901e+000
  2.5612079e+000  7.7960671e+000
  7.3526066e+000  6.5252531e+000
  9.0436761e+000  5.2497699e+000
  7.1472614e+000  6.9314946e+000
  8.1274757e+000  3.0316861e+000
  6.7804624e+000  6.4390493e+000
  7.0455264e+000  6.7588974e+000
  2.5240847e+000  8.2246433e+000
  3.3158188e+000  8.2349466e+000
  7.1700899e+000  2.3715663e+000
  7.6837957e+000  6.6171655e+000
  7.0594053e+000  6.8899407e+000
  7.2025991e+000  6.6364922e+000
  7.7961460e+000  6.1392187e+000
  2.6233545e+000  2.4743584e+000
  6.6780411e+000  6.2460503e+000
  8.1734588e+000  7.0800898e+000
  6.5167096e+000  5.6390235e+000
  7.3370883e+000  2.6858436e+000
  2.1895193e+000  2.4256136e+000
  2.8248552e+000  2.6954471e+000
  6.2354222e+000  6.4473797e+000
  5.8289125e+000  1.7979609e+000
  7.1013763e+000  6.4726560e+000
  6.7277515e+000  7.3936793e+000
  8.3610667e+000  1.2761366e+000
  7.1389886e+000  6.1442087e+000
  4.9092644e+000  4.5631321e+000
  8.3432949e+000  2.7824380e+000
  5.5739866e+000  4.6293039e+000
  5.9924657e+000  3.3455036e+000
  6.2385512e+000  6.7834511e+000
  7.7582033e+000  2.3694973e+000
  1.9230277e+000  8.9084326e+000
  3.5131400e+000  8.1760378e+000
  5.1790843e+000  3.5187113e+000
  6.6738890e+000  1.2291825e+000
  6.9000461e+000  6.4855424e+000
  4.9060262e+000  3.5241438e+000
  3.0931079e+000  8.8322258e+000
  7.4904310e+000  7.8781022e+000
  2.9824326e+000  3.4500375e+000
  6.7173637e+000  1.8415356e+000
  7.4644398e+000  5.3146204e-001
  1.8789375e+000  7.6395509e+000
  4.4618018e+000  3.6830884e+000
  6.9837485e+000  6.4138702e+000
  5.7069507e+000  3.1950153e+000
  8.2941465e+000  3.3438876e+000
  5.8731306e+000  1.7739408e+000
  5.2539918e+000  3.3554775e+000
  9.0888444e+000  2.8444523e+000
  7.0595051e+000  5.5478941e+000
  1.7980504e+000  2.8126790e+000
  6.9454416e+000  6.4303996e+000
  8.0844469e+000  7.4362990e+000
  5.6570517e+000  2.1399744e+000
  3.0509959e+000  2.3032656e+000
  4.3594063e+000  8.4089217e+000
  1.7254736e+000  6.4630369e+000
  3.1808664e+000  2.0834457e+000
  2.4913891e+000  7.3814112e+000
  3.4406192e+000  2.1360582e+000
  2.3953079e+000  7.3453170e+000
  2.4181610e+000  4.7360353e+000
  7.5315198e+000  6.7225366e+000
  3.8910672e+000  7.9965491e+000
  6.9451096e+000  1.9677372e+000
  7.7850683e+000  6.7168141e+000
  8.0095878e-001  7.5480367e+000
  2.3986415e+000  2.3395263e+000
  2.0581450e+000  1.2277522e+000
  2.1311987e+000  2.4130810e+000
  7.0800009e+000  6.8324924e+000
  7.6214548e+000  6.8253469e+000
  2.3572380e+000  6.8443429e+000
  6.9588348e+000  7.0531530e+000
  6.3527186e+000  7.0897696e+000
  3.2086263e+000  5.7511857e-001
  2.4750956e+000  4.6689821e+000
  8.6177102e+000  2.8635642e+000
  5.4640213e+000  2.5034617e+000
  6.9485343e+000  6.4968395e+000
  2.8745200e+000  3.2715154e+000
  5.1012310e+000  3.1450506e+000
  2.6351437e+000  2.4078659e+000
  7.9416359e+000  9.2295563e-001
  5.8690370e+000  2.4662158e+000
  7.7982933e+000  4.9088664e+000
  2.0248770e+000  3.7264794e+000
  2.5185681e+000  4.1773070e+000
  8.7934304e+000  3.1888961e+000
  7.8545474e+000  6.7155311e+000
  2.6365904e+000  3.7722517e+000
  5.6241527e+000  1.9384826e+000
  9.7731918e-001  4.5119431e+000
  7.3264165e+000  6.5047209e+000
  2.6744485e+000  2.1251656e+000
  7.3300861e+000  6.6470755e+000
  2.3053809e+000  7.6969658e+000
  4.7762842e+000  4.2131993e+000
  7.6734726e+000  6.5139812e+000
  5.6362821e+000  3.4612065e+000
  8.2366428e+000  4.9265959e+000
  4.9196274e+000  2.4220634e+000
  7.2456820e+000  7.0135812e+000
  7.0249020e+000  7.0573233e+000
  3.4019090e+000  2.0069753e+000
  3.1222301e+000  7.9189138e+000
  6.9361047e+000  6.3220072e+000
  5.1899455e+000  3.2049526e+000
  2.1165276e+000  6.6002640e+000
  8.1008598e+000  6.7910706e+000
  7.9564993e+000  2.9021375e+000
  6.9580024e+000  6.4351496e+000
  2.3789844e+000  7.6533112e+000
  5.6042610e+000  4.3797927e+000
  3.3624569e+000  7.9740744e+000
  8.7497497e+000  3.2624508e+000
  4.6138201e+000  7.4415850e+000
  8.2417148e+000  3.3245489e+000
  6.6922794e+000  6.7833200e+000
  6.5999485e+000  7.3589762e+000
  5.5714865e+000  1.8124441e+000
  3.1863990e+000  9.2337749e-001
  8.6464134e+000  8.3302011e+000
  7.6896557e+000  1.5541079e+000
  8.2479966e+000  2.5399267e+000
  3.6787130e+000  2.7337516e+000
  6.6312838e+000  7.4937339e+000
  7.4627655e+000  7.5056349e+000
  5.5097241e+000  1.8336982e+000
  2.3867422e+000  3.1590436e+000
  7.0898510e+000  8.1549280e+000
  3.4198438e+000  3.7805473e+000
  1.8194557e+000  4.5001953e+000
  7.6757865e+000  2.9002216e+000
  6.6248111e+000  6.6932933e+000
  8.1992499e+000  5.5908871e+000
  7.2629322e+000  6.8119125e+000
  2.2181910e+000  6.6771577e+000
  6.9074190e+000  6.4007888e+000
  4.3987005e+000  8.3990365e+000
  7.0723790e+000  6.2735108e+000
  7.2484325e+000  5.3129686e+000
  7.9984743e+000  5.8014742e+000
  6.3611566e+000  7.5322569e+000
  5.5290137e+000  3.2103362e+000
  6.7838942e+000  5.9496320e+000
  4.9556924e+000  3.4112193e+000
  7.2191296e+000  6.2162339e+000
  2.2794325e+000  6.4577563e+000
  2.3044725e+000  2.7015802e+000
  1.5600361e+000  7.5971975e+000
  5.1185060e+000  3.5948605e+000
  6.3352452e+000  6.6079350e+000
  7.2935971e+000  6.6564667e+000
  1.6501798e+000  7.2859997e+000
  4.9481418e+000  2.1433267e+000
  2.2227237e+000  6.4729475e+000
  7.3107683e+000  5.0497324e+000
  5.7975256e+000  3.3113423e+000
  2.6566313e+000  2.6750322e+000
  7.0998902e+000  6.8440731e+000
  2.2077959e+000  4.6064652e+000
  1.8849239e+000  7.5113357e+000
  7.7785141e+000  6.7368021e+000
  3.1288026e+000  4.6388668e+000
  6.9669106e+000  7.1069621e+000
  2.6520701e+000  7.7148858e+000
  7.3330153e+000  4.9377876e+000
  7.1705184e+000  5.4771072e+000
  2.2626996e+000  7.8965290e+000
  9.1834750e-001  4.6687682e+000
  7.4204155e+000  7.2608917e+000
  2.7634830e+000  8.3609019e+000
  6.0658335e+000  1.6670497e+000
  2.9669396e+000  4.7881342e+000
  6.1852236e+000  4.2681031e+000
  8.3936889e+000  6.4954036e+000
  1.4653550e+000  7.7404141e+000
  8.4580190e+000  8.1378608e+000
  3.3515346e+000  7.6310187e+000
  5.0184541e+000  3.6359398e+000
  3.8271725e+000  8.1199549e+000
  6.6728257e+000  6.6728587e+000
  7.0607391e+000  1.7960563e+000
  7.3441218e+000  6.3870477e+000
  1.5662800e+000  8.2627531e+000
  7.0320926e+000  6.5876336e+000
  6.8959025e+000  5.5616836e+000
  6.2943561e+000  6.9419178e+000
  7.1341498e+000  6.8578518e+000
  5.8144579e+000  4.0847866e+000
  7.2214212e+000  6.3566441e+000
  7.5191797e+000  2.2360019e+000
  7.6605257e+000  6.6780344e+000
  6.7657593e+000  6.5511978e+000
  3.5218741e+000  2.4183319e+000
  8.1386257e+000  3.3931386e+000
  6.9484281e+000  2.0904020e+000
  7.4560117e+000  7.1925134e+000
  5.0012262e+000  3.6100678e+000
  1.7417664e+000  3.5935951e+000
  1.5790702e+000  8.7570551e+000
  3.8363482e+000  6.7078343e+000
  7.1713226e+000  6.9150805e+000
  5.5932826e+000  3.4046098e+000
  3.6516639e+000  1.3255389e+000
  7.4384687e+000  2.2033080e+000
  6.3707113e+000  6.6791904e+000
  5.3737666e+000  1.9424836e+000
  3.0482604e+000  2.3102884e+000
  7.1310178e+000  6.4692989e+000
  7.3101958e+000  6.3054680e+000
  8.3632741e-001  7.6679284e+000
  2.9598283e+000  2.5673539e+000
  8.1832202e+000  5.7808227e+000
  7.6836197e+000  6.8313340e+000
  2.1313778e+000  5.7745085e+000
  7.5814063e+000  2.3350472e+000
  6.8987476e+000  6.8342387e+000
  6.5132058e+000  7.2579735e+000
  7.7535382e+000  7.1639222e+000
  4.5487111e+000  5.7312820e+000
  1.4083044e+000  2.6441327e+000
  1.7652257e+000  8.6603689e+000
  1.6588491e+000  7.0336720e+000
  7.4974682e+000  2.7536769e+000
  5.6672575e+000  2.0330686e+000
  5.7148965e+000  3.5535908e+000
  7.6917577e+000  5.5424633e+000
  5.0224274e+000  3.0473305e+000
  2.0061784e+000  2.4386055e+000
  2.1852702e+000  5.5341851e+000
  2.9052752e+000  2.6189319e+000
  1.1321576e+000  4.5487980e+000
  2.7071425e+000  8.5171444e+000
  7.1899887e+000  7.1453974e+000
  1.4794534e+000  5.5518198e+000
  3.0531941e+000  8.9174788e+000
  5.6798832e+000  2.2089054e+000
  3.6596091e+000  2.5418627e+000
  2.5431721e+000  5.7845026e+000
  8.0419843e+000  2.5330893e+000
  7.1753833e+000  6.3562477e+000
  5.1866318e+000  2.2231297e+000
  2.3301852e+000  7.7072911e+000
  1.3252322e+000  7.3379707e+000
  1.3046172e+000  4.1797583e+000
  7.5514072e+000  6.6543392e+000
  2.6878290e+000  9.3538783e-001
  7.0753443e+000  8.4613247e-001
  3.4477162e+000  8.3764414e+000
  7.6437524e+000  2.1074465e+000
  1.9344481e+000  1.7482174e+000
  2.1979920e+000  4.4384403e+000
  3.3564716e+000  7.8245841e+000
  7.8054325e+000  8.0279825e+000
  2.3726272e+000  4.0721450e+000
  1.8520062e+000  1.9754414e+000
  2.4375576e+000  5.6687043e+000
  5.3214624e+000  3.9930084e+000
  1.6640140e+000  4.5093678e+000
  8.0839184e+000  9.2611887e-001
  2.0562238e+000  8.2325254e+000
  7.0124685e+000  6.2529725e+000
  1.3379470e+000  5.4869025e+000
  2.4287289e+000  5.5646838e+000
  6.6369670e+000  7.5486679e+000
  1.8025136e+000  4.2518817e+000
  3.9001518e+000  2.4616588e+000
  9.0169869e-001  7.6062362e+000
  7.1539025e+000  7.2312263e+000
  5.6700002e+000  3.7559878e+000
  2.5003202e+000  2.3305621e+000
  2.3663633e+000  6.8900638e+000
  2.0475783e+000  7.5935852e+000
  4.7707375e+000  3.3997304e+000
  2.7548140e+000  3.3253792e+000
  8.2497085e+000  7.2001569e+000
  6.4130787e+000  2.3179635e+000
  3.5182957e+000  4.9177579e+000
  5.6200388e+000  3.3971743e+000
  3.8892035e+000  2.6126101e+000
  5.7879219e+000  6.3262372e+000
  7.0351408e+000  6.4789874e+000
  7.3752089e+000  6.3530530e+000
  5.3626143e+000  3.2819036e+000
  4.8812981e+000  3.6681374e+000
  1.4962958e+000  2.4850755e+000
  2.8303056e+000  5.1169069e+000
  5.7807524e+000  2.7184975e+000
  7.8463599e+000  6.8064654e+000
  7.5652717e+000  7.3236471e+000
  3.4031527e+000  1.9899435e+000
  3.6889548e+000  1.8173044e+000
  7.0666627e+000  6.3770023e+000
  7.1604172e+000  6.4939477e+000
  1.7047413e+000  5.3570417e+000
  2.1529533e+000  6.0475520e+000
  4.6527153e+000  4.0465322e+000
  6.5167662e+000  7.4834128e+000
  3.9894061e+000  1.5632870e+000
  7.1223333e+000  1.8384644e+000
  2.7205820e+000  9.2418602e-001
  7.0724922e+000  6.1063820e-001
  2.1639846e+000  6.1178011e+000
  1.5102916e+000  8.3604625e+000
  1.2315159e+000  3.4560075e+000
  7.9819137e+000  4.8857856e+000
  3.0506499e+000  2.2139091e+000
  7.8214777e+000  2.4729534e+000
  5.4932310e+000  5.1199244e+000
  2.4168525e+000  6.2228941e+000
  2.9572016e+000  3.0063465e+000
  2.2040231e+000  2.3885757e+000
  3.6897062e+000  7.6962661e+000
  7.2248228e+000  5.1267852e+000
  7.3694298e+000  5.0267824e-001
  3.4171643e+000  7.9648021e+000
  7.3240377e+000  6.9667387e+000
  5.2647166e+000  4.3832917e+000
  3.0003763e+000  2.7403677e+000
  5.6817653e+000  3.5513497e+000
  2.4191109e+000  4.5207970e+000
  5.8053503e+000  3.5314648e+000
  8.3938554e+000  6.3348313e+000
  7.2723040e+000  2.0161575e+000
  6.8383185e+000  2.3076892e+000
  7.3014184e+000  6.5803754e+000
  7.7493843e+000  8.0526249e+000
  8.9189893e+000  2.6329932e+000
  1.5712003e+000  7.3285356e+000
  2.0317406e+000  6.5298484e+000
  5.3192039e+000  5.1329616e+000
  8.9042925e+000  2.7091169e+000
  5.3593950e+000  3.7213180e+000
  5.8152585e+000  2.5578574e+000
  5.2789022e+000  3.2955305e+000
  1.9821879e+000  6.0417278e+000
  2.5990716e+000  5.3785819e+000
  5.2765928e+000  3.6499810e+000
  7.8815535e+000  1.7486519e+000
  5.2316547e+000  4.5021735e+000
  1.6600040e+000  7.2431873e+000
  7.9142512e+000  7.7651631e+000
  3.0579746e+000  8.0530131e+000
  2.7779124e+000  2.5021896e+000
  7.2020560e+000  6.5260578e+000
  7.0645403e+000  6.2456494e+000
  6.3103862e+000  6.3840442e+000
  6.4521663e+000  7.6534254e+000
  4.7770297e+000  3.4476778e+000
  8.0994743e+000  6.4949172e+000
  6.5802465e+000  5.0355195e+000
  1.7303074e+000  8.5986605e+000
  6.0199261e+000  2.3246376e+000
  7.6209687e+000  7.0396457e+000
  7.3178315e+000  8.2924747e+000
  7.6250088e+000  3.5878945e+000
  6.9962984e+000  6.4724787e+000
  1.7341957e+000  8.6230012e+000
  5.0409343e+000  3.0761140e+000
  7.4116581e+000  6.7326749e+000
  7.6753121e+000  2.6382917e+000
  7.2870479e+000  2.6102939e+000
  1.9486157e+000  7.3976909e+000
  2.7321108e+000  7.6248039e+000
  4.2241052e+000  8.0423345e+000
  2.1476665e+000  1.9058982e+000
  2.1219135e+000  6.7977718e+000
  7.4432010e+000  6.2270525e+000
  5.4780542e+000  3.0499254e+000
  2.5322210e+000  2.0646097e+000
  3.1367683e+000  7.5022899e+000
  5.2268990e+000  3.2382115e+000
  3.2938838e+000  5.0501830e+000
  2.8404194e+000  2.4464494e+000
  7.4010097e+000  7.2392783e+000
  5.2569522e+000  2.2863186e+000
  5.6632491e+000  2.0939265e+000
  3.2519339e+000  7.9581111e+000
  7.1256108e+000  5.2449900e+000
  5.0057073e+000  4.0889436e+000
  5.0765812e+000  7.5607799e+000
  6.5724707e+000  6.0432309e+000
  2.8551960e+000  2.2997208e+000
  3.1452212e+000  2.2576604e+000
  2.2915097e+000  3.9067598e+000
  2.1791927e+000  4.5083323e+000
  7.0659660e+000  6.3420630e+000
  7.7871663e+000  7.4031804e+000
  3.2163814e+000  1.9922920e+000
  6.6702904e+000  7.9023419e+000
  3.0617688e+000  3.3797893e+000
  4.8361675e+000  3.4719935e+000
  3.8022278e+000  7.9215570e+000
  5.0513990e+000  3.1335157e+000
  7.7745755e+000  6.0833012e+000
  8.0309775e+000  2.5060689e+000
  1.9437698e+000  7.9024181e+000
  7.5715688e+000  6.9725876e+000
  7.6843245e+000  2.1352962e+000
  1.3961533e+000  5.9679028e+000
  5.6562656e+000  4.8574181e+000
  7.1013091e+000  6.9128893e+000
  6.5379801e+000  6.1133185e+000
  7.3953520e+000  1.1248487e+000
  7.3446000e+000  6.5583153e+000
  6.4378714e+000  6.9463344e+000
  2.6426895e+000  7.2232830e+000
  5.9940813e+000  2.1133872e+000
  4.0579233e+000  2.6502386e+000
  3.3071255e+000  8.0786066e+000
  5.2285647e+000  3.2357320e+000
  7.4053691e+000  7.1092226e+000
  2.5586446e+000  2.0535786e+000
  1.8919446e+000  4.3236374e+000
  5.7659841e+000  3.7167277e+000
  4.3858508e+000  6.4204948e+000
  1.3012614e+000  4.6300303e+000
  5.1104919e+000  4.2384429e+000
  7.5103620e+000  6.2946768e+000
  8.1709793e+000  7.8000167e+000
  1.5306141e+000  3.5429920e+000
  7.0436089e+000  7.7885079e+000
  4.8694112e+000  3.1171451e+000
  6.6955941e+000  6.6450891e+000
  5.4180375e+000  3.1848164e+000
  3.4105310e+000  2.5722520e+000
  7.1550651e+000  6.0801576e-001
  1.1975151e-001  8.0138662e+000
  2.5309324e+000  2.9936782e+000
  3.3815637e+000  1.9277397e+000
  8.0532626e+000  3.2653775e+000
  1.9842192e+000  6.2456240e+000
  4.0363140e+000  8.3482331e+000
  1.2816489e+000  3.7671001e+000
  5.2724002e+000  3.7164181e+000
  7.0858269e+000  6.3250949e+000
  7.0923224e+000  2.2281472e+000
  5.3969398e+000  2.5993188e+000
  5.4674618e+000  3.4991114e+000
  4.5348025e+000  2.9085894e+000
  2.0674364e+000  8.6079675e+000
  8.0318601e+000  7.3905390e+000
  3.3751855e+000  1.1522588e+000
  7.3064902e+000  1.7817758e+000
  7.1445149e+000  6.7315525e+000
  7.9181894e+000  5.0546856e+000
  6.9193322e+000  6.3920927e+000
  1.9155973e+000  5.9476319e+000
  8.0543841e+000  7.5958290e+000
  3.2258489e+000  2.5448797e+000
  1.6510921e+000  7.5328052e+000
  2.2019280e+000  7.5739657e+000
  3.7698411e+000  8.0724180e+000
  8.3563609e+000  3.0560521e+000
  7.7527184e+000  6.7054234e+000
  5.6997573e+000  3.2868350e+000
  1.9189882e+000  7.8641234e+000
  2.5092144e+000  2.3124887e+000
  6.4277145e+000  6.0251233e+000
  6.8541638e+000  6.4352274e+000
  4.9122882e-001  6.6009944e+000
  7.0731155e+000  6.5980820e+000
  7.5814150e+000  2.8125497e+000
  2.2079294e+000  7.4952623e+000
  5.6044951e+000  1.8761542e+000
  7.3238584e+000  6.9102737e+000
  3.2978169e+000  8.1432332e+000
  1.8201269e+000  7.3524873e+000
  4.8864757e+000  3.4826353e+000
  5.3570309e+000  4.0429165e+000
  1.6585474e+000  2.3113361e+000
  5.3927925e+000  3.3256754e+000
  2.3708345e+000  5.6518944e+000
  3.4019210e+000  8.1915816e+000
  6.5007791e+000  6.9359739e+000
  8.6093549e+000  8.3178623e+000
  2.3417173e+000  5.9742097e+000
  5.4875924e+000  3.7138179e+000
  4.5408880e+000  3.1355522e+000
  2.3328720e+000  7.9758462e+000
  3.5903035e+000  8.1750725e+000
  3.3396136e+000  4.4854831e+000
  7.6156630e+000  6.8074083e+000
  8.4142909e+000  7.3508523e+000
  6.1805888e+000  1.4805653e+000
  2.1445063e+000  2.3933561e+000
  8.1747855e+000  7.8316337e+000
  7.3750403e+000  1.5373838e+000
  2.0671541e+000  7.3426323e+000
  2.1900525e+000  7.6962035e+000
  1.7248528e+000  7.2825470e+000
  7.8171076e+000  2.0001017e+000
  7.0218347e+000  6.3056398e+000
  6.2960551e+000  6.2674557e+000
  2.8866981e+000  5.4398525e+000
  6.6075425e+000  2.1046615e+000
  6.8240287e+000  6.8960430e+000
  7.0991565e+000  6.2317976e+000
  8.3163489e+000  3.5928023e+000
  7.3814750e+000  6.6508002e+000
  6.6969549e+000  1.8664928e+000
  7.1124073e+000  6.4194594e+000
  3.6190975e+000  8.1925109e+000
  5.4448864e+000  3.4711673e+000
  2.0020054e+000  7.4127529e+000
  7.1448274e+000  6.0515707e+000
  6.3772949e+000  6.8631702e+000
  8.2458783e+000  6.4309320e+000
  3.7350337e+000  5.5317343e+000
  1.4765369e+000  6.0850212e+000
  2.7003686e+000  3.1795820e+000
  7.2998545e+000  6.3548716e+000
  3.3727512e+000  7.6755929e+000
  7.6334377e+000  6.3701195e+000
  1.8789304e+000  7.2258417e+000
  3.0038512e+000  1.8412294e+000
  3.8500849e+000  5.5813970e+000
  3.7246788e+000  1.4546086e+000
  1.3029865e+000  3.6997864e+000
  1.8423949e+000  2.4185292e+000
  2.0618423e+000  3.5850648e+000
  8.0803134e+000  3.4614549e+000
  4.8814854e+000  3.8264672e+000
  2.3509004e+000  4.3225697e+000
  1.8792644e+000  3.2846394e+000
  4.6967969e+000  5.7712567e+000
  8.1445477e+000  5.3747194e+000
  7.3379139e+000  1.5585263e+000
  7.4207904e+000  6.8258178e+000
  3.1949027e+000  2.1905330e+000
  5.7021618e+000  3.3479483e+000
  5.4142174e+000  4.7609742e+000
  1.8947081e+000  5.0262440e+000
  3.1638338e+000  3.1758658e+000
  6.8755555e+000  5.4731577e+000
  5.7021317e+000  2.9834852e+000
  4.6517494e+000  3.3700138e+000
  2.0942899e+000  8.1062812e+000
  6.6501682e+000  1.6851246e+000
