  5.1185964e+000  5.2062061e+000
  5.4035085e+000  7.5135252e+000
  1.7943605e+000  7.2658633e+000
  8.7868982e+000  1.6033817e+000
  6.9552685e+000  6.2804894e+000
  6.5385122e+000  7.2056301e+000
  7.9747974e+000  1.1627662e+000
  7.5079357e-001  2.1987607e+000
  6.7513198e-001  3.8652474e+000
  1.6163912e+000  7.6318914e+000
  6.2999260e+000  8.8664390e+000
  3.2646868e+000  4.2066521e+000
  8.9249779e+000  5.6191566e+000
  2.4553934e+000  2.6936099e+000
  5.4296321e+000  1.4120577e+000
  8.9326510e+000  5.1216348e+000
  3.2108207e+000  8.8467181e+000
  8.0997833e+000  9.0185637e+000
  8.8625315e+000  2.2666146e+000
  4.7573102e+000  7.9205876e+000
  7.1557436e+000  9.0638227e+000
  2.4217471e+000  9.3363933e+000
  6.0582746e+000  8.1909713e-001
  5.3713968e+000  3.0859453e+000
  5.2178692e+000  5.5092244e+000
  6.7146059e+000  4.8463324e+000
  1.2244556e+000  7.1322322e+000
  7.8679389e+000  1.4852221e+000
  8.4457932e+000  4.5197019e+000
  4.2618581e+000  4.2044112e+000
  9.1097169e+000  5.1380063e+000
  8.8991567e+000  1.0655362e+000
  3.6549052e+000  1.0451263e+000
  2.9991988e+000  4.0764329e+000
  2.5707486e+000  1.8723699e+000
  9.0658678e+000  5.8533457e+000
  6.4129964e+000  8.4631977e+000
  1.7044640e+000  8.4213725e+000
  2.7555484e+000  8.7339636e+000
  9.2516605e+000  9.9354355e-001
  1.5253375e+000  8.7087075e-001
  6.1307721e+000  9.9998172e-001
  2.2202704e+000  1.5519468e+000
  8.9979597e+000  2.2761789e+000
  1.8951014e+000  3.2142059e+000
  2.4982078e+000  8.2884969e+000
  1.3131790e+000  3.0489937e+000
  5.0071941e+000  8.1547226e+000
  8.0105965e+000  2.0695373e+000
  1.2636810e+000  6.9225640e+000
  7.4805978e+000  1.9226077e+000
  2.5424422e+000  8.7559515e+000
  8.4003877e+000  4.9170167e+000
  5.6863721e+000  7.1106094e+000
  5.4698687e+000  6.7427471e+000
  7.0257737e+000  4.4148264e+000
  1.8278593e+000  4.1852366e+000
  7.5622947e+000  8.6141680e+000
  1.1937290e+000  4.4939666e+000
  8.9314964e+000  5.6549674e+000
  2.0529820e+000  4.1768236e+000
  1.0505855e+000  6.9878165e+000
  5.4256775e+000  2.9864548e+000
  8.0030739e+000  3.0807875e+000
  8.0991757e+000  6.8403137e+000
  1.5491530e+000  1.7342441e+000
  4.8707534e+000  6.5585834e+000
  5.2278917e+000  3.1132696e+000
  1.5449995e+000  6.5056748e+000
  7.0149428e+000  6.7804805e+000
  5.4105484e+000  2.8185110e+000
  1.5194069e+000  4.9996042e+000
  7.1511022e-001  6.9650601e+000
  1.7047614e+000  5.1520976e+000
  9.0508952e+000  5.2217584e+000
  5.7750432e+000  2.8152091e+000
  8.8340270e+000  1.0604997e+000
  3.9991913e+000  8.8950423e+000
  3.7935017e+000  2.8968606e+000
  2.9779738e+000  1.3371288e+000
  6.6759277e+000  7.3272376e+000
  7.4625439e+000  8.7652141e+000
  3.6823559e+000  8.9536567e+000
  8.6349996e+000  1.7822436e+000
  4.6439165e+000  6.5318296e-001
  4.8070426e+000  2.7643041e+000
  2.0777012e+000  7.7989772e-001
  3.3660974e+000  1.8973243e+000
  4.2556264e+000  2.2212685e+000
  8.1325878e+000  3.6342775e+000
  3.8636435e+000  7.1158223e+000
  2.9102237e+000  2.9983751e+000
  3.3376677e+000  1.1413718e+000
  8.5854394e+000  1.3807654e+000
  4.5876292e+000  1.3447219e+000
  6.9292731e+000  8.8673047e-001
  8.6233396e-001  3.9720819e+000
  1.2107399e+000  6.8113495e+000
  3.9253889e+000  1.5188362e+000
  3.0916274e+000  1.7810954e+000
  6.9025821e+000  6.2040467e+000
  1.0948472e+000  2.2260405e+000
  8.5712457e+000  3.3644209e+000
  6.0311437e+000  9.4751305e+000
  8.3812993e+000  1.8163339e+000
  1.9062618e+000  8.1062828e+000
  9.7221263e-001  2.1556638e+000
  1.6705190e+000  5.1311840e+000
  5.7843828e+000  2.4848907e+000
  1.1426632e+000  7.0725123e+000
  5.6303095e+000  2.4539669e+000
  8.0813807e+000  9.8795953e-001
  8.6087066e+000  1.5225470e+000
  8.4146527e-001  7.8265401e+000
  2.8948277e+000  4.8604963e+000
  8.5599974e+000  7.4955097e+000
  8.6651144e+000  6.8719455e+000
  5.4652523e+000  2.1149068e+000
  4.5701815e+000  1.9008351e+000
  1.7066900e+000  6.7645848e+000
  6.2538953e+000  7.2060399e+000
  3.3551942e+000  5.8606120e+000
  6.0118211e+000  3.4015929e+000
  8.6984312e+000  4.7403279e+000
  3.7130991e+000  1.8273297e+000
  1.9737462e+000  8.9951965e+000
  3.4396193e+000  6.5448576e+000
  1.2078774e+000  7.4625620e+000
  3.3614442e+000  1.2206316e+000
  7.2696732e+000  6.7607598e+000
  3.5205632e+000  1.0835988e+000
  4.8067354e+000  3.4280631e+000
  7.9521696e+000  6.9955755e+000
  3.4055957e+000  9.2452322e+000
  2.7525718e+000  1.8655761e+000
  6.4639204e-001  1.2218920e+000
  3.3304764e+000  1.3220020e+000
  1.4968988e+000  1.2189834e+000
  2.0638572e+000  5.3037585e+000
  5.9610725e+000  2.5255622e+000
  1.4823597e+000  8.2619062e+000
  3.0537663e+000  2.7318394e+000
  9.1002701e+000  5.4571000e+000
  9.1780420e+000  2.9813034e+000
  1.8431754e+000  8.4344097e+000
  5.8369040e+000  2.7097240e+000
  8.9228327e+000  6.0063263e+000
  1.6180834e+000  6.2532648e+000
  7.4449720e+000  7.2196954e+000
  9.1793564e+000  8.6006398e+000
  8.9928077e+000  8.8922009e+000
  8.5189172e+000  4.4990803e+000
  1.6248840e+000  5.4094526e+000
  5.7767866e+000  4.8639407e+000
  2.6401494e+000  2.2875024e+000
  4.1294935e+000  6.0255596e+000
  8.1154931e+000  8.0129900e+000
  1.1989480e+000  1.5642432e+000
  2.9685910e+000  1.7471218e+000
  7.3304440e+000  5.4421176e+000
  1.4304305e+000  6.1550108e+000
  3.3263021e+000  8.6504261e+000
  2.5989365e+000  2.4477618e+000
  8.8010881e+000  2.3339485e+000
  3.7123183e+000  1.9232989e+000
  1.7161755e+000  7.1470562e+000
  5.0190814e+000  3.8174814e+000
  8.9661654e+000  2.3532763e+000
  7.3560471e+000  3.4696394e+000
  3.6541436e+000  3.7437231e+000
  5.7863170e+000  7.3453074e+000
  2.3933125e+000  3.2191125e+000
  2.5273107e+000  1.6303015e+000
  2.1186445e+000  7.7456560e+000
  2.1855523e+000  8.7870251e+000
  1.1584845e+000  7.8971791e+000
  5.3613575e+000  6.0368105e+000
  1.5437103e+000  7.7771106e+000
  8.5466495e+000  1.9589771e+000
  3.4065841e+000  7.0404764e+000
  3.2328629e+000  5.8577226e-001
  1.6199007e+000  1.5682696e+000
  5.2666117e+000  3.5557002e+000
  9.1053915e+000  2.4807105e+000
  8.4537626e+000  8.4735790e+000
  3.6275780e+000  1.1902991e+000
  5.1710531e+000  2.5491679e+000
  5.5422400e+000  7.4077667e+000
  8.0228953e+000  5.0156513e+000
  7.4165944e+000  9.4879874e+000
  8.8623342e+000  5.3385946e+000
  3.0893526e+000  1.6786705e+000
  6.6493737e+000  8.2562681e+000
  9.1483546e+000  8.7973378e+000
  1.6906250e+000  6.3190242e+000
  5.2631294e+000  2.9529557e+000
  8.4806326e+000  9.4721892e-001
  8.9207800e+000  6.2577185e+000
  8.2411850e+000  6.3112492e+000
  7.4161335e+000  1.3051597e+000
  4.7009060e+000  8.8889903e+000
  8.9412264e+000  8.7087681e+000
  6.3235733e+000  8.0983933e+000
  3.1694576e+000  2.0892024e+000
  5.5086143e+000  5.1103241e+000
  7.8714956e+000  7.9887910e-001
  9.0352440e+000  2.9472327e+000
  6.0773961e+000  6.3866750e+000
  8.9351478e+000  4.4077151e+000
  6.1456776e+000  7.2886251e+000
  8.7725509e+000  2.4125244e+000
  9.4662270e-001  8.8615336e+000
  4.8506086e+000  2.3969894e+000
  5.3094570e+000  1.1482557e+000
  1.9503096e+000  6.8851750e+000
  8.2815926e+000  2.2065548e+000
  6.5712654e+000  9.4406991e+000
  5.5893095e+000  7.3849021e-001
  4.9244667e+000  3.9616047e+000
  8.7831506e+000  2.4689182e+000
  8.9649690e+000  2.2811568e+000
  1.2465195e+000  7.3225174e+000
  2.3814014e+000  5.7702266e+000
  6.6029422e+000  7.2155885e+000
  4.0534037e+000  6.1605598e+000
  3.8197975e+000  1.3185411e+000
  3.9350350e+000  2.0556745e+000
  8.4855121e+000  1.0187741e+000
  1.7935734e+000  8.4300367e+000
  2.6890862e+000  2.2234262e+000
  4.0532910e+000  4.8563367e+000
  6.7045069e+000  6.5305105e+000
  4.6383751e+000  8.9275206e+000
  9.0513349e+000  3.7084004e+000
  5.8244916e+000  8.5468204e+000
  4.9906602e+000  2.9766660e+000
  1.5844831e+000  1.1238129e+000
  3.5628430e+000  5.1237764e+000
  2.1210987e+000  2.3776614e+000
  9.1689258e+000  8.2820287e+000
  5.2292871e+000  3.5580413e+000
  2.7813676e+000  4.8942923e+000
  9.1410847e+000  6.5831111e+000
  6.5452858e-001  3.1887540e+000
  5.2383976e+000  3.8050350e+000
  5.7995873e+000  9.2478291e+000
  8.9225354e+000  2.0873325e+000
  9.0376784e+000  5.1802887e+000
  4.5941028e+000  9.0748082e+000
  1.6802673e+000  5.8234545e+000
  5.0735107e+000  2.9991401e+000
  9.0558070e+000  4.2604195e+000
  5.2394876e+000  3.0194216e+000
  7.1832002e+000  6.1944721e+000
  3.3642925e+000  3.4743006e+000
  7.5953160e+000  7.2016653e+000
  8.7513245e-001  1.9041270e+000
  8.5107538e+000  4.0433838e+000
  7.5390655e+000  5.5062562e+000
  1.8141662e+000  7.8596502e+000
  1.5759065e+000  7.0766006e+000
  2.4507676e+000  8.6823671e+000
  7.4640400e-001  8.0131986e+000
  4.3406780e+000  9.0999505e+000
  7.4330494e+000  1.8765839e+000
  6.0531082e+000  6.8814650e+000
  5.0906897e+000  6.9073713e+000
  5.8955986e+000  7.8477203e+000
  7.7350132e+000  1.5524976e+000
  8.0765880e+000  1.4723920e+000
  7.1784989e+000  5.5129225e+000
  1.5284786e+000  4.0436766e+000
  5.1715647e+000  4.7866967e+000
  8.9177476e+000  5.7322626e+000
  2.6608707e+000  8.3049581e-001
  5.0880214e+000  2.9258032e+000
  2.8138262e+000  8.5894299e+000
  6.3542487e-001  4.9192037e+000
  4.8764867e+000  8.4414500e+000
  9.7855350e-001  6.7662772e+000
  2.9138922e+000  5.0911468e+000
  8.7724478e+000  5.0630724e+000
  4.4328253e+000  2.9053875e+000
  8.4262935e+000  7.0996949e+000
  1.3150947e+000  4.0345788e+000
  9.3870824e+000  7.4974417e+000
  6.6540361e+000  1.3188194e+000
  9.2160668e+000  3.7331700e+000
  8.8754376e+000  1.4404507e+000
  5.0818518e+000  3.1351256e+000
  4.7552609e+000  9.1862492e+000
  2.8659899e+000  4.7435570e+000
  8.9956814e+000  4.8018254e+000
  9.0018003e+000  4.8983173e+000
  7.0874253e+000  8.4482166e+000
  5.3505976e+000  7.0037518e+000
  3.3275221e+000  4.0671657e+000
  8.8354025e+000  1.2730876e+000
  5.6898675e+000  2.0023827e+000
  1.5027936e+000  1.4273041e+000
  5.3872205e+000  9.2891119e+000
  5.1726288e+000  3.6090189e+000
  4.2904201e+000  6.0397264e+000
  5.0834121e+000  6.4482385e+000
  9.2985263e+000  7.5414023e+000
  8.3142123e+000  2.5554261e+000
  8.8228016e+000  2.6255213e+000
  8.7676518e-001  2.0589381e+000
  8.8264356e+000  7.7993158e+000
  8.0646546e-001  1.8848937e+000
  4.0188823e+000  2.3459308e+000
  9.3871735e-001  1.2187362e+000
  1.0628289e+000  6.8819362e+000
  9.0700005e+000  2.6915230e+000
  1.4806433e+000  4.2333471e+000
  6.3812097e+000  4.7626150e+000
  8.3172204e+000  1.3177688e+000
  6.0067908e+000  3.0913100e+000
  5.8981437e+000  4.7225710e+000
  1.4760740e+000  1.0359947e+000
  2.3534941e+000  2.5448081e+000
  6.7854586e+000  1.8627664e+000
  5.0157678e+000  3.5741167e+000
  8.8658870e-001  1.8175622e+000
  8.5969476e+000  8.7550199e+000
  3.7572368e+000  8.8940458e+000
  6.5826302e+000  7.5341654e+000
  8.7794064e+000  8.8234891e+000
  8.8954282e+000  2.0550459e+000
  8.8260803e+000  2.3838894e+000
  8.4273044e+000  1.1992480e+000
  8.6385868e+000  7.6135643e+000
  4.9068089e+000  2.4270915e+000
  8.7534031e+000  2.4819044e+000
  8.6818707e+000  4.9293301e+000
  8.2731905e+000  6.3281250e+000
  1.2943290e+000  8.0680399e+000
  8.7807209e+000  2.0310401e+000
  3.7650544e+000  9.0610328e+000
  1.5845341e+000  5.7693777e+000
  7.3777914e+000  5.9251506e+000
  8.5200790e-001  7.0069809e+000
  5.4024181e+000  3.0549754e+000
  3.7576419e+000  7.1282660e-001
  9.0307928e+000  6.3638313e+000
  3.6021009e+000  9.2060125e+000
  7.3634143e+000  5.8484205e+000
  5.5415904e+000  1.2826124e+000
  6.9902725e+000  3.8889545e+000
  3.8326679e+000  6.9559617e+000
  1.5479906e+000  4.5174697e+000
  1.4575795e+000  1.3264532e+000
  2.3515360e+000  8.2814668e+000
  9.1061259e+000  1.9890009e+000
  2.7351979e+000  4.6021115e+000
  8.2566709e+000  8.0683575e-001
  9.0544450e+000  5.9423543e+000
  8.8070619e-001  6.4349625e+000
  5.7905832e+000  7.5949398e+000
  1.1242743e+000  7.1887300e+000
  1.0706163e+000  4.0144018e+000
  8.8631829e+000  6.7810054e+000
  7.8743246e+000  9.0549104e-001
  5.0455573e-001  2.6198737e+000
  2.4685014e+000  7.8499322e+000
  7.2926385e+000  6.4026223e+000
  3.9614541e+000  1.9484807e+000
  5.5110273e+000  9.9144013e-001
  6.8217984e+000  4.4613558e+000
  1.6174545e+000  6.2905182e+000
  8.9687152e+000  5.7801520e+000
  7.9944299e+000  2.3047583e+000
  2.9735708e+000  8.7429995e+000
  8.8977015e+000  3.5190814e+000
  5.8784360e+000  9.0972972e+000
  3.0351585e+000  1.7728211e+000
  8.8872914e+000  5.9273666e+000
  4.7191533e+000  8.6712258e+000
  9.0720728e+000  2.3352081e+000
  8.3846075e+000  8.4210621e-001
  8.7997860e+000  7.9250825e+000
  3.9927476e+000  1.9028905e+000
  4.6779948e+000  4.4369799e+000
  5.3573340e-001  9.7777523e+000
  5.6078934e+000  3.0111758e+000
  8.0269879e+000  3.2111999e+000
  3.1827528e+000  1.2591708e+000
  1.3650633e+000  4.0788901e-001
  9.2632221e+000  8.7753489e+000
  3.2142429e-001  3.9797945e+000
  2.2048540e+000  4.0802365e+000
  7.8903579e+000  5.8676879e+000
  8.9796324e+000  6.1636389e+000
  9.2299242e+000  4.8644445e+000
  4.7633062e+000  2.6305903e+000
  1.0892521e+000  8.8788246e+000
  1.3862503e+000  3.4855294e+000
  1.1065064e+000  2.1684467e+000
  1.0786653e+000  7.2442235e+000
  7.2580712e+000  6.0289534e+000
  7.8198285e-001  3.8352238e+000
  4.7406965e+000  9.0776482e+000
  5.7085234e+000  3.0589654e+000
  1.9374284e+000  1.6900532e+000
  8.1213399e-001  2.4055676e+000
  4.8465090e+000  4.5206663e+000
  5.3796723e+000  5.4596467e+000
  8.1765014e+000  8.3616200e+000
  4.7563338e+000  8.8641415e+000
  5.9549341e+000  5.2454478e+000
  5.1732219e+000  9.1552603e+000
  1.7680917e+000  7.8797590e+000
  4.2425831e+000  1.1152169e+000
  7.3621222e-001  8.7726866e+000
  3.8504535e+000  8.9390962e+000
  3.6994007e+000  1.7174874e+000
  9.4129311e+000  6.4702700e-001
  2.0981346e+000  8.8833371e+000
  5.0671771e+000  3.3527405e+000
  8.8025791e+000  2.3959077e+000
  1.8223734e+000  3.6560708e+000
  2.1346471e+000  5.0560598e+000
  3.7188038e+000  5.1860723e+000
  6.6020000e+000  8.7294919e+000
  3.0142532e+000  1.5198481e+000
  3.9045911e+000  5.6216540e+000
  5.7035508e+000  3.8032271e+000
  7.3232964e+000  3.8598056e+000
  9.1306120e+000  3.0394165e+000
  1.3397265e+000  9.9937938e-001
  8.9287442e+000  3.9889743e+000
  1.1526096e+000  7.2429406e+000
  7.5233908e+000  2.5433932e+000
  3.8911210e+000  9.2136010e+000
  9.4663506e+000  8.5578238e+000
  9.4035078e+000  7.7247482e+000
  9.1026233e+000  6.8510327e+000
  6.9516101e+000  5.1942883e+000
  5.6376649e+000  5.6817250e+000
  9.0396706e+000  4.9841920e+000
  3.4060451e+000  2.3589549e+000
  7.1850573e+000  8.7937473e+000
  5.5540872e+000  7.2739920e+000
  3.4705372e+000  1.8282134e+000
  4.9429361e+000  4.2856203e+000
  6.7080910e-001  9.0632447e+000
  4.0484629e+000  2.1782133e+000
  3.1891964e+000  8.8068217e+000
  1.6662094e+000  6.1997254e+000
  4.5549117e+000  9.0199651e-001
  9.7572292e-001  6.9898597e+000
  6.0450007e+000  6.5593686e+000
  9.3145822e+000  6.5314817e+000
  3.6958718e+000  2.3061703e+000
  8.6791484e+000  7.6731978e+000
  4.1165937e+000  9.2469637e+000
  9.1611243e+000  4.5942085e+000
  9.1064095e+000  2.1862422e+000
  8.5739927e-001  1.9348454e+000
  8.8172035e+000  3.7359626e+000
  2.8472551e+000  1.2329896e+000
  9.6385759e+000  9.5398317e+000
  1.5796122e+000  1.5558188e+000
  3.6773741e+000  7.6847956e-001
  8.6122925e+000  5.2197022e-001
  8.8405041e+000  6.7503045e+000
  7.2869281e-001  2.6355521e+000
  1.3717634e+000  7.7233416e+000
  1.0310408e+000  9.1565766e+000
  1.9990486e+000  8.6626492e+000
  5.3346705e+000  2.8832731e+000
  8.0360778e+000  4.9219694e+000
  1.3325304e+000  5.1972332e+000
  9.1549586e+000  9.1834377e+000
  1.3442564e+000  6.9484232e+000
  1.0928825e+000  9.6020739e-001
  8.6554651e+000  7.3247469e-001
  5.2045194e+000  7.1825154e+000
  4.1781935e+000  5.9785798e+000
  9.2681210e+000  6.5243661e+000
  7.0280602e+000  9.0599112e+000
  4.8678177e+000  2.0912586e+000
  8.5372442e+000  1.2728857e+000
  1.2891172e+000  5.4896799e+000
  9.1418380e+000  6.2796912e+000
  9.0406920e+000  6.5620438e+000
  5.5575088e+000  3.6451787e+000
  7.8413897e+000  1.6556371e+000
  4.8637089e+000  3.8236855e+000
  5.2492838e+000  9.1535626e+000
  4.3378217e+000  9.1985060e+000
  9.2822103e+000  6.4932328e+000
  5.9627201e+000  8.4022903e+000
  4.2786106e+000  9.2280488e+000
  4.7783549e+000  8.2210471e+000
  5.6234462e+000  8.6683704e+000
  6.3643758e+000  7.2944780e+000
  9.4300220e+000  9.0825918e-001
  7.9529190e+000  6.1471939e+000
  3.3825343e+000  8.9792123e-001
  8.9956737e+000  4.8663485e+000
  8.3714119e+000  7.1943838e+000
  8.3790589e+000  8.2543387e+000
  5.5598465e+000  4.4319955e+000
  1.7469380e+000  4.1322128e+000
  9.6821089e-001  5.2222404e+000
  1.5468903e+000  2.8156880e+000
  3.0599740e+000  1.8991277e+000
  1.3121158e+000  6.9042422e+000
  1.4164380e+000  9.1415917e+000
  8.8989263e+000  6.6749867e+000
  1.6460462e+000  5.8888018e+000
  1.6135409e+000  7.3679515e+000
  5.5362711e+000  1.3125866e+000
  2.4491066e+000  8.7911335e+000
  5.6398927e+000  7.4007396e+000
  8.7751268e+000  1.0212460e+000
  8.4513659e+000  1.7368654e+000
  8.6739838e+000  3.1004939e+000
  6.6193675e-001  9.1800555e+000
  7.0246468e+000  1.2537719e+000
  4.0272649e+000  2.5352622e+000
  1.4833352e+000  6.8569850e+000
  8.4692326e+000  9.7226183e+000
  1.2761767e+000  7.0782212e+000
  5.2273462e+000  4.4375197e+000
  3.2735480e+000  1.2289527e+000
  5.7459203e+000  3.3678499e+000
  6.7076157e+000  9.2175838e+000
  1.5491235e+000  6.4767425e+000
  9.1599712e+000  2.8215302e+000
  6.9211167e+000  5.8356787e+000
  6.6612137e+000  7.0781564e+000
  1.4374620e+000  2.4425051e+000
  3.4262622e+000  9.0280978e+000
  3.1780925e+000  1.0671612e+000
  7.8707344e-001  5.9305791e+000
  7.2332962e+000  2.0380554e+000
  8.1085503e+000  5.3513426e+000
  9.1604575e+000  8.6442708e+000
  1.9327219e+000  1.8841986e+000
  5.5310652e+000  5.5536490e+000
  2.3499389e+000  5.8348190e+000
  8.7099966e+000  5.5997922e+000
  4.7628875e+000  2.3515662e+000
  1.4479995e+000  5.0300320e+000
  6.5581282e+000  4.3506328e+000
  9.7814946e-001  5.7946059e+000
  2.9882350e+000  8.9471470e+000
  9.1673733e+000  4.9263733e+000
  1.6124484e+000  3.4402173e+000
  8.7341406e+000  9.1456198e+000
  5.6068484e+000  7.0274776e+000
  5.1025048e+000  4.9344767e+000
  9.2896124e+000  5.1685771e+000
  4.3840470e+000  9.0227244e+000
  2.2072318e+000  3.5037715e+000
  3.4082536e+000  2.4319228e+000
  1.2945030e+000  2.6813707e+000
  1.6982870e+000  4.8646664e+000
  6.9383511e+000  3.3151856e+000
  2.5651811e+000  4.1237496e+000
  6.0163785e+000  8.8999075e+000
  6.1751428e+000  8.1358705e+000
  1.1272630e+000  4.6497206e+000
  5.1957888e+000  9.2807011e+000
  8.9630741e+000  3.2973835e+000
  3.9163149e+000  1.1263234e+000
  1.7714172e+000  8.4870420e+000
  1.7663611e+000  3.4669929e+000
  9.1345746e+000  8.8284594e+000
  3.1245941e+000  1.1956438e+000
  5.0942308e+000  7.9611061e+000
  2.2043607e+000  3.3754128e+000
  4.5601990e+000  2.0255498e+000
  9.1305469e+000  3.2334547e+000
  8.8018129e+000  6.2761029e+000
  2.2426393e+000  7.0581892e+000
  7.0850947e+000  1.4444678e+000
  9.0215167e+000  6.4973916e+000
  2.5944203e+000  7.5690672e+000
  5.8790339e+000  3.3762512e+000
  7.2172266e+000  3.5372695e+000
  5.9937859e+000  7.0905215e+000
  1.3087581e+000  7.0853398e+000
  2.8896071e+000  1.5057302e+000
  2.0888960e+000  4.7536736e+000
  8.8671121e+000  4.3452097e+000
  7.5887970e+000  1.2887565e+000
  9.1132909e-001  4.3202354e+000
  1.2380629e+000  7.3304766e+000
  8.7351527e+000  4.4911720e+000
  8.7881957e-001  7.1471250e+000
  1.4584638e+000  6.4332066e+000
  7.8763484e+000  4.5205603e+000
  3.2050066e+000  1.2444263e+000
  8.7659715e+000  4.5537316e+000
  4.8690334e+000  6.6229213e+000
  8.2475006e+000  7.6912118e+000
  7.1590451e+000  7.2348399e+000
  9.4854561e-001  2.0177541e+000
  1.1030826e+000  6.7151441e+000
  9.5459413e+000  8.4000726e+000
  7.4488335e-001  3.5466045e+000
  4.9179206e+000  3.9951945e+000
  1.0585741e+000  1.5898455e+000
  5.0482263e+000  4.1520143e-001
  1.6917598e+000  1.4630351e+000
  2.2295706e+000  5.9647837e+000
  1.8870812e+000  2.4055832e+000
  8.8964693e+000  6.6732022e-001
  1.1587363e+000  7.1651936e+000
  8.2619907e+000  1.2696783e+000
  7.8652866e+000  3.1130984e-001
  5.5577005e+000  8.0070493e+000
  1.3362840e+000  5.9568915e+000
  2.7104193e+000  8.5535568e+000
  6.5889808e+000  6.1205865e+000
  4.5846952e+000  8.4296281e+000
  8.5795754e+000  7.8995974e-001
  4.2407835e-001  8.9621559e+000
  7.5062175e+000  2.3495433e+000
  5.7631902e+000  6.6617131e+000
  1.2916177e+000  8.7576020e-001
  7.9477150e+000  8.8791329e+000
  6.1995342e+000  2.9139038e+000
  1.2338971e+000  6.7929957e+000
  4.5417889e+000  8.9794333e+000
  4.3016757e+000  4.8723123e+000
  6.4375712e+000  9.0213107e+000
  6.9078015e+000  1.3725285e+000
  6.5102794e+000  8.1289384e-001
  5.2654521e-001  9.1052225e+000
  7.5127507e-001  2.3432831e+000
  9.1845444e+000  4.1359812e+000
  6.4694187e+000  6.6320697e+000
  2.6794153e+000  6.2612857e+000
  4.7589260e+000  4.8367749e+000
  8.8329796e+000  5.8508198e+000
  3.7242141e+000  8.8504822e+000
  8.8622691e-001  4.4511753e+000
  8.8768547e+000  2.4229471e+000
  6.0392846e+000  9.4729067e+000
  6.9659129e+000  6.7563365e+000
  5.7754264e+000  9.5300428e+000
  3.9597607e+000  7.5420530e+000
  7.0313904e+000  5.7383255e+000
  4.7314580e+000  2.7891997e+000
  9.4080601e+000  3.5323831e+000
  6.9598347e+000  3.7916228e+000
  7.4246098e+000  4.9957217e+000
  1.5352897e+000  6.3222634e+000
  7.1510046e+000  8.9137392e+000
  3.4316185e+000  8.1012462e+000
  8.7786779e-001  2.4287803e+000
  4.4833722e+000  2.4372189e+000
  9.1941754e+000  9.0064564e+000
  8.7924486e+000  5.6690257e+000
  2.6556635e+000  1.7108935e+000
  8.9793276e+000  5.4421536e+000
  8.6910347e+000  1.0822468e+000
  3.9752874e+000  7.4936232e+000
  3.1742789e+000  5.4286567e+000
  9.8737577e-001  6.7280665e+000
  1.7504405e+000  2.1544324e+000
  9.0357377e+000  6.7574461e+000
  2.9102468e+000  1.5524497e+000
  6.8734850e+000  3.0251813e+000
  8.4768901e+000  8.1664726e+000
  3.0672340e+000  4.8442727e+000
  9.1513275e+000  5.1308295e+000
  1.3791052e+000  6.9879787e-001
  9.3394194e+000  8.3478214e+000
  9.6228901e-001  5.8123693e+000
  1.2951568e+000  6.7057185e+000
  6.5738341e+000  2.9740728e+000
  1.0202766e+000  1.9239968e+000
  7.3650083e+000  8.8244417e+000
  5.0197815e+000  8.9269982e+000
  4.8653293e+000  4.8105915e+000
  1.3688748e+000  6.8328154e+000
  9.1468169e+000  8.9135479e+000
  8.1185518e-001  3.7600535e+000
  5.3387587e+000  2.1710241e+000
  4.2874139e+000  8.8028055e+000
  8.7430079e+000  2.2512567e+000
  7.5296918e+000  1.1194558e+000
  1.1353541e+000  7.1781346e+000
  5.3181694e+000  4.5550189e+000
  9.2071509e+000  4.9069811e+000
  2.4221465e+000  7.8165487e+000
  8.9064881e+000  1.8222318e+000
  6.9749849e+000  1.7559082e+000
  2.6119530e+000  1.4858783e+000
  7.4940186e+000  6.2854205e+000
  7.6712255e+000  7.2923912e+000
  8.2777078e+000  9.9175687e-001
  9.0840452e-001  8.5380544e+000
  8.8476173e+000  6.5821374e+000
  6.5912909e+000  3.8385817e+000
  1.6225362e+000  2.1939925e+000
  1.6402985e+000  3.0848413e+000
  4.4653846e+000  2.5764467e+000
  4.9343845e+000  4.4221620e+000
  5.1836153e+000  1.2079054e+000
  8.6379983e+000  7.7342707e+000
  8.7080661e+000  7.0397864e+000
  9.1565580e+000  8.5658923e+000
  6.8676232e+000  7.7580588e+000
  5.3945813e+000  6.0698458e+000
  8.7183237e+000  6.0151854e+000
  9.0266390e+000  5.0426539e+000
  9.5353845e+000  9.0665006e+000
  7.2096012e+000  8.0199257e+000
  5.4142116e+000  2.6762943e+000
  8.8426784e+000  5.9383976e+000
  7.8863511e-001  8.8970688e+000
  3.7987716e+000  9.1054049e+000
  3.6909841e+000  8.9553432e+000
  2.5785632e+000  2.1970775e+000
  9.0317495e+000  4.6613162e+000
  6.6901258e+000  4.3957924e+000
  1.5685177e+000  1.8415414e+000
  9.2379261e+000  7.6876580e+000
  2.0804788e+000  4.0909751e+000
  4.8705109e+000  8.0095684e+000
  4.7861484e+000  1.3913712e+000
  7.7802717e-001  9.1986241e+000
  7.1578862e+000  1.2492182e+000
  1.6481043e+000  3.6389748e+000
  3.0274083e+000  2.1947147e+000
  9.1177558e+000  6.0471045e+000
  1.7459840e+000  6.7694343e+000
  7.0535864e+000  8.0482967e+000
  6.8817789e+000  1.0353575e+000
  9.0957467e+000  4.5011058e+000
  8.8276730e+000  2.5053950e+000
  3.3743490e+000  1.6148638e+000
  7.7627226e+000  9.0372770e+000
  1.2363136e+000  7.5858876e+000
  6.9661408e+000  1.5923216e+000
  5.0757704e+000  4.5006800e+000
  9.0823221e+000  5.4621250e+000
  8.5791565e-001  8.5596921e+000
  6.9958258e+000  4.2320923e+000
  3.3099749e+000  9.0508011e+000
  9.7736130e-001  6.1493343e-001
  3.6428277e+000  8.8061607e-001
  2.0478326e+000  4.9884535e+000
  7.1620227e+000  5.0461158e+000
  6.8524925e-001  2.1099939e+000
  8.0194947e+000  7.8508359e+000
  1.4591833e+000  8.3562925e+000
  9.2560867e+000  6.9306850e+000
  7.1467972e+000  8.9995666e+000
  3.8079430e+000  9.0057436e+000
  9.1606930e+000  8.9210399e+000
  7.3776144e+000  1.7686825e+000
  7.0577771e+000  8.6346591e+000
  8.9332328e+000  2.3631676e+000
  1.5474487e+000  4.0953072e+000
  2.2871841e+000  9.2292651e+000
  9.1510230e+000  2.8578273e+000
  8.9296764e+000  3.9019507e+000
  3.0936139e+000  1.5302622e+000
  5.1242141e+000  4.2704457e+000
  7.8902230e+000  4.5546480e+000
  3.0321334e+000  8.9583926e+000
  9.0838120e+000  7.2261273e+000
  3.4841039e+000  1.1366494e+000
  4.1423200e+000  2.6277191e+000
  6.0017310e+000  6.4135145e+000
  3.8884573e+000  9.0311764e+000
  8.5188111e+000  3.8068481e+000
  3.4477773e+000  9.3514656e+000
  5.8956404e+000  1.9769886e+000
  3.3703301e+000  9.1354400e+000
  1.0566033e+000  2.0333237e+000
  2.0834256e+000  4.8065518e+000
  4.9758233e+000  8.0768541e+000
  6.1050960e+000  5.6716644e+000
  4.9355905e+000  4.4668514e+000
  6.1884117e-001  3.0522856e+000
  6.8367021e+000  8.6533668e+000
  3.7659256e+000  8.6275028e+000
  8.7595640e+000  1.5711503e+000
  5.2171628e+000  3.4986333e+000
  8.2979830e+000  5.8131786e+000
  9.4088535e-001  6.8916908e+000
  9.7205640e-001  1.3796830e+000
  6.0575770e+000  3.1738951e+000
  7.8648963e+000  2.0806351e+000
  4.6788359e+000  2.5780244e+000
  1.2516572e+000  1.4670620e+000
  8.8101158e-001  8.4673245e+000
  1.5323871e+000  4.4099552e+000
  9.3039498e+000  1.0578909e+000
  4.5817371e+000  8.9137688e+000
  9.0642443e+000  9.0806578e-001
  6.2911921e+000  1.1193017e+000
  2.1890436e+000  4.1007960e+000
  1.7255164e+000  4.2280095e+000
  5.0932549e+000  8.3395836e-001
  3.2298763e+000  1.3999367e+000
  8.4709554e+000  5.4104667e+000
  3.2086460e+000  2.7007647e+000
  5.9432649e+000  4.1912814e+000
  9.0904150e+000  4.8357943e+000
  3.0828655e+000  8.9916908e+000
  6.6320323e+000  7.9351661e+000
  5.7371417e+000  7.3181400e-001
  5.5728046e+000  5.6740847e+000
  3.2562432e+000  1.3133143e+000
  7.9028404e+000  8.6522754e+000
  9.0820510e+000  6.8794489e+000
  7.8524243e+000  4.8029537e+000
  1.5540753e+000  7.5509853e+000
  5.9117515e+000  7.6704455e-001
  1.4985989e+000  9.2827508e+000
  1.6025095e+000  6.9267545e+000
  7.2857356e+000  7.0397255e+000
  1.0682675e+000  7.4592811e+000
  2.4718501e+000  1.1179744e+000
  6.2251374e+000  8.2949747e+000
  5.0376132e+000  2.6641186e+000
  2.5481389e+000  3.8321492e+000
  2.9047011e+000  3.9506254e+000
  4.9828221e+000  2.2835023e+000
  8.7104088e+000  1.0587007e+000
  9.0864284e+000  7.9197895e-001
  8.7953835e+000  5.1601526e+000
  5.7643948e+000  7.5152115e+000
  7.0818034e+000  9.4600310e-001
  7.1435977e+000  6.8674160e+000
  5.1646651e+000  2.6272027e+000
  8.7952825e+000  6.7854428e+000
  3.1890152e+000  1.0892122e+000
  3.8753986e+000  6.3643974e+000
  1.4623053e+000  3.0330681e+000
  1.6770119e+000  4.2122399e+000
  5.2747890e+000  3.0853513e+000
  6.9030395e+000  2.1604627e+000
  1.8706093e+000  2.3012064e+000
  7.4886323e+000  7.8658450e+000
  9.1734033e+000  8.8348511e-001
  4.8290915e+000  4.1516097e+000
  8.8298741e+000  9.5498951e-001
  1.6941574e+000  1.3428284e+000
  5.0485240e+000  7.9518913e+000
  4.9518553e+000  5.6037808e+000
  9.3354007e+000  8.7382299e+000
  7.2387543e+000  6.9332472e+000
  1.6654846e+000  3.8324352e+000
  5.1906802e+000  2.9050547e+000
  4.9858120e+000  2.1884001e+000
  7.1677132e+000  8.8746556e+000
  7.5288636e+000  9.6136163e-001
  3.4617463e+000  4.5118013e+000
  5.0014883e+000  3.9887302e+000
  8.7641408e+000  4.6271434e+000
  6.6571972e+000  3.8923235e+000
  9.0541765e+000  3.9185225e+000
  3.8009459e+000  4.1130891e+000
  3.3573890e+000  3.2233687e+000
  2.8556262e+000  3.3721947e+000
  8.0507389e+000  5.8746805e+000
  1.8695779e+000  6.3955840e+000
  8.8487161e+000  1.9078561e+000
  6.6266669e+000  8.9102329e+000
  8.9752345e+000  5.0916054e+000
  5.3971928e+000  4.1666183e+000
  6.8908748e+000  5.6714319e+000
  1.2820945e+000  4.2712489e+000
  3.0375569e+000  8.3220400e+000
  8.2208628e+000  1.1393490e+000
  8.0648630e+000  7.6076519e+000
  8.9942920e+000  5.0743548e+000
  1.9762436e+000  1.8875709e+000
  2.6105204e+000  4.1016575e+000
  4.4114019e+000  4.0309834e+000
  5.3440586e+000  7.1415306e+000
  7.8863214e+000  7.0090978e+000
  4.9610740e+000  6.7531894e+000
  1.3309933e+000  1.1067579e+000
  1.1363492e+000  7.1985756e+000
  3.0733485e+000  8.9213674e+000
  1.6833179e+000  4.7978377e+000
  4.7389978e+000  2.0243786e+000
  6.7641509e-001  8.9834973e+000
  2.2433943e+000  8.7343271e+000
  1.3001121e-001  8.9780412e+000
  6.4267174e+000  1.1415387e+000
  8.3839147e+000  6.3614298e+000
  1.1161640e+000  7.3960243e+000
  8.9813185e+000  9.4821486e+000
  6.4426165e+000  2.1058772e+000
  1.4587919e+000  7.0976471e+000
  6.7251981e-001  9.3150048e+000
  6.0041659e+000  5.4456273e+000
  3.2141873e+000  7.9189402e+000
  1.2302277e+000  1.8182684e+000
  6.8128956e+000  3.9544557e+000
  7.1770421e+000  5.1988931e+000
  8.3499946e+000  8.5900835e+000
  2.8542626e+000  8.3374536e+000
  2.1555412e+000  1.0091888e+000
  1.3640231e+000  7.2803303e+000
  2.2919373e+000  7.2374820e+000
  3.0256879e+000  1.0210480e+000
  6.5030144e+000  4.1162268e+000
  6.5739548e-001  4.2747361e+000
  5.0794149e+000  2.4345126e+000
  7.4618025e+000  4.2829138e+000
  5.8571220e+000  6.5760631e+000
  4.6904975e+000  4.6730187e+000
  8.9955177e-001  2.0723419e+000
  6.3158987e+000  3.2819548e+000
  1.4501136e+000  7.0597112e+000
  7.2319536e+000  1.0245822e+000
  1.4262329e+000  7.5412369e+000
  7.4002720e-001  8.0499062e+000
  9.6726428e+000  9.6657236e+000
  2.6024436e+000  3.8570165e+000
  3.2736651e+000  9.1062541e+000
  5.0165615e+000  4.9534116e+000
  1.1446040e+000  7.7943468e+000
  1.7104323e+000  6.4604037e+000
  8.7202593e-001  8.6446563e+000
  6.3050525e+000  9.7548650e-001
  3.3726698e+000  9.9616771e-001
  4.9482852e+000  3.9306470e+000
  4.9673416e+000  4.4367723e+000
  8.3587840e-001  1.2891196e+000
  5.0235149e-001  9.1342918e+000
  1.5591571e+000  4.2976688e+000
  1.1960095e+000  3.4726760e+000
  4.9799748e+000  2.5190669e+000
  1.0878913e+000  6.1810924e-001
  1.4206336e+000  8.6144515e+000
  4.0237900e+000  6.6391398e+000
  4.5351805e+000  6.4868534e+000
  7.0810009e+000  4.3826161e+000
  5.0806452e+000  5.0877021e+000
  8.0393339e+000  5.7506529e+000
  8.7672664e+000  1.8547662e+000
  2.0901265e+000  4.9303086e+000
  6.6863119e+000  8.3318514e+000
  6.4596858e+000  1.9555137e+000
  4.7759465e+000  4.3357630e+000
  1.5213007e+000  7.1037654e+000
  3.7171150e+000  9.0482347e+000
  5.0648139e+000  8.9379468e+000
  6.8309265e+000  5.8009136e+000
  8.1815934e+000  9.6942770e-001
  1.0078749e+000  1.3798536e+000
  4.6581933e+000  5.3509744e+000
  5.4648890e+000  2.2085191e+000
  5.1115073e+000  1.1963327e+000
  6.2394299e+000  6.3794389e+000
  6.4705969e+000  8.7896538e+000
  1.2114359e+000  6.6414159e-001
  5.8766246e+000  7.7666611e+000
  4.8740508e+000  8.9720488e+000
  5.5926620e-001  8.6645409e+000
  7.6128258e+000  7.0697910e+000
  6.7320519e+000  7.5853378e+000
  4.3309030e+000  5.5456874e+000
  1.7424411e+000  6.3742131e+000
  9.4145085e+000  3.1478554e+000
  8.9076523e+000  4.6809424e+000
  5.2828309e+000  7.9481165e+000
  1.2847942e+000  3.9602971e+000
  3.6716456e+000  1.2348956e+000
  3.2431481e+000  8.6719890e+000
  5.9142492e+000  3.1981374e+000
  6.1262647e-001  9.6686364e+000
  5.6370187e+000  2.7838476e+000
  2.6921661e+000  9.2347093e+000
  9.0793216e+000  8.1211645e+000
  8.2238020e+000  1.0364270e+000
  6.8418153e+000  2.5506631e+000
  9.3927320e+000  2.9832277e+000
  9.1237675e+000  9.0132892e+000
  2.9154948e+000  5.3752642e+000
  5.4966758e+000  2.4911233e+000
  6.7170174e+000  7.5471975e+000
  7.4018268e+000  7.7831026e+000
  5.1490992e+000  3.8069599e+000
  9.6272128e+000  9.2128187e+000
  6.8946149e+000  2.0491562e+000
  8.3635823e+000  6.9671516e+000
  6.9199551e+000  2.1233740e+000
  7.2792184e+000  4.4467677e+000
  6.7120480e+000  9.0105845e+000
  5.3967708e+000  5.4495218e+000
  1.9466834e+000  1.1126964e+000
  4.1909545e+000  3.0972220e+000
  8.2776784e+000  1.0512255e+000
  9.7762425e-001  8.6219893e+000
  5.6941367e+000  6.2452179e-001
  9.0742566e+000  6.0525111e+000
  3.6273129e+000  8.9192616e+000
  3.7692794e+000  6.8051211e+000
  1.4599763e+000  8.6101984e+000
  6.5423138e+000  4.3034271e+000
  8.5066325e-001  1.6735235e+000
  8.7575997e+000  1.1105965e+000
  1.9049421e+000  5.9460464e+000
  4.0795103e+000  9.0619890e+000
  6.3274094e+000  3.8505983e+000
  4.5891783e+000  8.8390064e+000
  6.7224197e+000  8.7654925e+000
  3.3945347e+000  3.8111463e+000
  2.1380765e+000  9.2975073e+000
  3.3686650e+000  6.5332790e+000
  4.1810728e+000  1.8780639e+000
  8.9107503e+000  5.9255114e+000
  5.1097204e+000  8.9718315e+000
  4.8444048e+000  3.4391246e+000
  2.4934038e+000  5.5462911e+000
  4.8143671e+000  8.3529867e+000
  5.4436612e+000  3.2872466e+000
  4.4414769e+000  5.5574331e+000
  1.2355153e+000  4.8967006e+000
  1.8494759e+000  3.5125631e+000
  4.4273033e+000  8.9539289e+000
  3.2194711e+000  8.7230870e+000
  7.9593825e+000  1.7641999e+000
  5.0991906e+000  2.2630422e+000
  4.3400095e+000  7.3466955e+000
  8.2678897e+000  7.6978072e+000
  7.5003339e+000  9.1449513e+000
  7.4283825e+000  1.1435655e+000
  9.0328237e+000  6.7430567e+000
  1.1528371e+000  4.2569246e+000
  9.3252936e+000  3.4318924e+000
  2.9428828e+000  7.6880089e+000
  4.7846785e+000  6.6910232e+000
  6.7863865e+000  7.7110630e+000
  5.5814323e+000  5.6926704e+000
  8.9155960e-001  9.0226056e+000
  7.2946758e-001  2.3728779e+000
  3.8888600e+000  1.0156503e+000
  6.9782244e+000  3.7420526e+000
  8.8226679e+000  2.8654706e+000
  1.0787043e+000  1.7198188e+000
  3.1379768e+000  2.2701273e+000
  6.6630902e+000  4.7558644e+000
  5.0225359e+000  3.3002847e+000
  6.5246103e+000  5.9240457e+000
  2.4799658e+000  6.9312691e+000
  6.3235592e+000  7.2243493e+000
  3.0151582e+000  1.0261862e+000
  3.9510168e+000  9.3233569e+000
  7.2732098e+000  5.8338046e+000
  2.8642589e+000  8.9353568e+000
  7.7341174e+000  8.8922388e+000
  6.7634407e-001  4.1040716e+000
  8.2047240e+000  8.7387620e+000
  4.7417176e+000  3.8531192e+000
  1.2785614e+000  5.7916831e+000
  1.6898395e+000  5.8412905e+000
  1.3081152e+000  1.6318977e+000
  4.9360212e+000  5.4467912e+000
  8.9642561e+000  2.9272525e+000
  1.1231066e+000  6.8619491e+000
  7.0532135e+000  2.2763940e+000
  2.0758916e+000  2.7551213e+000
  8.8091175e+000  2.2006790e+000
  8.1168928e+000  7.3934324e+000
  5.8427874e+000  2.6201819e+000
  5.0151224e+000  6.6160455e+000
  5.7340105e+000  1.7225417e+000
  8.6315186e+000  1.4284060e+000
  5.4929786e+000  7.8253040e+000
  1.3689091e+000  7.2555503e+000
  8.4703098e-001  3.9280450e+000
  3.0419981e+000  1.6608793e+000
  8.7575890e+000  1.7924632e+000
  3.2473832e+000  8.7537127e+000
  2.9618373e+000  1.2520905e+000
  6.6208487e+000  5.3064092e+000
  7.2404342e+000  6.4858587e+000
  5.3064765e+000  2.5175917e+000
  9.1285373e+000  4.6383459e+000
  4.6207064e+000  6.0077047e+000
  1.9386597e+000  4.0438145e+000
  1.4059127e+000  1.4006432e+000
  9.3730493e+000  8.9054559e+000
  7.4173987e+000  7.7748917e-001
  7.4844547e+000  8.6857895e-001
  9.1677656e+000  5.4849533e+000
  9.0372294e+000  6.8084793e+000
  5.2643068e+000  3.4249150e+000
  3.8798753e+000  1.3574848e+000
  9.3934275e+000  8.5700819e+000
  2.7359315e+000  1.2977006e+000
  5.1677637e+000  8.1550243e+000
  2.6207870e+000  4.6546091e+000
  6.2521389e+000  3.9018629e+000
  6.5604652e+000  9.0554414e+000
  8.6239842e+000  5.3745195e+000
  4.8175120e+000  3.8856498e+000
  4.8951613e+000  3.7649005e+000
  2.0671356e+000  2.4416343e+000
  1.7922773e+000  3.9933429e+000
  6.2656501e+000  7.7882244e-001
  1.9871714e+000  4.9218029e+000
  6.9777592e+000  6.4867940e+000
  2.5476953e+000  3.5280386e+000
  3.0778794e+000  9.6364967e-001
  6.0005424e+000  2.2504817e+000
  6.6078424e+000  7.9815911e+000
  2.8746466e+000  9.4228646e-001
  8.2537212e-001  8.3943543e+000
  7.6225834e+000  6.6924947e+000
  3.4264096e+000  8.2853080e+000
  6.7496656e-001  7.3527728e+000
  7.9342011e+000  3.4678226e+000
  1.1856456e+000  7.5499274e+000
  5.2921759e+000  7.7553823e+000
  5.6409100e+000  7.6762171e+000
  1.2851294e+000  5.0785691e+000
  4.2737591e+000  3.7743926e+000
  8.5559946e+000  6.6508781e+000
  1.3176555e+000  7.1469754e+000
  6.4444840e+000  7.1839836e+000
  1.4241181e+000  6.4522636e+000
  1.6205091e+000  6.5018693e+000
  9.1118080e+000  8.2830224e+000
  6.0034011e+000  7.2906703e+000
  8.2453902e+000  2.1165350e+000
  8.3049668e+000  6.2960552e+000
  5.6633683e-001  3.6821201e+000
  6.4945194e+000  6.0681722e+000
  3.6800371e+000  6.2909880e+000
  7.0904862e+000  8.8816853e+000
  3.5918279e+000  4.5661533e+000
  6.7701804e+000  1.2071576e+000
  5.8068634e+000  4.0798906e+000
  3.1959013e+000  4.6473221e+000
  8.3231162e+000  2.2939743e+000
  2.2179067e+000  8.6986556e+000
  1.3023267e+000  7.3077200e+000
  4.7311930e+000  3.2766809e+000
  1.0015687e+000  7.0143262e+000
  1.9340198e+000  6.5979648e+000
  6.2796790e+000  1.0964688e+000
  1.0397978e+000  7.2833037e+000
  9.5844180e+000  8.8919202e-001
  8.9822475e+000  6.1408678e+000
  1.1192703e+000  1.9595256e+000
  4.0665954e+000  8.9676981e+000
  9.2785252e+000  6.5878807e+000
  1.0710922e+000  1.5757904e+000
  5.0596620e+000  5.8519790e+000
  4.0651188e+000  8.9853129e+000
  5.1809580e+000  8.7291839e-001
  9.3118371e+000  5.7677355e+000
  1.5564934e+000  1.0432579e+000
  6.7230126e+000  8.4281162e+000
  8.1219229e+000  2.1982853e+000
  5.0575227e+000  9.0462608e+000
  1.5600251e+000  6.0633176e+000
  6.9820764e+000  6.3147364e+000
  2.0985014e+000  8.5299930e+000
  8.3121047e-001  3.7957009e+000
  5.1290683e+000  9.8517722e-001
  9.0333773e+000  3.8364950e+000
  6.6464548e+000  3.6629981e+000
  9.4669589e+000  5.8318718e+000
  6.3518031e+000  5.1565134e+000
  8.9417651e+000  2.2851811e+000
  8.4548896e+000  9.1576405e+000
  3.6180617e-001  9.1759932e+000
  8.3061134e+000  1.1147322e+000
  1.0706374e+000  4.4215560e+000
  3.4755969e+000  1.2162894e+000
  4.9358663e+000  2.6524331e+000
  9.4611912e+000  8.5931514e+000
  3.7178542e+000  9.0604804e+000
  6.7752714e+000  9.2064658e+000
  4.7802899e+000  4.1703735e+000
  7.1823843e+000  9.3352942e+000
  1.9063822e+000  7.6812190e+000
  8.7400383e+000  1.4342648e+000
  2.9949989e+000  1.3597334e+000
  6.9017103e+000  5.9737194e+000
  1.4327029e+000  6.8897878e+000
  1.1400210e+000  1.0549796e+000
  5.2872295e+000  8.4640974e+000
  8.2923342e+000  2.7677850e+000
  3.1984738e+000  4.2907753e+000
  3.1656630e+000  1.2610287e+000
  8.6730066e+000  8.5105891e+000
  8.5355061e+000  2.4767997e+000
  2.8999701e+000  5.0111350e+000
  6.0554056e-001  5.0053924e+000
  3.2839262e+000  5.0400497e+000
  5.3188176e+000  9.0090514e+000
  3.0346340e+000  4.7907703e+000
  5.3479936e+000  2.8225085e+000
  6.4749191e+000  5.8465273e+000
  5.3529944e+000  7.2177217e+000
  5.6255186e-001  4.1037452e+000
  1.0505203e+000  4.1185566e+000
  6.0448749e+000  6.0822982e+000
  3.4976935e+000  1.4553993e+000
  6.9457856e+000  1.3269144e+000
  7.1878906e+000  7.0567295e-001
  8.9386446e+000  7.5163773e+000
  8.8314064e-001  4.0007999e+000
  1.3031713e+000  3.8527181e+000
  7.3509450e+000  1.0732523e+000
  7.2177924e+000  7.1319387e+000
  2.6046174e+000  9.1030698e+000
  2.9273644e+000  1.9259732e+000
  8.1746356e+000  8.7043726e+000
  7.6453220e+000  7.0914427e+000
  7.8351777e+000  2.2836523e+000
  2.8706554e+000  7.7647694e+000
  3.1989628e+000  1.1153097e+000
  3.3970099e+000  8.8520506e+000
  6.2776922e+000  8.5282834e+000
  5.4504087e+000  3.2700547e+000
  6.9014275e+000  7.9446935e+000
  9.2297176e-001  4.9848043e+000
  9.2430559e+000  6.8419326e+000
  3.6349450e+000  8.9656566e+000
  2.3560057e+000  2.8854114e+000
  5.5608162e+000  5.5037466e+000
  7.7439108e+000  5.1952922e+000
  2.8434187e+000  4.5419552e+000
  9.0535377e+000  9.0011667e+000
  8.9441983e+000  2.3532294e+000
  7.3943601e+000  9.1187602e+000
  4.4211335e+000  1.2995249e+000
  6.3103197e+000  7.4138072e+000
  5.0172392e+000  4.0669173e+000
  8.4192082e+000  2.7831523e+000
  3.8483140e+000  1.0771008e+000
  6.9412980e+000  5.0961983e+000
  6.3479449e+000  7.3325877e+000
  5.4670634e+000  5.6248368e+000
  3.1757345e+000  8.9599940e+000
  3.3061244e+000  8.8848822e+000
  7.2142915e+000  4.4281231e+000
  8.7932703e+000  2.8419495e+000
  3.7562560e+000  8.8029266e+000
  1.0973690e+000  5.0153962e-001
  6.0371365e+000  9.0902308e+000
  4.3480747e+000  5.1227637e+000
  6.5976823e+000  8.9169019e+000
  5.3863041e+000  8.4830775e+000
  1.3869822e+000  5.8092686e+000
  9.5640105e+000  8.8948953e+000
  1.2693362e+000  6.7378609e+000
  4.4261424e+000  4.2507575e+000
  1.0054145e+000  7.6580075e+000
  1.7805098e+000  5.2116838e+000
  7.1432464e+000  2.9238283e+000
  3.9439747e+000  6.3978361e+000
  8.7932667e+000  2.4395531e+000
  2.7370477e+000  1.0607672e+000
  5.8409563e+000  7.9915498e+000
  9.1217931e+000  3.8238133e+000
  6.0041488e+000  6.5062233e+000
  2.9984006e+000  3.8022260e+000
  3.5112515e+000  7.5641118e+000
  6.5960440e+000  3.3118537e+000
  9.1430160e-001  8.0265052e+000
  1.1816747e+000  7.4553316e+000
  3.1959766e+000  1.3822049e+000
  5.8465039e+000  9.3964585e-001
  9.1799933e+000  2.7276437e+000
  4.5256267e+000  8.8953552e+000
  6.6099486e+000  1.9626733e+000
  1.8923617e+000  9.3721201e+000
  4.3305658e+000  8.3281253e+000
  4.2761085e-001  9.5179167e+000
  6.7124238e+000  5.7175454e+000
  8.8842151e+000  7.2996111e+000
  4.9818598e+000  6.7190847e+000
  6.3544945e+000  4.6298820e+000
  9.0215381e+000  4.7224314e+000
  8.5405985e+000  1.6963628e+000
  4.4966524e+000  2.2424924e+000
  9.2067549e+000  8.4339610e+000
  9.9477680e-001  7.2532795e-001
  6.7703027e-001  9.1002074e+000
  1.4694411e+000  4.2852832e+000
  6.5876614e+000  8.7063027e-001
  1.0563609e+000  7.0165640e+000
  6.4452981e+000  5.3863859e+000
  4.8637768e-001  7.0269564e+000
  1.0798677e+000  4.1461935e-001
  7.0555771e+000  9.0921160e+000
  8.8174769e+000  3.3435667e+000
  5.8287683e+000  7.2940327e-001
  4.3569459e+000  4.3296320e+000
  7.7991504e-001  4.5529413e+000
  6.8748152e+000  6.2253065e+000
  9.0749301e+000  8.8055844e+000
  7.1810477e+000  6.3785164e+000
  7.7657851e+000  8.6207218e+000
  8.5880860e+000  7.0283024e+000
  1.0754121e+000  1.7876826e+000
  7.4094240e+000  5.6995941e+000
  9.2948688e-001  3.4065848e+000
  5.2766316e+000  7.3979089e+000
  7.5562516e-001  4.2783709e+000
  5.0323515e+000  9.0686131e+000
  4.7656026e+000  5.4652441e+000
  3.7736479e+000  9.4068069e-001
  3.2206907e+000  8.7756270e+000
  1.6722218e+000  3.6161914e+000
  2.9652140e+000  9.0680102e+000
  9.7955788e-001  4.2631886e+000
  1.4170653e+000  4.6127746e+000
  9.2242564e+000  3.0085697e+000
  9.0408732e+000  2.4645210e+000
  9.2835415e+000  9.3940057e+000
  8.5909649e+000  5.5262136e+000
  3.2203744e+000  1.2751182e+000
  2.7129825e+000  8.8381454e+000
  8.8138010e+000  2.8355494e+000
  4.9985397e+000  4.2027252e+000
  3.6905300e+000  3.8262835e+000
  8.3592475e+000  1.3593298e+000
  1.2876422e+000  7.8905384e+000
  5.1977156e+000  3.7483376e+000
  9.3310775e+000  2.6874915e+000
  2.8356829e+000  8.7610265e+000
  9.3228801e+000  8.9633942e+000
  9.1381133e+000  5.8136030e+000
  6.7864191e+000  1.5775121e+000
  2.2021627e+000  2.1259866e+000
  4.7564402e+000  4.4655459e+000
  3.1170516e+000  1.6869135e+000
  2.2652241e+000  5.9276496e+000
  8.8241168e-001  6.4660781e+000
  6.5959342e+000  9.0204272e+000
  2.5803572e+000  6.7537987e+000
  7.1994217e+000  1.9653696e+000
  8.6995168e+000  7.4546939e+000
  6.5908172e+000  3.4655036e+000
  8.2933614e+000  5.0943595e+000
  4.1170292e+000  5.8967438e+000
  6.1732773e-001  4.3652361e-001
  1.0159356e+000  3.9932893e+000
  5.9887854e+000  2.9015362e+000
  1.2200615e+000  4.0897703e+000
  5.6345198e+000  3.6215863e+000
  1.7680701e+000  4.3293730e+000
  2.5713513e+000  9.0264010e+000
  7.5286242e+000  7.6491617e+000
  3.1855630e+000  5.1266577e+000
  3.2986090e+000  1.3046781e+000
  1.3859842e+000  8.5205434e-001
  7.1239653e+000  7.9486932e-001
  1.1594583e+000  6.7848826e+000
  7.6101624e+000  1.6297337e+000
  9.9086749e-001  4.2710088e+000
  4.4920030e+000  4.1725397e+000
  9.2343755e+000  9.3533189e+000
  7.9144436e+000  3.7010365e-001
  8.1801773e+000  1.0205213e+000
  6.4154548e+000  1.5272432e+000
  2.6066295e+000  8.6333742e+000
  8.5778000e+000  2.8023906e+000
  6.0174179e+000  5.8147733e+000
  4.5684301e-001  1.9743764e+000
  3.1546988e+000  8.9135581e+000
  5.2615939e+000  5.4367623e-001
  4.7889650e+000  7.5423197e+000
  1.1095165e+000  9.1058482e-001
  6.9433456e+000  8.9937925e+000
  2.7588459e+000  4.8043498e+000
  7.1698681e-001  4.2407888e+000
  8.2054648e+000  8.6188481e+000
  5.9754538e+000  1.3895056e+000
  3.2703435e+000  2.2519775e+000
  1.8177104e+000  8.4053370e+000
  2.0041657e+000  6.2923906e+000
  7.6420650e+000  2.4001858e+000
  5.2513529e+000  3.0901657e+000
  8.0499969e+000  3.6540651e+000
  6.4106014e+000  8.2166546e+000
  1.9451176e+000  7.8243372e-001
  8.9525663e+000  5.6182926e+000
  7.4444613e+000  9.2545809e+000
  5.5551099e+000  2.5642868e+000
  9.0195206e+000  6.0953007e+000
  6.3964085e+000  6.2096867e+000
  2.2170732e+000  8.0138794e+000
  9.0444900e+000  9.3990094e+000
  9.3881852e+000  8.7195120e+000
  3.1229628e+000  8.5713763e+000
  5.1923788e+000  2.1205744e+000
  1.1254254e+000  4.4804931e+000
  5.0095352e-001  4.3511852e+000
  7.3723519e+000  8.6141550e+000
  4.6317589e+000  5.5713865e+000
  6.2811216e+000  2.0275370e+000
  8.4556136e-001  5.8762508e+000
  6.7877095e+000  8.0064824e+000
  4.2603152e+000  8.9744857e-001
  5.1464393e+000  4.6650409e-001
  9.1511510e+000  2.8813372e+000
  5.9073164e+000  3.2041482e+000
  8.1704290e+000  1.1956981e+000
  7.6111200e+000  5.4609527e+000
  8.4227553e+000  5.1041608e+000
  6.8122238e+000  5.8217945e+000
  3.2565615e+000  2.9920366e+000
  2.7637974e+000  3.7966672e+000
  2.3893212e+000  2.2043632e+000
  1.3380518e+000  7.0295203e+000
  6.6668175e+000  4.2769607e+000
  2.5816609e+000  8.6134317e+000
  5.0435171e+000  2.7516944e+000
  1.3591246e+000  6.5816671e+000
  8.9473845e+000  2.4261005e+000
  7.4303398e+000  2.1830437e+000
  2.8247949e+000  8.1451340e+000
  1.4544808e+000  1.8934390e+000
  8.9990675e+000  8.3109931e+000
  3.7416615e+000  1.7554481e+000
  3.7997546e+000  3.2735079e+000
  9.1715047e+000  2.7816101e+000
  1.3569598e+000  4.1567341e+000
  9.6671441e+000  8.4750350e+000
  8.3669676e+000  1.7688453e+000
  3.5366783e+000  2.2279310e+000
  4.5699184e+000  2.1709202e+000
  6.4029457e+000  2.5807169e+000
  4.3713602e+000  9.1220441e+000
  8.8857605e+000  6.7669168e+000
  4.4894364e+000  4.3584338e+000
  2.0875903e+000  7.6854287e+000
  3.8611190e+000  9.2669035e+000
  9.0533154e+000  1.4452131e+000
  3.3570180e+000  9.1694687e+000
  9.0125667e+000  4.2591416e+000
  9.2715151e+000  6.2103609e+000
  7.7001664e-001  1.7986073e+000
  1.2445446e+000  7.0129756e+000
  6.7935471e+000  8.4686678e+000
  8.5096523e+000  4.1373813e+000
  1.8883245e+000  4.1541739e+000
  1.0711303e+000  1.8393408e+000
  2.3801443e+000  5.6188936e+000
  5.6112265e+000  3.0891861e+000
  4.9480767e+000  4.4311764e+000
  4.6880418e+000  7.3769543e+000
  7.3277364e+000  4.7895760e+000
  5.0693687e+000  9.1667107e+000
  6.2462411e+000  6.1818464e+000
  8.5854755e+000  3.9409808e+000
  9.5468760e+000  9.3425252e+000
  8.6559806e+000  1.0228914e+000
  7.1087272e+000  4.3132933e+000
  8.9001366e+000  4.6112497e+000
  4.4250384e+000  8.8092327e+000
  3.4978626e+000  9.1657934e+000
  8.6882255e+000  2.2549649e+000
  5.6769114e+000  6.1414701e+000
  6.7942412e+000  5.7061522e+000
  6.0383149e+000  8.7310647e+000
  8.2662330e+000  5.3878866e+000
  3.2561183e+000  1.1714421e+000
  7.3480402e+000  4.0847313e+000
  7.8309940e+000  4.4315392e+000
  9.4980192e+000  6.3472884e+000
  6.5222136e+000  1.1442678e+000
  1.8265092e+000  1.3498803e+000
  1.3518876e+000  1.2657539e+000
  7.3354854e+000  9.0798505e+000
  4.7746626e+000  4.7744002e+000
  6.8113582e+000  5.7604541e+000
  9.6936266e+000  8.7074661e+000
  7.9787079e+000  2.6934091e+000
  8.7262951e+000  5.3497472e+000
  5.8218846e+000  1.5421683e+000
  6.5954159e+000  1.0311066e+000
  4.9285661e+000  1.8200516e+000
  5.3504160e+000  3.1934562e+000
  7.2536939e+000  7.5272872e+000
  6.7952161e+000  1.4622862e+000
  1.8167323e+000  5.6504517e+000
  3.3400021e+000  9.2277977e+000
  4.9379613e+000  2.4740770e+000
  8.8467671e+000  2.9981756e+000
  8.9511568e+000  5.2287254e+000
  5.6219037e+000  2.9059411e+000
  3.7647753e+000  8.4626938e+000
  8.9582821e+000  7.6546393e+000
  1.0682830e+000  5.7472320e-001
  8.9147719e+000  2.7109234e+000
  9.1551440e+000  3.3602240e+000
  1.3361280e+000  6.5689940e+000
  3.5268979e+000  4.2634713e+000
  6.3849810e+000  7.0348642e+000
  6.0307480e+000  1.5002045e+000
  7.7326977e+000  1.4466784e+000
  6.8463914e+000  2.5103965e+000
  4.9930838e+000  3.2764000e+000
  7.1871767e+000  1.3293209e+000
  9.0960132e+000  6.6567350e+000
  3.8956360e+000  7.5261058e-001
  7.5928369e+000  5.9265789e+000
  8.7412891e+000  8.8515709e+000
  5.1991953e+000  4.4660706e+000
  3.1559052e+000  1.0651635e+000
  2.4175445e+000  8.7035898e+000
  2.0661635e+000  8.7094784e+000
  2.2507079e+000  1.8411090e+000
  1.2867862e+000  7.4504731e+000
  8.6444352e-001  1.8813909e+000
  1.3242231e+000  7.5082591e+000
  9.8012943e-001  3.8881348e+000
  9.0671662e+000  4.1061275e+000
  3.0295105e+000  9.3130403e+000
  8.4670843e+000  2.4411099e+000
  5.3788121e+000  6.3182710e+000
  2.6904777e+000  6.0629272e+000
  1.6009342e+000  1.5536752e+000
  2.3208685e+000  2.3761535e+000
  4.4997869e+000  1.3878714e+000
  6.2010150e+000  6.0115577e+000
  6.0591472e+000  5.4605160e+000
  7.0506673e-001  7.4483195e+000
  6.2673587e+000  7.8335005e+000
  7.0550272e+000  7.3996529e+000
  3.0848168e+000  2.4880290e+000
  1.3008634e+000  3.9619590e+000
  7.0549701e+000  1.5492550e+000
  4.4972508e+000  3.8850755e+000
  9.1503472e+000  5.1520922e+000
  8.0793551e-001  5.0821849e+000
  5.1347693e+000  3.4850802e+000
  3.3206701e+000  1.2035950e+000
  8.1548814e+000  2.9403007e+000
  4.3742359e+000  5.1108866e+000
  8.4201064e+000  7.1566396e+000
  1.9337464e+000  4.8638068e+000
  1.0016045e+000  4.3831468e+000
  7.4515435e+000  1.4395852e+000
  5.2366181e+000  6.1394400e+000
  3.3166411e+000  3.3849997e+000
  4.5799476e+000  4.3807224e+000
  3.0581418e+000  4.1181783e+000
  6.5463020e+000  6.4468041e+000
  3.3656020e+000  1.0661753e+000
  7.1171252e+000  5.5225372e+000
  1.4715427e+000  6.6156253e+000
  6.1202076e+000  2.4118754e+000
  5.5994349e+000  6.5118762e+000
  4.3008725e+000  5.4137733e+000
  8.0068462e+000  6.9054102e+000
  3.6408728e+000  3.0708368e+000
  7.1814636e+000  4.8398656e+000
  9.0468246e+000  4.7859868e+000
  8.9084640e-001  2.0602272e+000
  3.6960266e+000  9.3059033e+000
  6.5465058e+000  7.3616378e+000
  5.4584023e+000  5.1891641e+000
  1.7205655e+000  7.8073453e+000
  8.7023851e+000  9.2371654e+000
  8.6635204e+000  9.2630477e-001
  9.1666597e+000  5.5064737e+000
  1.3043593e+000  7.1138784e+000
  4.4723225e+000  2.2720368e+000
  3.6096074e+000  8.9291590e+000
  6.9484928e+000  6.8739370e-001
  2.3831995e+000  9.5054295e+000
  7.7963838e+000  1.0200905e+000
  6.8818257e+000  8.9318076e+000
  6.4294362e+000  7.6380731e+000
  4.8860109e+000  4.8723869e+000
  2.6035907e+000  2.7247917e+000
  8.0897185e+000  7.9904665e+000
  7.3005069e+000  3.0095267e+000
  6.7739889e+000  1.4571801e+000
  2.9983596e+000  9.1092356e-001
  6.7314774e+000  7.9515966e+000
  4.9810873e+000  7.7401900e+000
  4.9325677e+000  4.6515136e+000
  1.4633080e+000  8.2365045e-001
  9.2189078e+000  8.0446878e+000
  4.8343287e-001  4.7682111e+000
  1.9920439e+000  4.0208095e+000
  8.0601074e+000  2.0075337e+000
  9.4760326e+000  5.4250449e+000
  7.7310607e+000  6.0673498e+000
  6.9775734e+000  4.7161072e+000
  5.8521064e-001  9.6570829e+000
  4.5562906e+000  6.8565592e+000
  2.5264300e+000  8.5929807e+000
  7.2571890e+000  4.2130428e+000
  8.9477211e+000  6.6053570e+000
  7.2863427e+000  5.9571009e+000
  6.9763467e+000  7.8799102e+000
  5.6638480e+000  3.6171644e+000
  7.1038321e+000  6.9346525e+000
  5.0278984e+000  2.9482815e+000
  8.9423175e+000  5.3990673e+000
  1.3425589e+000  7.9989821e+000
  1.5767233e+000  1.0625578e+000
  2.0103151e+000  6.9498741e+000
  5.2269761e+000  5.2971861e+000
  7.1700955e+000  8.9400358e+000
  5.9238014e+000  7.8559271e+000
  1.1469844e+000  7.1583903e+000
  5.0435939e+000  4.3750717e+000
  6.1660575e-001  9.5035067e+000
  8.8113873e+000  7.1323408e+000
  5.5796592e+000  1.1458057e+000
  1.3743338e+000  1.0597964e+000
  6.9801769e+000  5.7729868e+000
  1.3559051e+000  4.3282613e+000
  1.1849922e+000  7.3549377e+000
  5.4800379e+000  6.0675694e+000
  3.4666440e+000  4.0238261e+000
  9.0911092e+000  4.3110292e+000
  1.3540377e+000  6.7214468e+000
  8.8675797e+000  7.0378834e+000
  6.3911713e+000  4.7325572e+000
  4.6230468e+000  8.9836579e+000
  3.1019991e+000  3.9478390e+000
  5.7480125e+000  6.8591552e+000
  4.0786760e+000  8.9166604e+000
  6.5099307e+000  2.0835916e+000
  6.5449146e-001  4.0839714e+000
  4.3481167e+000  2.1747900e+000
  8.4891126e+000  9.5212724e+000
  1.2524724e+000  6.9393670e+000
  8.4742966e+000  8.2732081e+000
  3.4760780e+000  9.1076416e+000
  4.8678947e+000  2.6196386e+000
  5.1751411e+000  8.6208325e+000
  6.9564593e+000  8.9410409e+000
  9.0206708e+000  2.7810144e+000
  6.3905616e+000  6.3735761e+000
  1.5386134e+000  6.0679407e+000
  6.1702460e+000  8.7969472e+000
  9.2226276e+000  6.5385140e+000
  7.2592597e+000  8.6803283e+000
  7.0222319e+000  5.3148174e+000
  4.4656217e+000  1.9000926e+000
  6.0038791e+000  9.0085030e+000
  8.9602976e+000  1.9049190e+000
  6.2861985e+000  5.0780904e+000
  6.7479881e+000  8.9152934e+000
  2.7905577e+000  1.4397960e+000
  6.6929732e+000  5.2867318e-001
  8.5437108e+000  2.5504941e+000
  5.3925879e+000  7.2804467e+000
  4.7182603e+000  3.0192298e+000
  1.8343794e+000  5.0529555e+000
  1.6396784e+000  5.8149186e+000
  3.4575708e+000  6.8000947e+000
  8.9002137e+000  4.8108130e+000
  5.6534323e+000  2.7423352e+000
  3.9924408e-001  2.5711228e+000
  8.8032098e+000  2.2206162e+000
  7.0795922e+000  8.8673245e+000
  5.6523180e+000  4.5133873e+000
  3.0347662e+000  1.5522894e+000
  7.4348303e+000  5.9462716e+000
  7.5542188e+000  5.8320536e+000
  2.1596315e+000  6.8758597e+000
  3.2025868e+000  9.5101401e-001
  8.0776116e+000  5.9732048e+000
  8.4326083e+000  4.6454095e+000
  1.3046113e+000  8.5980723e+000
  8.6352941e+000  1.7993645e+000
  7.8547998e+000  9.1005157e+000
  7.4525578e+000  8.5571221e+000
  4.6977271e+000  7.5238806e+000
  3.7751004e+000  5.6936205e+000
  4.3930274e+000  9.2530462e-001
  1.9391081e+000  5.6853110e+000
  1.0181876e+000  7.5106026e+000
  8.4337911e+000  1.2886913e+000
  5.3545942e+000  4.4554263e+000
  5.3021481e+000  2.9287592e+000
  7.7795436e+000  6.2348189e+000
  5.0225660e+000  3.7466309e+000
  3.7962677e+000  9.6214683e-001
  1.1878976e+000  8.8822496e+000
  3.2655635e+000  8.3656446e-001
  2.7700862e+000  5.9291231e+000
  4.7040372e+000  8.3753884e+000
  6.3230645e+000  5.6286154e+000
  1.8220516e+000  8.8389564e+000
  7.4521071e-001  6.1641949e+000
  4.3055865e+000  3.9173843e+000
  2.3967157e+000  9.0978690e-001
  1.0433122e+000  8.6665368e+000
  8.8423300e+000  1.4664945e+000
  7.6644146e+000  5.8782602e+000
  4.6246422e+000  4.0650073e+000
  4.4038356e+000  9.2311565e+000
  1.1624146e+000  6.9975818e+000
  2.3562356e+000  4.5848956e+000
  6.2440675e+000  6.0608040e+000
  2.3632650e+000  2.7945715e+000
  9.5012616e+000  3.5487997e+000
  3.5932794e+000  8.8344407e+000
  9.0185483e+000  2.1474526e+000
  3.9993593e+000  1.9559135e+000
  1.4302690e+000  4.5335537e+000
  3.3369781e+000  9.1456806e+000
  8.8669416e+000  7.7125122e+000
  1.6166228e+000  4.3689588e+000
  3.9449835e+000  1.2008406e+000
  1.0352166e+000  8.9253495e+000
  5.2651673e+000  2.1410269e+000
  2.1099224e+000  4.1577092e+000
  8.3989859e+000  3.4390232e+000
  1.7197567e+000  6.2351200e+000
  7.0207550e+000  6.2442519e+000
  2.3493721e+000  3.3482534e+000
  1.0717269e+000  3.0591495e+000
  5.2141055e+000  8.1341600e+000
  3.2134082e+000  5.1574356e+000
  4.6526326e-001  1.1240494e+000
  2.4997918e+000  5.9807868e+000
  8.9658839e+000  4.2788988e+000
  5.8960840e+000  4.6114409e-001
  3.4204165e+000  1.1999136e+000
  1.3578017e+000  7.7575882e+000
  1.4339373e+000  6.4219242e+000
  6.1654497e+000  2.9620863e+000
  9.1550500e-001  5.3656041e+000
  8.0744385e+000  9.0720802e+000
  3.8227198e+000  4.4338030e+000
  3.7654418e-001  3.6975810e+000
  5.8409826e+000  3.0770676e+000
  2.6272913e+000  1.0499552e+000
  5.3487499e+000  9.4786096e+000
  7.5537592e+000  5.9674069e+000
  7.4616333e+000  5.4438781e+000
  5.1461960e+000  3.4739479e+000
  4.8430609e+000  2.6150626e+000
  4.5005917e+000  1.1070045e+000
  8.2749335e-001  3.4929453e+000
  4.5088904e+000  5.3737925e+000
  6.7240409e+000  4.8233644e+000
  9.0549487e+000  8.9567415e+000
  8.5912901e-001  1.6127200e+000
  2.6418537e+000  1.4945386e+000
  8.8513380e+000  5.4862418e+000
  8.8362956e+000  5.0537667e+000
  1.8622774e+000  3.3830302e+000
  1.0663605e+000  8.2474114e+000
  6.1928321e+000  2.5863216e+000
  6.9181733e+000  8.1358863e+000
  2.1286733e-001  2.0055178e+000
  8.8590076e+000  2.5522201e+000
  2.3000041e+000  2.6840885e+000
  9.3247403e+000  3.2572028e+000
  8.0281862e-001  8.0770861e+000
  1.8368624e+000  6.1277453e+000
  2.5127319e+000  5.2262218e+000
  8.2326138e+000  6.9313021e+000
  1.1968523e+000  1.3634688e+000
  8.4635086e+000  1.6188481e+000
  5.0730539e+000  1.1541000e+000
  6.9451818e-001  8.9348571e+000
  1.0757603e+000  7.7339242e-001
  3.6400187e+000  1.2329963e+000
  3.2080925e+000  9.1321644e+000
  8.9181964e+000  6.8125385e+000
  9.2022200e+000  3.5746669e+000
  3.4804277e+000  8.7900170e+000
  5.5922478e+000  8.0885010e+000
  4.9019291e+000  2.2033251e+000
  3.0578129e+000  1.1886266e+000
  5.2541608e+000  3.4501160e+000
  1.1635504e+000  4.2788564e+000
  5.5176521e+000  1.1918967e+000
  7.8950810e+000  5.1551601e+000
  8.8895539e+000  1.6727312e+000
  6.2476619e+000  1.6393155e+000
  5.9673922e+000  6.8065044e+000
  9.0293957e+000  8.3241232e+000
  7.4398332e+000  1.9907852e+000
  1.0666658e+000  7.3084787e+000
  1.0067341e+000  7.9030768e+000
  5.4609598e+000  5.3348854e+000
  7.1039465e+000  1.0636725e+000
  5.9302280e+000  2.7360898e+000
  4.7295353e+000  3.9549808e+000
  5.6625337e+000  3.6575351e+000
  1.7385874e+000  8.2001766e+000
  1.0496854e+000  3.3369177e+000
  5.1066941e+000  2.3977263e+000
  8.8018014e+000  2.0212483e+000
  5.6865722e+000  6.8612824e-001
  1.1959804e+000  6.7163958e+000
  8.8765178e+000  8.5380117e+000
  3.6536432e+000  9.2714979e+000
  3.2292351e+000  1.2271808e+000
  7.2300683e+000  5.3861269e+000
  9.1054449e+000  5.6676230e+000
  5.6199361e+000  9.5639177e+000
  7.5679078e+000  8.2048996e+000
  5.2113483e+000  3.2981843e+000
  8.5546129e+000  7.4376270e+000
  7.1224617e+000  4.1299688e+000
  1.8576477e+000  6.0465150e+000
  4.2129654e+000  3.9814701e+000
  9.0119620e+000  9.1448201e+000
  9.1333985e+000  7.6776619e+000
  8.4344764e+000  7.7846506e-001
  8.9011685e+000  5.4266194e+000
  1.8337766e+000  5.6451986e+000
  4.8337674e+000  3.6796204e+000
  6.4206578e+000  5.4420667e+000
  8.5499151e+000  1.1142166e+000
  8.5510995e+000  1.4737757e+000
  1.2932644e+000  7.4079537e+000
  4.1408369e+000  9.0677726e+000
  2.7746837e+000  9.2245308e+000
  1.7587475e+000  1.8041899e+000
  1.2351196e+000  7.8135208e+000
  6.8406642e+000  4.5048083e+000
  5.2563151e+000  2.7553584e+000
  1.4867922e+000  1.7963335e+000
  3.7993916e+000  9.1932433e+000
  5.3712986e+000  5.2482644e+000
  3.5644217e+000  5.5977167e+000
  1.3017431e+000  1.5815391e+000
  5.4731742e+000  8.0115205e+000
  5.0051239e+000  4.1581309e+000
  5.0114579e+000  4.4425678e+000
  3.6099406e+000  9.1560837e+000
  9.0387411e+000  6.6209046e+000
  4.7971545e+000  1.3101040e+000
  5.2838963e+000  8.7961664e+000
  6.9625326e+000  9.4063638e+000
  1.3014260e+000  1.6180670e+000
  1.0719993e+000  1.8162702e+000
  1.4919099e+000  5.1031751e-001
  1.7232319e+000  4.2574331e+000
  6.6972934e+000  6.8640979e+000
  4.5959472e+000  7.3505611e+000
  1.0198643e+000  1.6964150e+000
  9.8216188e+000  8.3630569e+000
  1.9397419e-001  3.1028898e+000
  4.9286433e+000  3.0363077e-001
  2.1720006e+000  8.6434822e+000
  5.9819963e+000  3.3676994e+000
  8.2789693e+000  5.4988817e+000
  6.5640284e+000  1.3637116e+000
  1.9187620e+000  6.6085727e+000
  5.2739536e+000  7.5858376e+000
  8.5582341e+000  1.7173850e+000
  1.9145680e+000  8.4033916e+000
  5.0277236e+000  1.5845714e+000
  6.4225701e+000  8.6741361e+000
  7.4510480e+000  6.6840489e+000
  9.1851682e+000  2.7299006e+000
  6.2249548e+000  6.5541189e+000
  7.7449539e+000  8.8956072e+000
  1.5127895e+000  7.0829764e+000
  4.2331526e+000  4.0447727e+000
  6.1892868e+000  3.7290046e+000
  3.5187835e+000  9.2503485e+000
  5.8347261e+000  3.5015386e+000
  7.6622931e+000  4.1167749e+000
  3.4531455e+000  1.8127403e+000
  1.8866665e+000  4.0213007e+000
  5.4708896e+000  2.9710491e+000
  3.8900328e+000  6.2963814e+000
  2.8775425e+000  5.7735617e+000
  5.7826863e+000  1.5529557e+000
  5.9999144e+000  6.5863402e+000
  8.6706944e+000  8.6039356e+000
  2.2564898e+000  5.2943407e+000
  9.0421057e+000  7.4901054e+000
  5.9593431e+000  3.5356868e+000
  6.7048888e+000  8.7063875e+000
  5.1738780e+000  2.9000885e+000
  2.3918698e+000  1.2449082e+000
  9.0737562e+000  3.3505107e+000
  2.7047479e+000  6.6763756e+000
  1.4210890e+000  8.6492582e-001
  2.9461083e+000  1.8666979e+000
  8.6523804e+000  9.6517550e-001
  1.6146698e+000  8.1095367e+000
  2.8469216e+000  9.0500591e+000
  2.5018908e+000  5.3583276e+000
  5.3891496e+000  2.3327716e+000
  6.5838763e+000  6.9993939e+000
  8.9097217e+000  2.3249023e+000
  6.4599918e+000  2.1123356e+000
  5.2862747e+000  2.4568873e+000
  6.5136460e+000  3.9387955e+000
  1.8135282e+000  6.0271299e+000
  7.9626263e+000  8.7772408e+000
  8.5495606e-001  2.5464509e+000
  8.9279362e+000  2.3067406e+000
  8.9782629e+000  4.8592124e+000
  8.2780508e+000  6.7038083e+000
  6.2961324e+000  8.9553728e+000
  1.0174161e+000  8.4147131e+000
  8.7352210e+000  8.7515339e+000
  3.1090047e+000  9.0330506e-001
  1.0945098e+000  7.0472376e+000
  8.9984461e-001  6.8425383e+000
  3.0261740e+000  8.9204235e+000
  7.7202248e+000  1.5717335e+000
  5.7450341e+000  5.8741638e+000
  5.2241521e+000  2.5549731e+000
  1.9488939e+000  6.7113106e+000
  3.3844196e+000  1.0665280e+000
  7.3453384e+000  7.0564731e+000
  8.9637534e+000  5.3969558e+000
  2.4420614e+000  7.5027609e+000
  7.0592896e+000  4.6245751e+000
  8.1286464e+000  1.5046582e+000
  1.1842580e+000  6.9283517e+000
  5.0762428e+000  4.6089676e+000
  7.0799853e+000  5.0312251e+000
  3.6502320e+000  9.0283191e+000
  1.3847805e+000  6.6054333e+000
  6.5996219e+000  4.0699779e+000
  4.9208030e+000  6.2461245e-001
  4.4004326e+000  1.1330855e+000
  4.9728693e+000  2.5018651e+000
  1.1140792e+000  9.0533881e+000
  3.4233464e+000  9.2285856e+000
  4.4416594e+000  6.9581127e+000
  8.2650517e+000  7.9886720e+000
  8.2196256e-001  9.2217516e+000
  5.3188096e+000  2.2747254e+000
  2.7292966e+000  8.7464556e-001
  1.7218943e+000  6.6494454e+000
  3.3900200e+000  8.8161565e+000
  4.5721307e-001  4.1195618e+000
  5.5717892e+000  5.7797318e+000
  8.3923042e+000  8.9304465e+000
  6.8073692e+000  2.3623837e+000
  3.7007371e+000  1.0584684e+000
  8.7422411e+000  8.5665126e+000
  9.0148865e+000  2.4425166e+000
  1.1964688e+000  7.4209047e+000
  1.2942113e+000  7.0521321e+000
  1.0292610e+000  7.1214067e+000
  8.9240994e+000  1.9988514e+000
  6.7892893e+000  6.5711547e+000
  7.3695742e+000  9.2433953e+000
  3.2978896e+000  6.3888076e+000
  8.9263996e+000  2.5483940e+000
  6.5221048e+000  6.3127697e+000
  9.1212066e+000  5.8213180e+000
  7.9063679e+000  8.9690194e-001
  5.6578592e+000  7.2194284e+000
  8.9948975e+000  2.2634714e+000
  6.9811904e+000  4.4923582e+000
  3.2418232e+000  8.9285200e+000
  4.2547275e+000  2.1113236e+000
  1.2608033e+000  7.2956549e+000
  6.6571601e+000  4.2358235e+000
  7.2644357e+000  8.7155965e+000
  7.6460896e+000  5.1180502e+000
  3.5811700e+000  5.9703651e+000
  1.9853557e+000  8.2468753e+000
  2.1733068e+000  6.3818333e-001
  6.4362670e+000  6.7707274e+000
  3.6201178e+000  9.0058063e+000
  6.0673275e+000  6.0728622e+000
  1.0775716e+000  6.9554116e+000
  6.8617112e-001  2.9190101e+000
  3.6140619e+000  6.1703205e+000
  6.0593592e-001  2.3520311e+000
  2.7036267e+000  5.5059012e+000
  3.8634070e+000  9.8251374e-001
  1.6580730e+000  4.9827771e+000
  7.8582380e+000  1.5801143e+000
  5.0737683e+000  2.6803938e+000
  9.9163804e-001  4.4350408e+000
  1.7369585e+000  9.0243682e-001
  4.3085654e+000  6.1414730e+000
  7.8844458e+000  6.2978067e+000
  9.1580894e+000  2.8164461e+000
  5.8164489e+000  7.2316499e+000
  2.9584576e+000  1.5795635e+000
  5.3158007e+000  3.2654020e+000
  5.3133397e+000  1.7145172e+000
  1.8850354e+000  3.7110851e+000
  6.2332538e-001  3.0379578e+000
  9.1345457e+000  6.4382849e+000
  6.0927424e+000  1.6432947e+000
  5.0515977e+000  3.1676398e+000
  1.4696643e+000  6.1834443e+000
  8.7895051e+000  2.7219876e+000
