  6.4463001e+000  8.3707311e-001
  6.9317413e+000  4.8815728e+000
  4.1606226e+000  8.3887047e+000
  7.3828588e+000  2.4077630e+000
  7.1265933e+000  7.6426764e+000
  8.3879450e+000  7.0282960e+000
  7.4415552e+000  3.0028111e+000
  3.8782199e+000  3.1606870e+000
  2.3020259e+000  4.6665157e+000
  3.2857299e+000  8.6201009e+000
  7.3571950e+000  5.7935220e+000
  6.8259523e-001  4.4463789e+000
  6.6962667e+000  7.7656395e+000
  3.2823140e+000  9.8593150e-001
  5.9202877e+000  6.0306276e+000
  6.7162527e+000  7.5131562e+000
  2.0877500e+000  7.2545267e+000
  5.7137688e+000  5.9066483e+000
  6.1376216e+000  1.9700994e+000
  8.3177588e+000  4.7264665e+000
  8.6541323e+000  6.1697203e+000
  4.4388808e+000  8.1940220e+000
  4.1939220e+000  4.9972760e+000
  5.5115900e+000  3.8626339e+000
  7.5093736e+000  5.7552714e+000
  6.2570612e+000  6.8543838e+000
  2.8059624e+000  7.9463555e+000
  6.9187286e+000  3.4393231e+000
  5.0477345e+000  6.5143921e+000
  5.3470761e+000  1.1613702e+000
  7.1761732e+000  7.2715382e+000
  8.5197790e+000  2.6064877e+000
  2.6725400e+000  2.4238226e+000
  1.6680416e-001  4.7151942e+000
  2.4648151e+000  3.2740269e+000
  6.9180077e+000  8.0756860e+000
  7.4517808e+000  4.9931919e+000
  3.0796305e+000  4.6120648e+000
  3.9096589e+000  6.6965887e+000
  6.6431923e+000  5.0712510e+000
  3.8499840e+000  2.4777339e+000
  9.4313437e+000  3.6035495e+000
  2.8375570e+000  2.8763931e+000
  7.3536771e+000  2.0276070e+000
  2.6734885e+000  6.1195978e+000
  4.5403216e+000  7.0292004e+000
  3.4765350e+000  6.4371137e+000
  8.1644069e+000  4.4175676e+000
  5.9000703e+000  3.4349472e+000
  2.6928815e+000  7.9073504e+000
  7.6791217e+000  4.0269489e+000
  4.0208914e+000  6.9498748e+000
  4.8993816e+000  7.2151422e+000
  7.1037236e+000  5.0857431e+000
  6.2804971e+000  7.2821478e+000
  7.7510866e+000  8.6744677e+000
  3.3216105e+000  4.8715470e+000
  8.6969734e+000  5.1233792e+000
  2.7193309e+000  4.9034668e+000
  6.7688274e+000  8.0036451e+000
  3.4442388e+000  4.8412789e+000
  2.0357613e+000  7.8170236e+000
  5.7856601e+000  3.7698565e+000
  6.8163885e+000  1.4496367e-003
  6.5309169e+000  3.8736028e+000
  4.6385071e+000  3.2069060e+000
  8.2761362e+000  6.5193011e+000
  5.7604889e+000  3.8996399e+000
  3.3478816e+000  7.5216240e+000
  8.4404809e+000  7.3222453e+000
  5.4897043e+000  3.2899112e+000
  3.3380192e+000  2.5153485e+000
  1.9097109e+000  8.3017780e+000
  3.1071381e+000  2.1144606e+000
  6.8893406e+000  7.2787318e+000
  6.4173512e+000  3.6655092e+000
  8.1498605e+000  2.4156492e+000
  2.6650130e+000  7.1476016e+000
  6.7713167e+000  4.5704341e+000
  1.9493178e+000  2.7991033e+000
  8.4482682e+000  5.9245581e+000
  7.9250717e+000  4.9409833e+000
  2.4673445e+000  7.4368108e+000
  6.8498459e+000  2.4939955e+000
  6.6164558e+000  5.6692959e+000
  4.7920628e+000  3.6198534e+000
  3.3701007e+000  2.5681627e+000
  2.4785224e+000  3.8457945e+000
  6.0360658e+000  5.6905048e+000
  8.6978809e+000  2.2512217e+000
  4.2764311e+000  7.3432140e+000
  2.9468866e+000  4.7439161e-001
  2.6477148e+000  2.6284526e+000
  7.0049379e+000  2.1111999e+000
  1.2248999e+000  2.3989166e+000
  9.5693843e+000  3.3431879e+000
  2.1580946e+000  4.6911624e+000
  2.5961651e+000  7.6700549e+000
  2.7027808e+000  3.4752535e+000
  2.0819751e+000  3.5234708e+000
  7.4421214e+000  7.1271193e+000
  4.5055051e+000  3.4499806e+000
  5.6094913e+000  5.4200928e-001
  7.6411430e+000  6.1753972e+000
  6.0096167e+000  2.7375515e+000
  3.3400076e+000  4.9733686e+000
  4.3443332e+000  3.4696447e+000
  3.8115155e+000  1.9270047e+000
  6.2646414e+000  3.0824046e+000
  2.4220273e+000  7.6430301e+000
  5.9308903e+000  3.1356987e+000
  7.0099852e+000  2.3458950e+000
  6.1575688e+000  1.9448863e+000
  1.4392185e+000  7.4608868e+000
  4.9634037e-001  3.0094673e+000
  5.1459129e+000  6.0236181e+000
  4.9086502e+000  5.2082075e+000
  5.9437206e+000  2.9516459e+000
  5.7724831e+000  5.3534781e+000
  4.0500687e+000  7.8917237e+000
  7.8698778e+000  5.3911361e+000
  3.4354962e+000  5.0468513e+000
  6.7033863e+000  3.6877135e+000
  5.1507605e+000  7.2219666e+000
  2.7332165e+000  3.7396049e+000
  1.2585565e+000  4.9579801e+000
  3.4621289e+000  6.3110180e+000
  2.6695038e+000  8.4675307e+000
  2.6416884e+000  2.7327033e+000
  8.5811728e+000  7.4644035e+000
  2.9069016e+000  2.5752024e+000
  4.6831013e+000  3.6375622e+000
  6.9694295e+000  3.6029267e+000
  2.4812680e+000  7.8104687e+000
  2.3722796e+000  3.3936323e+000
  3.6381365e+000  2.5474659e+000
  2.7750718e+000  2.8675865e+000
  4.4821833e+000  2.6442826e+000
  3.2777691e+000  1.9182915e+000
  6.5793854e+000  3.4955995e+000
  3.0107355e+000  5.5448826e+000
  2.9353553e+000  8.9233595e-001
  7.0821033e+000  7.1133778e+000
  6.4463592e+000  1.5294297e+000
  3.0392414e+000  4.2652584e+000
  6.3893061e+000  3.4917640e+000
  6.6723790e+000  8.3680599e+000
  3.1724455e+000  7.1912041e+000
  8.1744158e+000  7.4241158e+000
  6.4152899e+000  4.5975382e+000
  5.8666595e+000  4.9680188e+000
  4.7924672e+000  6.6864373e+000
  3.1830255e+000  2.0733837e+000
  6.1828407e+000  1.3543391e+000
  3.1045331e+000  3.1700019e+000
  5.5863137e+000  5.7428003e+000
  8.1619242e+000  7.9732914e+000
  4.8492656e+000  3.1126874e+000
  2.1640918e+000  3.3583172e+000
  7.2197898e+000  6.6928281e+000
  3.1724535e+000  7.0615308e+000
  3.1286227e+000  6.4370396e+000
  3.2994390e+000  2.6482295e+000
  6.9064533e+000  2.8867988e+000
  2.5073054e+000  3.8459313e+000
  3.9149325e+000  8.3349997e+000
  5.4614298e+000  3.3570692e+000
  7.2382360e+000  1.7539246e+000
  3.0978075e+000  2.8501116e+000
  8.1491364e+000  1.5617967e+000
  7.1026493e+000  5.7781085e+000
  1.3090366e+000  6.5717864e+000
  2.2754898e+000  3.0677287e+000
  3.5736098e+000  5.5632763e+000
  3.2352724e+000  8.2456866e+000
  2.3975653e+000  8.2421936e+000
  7.0504232e+000  7.2331861e+000
  3.0463090e+000  8.5704963e+000
  5.2379239e+000  2.6921555e+000
  2.3458541e+000  8.7141597e+000
  2.2762593e+000  2.8509085e+000
  4.6257800e+000  3.0440269e+000
  5.4407809e+000  4.3905296e+000
  7.4138616e+000  2.8240675e+000
  6.5943164e+000  6.1466427e+000
  2.8385856e+000  2.7269397e+000
  5.8400720e+000  3.1474823e+000
  7.2041514e+000  4.9886210e+000
  4.9812619e+000  7.0624154e+000
  8.3189288e+000  6.0425391e+000
  6.2989886e+000  7.7683566e+000
  2.0690045e+000  3.5926756e+000
  7.8727228e+000  4.6628041e+000
  6.3774503e+000  4.6473751e+000
  3.6899929e+000  7.2820788e+000
  5.6986137e+000  3.6856589e+000
  7.3975615e+000  2.3475333e+000
  6.6480894e+000  8.5351328e+000
  5.6924496e+000  7.3860443e+000
  8.4053702e+000  4.3199003e+000
  1.7326668e+000  6.9251783e+000
  5.7704819e+000  4.8496119e+000
  7.8785729e+000  5.2358726e+000
  2.3763493e+000  3.4927784e+000
  6.2540749e+000  1.6974017e+000
  8.0985546e+000  3.0241310e+000
  7.0527881e+000  1.5216601e+000
  6.8356806e+000  6.7062794e+000
  6.3123172e+000  6.3626592e+000
  7.5607441e+000  5.7444872e+000
  6.3031339e+000  2.5972293e+000
  2.7217922e+000  4.0001707e+000
  5.0259145e+000  3.1679001e+000
  4.9867608e+000  5.8523779e+000
  4.2515268e+000  7.9184802e+000
  5.1142950e+000  3.0745704e+000
  7.8013109e+000  6.6169754e+000
  4.8483807e+000  6.1252558e+000
  5.4248325e+000  3.4166180e+000
  6.5213657e+000  2.6634489e+000
  7.4335918e+000  2.6140151e+000
  2.6815413e+000  8.2503524e+000
  2.4271640e+000  1.9209482e+000
  8.1537786e+000  6.2746683e+000
  4.9151400e+000  5.8940571e+000
  2.6148843e+000  3.1373995e+000
  2.0444590e+000  3.3046374e+000
  7.2952728e+000  2.1704353e+000
  2.3850784e+000  5.0022558e+000
  3.3442265e+000  2.2754361e+000
  6.7554979e+000  6.2496675e-001
  7.5351121e+000  7.3780087e+000
  1.5585235e+000  7.3715805e+000
  5.6107852e+000  1.0260231e+000
  7.1178373e+000  6.1120589e+000
  5.5462030e+000  3.5896103e+000
  4.1424047e+000  2.5479482e+000
  1.3815044e+000  3.8824361e+000
  3.6179497e+000  3.1985103e+000
  6.3931111e+000  4.8936925e+000
  5.2725138e+000  4.4893521e+000
  8.7630979e-001  2.9919277e+000
  7.0068683e+000  8.3931538e+000
  3.5981853e+000  6.4905051e+000
  5.9022741e+000  4.3123660e+000
  7.7432122e+000  5.9538318e+000
  7.1256929e+000  2.5162879e+000
  6.7826235e+000  7.0415398e+000
  1.6734176e+000  6.8559135e+000
  3.4056241e+000  8.7994994e+000
  5.4347122e+000  3.8225353e+000
  6.1129592e+000  6.7283403e+000
  6.0017457e+000  3.6458377e+000
  7.8497894e+000  7.2698414e+000
  2.2516845e+000  1.9705458e+000
  8.3062891e+000  7.4264767e+000
  3.5439778e+000  3.2041434e+000
  6.0458485e+000  7.8981976e+000
  6.1177839e+000  7.3969818e+000
  3.4536354e+000  7.7079458e+000
  3.2263919e+000  8.1188733e+000
  4.1525484e+000  7.7550169e+000
  1.5249774e+000  6.0865393e+000
  1.3653933e+000  6.9387669e+000
  8.1952724e+000  4.5815583e+000
  6.7869774e+000  7.1762044e+000
  6.9969647e+000  6.0317141e+000
  7.3126510e+000  5.2888789e+000
  7.0530511e+000  3.7876100e+000
  6.9024539e+000  3.0066145e+000
  8.0867907e+000  5.8386901e+000
  3.1198929e+000  3.5934580e+000
  6.5336871e+000  1.0411805e+000
  6.3232939e+000  7.6550617e+000
  6.3014737e+000  3.6774164e+000
  5.6742044e+000  3.7158833e+000
  3.2708719e+000  7.0756113e+000
  3.0132769e+000  2.1776937e+000
  1.2129188e+000  6.8565059e+000
  2.0724964e+000  7.4814366e+000
  5.7330940e-001  3.0427604e+000
  5.4084616e+000  7.7188466e+000
  4.1256550e+000  4.2549883e+000
  5.6705239e+000  4.0111199e+000
  2.7623443e+000  4.1868879e+000
  6.5394150e+000  5.9258567e+000
  9.3736538e+000  3.7072969e+000
  5.7879598e+000  1.5542100e+000
  8.1835370e+000  2.7715338e+000
  5.5334836e+000  3.7390534e+000
  1.1297526e+000  7.2630298e+000
  2.7621500e-001  4.6391591e+000
  6.8721236e+000  6.7653775e+000
  6.0961516e+000  7.3053070e+000
  8.5257038e+000  4.7448731e+000
  6.5231106e+000  6.0885236e+000
  8.2332497e-001  4.8866192e+000
  7.3137282e+000  2.0202160e+000
  6.1476110e+000  3.3639311e+000
  4.6587473e+000  2.8397314e+000
  6.5917123e+000  5.0545740e+000
  5.5849495e+000  4.4396997e+000
  6.3417464e+000  4.2046197e+000
  8.3857755e+000  6.7828920e+000
  6.5073163e+000  5.9379622e+000
  4.9064124e+000  2.5925010e+000
  6.5154737e+000  2.1363062e+000
  3.8716003e+000  3.0583658e+000
  6.9659075e+000  7.2412732e+000
  4.3259691e+000  3.0964319e+000
  1.2354216e+000  2.3346894e+000
  3.7053872e+000  2.4468684e+000
  2.3159433e+000  7.6661975e+000
  7.2579614e+000  2.6812091e+000
  2.9971210e+000  5.1714738e+000
  6.9015890e+000  8.8282839e+000
  6.8387456e+000  2.3228586e+000
  6.8544320e+000  3.8326737e+000
  5.4651415e+000  2.1817314e+000
  4.1141009e+000  2.3224765e+000
  3.3597114e+000  1.8404387e+000
  9.2758114e+000  4.1722336e+000
  5.6488102e+000  4.2521786e+000
  3.7364300e+000  3.1135001e+000
  5.7815447e+000  5.9020246e+000
  2.7426220e+000  7.4805853e+000
  8.1892836e+000  6.1542418e+000
  5.5477381e+000  5.1274921e+000
  5.5067793e+000  3.1724981e+000
  6.6701999e+000  1.2849002e+000
  7.1047451e+000  2.2987526e+000
  6.9883481e+000  7.9991385e+000
  5.3312766e+000  3.0796327e+000
  6.6358273e+000  2.8023734e+000
  5.7936846e+000  7.2663607e+000
  5.4033186e+000  6.0836682e+000
  2.5147491e+000  7.8429727e+000
  6.8910959e+000  2.5924494e+000
  2.4995218e+000  7.4094687e+000
  1.7863452e+000  9.2702123e+000
  8.4274103e+000  6.6433097e+000
  1.8132434e+000  7.7546824e+000
  6.0070268e+000  3.9472543e+000
  2.2196087e+000  2.3970946e+000
  6.5106461e+000  7.0825292e+000
  2.7549004e+000  7.7656750e+000
  7.7618575e+000  6.9064540e+000
  4.6114275e+000  5.5877712e+000
  5.4799320e+000  5.4008294e+000
  4.7425213e+000  5.7932955e+000
  2.6543217e+000  5.1646435e+000
  4.5188813e+000  2.6840400e+000
  3.6621820e+000  7.0305007e+000
  7.7074751e+000  2.4643727e+000
  5.1644830e-001  4.5236848e+000
  7.8310115e+000  3.4497276e+000
  6.6899983e+000  8.0947909e+000
  2.8269300e+000  7.3171104e+000
  7.2219395e+000  4.7756243e+000
  2.4849244e+000  7.8652423e+000
  2.4175067e+000  4.9884490e+000
  6.0519232e+000  6.5114289e+000
  7.6241609e+000  2.7912567e+000
  5.5336439e+000  1.5301634e+000
  6.6962800e-001  6.1960624e+000
  7.7131825e+000  7.7397820e+000
  2.0659676e+000  3.4177877e+000
  5.3584858e+000  5.9699741e+000
  6.7194443e+000  8.1761629e+000
  3.6849333e+000  7.3099277e+000
  6.8096304e+000  8.0976443e+000
  5.6529999e+000  3.3997982e+000
  2.9217610e+000  6.8334921e+000
  7.0099911e+000 -7.5725844e-001
  7.4317790e+000  6.6433785e+000
  2.2571249e+000  3.4102946e+000
  6.0510252e+000  7.9774699e+000
  1.3820617e+000  6.2149076e+000
  7.1455398e+000  2.3207761e+000
  7.3784606e+000  2.1811840e+000
  6.9974657e+000  6.8820816e+000
  2.0468997e+000  3.5554418e+000
  5.1879570e+000  1.8462274e+000
  3.2808377e+000  4.4756843e+000
  6.1803218e+000  4.3102255e+000
  6.6919463e+000 -6.6213045e-001
  1.8917485e+000  2.7504690e+000
  2.9802300e+000  5.6727175e+000
  6.5179388e+000  4.6248287e+000
  4.0600572e+000  5.1039613e+000
  3.0575413e+000  4.2682948e+000
  5.7197306e+000  7.5304203e+000
  7.1055891e+000  8.2544535e+000
  7.4326812e+000  6.9179102e+000
  4.7518138e+000  3.8484604e+000
  2.9598886e+000  4.2708517e+000
  2.8575107e+000  4.5066947e+000
  4.7642069e+000  3.4382223e+000
  2.1359834e+000  8.2686969e+000
  7.8966439e+000  7.0593826e+000
  2.3495889e+000  4.4162218e+000
  1.2409274e+000  6.8841661e+000
  6.2806405e+000  3.4732821e+000
  4.1482631e+000  3.2025798e+000
  4.2647509e+000  2.8692914e+000
  6.9073242e+000  1.5689657e+000
  5.9149380e+000  3.7620717e+000
  7.4788082e+000  6.7190697e+000
  1.1821927e+000  6.3899330e+000
  7.3106606e+000  7.0869124e+000
  1.2000445e+000  8.0319694e+000
  3.4036859e+000  7.8806195e+000
  1.5210956e+000  2.9951220e+000
  2.2084076e+000  4.2629797e+000
  2.5549804e+000  7.2596013e+000
  3.0140494e+000  3.4100471e+000
  4.7217895e+000  5.2226264e+000
  3.6038079e+000  8.4096991e+000
  5.4085296e+000  4.1675126e+000
  5.3456579e+000  2.4284274e+000
  3.0069955e+000  4.3868052e+000
  3.5401845e+000  2.5186461e+000
  6.3979544e+000  2.9928997e+000
  7.4284489e+000  4.9851161e+000
  2.1695416e+000  3.0199793e+000
  5.1262675e+000  5.7516007e+000
  6.3906489e+000  4.0479203e+000
  8.0869799e+000  8.5362251e+000
  7.2533352e+000  8.6179754e-001
  4.2284549e+000  2.4003937e+000
  7.3790435e+000  5.4767504e+000
  2.3953841e+000  8.1458938e+000
  9.0415876e+000  2.4838022e+000
  2.0851219e+000  7.7561876e+000
  7.1527678e+000  4.2534879e+000
  6.0545313e+000  6.3648774e+000
  5.4462865e+000  5.6926391e+000
  6.3951165e+000  6.8552802e+000
  7.8113072e+000  7.9987175e+000
  6.7181746e+000  7.2562735e+000
  2.4255309e+000  2.1972035e+000
  8.5015041e+000  5.2127761e+000
  6.6586479e+000  6.5241055e+000
  2.5696278e+000  3.9412921e+000
  5.3473541e+000  1.9940438e+000
  3.5505699e+000  4.3564740e+000
  1.3066587e+000  2.8942495e+000
  3.2268767e+000  6.4232973e+000
  3.5677208e+000  7.2535636e+000
  4.7215270e-001  2.9463337e+000
  1.8141751e+000  7.5844028e+000
  7.0056835e+000  6.6403378e+000
  7.5209274e+000  8.1587070e+000
  1.8930006e+000  2.4720920e+000
  6.9723077e+000  7.5808380e+000
  1.8907343e+000  7.3863227e+000
  6.7275792e+000  6.9194388e+000
  7.6715088e+000  2.2678216e+000
  3.9349785e+000  3.1683338e+000
  7.2083030e+000  2.2715214e+000
  2.0357915e+000  2.6523929e+000
  6.4292037e+000  5.3167672e+000
  4.5720968e+000  2.9553395e+000
  2.5431263e+000  2.2596649e+000
  5.5165807e+000  5.1202331e+000
  6.3357517e+000  7.2418986e+000
  5.4098924e+000  1.8720806e+000
  3.0036446e+000  8.5139620e+000
  2.8543491e+000  3.8283257e+000
  2.1686788e+000  4.4917305e+000
  5.3147890e+000  3.5974390e+000
  5.0353469e+000  6.9557581e+000
  2.9849060e+000  1.9299187e+000
  6.4751463e+000  5.3386490e+000
  2.8816753e+000  7.8312112e+000
  3.6702315e+000  2.2585214e+000
  7.7830924e+000  2.4192164e+000
  6.8628680e+000  5.1630529e+000
  5.3959673e+000  5.7114948e+000
  7.6203777e+000  7.9974018e+000
  8.4431569e+000  5.9746044e+000
  5.3353977e+000  3.9618359e+000
  7.0908803e+000  2.2051017e+000
  2.3799570e+000  2.4964892e+000
  7.4335828e+000  8.2872773e+000
  7.0045145e+000  8.3234445e+000
  6.0108981e+000  4.6126926e+000
  6.5876998e+000  3.6915777e+000
  5.1596437e+000  3.6526413e+000
  5.7103887e+000  5.3452948e+000
  1.5370775e+000  6.7064746e+000
  7.0733632e+000  8.1119623e+000
  7.2353162e+000  5.3254512e+000
  1.8218802e+000  7.2454731e+000
  6.0217218e+000  9.0502660e+000
  7.5912128e+000  5.4897288e+000
  7.4241974e+000  7.3884478e+000
  4.8537676e+000  4.6323967e+000
  5.9814868e+000  7.1464612e+000
  2.6581825e+000  2.2386925e+000
  6.7602315e+000  7.0988369e+000
  5.6376552e+000  4.1336255e+000
  7.1718197e+000  6.9779144e+000
  6.9620724e+000  1.6395363e+000
  3.3044990e+000  4.3572487e+000
  2.6995145e+000  1.6608418e+000
  4.2872330e+000  1.4737710e+000
  2.3659112e+000  3.6059483e+000
  2.9922994e+000  7.7320286e+000
  3.0070828e+000  3.9153269e+000
  6.5339228e+000  7.9832234e+000
  2.4714457e+000  8.4687448e+000
  3.4263029e+000  8.4897554e+000
  4.4833778e+000  5.4462912e+000
  3.9176577e+000  7.5595370e+000
  7.0353111e+000  5.6807059e+000
  7.3890587e+000  2.8926868e+000
  6.3443565e+000  2.4674003e+000
  5.5350768e+000  1.8622233e+000
  3.0375253e+000  5.7185984e+000
  9.4781025e+000  4.0033420e+000
  6.5806996e+000  3.5032326e+000
  3.2714673e+000  8.0136615e+000
  5.7661505e+000  5.8189237e+000
  2.8718537e+000  7.9585027e+000
  7.5293622e+000  1.7335310e+000
  2.0914783e+000  2.7100231e+000
  6.3551073e+000  4.0576648e+000
  7.8659504e+000  6.4190851e+000
  3.5751100e+000  7.5583012e+000
  6.0420608e+000  2.3252930e+000
  7.0606225e+000  7.1011622e+000
  7.8553508e+000  7.5787572e+000
  3.9774137e+000  1.9403219e+000
  2.5324380e+000  7.9103464e+000
  2.1011224e+000  2.4646488e+000
  3.2916103e+000  9.4869641e+000
  8.7697886e+000  4.3828674e+000
  4.9507572e+000  7.5480269e+000
  6.4061024e+000  4.6214041e+000
  3.7998129e+000  3.1588581e+000
  9.3356842e+000  7.2923297e+000
  1.3147807e+000  7.9075283e+000
  5.8428278e+000  7.7217018e+000
  5.0752469e+000  3.3409614e+000
  2.7745175e+000  2.2591070e+000
  7.4891820e+000  7.8578732e+000
  2.5426813e+000  9.3544017e+000
  2.8517471e+000  7.3896756e+000
  7.4501511e+000  7.0779483e+000
  3.0964258e+000  5.0123352e+000
  5.2234838e+000  5.6934381e+000
  6.5777192e+000  6.8315813e+000
  6.1367839e+000  7.8767271e-001
  7.9252633e+000  6.7832849e+000
  2.0659259e+000  7.0762843e+000
  2.1682290e+000  6.0879986e+000
  2.4552273e+000  1.7286280e+000
  4.5587996e+000  1.1932191e+000
  2.5772749e+000  4.6969991e+000
  1.8671655e+000  1.9026265e+000
  1.9475341e+000  5.1222671e+000
  7.2669697e+000  7.0520241e+000
  7.6560941e+000  5.2542642e+000
  2.6140649e+000  4.7366410e+000
  3.9780646e+000  5.6475191e+000
  5.2000717e+000  4.4342140e-001
  2.5686646e+000  2.8451104e+000
  2.9508365e+000  4.7922524e+000
  3.0985394e+000  5.0708230e+000
  6.1524520e+000  4.7817993e+000
  2.7400524e+000  2.6772273e+000
  7.5498790e+000  4.8456551e+000
  2.8760243e+000  6.9351599e+000
  5.6465451e+000  4.9623344e+000
  5.3839153e+000  1.2438274e+000
  6.3596809e+000  8.1749786e+000
  1.7621326e+000  7.7404634e+000
  9.1584380e+000  4.1831808e+000
  5.4606951e+000  6.5077402e+000
  2.5709362e-001  5.8425666e+000
  6.6304718e+000  4.3574745e+000
  4.3622292e+000  4.2566966e+000
  7.2841493e+000  6.4672548e+000
  3.0102886e+000  8.2065297e+000
  2.0571968e+000  3.0525090e+000
  3.0306561e+000  4.3348649e+000
  5.5065557e+000  6.8550979e+000
  7.6855704e+000  3.3427012e+000
  2.3634794e+000  5.2523642e+000
  2.7709096e+000  8.0812651e+000
  5.7469933e+000  6.4499814e+000
  1.8594628e+000  7.9749162e+000
  3.1101035e+000  7.2494404e+000
  5.4694872e+000  7.2937884e+000
  2.1515155e+000  2.7056123e+000
  5.1392542e+000  7.0441588e+000
  7.3545784e+000  5.9981524e+000
  7.8688243e+000  8.4504328e+000
  8.2356553e+000  7.7662961e+000
  3.6706127e+000  3.2819090e+000
  2.4311516e+000  7.5893652e+000
  7.1679681e+000  4.3140168e+000
  2.3471919e+000  5.0365949e+000
  5.5601410e+000  3.2746578e+000
  4.1541061e+000  2.8984159e+000
  6.0898572e+000  6.2939456e+000
  4.4859608e+000  2.9822134e+000
  1.8747003e+000  1.0060929e+001
  2.9331941e+000  1.4142984e+000
  6.6802506e+000  3.2890028e+000
  2.1055709e+000  6.8173975e+000
  6.8266489e+000  2.4735669e+000
  7.5387561e+000  6.6637733e+000
  7.0006210e+000  5.4758206e+000
  1.8465603e+000  8.0694500e+000
  4.0665721e+000  6.6951994e+000
  7.3154714e+000  6.6547546e+000
  1.5669547e+000  6.4277385e+000
  7.6584657e+000  2.2759822e+000
  2.4821822e+000  4.0980388e+000
  8.5699453e+000  3.8191350e+000
  6.9579812e+000  6.3993718e+000
  3.8692253e+000  2.2150714e+000
  6.6467897e+000  6.2206636e+000
  6.1946182e+000  3.8277226e+000
  2.7206466e+000  7.8237147e+000
  1.9122862e+000  6.8872090e+000
  5.7326627e+000  4.3146349e-001
  7.8392496e+000  6.5792927e+000
  9.5281488e+000  3.8322573e+000
  9.5115009e+000  3.5561929e+000
  2.8377014e+000  4.2041440e+000
  4.3613801e+000  2.0081074e+000
  5.7736384e+000  7.4845493e+000
  7.4844007e+000  6.8074324e+000
  4.8171363e-001  1.0119287e+001
  5.2237364e+000  6.5524085e-001
  6.0238710e+000  8.0484358e+000
  2.9311494e+000  7.2133204e+000
  2.2590104e+000  4.9745772e+000
  6.8483547e+000  2.3313661e+000
  7.7071834e+000  6.1864766e+000
  8.3398405e+000  7.3547825e+000
  8.1561240e+000  5.7515337e+000
  2.2040494e+000  8.9766712e+000
  7.5812573e+000  6.7320840e+000
  4.5456420e+000  3.4720286e+000
  6.3343865e+000 -8.2287214e-001
  4.3708290e+000  2.7998903e+000
  7.0274894e+000  6.6437340e+000
  3.3080680e+000  7.2574072e+000
  8.7735998e+000  6.1542352e+000
  3.6736844e+000  9.1498035e+000
  4.2110994e+000  3.1432853e+000
  4.5233542e+000  3.8945717e+000
  5.8949016e+000  4.8007558e+000
  6.1498162e+000  8.2210628e+000
  2.2106006e+000  3.2003765e+000
  6.8578907e+000  7.7488802e+000
  8.5466290e+000  2.8710663e+000
  2.0397436e+000  8.9625682e+000
  3.2672674e-001  2.7739826e+000
  2.2706986e+000  7.3814698e+000
  3.6557083e+000  2.8952517e+000
  5.8064697e+000  6.7311264e+000
  2.0089075e+000  3.0690739e+000
  1.9583339e+000  2.5332628e+000
  7.2703941e+000  6.6783988e+000
  3.5186634e-002  3.9164548e+000
  7.4540454e+000  7.4058739e+000
  3.5330639e+000  5.0560400e+000
  7.2103463e+000  4.2694392e+000
  2.5189172e+000  9.2217936e+000
  2.5550937e+000  6.8596185e+000
  2.3900740e+000  3.1091347e+000
  3.7267773e+000  3.2495681e+000
  8.7159126e+000  5.5746466e+000
  1.0327511e+000  6.9481092e+000
  5.6130512e+000  1.0895902e+000
  3.0605048e+000  7.6489878e+000
  5.8927191e+000  4.7598263e+000
  2.3676856e+000  4.6942873e+000
  5.5127786e+000  2.8931466e+000
  1.9757452e+000  6.3413690e+000
  6.0513059e+000  2.6680936e+000
  7.9495804e+000  3.3279682e+000
  2.6033100e+000  7.9737491e+000
  6.7749212e+000  1.7309540e+000
  7.7393578e+000  6.4568981e+000
  1.4213433e+000  5.5684642e+000
  7.6186913e+000  2.7058494e+000
  9.1528859e+000  4.2384875e+000
  2.3525121e+000  2.9856461e+000
  8.2411080e+000  7.4327788e+000
  6.3810993e+000  4.8916484e+000
  7.2148894e+000  2.3035901e+000
  1.8537217e+000  4.5497963e+000
  5.7869974e+000  6.1525521e+000
  2.4348204e+000  1.9032824e+000
  3.6560018e+000  2.9796141e+000
  2.9743427e+000  6.8335820e+000
  4.3909579e+000  3.3284157e+000
  6.2555027e+000  1.7084973e+000
  5.5051985e+000  6.1065487e+000
  7.4889651e+000  7.7540748e+000
  5.4202410e+000  4.6395743e+000
  6.4931977e+000  4.7947942e+000
  8.3376018e+000  4.8019144e+000
  6.8984392e+000  7.1758288e+000
  6.2053520e+000  8.4298973e+000
  7.0599447e+000  6.7971443e+000
  7.0008532e+000  4.9082667e+000
  8.4870557e+000  5.1443190e+000
  6.0553909e+000  3.3859162e+000
  6.5306206e+000  8.3053954e+000
  2.8633306e+000  4.3437359e+000
  2.5468895e+000  7.5110455e+000
  2.7408408e+000  7.3744447e+000
  3.1452231e+000  2.6585650e+000
  5.8332799e+000  7.3012474e+000
  7.0223077e+000  8.6995345e+000
  4.4724499e+000  3.3906709e+000
  6.3158165e+000  6.4674122e+000
  3.1196987e+000  4.5759659e+000
  7.8794461e+000  6.8478842e+000
  7.1180612e+000  6.2309798e+000
  2.8864210e+000  4.5831844e+000
  8.9631109e+000  3.6460564e+000
  3.0911764e+000  4.6941142e+000
  2.6890670e+000  3.0245184e+000
  7.0206685e+000  8.2482301e+000
  4.2080079e+000  7.9221472e+000
  8.2377788e+000  4.7369969e+000
  9.7808423e+000  3.2905499e+000
  6.8905811e+000  6.4232120e+000
  5.4839686e+000  2.3210252e+000
  2.2575962e+000  3.2941006e+000
  8.1811325e+000  5.6349593e+000
  2.7200172e+000  8.5528148e+000
  9.2675952e+000  4.1401993e+000
  6.8593707e+000  1.6012685e+000
  6.9691600e+000  7.4670116e+000
  1.6534280e+000  4.6462157e+000
  6.9937193e+000  6.9461244e+000
  2.6794111e+000  7.5172955e+000
  3.7358418e+000  2.7400879e+000
  2.4221278e+000  2.4110569e+000
  3.4001730e+000  2.1415782e+000
  6.8181048e+000  6.5280887e+000
  3.8387106e+000  3.1657076e+000
  8.4049274e+000  8.2183696e+000
  2.7969947e+000  5.1956148e+000
  6.5688434e+000  6.2674504e+000
  8.6737714e+000  6.4153963e+000
  2.6151498e+000  7.3843509e+000
  6.1970929e+000  4.8233825e+000
  8.0997421e+000  4.3434866e+000
  8.4154450e+000  5.0504841e+000
  6.5449921e+000  2.8736079e+000
  3.0988460e+000  4.9416827e+000
  4.4962487e+000  8.2104954e+000
  7.2291149e+000  1.8283613e+000
  6.4885336e+000  7.3864142e+000
  2.0447422e+000  3.2640819e+000
  6.0377276e+000  2.9280313e+000
  5.4823272e+000  7.1243634e+000
  2.5625353e+000  7.5563063e+000
  5.9512021e+000  5.0837035e+000
  2.8486523e+000  2.6435927e+000
  5.0344279e+000  4.6331229e+000
  6.8672713e+000  6.6794880e+000
  2.4205223e+000  7.0677483e+000
  8.1111085e+000  2.4413956e+000
  2.3287780e+000  7.9139863e+000
  6.2180828e+000  4.4902869e+000
  2.4622493e+000  7.7715649e+000
  3.7512387e+000  3.4237736e+000
  2.9756425e+000  4.2927507e+000
  7.5903390e+000  4.5672513e+000
  6.3468465e+000  6.6895979e+000
  5.7415627e+000  2.3424392e+000
  4.1013547e+000  1.8671441e+000
  8.3539907e+000  5.4982843e+000
  2.8898444e+000  6.4631068e+000
  6.7128886e+000  1.7175527e+000
  5.5805147e+000  4.0121241e+000
  5.2265011e+000  8.1481129e+000
  2.0110635e+000  7.5231626e+000
  3.1415937e+000  2.6623598e+000
  6.7493753e+000  3.8223050e+000
  6.2074243e+000  3.8845467e+000
  4.8160192e+000  3.5000126e+000
  3.4877531e+000  2.8222408e+000
  2.0514598e+000  4.6910578e+000
  3.0515166e+000  5.0249473e+000
  6.1999379e+000  4.4365321e+000
  1.7801887e+000  6.9006295e+000
  6.9796979e+000  3.1026688e+000
  7.9689427e+000  2.9746701e+000
  3.1727531e+000  4.6313800e+000
  3.1837240e+000  4.7795383e+000
  7.2197826e+000  6.5161779e+000
  2.4968115e+000  2.9528150e+000
  5.3651814e+000  7.8564362e+000
  2.6576698e+000  5.9759004e-001
  5.5726942e+000  2.3150798e+000
  7.0499320e+000  6.8271181e+000
  2.2436382e+000  7.5234823e+000
  8.2151294e+000  4.7100028e+000
  4.9267638e+000  5.7160341e+000
  7.7921414e+000  7.6929602e+000
  2.2698494e+000  2.8027243e+000
  6.9699471e+000  4.6409564e+000
  6.8458211e+000  6.6178094e+000
  5.3221251e+000  6.8818957e+000
  3.2338452e+000  8.6234483e+000
  4.2914953e+000  5.2447873e+000
  3.1189865e+000  3.7059473e+000
  3.6471502e+000  8.0994480e+000
  8.7098106e+000  7.4304439e+000
  2.3693795e+000  8.4957110e+000
  2.4953725e+000  2.5101827e+000
  7.4448252e+000  5.0166747e+000
  5.6348902e+000  3.4081958e+000
  2.0561567e+000  5.2693328e+000
  6.7238203e-002  4.8588660e+000
  5.3877715e+000  3.0328764e+000
  8.1854410e+000  2.6324263e+000
  7.6410550e+000  4.5881973e+000
  6.0109550e+000  7.2639931e+000
  6.9324699e+000  6.3927031e+000
  9.4386724e+000  3.6123416e+000
  8.6465668e+000  7.4315729e+000
  5.0887563e+000  3.3448904e+000
  5.1767411e+000  6.0417348e+000
  2.1116824e+000  2.4981926e+000
  5.2347326e+000  5.2133571e+000
  3.1232918e+000  6.9893892e+000
  3.0382294e+000  4.5835659e+000
  5.8109776e+000  3.7398791e+000
  7.9660203e+000  2.3668854e+000
  3.3205720e+000  2.6902059e+000
  7.3590117e+000  5.3555384e+000
  7.1142937e+000  4.3644251e+000
  5.4832843e+000  2.4793599e+000
  8.0936954e+000  2.3858563e+000
  4.4387987e+000  2.7703114e+000
  8.1775814e+000  4.5433846e+000
  5.2221201e+000  2.0063462e+000
  6.8203693e+000  4.6133894e+000
  8.8141771e+000  7.0610071e+000
  3.1280519e+000  4.5452800e+000
  5.4629871e+000  3.6600536e+000
  5.1450563e+000  3.0395634e+000
  8.8359893e+000  6.2973764e+000
  8.1626316e+000  3.1630267e+000
  1.7080062e+000  4.6790955e+000
  5.2943636e+000  3.8519104e+000
  5.4894050e+000  7.0416594e+000
  3.5670790e+000  2.0643873e+000
  6.6615246e+000  6.6232664e+000
  6.9535629e+000  7.3002247e-001
  2.4892546e+000  1.6384863e+000
  8.6004792e-001  6.3825908e+000
  5.6764104e+000  6.7770667e+000
  4.1521733e+000  7.5919255e+000
  7.4830224e+000  2.7655994e+000
  7.2292970e+000  5.4580835e+000
  6.5896990e+000  7.1287290e+000
  6.1824418e+000  3.4059965e+000
  7.5345390e+000  6.4124330e+000
  2.8902175e+000  4.8711569e+000
  4.1865702e+000  7.3507642e+000
  7.4042024e+000  2.8118494e+000
  8.2033121e+000  8.5397201e+000
  5.9424339e+000  7.7630543e+000
  3.8192698e+000  3.3569020e+000
  1.8349531e+000  4.8658446e+000
  4.9983385e+000  1.7839187e+000
  6.6843158e+000  5.6654282e+000
  6.7263690e+000  3.5501295e+000
  7.1548909e+000  6.4219976e+000
  4.0302422e+000  2.4144796e+000
  2.5428185e+000  7.9015557e+000
  2.3984499e+000  7.5530310e+000
  3.2284307e+000  4.4832985e+000
  5.2894608e+000  4.0715816e+000
  3.2283643e+000  4.3233486e+000
  3.7787745e+000  7.9317747e+000
  3.6825141e+000  6.4025452e+000
  9.0316945e+000  3.5762139e+000
  5.4579177e+000  6.4385125e+000
  2.4087594e+000  8.2702858e+000
  5.0561555e+000  6.1728382e+000
  5.9813057e+000  2.7066326e+000
  3.6685535e+000  8.4306245e+000
  2.5146720e+000  3.9150104e+000
  7.5535631e+000  6.8941464e+000
  4.3077885e+000  9.7376712e+000
  4.3771843e+000  3.3989016e+000
  5.4078178e+000  5.1079014e+000
  5.7133793e+000  7.1197220e+000
  6.5220452e+000  6.0339274e+000
  4.4766781e+000  7.0784770e+000
  3.3608222e+000  2.4221886e+000
  3.0149503e+000  7.9747367e+000
  1.5171219e+000  6.9862079e+000
  2.1711157e+000  2.3597649e+000
  4.1441217e+000  2.9798554e+000
  2.2028339e+000  4.9294648e+000
  5.5515797e+000  3.1913766e+000
  7.9707463e+000  8.2724921e+000
  6.9026550e+000  6.3344540e+000
  5.6620764e+000  8.7349771e-001
  4.1447934e+000  3.4126688e+000
  3.5886799e+000  2.4401112e+000
  3.0889928e+000  7.9556210e+000
  9.3076947e+000  3.5749908e+000
  2.8663240e+000  8.5018958e+000
  1.5515837e+000  5.8803633e+000
  5.8454026e+000  4.9026268e+000
  1.1998023e+000  5.0483130e+000
  2.5432159e+000  7.7348065e+000
  6.6640270e+000  6.3033683e-001
  2.3603628e+000  8.4350074e+000
  3.9365750e+000  7.4908197e+000
  2.2288755e+000  4.2325202e+000
  8.8712540e+000  3.0539482e+000
  2.5685574e+000  2.4276622e+000
  5.7814019e+000  2.3793030e+000
  5.1812730e+000  2.3569475e+000
  3.3517015e+000  2.5332205e+000
  3.3376071e+000  6.3771057e+000
  2.9465252e+000  4.1017232e+000
  2.5639918e+000  4.8946067e+000
  5.5046442e+000  3.2280566e+000
  3.6288654e+000  3.1110746e+000
  2.8427840e+000  4.4413023e+000
  4.7844214e+000  5.6226207e+000
  5.3850796e+000  5.5195136e+000
  6.8275526e+000  8.2070687e+000
  6.0347142e+000  7.3385197e-001
  5.3963498e+000  7.6627548e+000
  6.8338523e+000  2.6250366e+000
  2.5200060e+000  3.9378667e+000
  8.1850755e+000  4.9098817e+000
  8.2167604e+000  2.6214518e+000
  5.6182555e+000  1.4883903e+000
  3.3465341e+000  7.9750717e+000
  2.6595445e+000  7.5050270e+000
  9.0117299e-001  7.1420763e+000
  7.1857464e+000  6.7450157e+000
  7.0948881e+000  2.2880747e+000
  4.2580657e+000  2.6541355e+000
  5.2270802e+000  5.8503972e-001
  5.7005356e+000  2.9442750e+000
  6.2129925e+000  6.2992242e+000
  6.6828777e+000  7.0778390e+000
  7.5706403e+000  5.5638375e+000
  3.7098835e+000  3.5676297e+000
  7.4714723e+000  4.8338308e+000
  1.1406739e+000  7.0988731e+000
  3.2777078e+000  6.9664272e+000
  6.7509511e+000  4.8329316e+000
  8.4078675e+000  4.8871315e+000
  6.3397506e+000  3.4527311e+000
  3.6022492e+000  7.2918133e+000
  7.0771852e+000 -1.1144678e-001
  6.7185553e+000  6.6479427e+000
  6.7625119e+000  4.9567583e+000
  2.8696766e+000  5.0272928e+000
  2.9372401e+000  2.2599597e+000
  3.0848292e+000  6.4727789e+000
  6.6612448e+000  4.1565648e+000
  3.1729639e+000  3.9277570e+000
  6.0263714e+000  3.5216065e+000
  3.2849312e+000  8.0998085e+000
  6.5726629e+000  5.4003623e+000
  7.3525969e+000  3.1511319e+000
  4.5270358e+000  4.2201812e+000
  7.1294531e+000  1.0311692e+000
  6.1284103e+000  5.4987049e+000
  9.1646497e-001  2.1467822e+000
  5.7572233e+000  2.8596069e+000
  8.4212740e+000  5.0491089e+000
  7.3889967e+000  5.9889186e+000
  5.7581982e+000  4.1949016e+000
  7.0679411e+000  5.1535598e+000
  8.5418138e+000  3.5204698e+000
  5.4778473e+000  4.2858853e+000
  8.9925649e+000  3.1481247e+000
  8.8550016e+000  8.0276133e+000
  7.9411212e+000  5.9681058e+000
  6.1659408e+000  4.1293936e+000
  4.0164418e+000  2.6006486e+000
  4.4160166e+000  3.7988092e+000
  7.2291158e+000  2.3623277e+000
  2.5023397e+000  4.3575921e+000
  4.2904694e+000  5.7355358e+000
  7.0563608e+000  8.2721558e+000
  2.7913944e+000  7.2412017e+000
  5.1134597e+000  5.5395698e+000
  2.9054928e+000  4.5458158e+000
  7.8299441e+000  8.3426052e+000
  3.2441585e+000  2.8913638e+000
  8.4096080e+000  2.6361120e+000
  3.5582927e+000  8.7542133e+000
  2.1363870e+000  7.2863316e+000
  2.2844008e+000  2.1802998e+000
  1.7955461e+000  6.6715633e+000
  8.1188123e+000  5.7158746e+000
  1.2285887e+000  5.1135489e+000
  4.1354002e+000  7.8676019e+000
  1.0332367e+000  8.2466590e+000
  1.6053991e+000  3.1918247e+000
  6.6781409e+000  8.2775399e+000
  1.0343760e+000  7.6926699e+000
  5.0649084e+000  4.1302893e+000
  1.1754403e+000  6.2776642e+000
  3.7732631e+000  8.8218000e+000
  5.6283535e+000  4.1463141e+000
  6.2880774e+000  3.3781018e+000
  2.6982324e+000  4.1320149e+000
  3.1478849e+000  4.9155350e+000
  1.6787524e+000  6.5543811e+000
  2.3531809e+000  7.0424854e+000
  6.2312446e+000  3.4547447e+000
  5.2709387e+000  3.1641169e+000
  7.7177403e+000  6.8264027e+000
  7.6257630e+000  8.3638406e+000
  8.3804900e+000  5.7879539e+000
  8.1268042e+000  3.5157426e+000
  6.7902665e+000  7.6911585e+000
  2.5691072e+000  5.2696196e+000
  6.8330021e+000 -5.5034861e-001
  3.4545936e+000  8.0189428e+000
  8.2949909e+000  6.1075393e+000
  8.3985016e+000  4.8491290e+000
  8.8316386e+000  7.6397430e+000
  2.6955980e+000  4.1835183e+000
  4.7248118e+000  2.8734809e+000
  2.5001157e+000  2.2419275e+000
  4.2136741e+000  2.7154342e+000
  5.4673433e+000  1.9722122e+000
  3.9857918e+000  2.9739935e+000
  2.6308945e+000  2.5891699e+000
  6.4779539e+000  8.2825544e+000
  5.6232869e+000  4.2303851e+000
  6.2374963e+000  7.5030207e+000
  4.4909203e-003  8.0183328e+000
  7.8298586e+000  5.1899728e+000
  2.6156872e+000  2.2562307e+000
  1.7883870e+000  7.5926505e+000
  8.0526549e+000  6.6378775e+000
  2.5448262e+000  7.6462486e+000
  8.0092042e+000  5.2982562e+000
  2.1973959e+000  5.1112194e+000
  6.4941157e+000  5.9321779e+000
  4.9266594e+000  4.1411687e+000
  2.0198425e+000  8.7856054e+000
  3.4482415e+000  8.6293084e+000
  4.5168499e+000  3.0376131e+000
  5.3110737e+000  2.0897811e+000
  6.1309863e+000  2.3613631e+000
  2.1783631e+000  7.1047236e+000
  8.2077194e+000  2.4374650e+000
  3.0136548e+000  2.2095511e-001
  6.6601641e+000  2.4242229e+000
  7.7970852e+000  8.0257494e+000
  6.4610914e+000  3.6589417e+000
  6.7862147e+000  6.3525089e+000
  5.9208540e+000  5.5991922e+000
  7.6172117e+000  2.6520653e+000
  7.0519208e+000  5.6378590e+000
  2.9065364e+000  8.3376137e+000
  2.4877866e+000  5.1907809e+000
  2.1272759e+000  3.4072087e+000
  7.6728689e+000  3.0107615e+000
  2.6857508e+000  6.9569086e+000
  2.0093210e+000  2.7100627e+000
  6.2756249e+000  6.8121949e+000
  8.2216779e+000  7.5235193e+000
  5.5688410e+000  2.9759228e+000
  6.8588514e+000  6.7336849e+000
  8.0640230e+000  6.0850062e+000
  3.3807685e+000  4.7544577e+000
  4.2600718e+000  2.7520236e+000
  6.9724656e+000  4.8210356e+000
  8.9031630e+000  3.2286912e+000
  8.6740372e+000  3.4401895e+000
  7.4140650e+000  7.2728124e+000
  5.6921776e+000  5.8002504e+000
  5.5713933e+000  4.4035997e+000
  2.7273593e+000  3.0806181e+000
  6.9757482e+000  4.1024438e+000
  2.1691273e+000  2.7412552e+000
  7.5331040e+000  4.6800888e+000
  1.2752409e+000  4.0724613e+000
  2.0217653e+000  2.2806842e+000
  7.9847216e+000  6.4336569e+000
  5.7284981e+000  7.8977423e+000
  5.2231849e+000  3.4924312e+000
  4.8764654e+000  3.3550488e+000
  3.1989528e+000  1.4368507e+000
  3.2792783e+000  4.5284385e+000
  7.5261098e+000  3.8098120e+000
  3.1638490e+000  3.0086464e+000
  7.9599805e+000  7.3606783e+000
  1.9613984e+000  6.3784183e+000
  2.1685527e+000  2.2799104e+000
  6.4215368e+000  3.7969800e+000
  8.1956350e+000  4.7394090e+000
  3.1815622e+000  2.6416267e+000
  2.4934258e+000  4.4940525e+000
  6.9293033e+000  8.2299429e+000
  3.3731355e+000  7.8635555e+000
  1.4262832e+000  8.1731911e+000
  6.9298070e+000 -6.7525909e-001
  2.6019518e+000  8.5248109e+000
  6.8530120e+000  4.9127215e+000
  7.0113180e+000  5.3770942e+000
  3.2378057e+000  1.9832106e+000
  4.7979555e+000  1.6550224e+000
  5.4101575e+000  5.9180836e+000
  2.8636051e+000  8.0105458e+000
  7.7719926e+000  6.8242408e+000
  3.7182161e+000  7.6488103e+000
  3.3839428e+000  7.3291698e+000
  6.5787517e+000  4.5213764e+000
  6.9470640e+000  7.1664671e+000
  5.1778961e+000  2.6877628e+000
  5.7050681e+000  7.0418642e+000
  2.6327804e+000  4.9871670e+000
  7.6605493e+000  5.9584637e+000
  5.0191114e+000  5.7127757e+000
  8.5285747e+000  5.7403461e+000
  6.7039274e+000  2.8460551e+000
  9.6078759e+000  4.0980829e+000
  6.5249562e+000  3.0154661e+000
 -1.5757325e-001  4.4236710e+000
  4.8081258e+000  2.6820041e+000
  4.8694066e+000  7.4830300e+000
  2.8007161e+000  8.1244752e+000
  4.6090002e+000  3.9731428e+000
  1.6944455e+000  7.7925604e+000
  4.1331116e+000  7.5823510e+000
  8.5216504e+000  3.1294146e+000
  1.8719886e+000  8.2332543e+000
  4.1291262e+000  4.8597592e+000
  6.7410318e+000  8.3822554e+000
  3.9479076e+000  3.3485617e+000
  2.4290430e+000  7.2336030e+000
  7.4470598e+000  7.7763989e+000
  3.8979778e+000  2.8820993e+000
  7.8426407e+000  8.1929813e+000
  2.4094915e+000  7.2083210e+000
  4.6338869e+000  5.7427892e+000
  7.4691797e+000  7.6686349e+000
  4.2534569e+000  2.4586685e+000
  8.0205400e+000  4.9095382e+000
  5.3140392e+000  3.3336377e+000
  9.2707246e-001  7.4143894e+000
  2.6931735e+000  7.3354570e+000
  7.4151217e+000  7.7199558e+000
  1.2004857e+000  5.6996915e+000
  2.4412905e+000  5.3488837e+000
  5.4393674e+000  6.1189434e+000
  5.2023367e+000  4.1151088e+000
  2.0052269e+000  1.8835780e+000
  8.1135647e+000  7.6545798e+000
  6.1599651e+000  6.7977399e+000
  6.1435067e+000  2.2652886e+000
  5.5082163e+000  5.9408101e+000
  2.6666959e+000  4.2801020e+000
  8.0982858e+000  2.9070209e+000
  2.6156814e+000  5.4020328e+000
  3.0549348e+000  2.7670336e+000
  5.4006573e+000  3.2882839e+000
  7.0683333e+000  4.2845826e+000
  2.6894001e+000  7.3133668e+000
  7.0992004e+000  5.9783403e+000
  5.3051226e+000  3.5789784e+000
  8.5370877e+000  6.3059251e+000
  3.8092115e+000  7.5233573e+000
  7.7700585e+000  2.6379116e+000
  1.8994511e+000  2.8530008e+000
  7.4307310e+000  6.8215617e+000
  3.1919175e+000  7.7449603e+000
  3.5701812e+000  2.3341562e+000
  8.2670203e+000  5.5692259e+000
  5.0583096e+000  2.0901836e+000
  6.7003492e-001  4.0916220e+000
  2.1707893e+000  2.7220474e+000
  6.0773303e+000  5.5806423e+000
  4.8454267e+000  2.8930866e+000
  5.0966040e-001  2.6777588e+000
  3.0554122e+000  1.8223521e+000
  1.2403317e+000  3.7553210e+000
  5.0771570e+000  5.4978533e+000
  7.4970676e-002  3.6466462e+000
  5.8293984e+000  3.3722369e+000
  7.4518604e+000  6.0816476e+000
  6.7150473e+000  5.3479079e+000
  2.4014363e+000  4.8129737e+000
  2.5669398e+000  5.1514461e+000
  6.3616506e+000  7.1244259e+000
  2.6586267e+000  3.0277292e+000
  9.3923316e+000  4.0462812e+000
  9.5753987e+000  4.1383756e+000
  5.8303040e+000  6.3975676e+000
  2.2182521e+000  4.9764640e+000
  2.8459665e+000  5.0686630e+000
  8.7441346e+000  3.9240427e+000
  8.5146896e+000  7.7292490e+000
  3.5738783e+000  8.3330973e+000
  2.3158332e+000  3.5605371e+000
  6.9057890e+000  6.5013606e+000
  6.7650097e+000  6.4607757e+000
  6.4351525e+000  3.5328693e+000
  4.3753914e+000  8.7808755e+000
  2.2546241e+000  2.5533151e+000
  2.7003158e+000  7.6967354e+000
  7.3580141e+000  5.2243458e+000
  5.6048837e+000  3.9863797e+000
  8.3085737e+000  4.7412085e+000
  2.6096079e+000  2.3158749e+000
  7.0913648e+000  7.5946574e+000
  2.2521849e+000  7.0450617e+000
  3.4028598e+000  7.7278154e-001
  6.0232611e+000  4.1343726e+000
  5.3032438e+000  7.2024729e+000
  6.0966557e-001  3.9644860e+000
  5.8773643e+000  5.0544267e+000
  7.1883418e+000  1.3216234e+000
  8.6903486e+000  6.3433947e+000
  9.5835428e-001  2.4952274e+000
  7.4991127e+000  7.2916544e+000
  5.6630920e+000  3.1912119e+000
  5.0469114e+000  2.1168202e+000
  2.5024031e+000  2.4100964e+000
  6.4101582e+000  6.9994879e+000
  7.8515681e+000  5.3585210e+000
  8.7265793e+000  8.1308571e+000
  2.2652728e+000  7.4246669e+000
  2.3752616e+000  7.3214176e+000
  7.1908457e+000  7.7733375e+000
  6.3393923e+000  2.7664111e+000
  2.5316058e+000  6.8570970e+000
  3.2722652e+000  4.6287597e+000
  7.3561264e+000  6.6174865e+000
  5.6067186e+000  4.1009439e-001
  7.4881036e+000  5.4106925e+000
  8.1614106e+000  5.8795452e+000
  2.6759971e+000  8.0809705e+000
  7.2209318e+000  4.6233402e+000
  2.6842386e+000  7.7603340e+000
  5.2405754e+000  1.4953481e+000
  1.8701256e+000  8.0573568e+000
  3.3852048e+000  1.9634392e+000
  9.2741367e+000  6.1204962e-001
  4.6588069e+000  5.7542130e+000
  5.5410803e+000  2.3054935e+000
  2.6485903e+000  2.5038280e+000
  7.1862748e+000  5.2619169e+000
  7.2570558e+000  2.9765877e+000
  6.5730973e+000  7.2366459e+000
 -3.9170864e-002  4.9545599e+000
  3.7458735e+000  9.6571411e+000
  2.1580124e+000  1.7624340e+000
  1.5159252e+000  6.8262090e+000
  2.6255749e+000  8.3840790e+000
  2.2113475e+000  2.9094658e+000
  4.9876449e+000  5.8648391e+000
  6.5279385e+000  2.0734658e+000
  1.7020167e+000  6.6726055e+000
  8.5682647e+000  2.7379610e+000
  1.6373746e+000  4.1021338e+000
  1.8513050e+000  6.7177911e+000
  3.1861071e+000  3.9598724e+000
  7.2116180e+000  6.6966977e+000
  5.5847870e+000  6.1814266e+000
  6.8627456e+000  6.9050149e+000
  7.5501462e+000  8.0274475e+000
  6.5445579e+000  6.6817979e+000
  6.7466308e+000  2.3640358e+000
  4.8150711e+000  3.7578643e+000
  6.8016040e+000  4.3613681e+000
  3.2543183e+000  2.2950431e+000
  3.2486518e+000  4.1160654e+000
  3.2532295e+000  4.2133103e+000
  9.7489233e+000  3.2631530e+000
  2.2593899e+000  7.8653346e+000
  6.1105392e+000  6.9047002e+000
  2.9368664e+000  8.8881180e+000
  3.1966601e+000  5.1790136e+000
  8.2180350e+000  6.0449136e+000
  4.6053564e+000  7.7963460e-001
  4.6412646e+000  5.6491647e+000
  5.5834406e+000  1.3645482e+000
  2.1920828e+000  5.0220646e+000
  7.7042104e+000  6.8707131e+000
  6.1094736e+000  4.8005524e+000
  8.3486363e+000  7.1566355e+000
  7.0219386e+000  4.5199837e+000
  5.2493389e+000  4.8678110e+000
  4.4175791e+000  3.1604807e+000
  7.6779314e+000  7.0895516e+000
  2.1242468e+000  5.8061916e+000
  6.6232274e+000  5.5084186e+000
  2.1993757e+000  5.2502221e+000
  1.2526076e+000  7.9047636e+000
  5.3122133e+000  1.7666788e+000
  2.7527124e+000  2.5001081e+000
  2.5485230e+000  7.1618733e+000
  3.2171500e+000  4.7836994e+000
  2.7632985e+000  7.6810871e+000
  2.2220742e+000  5.3940550e+000
  2.8468330e+000  5.0974496e+000
  7.3003298e+000  5.5030174e-001
  6.9711950e+000  2.5115648e+000
  5.6076437e+000  5.3188196e+000
  5.7590539e+000  8.0417286e+000
  2.1810670e+000  2.7680514e+000
  2.9701742e+000  7.3236256e+000
  4.7562699e+000  2.5445118e+000
  5.5368985e+000  3.3669256e+000
  7.6629894e+000  1.1827424e+000
  6.6088264e+000  2.7003605e+000
  2.6863385e+000  8.3246191e+000
  5.5727498e+000  4.4324790e+000
  7.2454290e+000  1.8831032e+000
  3.5157290e+000  6.5952883e+000
  6.0860649e+000  4.6628349e+000
  7.2979943e+000  8.0152978e+000
  9.1231248e+000  3.8124906e+000
  3.1810434e+000  3.6000991e+000
  4.9755363e+000  1.8149084e+000
  2.1560006e+000  3.3750267e+000
  2.5647981e+000  9.4650267e+000
  2.6285240e+000  7.3341201e+000
  7.6302528e+000  5.8663121e+000
 -4.4223319e-001  8.9122447e+000
  8.6524674e+000  4.6087958e+000
  5.2237843e+000  5.8914953e+000
  1.9545262e+000  1.9328108e+000
  4.8479597e+000  7.3815125e+000
  4.8701008e+000  6.4749038e+000
  5.1998607e+000  3.8539066e+000
  2.3614797e+000  4.3693925e+000
  6.7302371e+000  3.7100888e+000
  3.0158053e+000  4.9344008e+000
  6.1158592e+000  4.4223037e+000
  3.2499585e+000  4.8075925e+000
  3.5059527e+000  8.6255655e+000
  7.5988308e+000  5.8990686e+000
  2.3132613e-001  2.9322742e+000
  2.6408316e+000  2.7492648e+000
  3.9271574e+000  2.4347274e+000
  9.5637669e+000  3.4134442e+000
  2.3215496e+000  6.9801368e+000
  7.3015427e+000  4.3364998e+000
  2.3761509e+000  4.5337072e+000
  4.7962784e+000  1.3381908e+000
  5.9278030e+000  5.6670109e+000
  7.8368245e+000  5.8801273e+000
  7.3119184e+000  2.5680240e+000
  9.4593983e+000  3.9458353e+000
  4.3913763e+000  6.6210647e+000
  5.0040372e+000  2.6671052e+000
  6.8723383e+000  6.3055143e+000
  4.4867259e+000  2.6259514e+000
  2.3320451e+000  7.4684445e+000
  4.8825488e+000  5.8429162e+000
  8.1233750e+000  4.9719195e+000
  3.8640108e+000  2.2130698e+000
  8.3738045e+000  5.8956679e+000
  2.5903366e-001  3.9007255e+000
  2.2412778e+000  5.2799141e+000
  6.7152981e+000  5.6821563e+000
  8.0184512e+000  3.1002111e+000
  2.7854191e+000  3.2590957e+000
  3.1022029e+000  4.4498664e+000
  3.8887823e+000  8.3465345e+000
  7.9680252e+000  3.4053942e+000
  5.3487508e+000  3.7150543e+000
  7.9050178e+000  2.0167817e+000
  7.8653462e+000  4.9667166e+000
  3.2453702e+000  4.2050775e+000
  6.6600664e+000  7.8673748e+000
  8.7961438e+000  6.4937013e+000
  6.0029630e+000  2.8307548e+000
  6.5626368e+000  8.2109211e+000
  7.1067851e+000  6.8871725e+000
  3.1684488e+000  4.6551597e+000
  5.5192337e+000  5.9454038e+000
  7.2421481e+000  4.5682932e+000
  2.5627674e+000  7.0304891e+000
  5.3962637e+000  2.8332156e+000
  2.3585108e+000  5.1831747e+000
  2.7488959e+000  5.3458252e+000
  8.6314137e+000  5.1957816e+000
  5.7420992e+000  1.2328420e+000
  5.0888665e+000  5.4187311e+000
  2.9439503e+000  9.6024376e+000
  8.4504360e+000  4.7116889e+000
  1.4387576e+000  2.5203272e+000
  5.3980473e+000  5.9601799e+000
  6.5157718e+000  1.7867920e+000
  6.6301535e+000  4.0368116e+000
  7.2361529e+000  2.7492154e+000
  5.9090521e+000  7.6890012e+000
  4.9747046e+000  7.5254257e+000
  6.8000688e+000  7.2408756e+000
  2.1817613e+000  7.8284382e-002
  5.6456736e-001  5.6979094e+000
  2.9703086e+000  3.2601156e+000
  3.0970681e+000  8.1153981e+000
  5.2081988e+000  4.3896268e+000
  3.6072091e+000  7.4565389e+000
  5.4903900e+000  3.1285595e+000
  2.7961538e+000  7.0069276e+000
  6.7714796e+000  2.4212203e+000
  8.4094458e+000  4.0355653e+000
  4.4373185e+000  8.9371792e+000
  4.5356508e+000  3.3572682e+000
  6.3834422e+000  4.8832723e+000
  2.8740006e+000  3.5892641e+000
  8.5306621e+000  2.4627568e+000
  7.1695976e+000  2.5601823e+000
  2.8456518e+000  4.5639102e+000
  7.0927247e+000  4.2888882e+000
  5.4450252e+000  3.2101821e+000
  2.2731284e+000  3.1488667e+000
  4.8958045e+000  4.2252332e+000
  5.1285015e+000  4.6872734e+000
  1.6065499e+000  7.0982679e+000
  6.0146011e+000  5.8261868e+000
  5.1820097e+000  2.0645419e+000
  3.3173353e+000  7.2386362e+000
  2.0588635e+000  7.6651325e+000
  8.1059983e+000  2.3844442e+000
  2.6625342e+000  7.3683619e+000
  5.5982586e+000  7.2120058e+000
  7.5151229e+000  8.2724248e+000
  3.4588632e+000  2.9426297e+000
  2.8184183e+000  7.7668907e+000
  8.1994215e+000  5.0052042e+000
  4.7888270e+000  7.2003243e+000
  3.2337390e+000  4.7535662e+000
  3.8543177e+000  3.2014096e+000
  1.5766544e+000  3.8295804e+000
  5.9207639e+000  3.8354094e+000
  6.6840662e+000  1.5287124e+000
  8.8171097e+000  5.2735684e+000
  7.5907612e+000  7.5501661e+000
  8.2336836e-001  7.5113457e+000
  6.7753791e+000  6.9640089e+000
  8.3020137e+000  6.5035185e+000
  6.2306741e+000  4.6158224e+000
  8.3890368e+000  2.7008874e+000
  8.5448354e+000  8.1238104e+000
  6.3978951e+000  6.7610368e+000
  2.1861598e+000  6.8249241e+000
  2.1049944e+000  7.8044825e+000
  6.5456562e+000  2.8944455e+000
  6.2388020e+000  6.8101178e+000
  7.4930792e+000  6.2013464e+000
  7.1739795e+000  5.5622870e+000
  5.0025552e+000  7.7911507e+000
  2.0431068e+000  2.6259208e+000
  8.4610835e+000  8.3816703e+000
  5.5566079e+000  7.3875901e+000
  7.7649199e+000  7.9096403e+000
  8.8963732e+000  3.3735798e+000
  4.2936047e+000  2.7881707e+000
  4.6267220e+000  2.7242860e+000
  8.7549552e+000  6.3197807e+000
  6.3555664e+000  1.1632944e+000
  7.2453975e+000  7.0361933e+000
  7.2505440e+000  4.2960092e+000
  6.5763547e+000  1.8975327e+000
  6.1788198e+000  7.8249328e+000
  5.2798719e+000  5.6654784e+000
  9.7287095e+000  3.2531370e+000
  5.5054667e+000  3.9817580e+000
  5.4462604e+000  3.7414511e+000
  9.0523093e+000  6.2173603e+000
  9.0890190e+000  3.4390318e+000
  3.3807806e+000  9.4609812e+000
  2.3472226e+000  8.1324165e+000
  5.2379491e+000  2.9203773e+000
  4.8617250e+000  1.7944707e+000
  6.6472162e+000  7.5191598e+000
  6.3887533e+000  3.6582566e+000
  2.5941224e+000  6.5209815e+000
  6.3983438e+000  5.6498844e+000
  3.2782336e+000  3.7631151e+000
  5.5821468e+000  2.6754819e+000
  7.0991927e+000 -1.2412261e-001
  2.9966508e+000  7.4391056e+000
  6.7879853e+000  2.9820409e+000
  7.6463200e+000  7.0523876e+000
  4.4011884e+000  4.9890191e+000
  7.2441620e+000  3.7085378e+000
  5.4737148e+000  2.5630107e+000
  5.3409406e+000  3.9981731e+000
  9.0177827e+000  3.6854545e+000
  7.1748718e+000  8.4686327e+000
  2.3323429e+000  2.5259253e+000
  7.6679101e+000  7.2509964e+000
  5.5154696e+000  5.2180614e+000
  6.3780156e+000  2.5315871e+000
  2.1113736e+000  2.3829102e+000
  4.1496997e+000  7.9041411e+000
  2.3782095e+000  4.4117121e+000
  2.8207493e+000  3.2771420e+000
  2.7846930e+000  8.5336080e+000
  4.1970676e+000  3.2970279e+000
  2.8327663e+000  8.5916660e+000
  2.3701797e+000  4.7578927e+000
  4.6898031e+000  7.8972873e+000
  2.7123733e+000  8.2316780e+000
  5.0621329e+000  2.7200169e+000
  6.5160260e+000  6.6717047e+000
  1.4483532e+000  9.2953000e+000
  4.6907435e+000  3.0431272e+000
  3.1288679e+000  2.7176947e+000
  1.2089188e+000  2.4400023e+000
  7.3750303e+000  6.1855221e+000
  6.3406154e+000  6.5388478e+000
  1.3002558e+000  8.0516128e+000
  7.7916328e+000  5.4828025e+000
  8.8733635e+000  5.6216237e+000
  2.7454053e+000  9.5897599e-001
  2.7764100e+000  4.7641614e+000
  9.1879639e+000  4.3052810e+000
  4.6262160e+000  3.3327086e+000
  7.3180091e+000  7.1626967e+000
  2.9011732e+000  1.8080690e+000
  5.7780155e+000  4.1821293e+000
  2.4127253e+000  2.6701567e+000
  5.9535688e+000  1.2228129e+000
  5.9732498e+000  4.7062118e-001
  5.5369680e+000  4.0247410e+000
  3.4257337e+000  3.6951927e+000
  2.4229995e+000  4.5680739e+000
  8.1588507e+000  3.8894678e+000
  6.4487726e+000  6.7328152e+000
  1.6723675e+000  4.1929601e+000
  5.4994225e+000  1.2824487e+000
 -9.5234211e-002  4.2740336e+000
  7.1150147e+000  7.1961127e+000
  2.2773158e+000  2.1872456e+000
  6.7819328e+000  6.9355268e+000
  3.1764645e+000  7.6115850e+000
  6.5718777e+000  3.8218505e+000
  6.2970348e+000  6.9394611e+000
  6.2478945e+000  1.4068457e+000
  6.6348036e+000  3.5949552e+000
  6.9209057e+000  2.9786734e+000
  7.1579454e+000  6.5689308e+000
  7.0872146e+000  6.5009365e+000
  3.7346133e+000  3.4672359e+000
  2.3314900e+000  7.7640530e+000
  7.8787429e+000  7.2410756e+000
  5.9123637e+000  1.3769710e+000
  3.3129613e+000  8.1207502e+000
  5.0748040e+000  6.2065742e+000
  7.8691924e+000  2.2855063e+000
  7.4317671e+000  7.3338434e+000
  2.8969435e+000  8.0751641e+000
  4.7387248e+000  4.0883694e+000
  2.5645477e+000  7.3457871e+000
  9.9064441e+000  3.4809684e+000
  5.1654069e+000  7.5570554e+000
  7.1921004e+000  2.9079390e+000
  8.0362160e+000  5.7116188e+000
  8.2838448e+000  5.0751045e+000
  6.0310179e+000  7.7610709e-001
  2.7143067e+000  4.3723162e-001
  8.2266008e+000  7.9277267e+000
  8.5655868e+000  6.3500368e-001
  9.3461548e+000  3.8471177e+000
  2.6410621e+000  2.2210141e+000
  8.4041062e+000  4.6699624e+000
  7.7940054e+000  4.8900488e+000
  5.9582896e+000  1.3303613e+000
  3.7938535e+000  2.6287405e+000
  6.8587288e+000  4.9629605e+000
  3.6839086e+000  3.1845141e+000
  3.2607604e+000  4.4865143e+000
  5.9147902e+000  3.8789816e+000
  8.1707988e+000  7.0148405e+000
  6.1733403e+000  6.9555088e+000
  7.4576746e+000  7.5033384e+000
  3.1711878e+000  4.1194570e+000
  9.1283783e+000  7.3159628e+000
  3.7831442e+000  7.3502230e+000
  7.5200937e+000  8.6715416e+000
  6.7201695e+000  7.6914954e+000
  5.8988816e+000  7.5974533e+000
  8.5611254e+000  4.9911359e+000
  6.1739577e+000  4.4731988e+000
  8.0829712e+000  8.0170309e+000
  5.6356730e+000  3.5677997e+000
  6.6261453e+000  7.7086241e+000
  2.6001471e+000  7.8620263e+000
  4.2445015e+000  2.4282875e+000
  4.1583672e+000  7.9957087e+000
  6.3418268e+000  1.7062598e+000
  8.7467998e+000  6.1364390e+000
  7.1386478e+000  6.4107981e+000
  2.5801894e+000  7.8759108e+000
  4.9318154e+000  2.4884281e+000
  3.5832142e+000  4.1593644e+000
  4.9468188e+000  4.7279037e+000
  4.6929119e+000  5.4463462e+000
  4.2961003e+000  2.3192605e+000
  7.5800788e+000  6.5290998e+000
  2.7159193e+000  5.2155386e+000
  2.6937155e+000  8.2587338e+000
  6.5920875e+000  6.7963996e+000
  1.7295326e+000  4.9400167e+000
  6.3436035e+000  6.5820225e+000
  3.1734247e+000  7.8591803e+000
  5.9972432e+000  5.7896273e+000
  7.2295083e+000  8.7005845e+000
  1.6594173e+000  6.7991710e+000
 -1.3398064e-001  4.6618808e+000
  7.1646990e+000  5.3480922e+000
  2.5118612e+000  7.2096322e+000
  6.0580174e+000  2.6850177e+000
  2.3540036e+000  5.1633665e+000
  5.8118739e+000  5.1465385e+000
  5.4384323e+000  6.2531379e+000
  2.6291433e+000  7.8436017e+000
  6.9067403e+000  6.5629381e+000
  2.1237372e+000  7.5103179e+000
  5.2215789e+000  3.1926913e+000
  1.5296940e+000  7.4138823e+000
  8.0969597e+000  5.6357272e+000
  6.6418928e+000  2.7964442e+000
  6.8178586e+000  7.2720577e+000
  2.9620204e+000  7.1770184e+000
  7.4607917e+000  6.0542274e+000
  7.3980346e+000  8.2939484e+000
  8.7982115e+000  5.5365773e+000
  7.2555107e+000  6.3306008e+000
  6.7071379e+000  5.4611501e+000
  7.4446686e+000  5.8446904e+000
  7.4470846e+000  2.5496325e+000
  6.6406533e+000  7.6383812e+000
  8.0552043e+000  5.8182127e+000
  1.9357893e+000  2.9268311e+000
  9.7472659e+000  3.5402034e+000
  5.0792802e+000  3.2027221e+000
  6.7502623e+000  5.3699809e+000
  4.7647568e+000  3.8241161e+000
  2.6592630e+000  3.2511608e+000
  2.3207675e+000  9.0511788e+000
  3.7750157e+000  7.2956218e+000
  6.7858917e+000  6.5149449e+000
  6.1059727e+000  3.1351160e+000
  5.9994279e+000  1.9426393e+000
  7.0106786e+000  2.8289951e+000
  8.7052532e+000  6.0596331e+000
  6.9384655e+000  1.2208130e+000
  2.0655916e+000  3.0960553e+000
  7.2888039e+000  7.3163618e+000
  6.7454538e+000  7.5275548e+000
  2.8745825e+000  8.0401763e+000
  2.1510976e+000  2.2754803e+000
  5.4621891e+000  7.7536437e+000
  4.9580449e+000  6.7557023e+000
  2.7960866e+000  4.5756402e+000
  6.9598195e+000  2.5526313e+000
  7.4456512e+000  5.7229218e+000
  8.2896323e+000  4.6436472e+000
  7.4093926e+000  5.5371913e+000
  5.1984495e+000  5.7464941e+000
  8.7923696e-001  2.9278749e+000
  3.5204475e+000  9.6700801e+000
  2.1033932e+000  8.1730290e+000
  6.9055215e+000  2.1968192e+000
  6.7942402e+000  2.0048428e+000
  5.2885216e+000  3.6253441e+000
  6.2976784e+000  7.6117920e+000
  5.6549112e+000  4.4468001e+000
  2.6032202e+000  2.4718263e+000
  2.7818274e+000  4.2338236e+000
  2.3963564e+000  2.0977291e+000
  1.0132170e+000  2.8992662e+000
  1.3937734e+000  6.5044152e+000
  7.2499956e+000  5.6537120e+000
  2.6908749e+000  4.3892670e+000
  3.7426078e+000  8.9926917e+000
  4.7823557e+000  1.6971383e+000
  2.7624587e+000  2.2599715e+000
  2.7474665e+000  4.5713901e+000
  8.2336182e+000  2.7930876e+000
  7.0825001e+000  7.4463892e+000
  4.4699069e+000  2.3782365e+000
  1.5161028e+000  7.1414714e+000
  1.8706880e+000  7.5205740e+000
  2.7132139e+000  4.7185622e+000
  6.6312492e+000  6.9464095e+000
  3.3365612e+000  8.7685815e-001
  6.8554933e+000 -9.4381876e-001
  3.0113685e+000  7.2885155e+000
  7.5240803e+000  2.8424322e+000
  2.1398834e+000  3.3485895e+000
  2.8039340e+000  5.3285239e+000
  1.8301746e+000  7.5956734e+000
  6.4370614e+000  6.5808565e+000
  3.2224444e+000  4.0942932e+000
  2.4706786e+000  2.3893299e+000
  2.8176630e+000  4.2076077e+000
  5.6736186e+000  2.9059809e+000
  3.2373504e+000  4.7514104e+000
  5.9312392e+000 -1.6925133e-001
  3.5982388e+000  7.2349425e+000
  7.4824124e+000  7.5189742e+000
  2.5631958e+000  7.0467874e+000
  2.5218113e+000  7.1681731e+000
  8.7294720e+000  4.7892725e+000
  7.4037116e-001  2.9931805e+000
  4.3741457e+000  2.4694616e+000
  1.9994199e+000  9.2640036e+000
  6.4399637e+000  6.8531776e+000
  4.4191900e+000  5.7912961e+000
  2.5209983e+000  2.6945858e+000
  2.7019375e+000  8.5642428e+000
  3.0840511e+000  7.2885740e+000
  6.7858388e+000  3.6384306e+000
  2.6626249e+000  1.3734393e+000
  5.7531840e+000  5.8079221e+000
  7.3973024e+000  5.8453743e-001
  3.9583166e+000  5.0896328e+000
  6.5806087e+000  3.7236125e+000
  2.9740746e+000  2.5835734e+000
  8.6783339e+000  5.6656857e+000
  7.5468332e+000  7.3025403e+000
  6.5657128e+000  7.3735269e+000
  5.4938810e+000  4.2361402e+000
  5.0987353e+000  3.1685213e+000
  6.5694889e-001  2.8749643e+000
  2.4925332e+000  4.8715623e+000
  5.5900135e+000  6.6586990e-001
  5.8378070e+000  7.0407040e+000
  6.0159406e+000  5.0348218e+000
  3.6542363e+000  2.8107956e+000
  2.2518295e+000  2.8427417e+000
  6.3586501e+000  7.7896953e+000
  6.3096689e+000  7.3060093e+000
  2.8286716e+000  5.4426607e+000
  2.2265096e+000  5.7030463e+000
  6.6280061e+000  3.8079908e+000
  8.3708571e+000  4.7331776e+000
  5.5569855e+000  1.7401163e+000
  6.4310311e+000  2.6064502e+000
  3.3915826e+000  1.1804188e+000
  6.6263268e+000  4.5601606e-002
  1.6174575e+000  5.8506397e+000
  3.2018315e+000  7.4533585e+000
  1.7711294e+000  2.3687503e+000
  6.0137096e+000  4.1268028e+000
  4.4986569e+000  2.5409338e+000
  6.9877212e+000  2.6668239e+000
  6.1513111e+000  6.2367223e+000
  2.4645523e+000  4.0487888e+000
  3.4947011e+000  2.1644709e+000
  3.1587022e+000  2.7835820e+000
  2.5824702e+000  7.6164391e+000
  5.6184361e+000  5.2706992e+000
  6.9680340e+000 -8.1024994e-001
  2.4772871e+000  6.6251281e+000
  7.8262018e+000  5.5546112e+000
  5.2780822e+000  3.6889942e+000
  1.8439502e+000  2.6803108e+000
  5.2808584e+000  4.3898282e+000
  2.5768360e+000  5.0285708e+000
  4.4344859e+000  5.3127122e+000
  5.2698466e+000  7.1925204e+000
  6.9501450e+000  1.8095274e+000
  7.9162053e+000  2.8042302e+000
  6.9572470e+000  6.7364546e+000
  6.3086308e+000  4.9459042e+000
  8.1511643e+000  4.0738892e+000
  2.2408475e+000  8.1296162e+000
  2.0328606e+000  8.0189013e+000
  5.6614313e+000  3.9672973e+000
  9.6479477e+000  3.1710038e+000
  6.5845329e+000  3.5199876e+000
  5.2436281e+000  3.2407917e+000
  6.3535302e+000  4.9201751e+000
  3.2372599e+000  5.1101793e+000
  2.6039349e+000  5.3118721e+000
  5.4908025e+000  2.9842091e+000
  7.0208535e+000  2.2783104e+000
  5.1146223e+000  6.2353097e+000
  2.4514213e+000  7.0214109e+000
  6.0344899e+000  4.9634509e+000
  2.3158077e+000  7.8982983e+000
  2.5898406e+000  2.6490768e+000
  6.9971615e+000  6.9998303e+000
  7.1559491e+000  7.6992616e+000
  9.3556282e+000  6.1101829e+000
  8.0278529e+000  4.7124367e+000
  5.9628954e+000  4.1272132e+000
  5.0647441e+000  6.7287261e+000
  7.0814874e+000  7.3629745e+000
  3.3252071e+000  7.9432997e+000
  5.3461382e+000  8.7443512e-001
  5.7052461e+000  5.4947551e+000
  6.4552241e+000  6.5134956e+000
  7.2315317e+000  3.0247305e+000
  6.3619797e+000  7.7540752e+000
  3.0073294e+000  9.7539002e+000
  5.2606143e+000  4.4114274e+000
  6.6111832e+000  6.5873289e+000
  7.1460626e+000  2.0165171e+000
  6.7632167e+000  2.1583105e+000
  2.9130352e+000  8.2578358e+000
  1.8257875e+000  7.0735148e+000
  3.1596777e+000  8.3316283e+000
  4.3075101e+000  3.2001218e+000
  2.5464187e+000  8.4406622e+000
  6.6457155e+000  8.6737239e+000
  5.6125572e+000  2.7319282e+000
  4.6944661e+000  3.3336410e+000
  2.1565785e+000  7.4267893e+000
  5.9550711e+000  1.3806262e+000
  2.0788679e+000  4.4958971e+000
  4.1693513e+000  2.9598959e+000
  7.2776453e+000  4.9849377e+000
  5.6283843e+000  2.9495295e+000
  6.1460133e+000  2.2836460e+000
  2.3065429e+000  7.5849192e+000
  6.5452519e+000  7.2278288e+000
  7.0185814e+000  5.3376902e+000
  5.0438379e+000  6.7716062e+000
  8.2280468e+000  6.4070199e+000
  4.0979974e+000  2.9780454e+000
  4.2302089e+000  3.3068724e+000
  3.2468497e+000  5.7701386e+000
  3.1610485e+000  4.9770434e+000
  7.7784293e+000  7.4215326e+000
  7.6876731e+000  5.4058635e+000
  3.7070872e+000  2.9873971e+000
  6.5683260e+000  4.7282501e+000
  4.2648614e+000  2.5475518e+000
  6.4818246e+000  5.9552470e+000
  4.3667009e+000  7.5841410e+000
  6.6879143e+000  3.9925049e+000
  5.0591065e+000  7.9107988e+000
  9.3748060e+000  3.6686539e+000
  4.2480615e+000  7.5832995e+000
  7.4285364e+000  5.7745757e+000
  6.6762025e+000  2.3618270e+000
  2.6823589e+000  5.0511563e+000
  6.1463566e+000  5.3353906e+000
  7.2012937e+000  5.2065515e+000
  8.5371288e+000  7.6668748e+000
  7.0676481e+000  1.4714379e+000
  6.9406320e+000  6.8805709e+000
  8.3439087e+000  5.5306471e+000
  3.2424333e+000  8.1699278e+000
  5.5483685e+000  1.0552771e+000
  2.8146186e+000  2.3286256e+000
  2.3498263e+000  7.7798129e+000
  6.5244941e+000  4.3555631e+000
  6.4008857e+000  7.0784272e+000
  2.5483114e+000  3.6173114e+000
  3.1738166e+000  3.9652565e+000
  5.6058599e+000  3.8423840e+000
  4.7578496e+000  6.3274163e+000
  1.0223218e+000  3.0246327e+000
  5.2934732e+000  5.7716833e+000
  6.5086474e+000  7.3666657e+000
  5.9317900e+000  5.5501187e+000
  3.0448442e+000  2.0118010e+000
  6.7148668e+000  5.3325457e+000
  6.5859844e+000  4.2250990e+000
  8.2958731e+000  6.1860184e+000
  5.4328445e+000  3.3022542e+000
  2.4641962e+000  2.5954050e+000
  6.2933468e+000  1.8372650e-001
 -4.2404105e-001  9.3257468e+000
  3.8058819e+000  2.3687649e+000
  2.3281334e+000  3.5773560e+000
  8.3978462e+000  2.7959557e+000
  3.0151287e+000  6.9339451e+000
  2.8095037e+000  8.2001688e+000
  1.9546537e+000  2.0496131e+000
  5.8715360e+000  2.9421635e+000
  7.6685415e+000  7.3693417e+000
  6.8301091e+000  2.7235758e+000
  4.8939833e+000  4.7210143e+000
  5.5419490e+000  2.9235879e+000
  3.9975260e+000  1.4900017e+000
  4.0857129e+000  8.4836619e+000
  5.8643670e+000  5.2438670e+000
  4.8735259e+000  2.3261979e+000
  6.7819997e+000  2.3639375e+000
  6.8020485e+000  6.7560046e+000
  5.6026187e+000  4.6075810e+000
  7.6912653e+000  6.5029603e+000
  1.8730476e+000  4.8754254e+000
  5.9357759e+000  5.5981392e+000
  2.3280533e+000  2.1926742e+000
  2.4809159e+000  7.8355809e+000
  2.1272987e+000  7.5679356e+000
  2.3804250e+000  7.4279371e+000
  7.1592409e+000  3.5528284e+000
  6.3667489e+000  6.8652458e+000
  5.2919738e+000  2.6979791e+000
  4.2389240e+000  7.7274146e+000
  2.2492167e+000  2.4741079e+000
  8.5449817e+000  7.4936248e+000
  6.5291794e+000  7.8076968e+000
  9.9523264e-001  5.8395792e+000
  7.9484874e+000  7.9918496e+000
  6.3801122e+000  2.6402231e+000
  2.6376837e+000  7.8464411e+000
  6.3644231e+000  1.2296410e+000
  6.9663152e+000  6.7406035e+000
  2.6043065e+000  7.4410372e+000
  2.9679337e+000  7.3091547e+000
  3.9179480e+000  2.1574512e+000
  6.4978653e+000  6.3153412e+000
  1.1318836e+000  2.2270512e+000
  5.0537489e+000  2.7269207e+000
  2.9429905e+000  4.0780333e+000
  2.5434942e+000  8.1611132e+000
  9.4650175e+000  6.0450972e+000
  7.8150724e+000  7.9720464e+000
  2.8552477e+000  3.8105937e+000
  5.5655007e+000  2.8427380e+000
  6.6880487e+000  4.1503506e+000
  3.9560607e+000  7.7018327e+000
  2.7790529e+000  7.2418677e+000
  2.8069768e+000  4.6798237e+000
  7.4102445e+000  7.0586316e+000
  5.9635270e+000  5.8531613e+000
  6.2675055e+000  2.2275345e+000
  2.8277893e+000  2.5861128e+000
  5.9574630e+000  5.2484036e+000
  6.8351093e+000  2.1655938e+000
  2.6402436e+000  8.2799363e+000
  2.9113566e+000  7.9162988e+000
  2.2761382e+000  7.8254055e+000
  7.3895942e+000  2.6591513e+000
  7.6126417e+000  7.4619881e+000
  8.6730964e+000  6.2447921e+000
  1.9705288e+000  4.5234237e+000
  5.2454866e+000  2.9211084e+000
  7.9850775e+000  6.0028886e+000
  7.0136722e+000  7.8449639e+000
  7.7716096e+000  3.3274161e+000
  6.8095293e+000  6.5309729e+000
  5.8030778e+000  2.1033184e+000
  7.7183932e+000  8.3510409e+000
  2.5226806e+000  7.4120409e+000
  6.5210677e+000  5.4481464e+000
  2.8182122e+000  8.1308118e+000
  7.4704792e+000  8.7975211e+000
  8.7949708e+000  5.2397510e+000
  5.3567193e+000  7.1848835e+000
  3.5179662e+000  5.1845753e+000
  2.9199129e+000  4.6497279e+000
  2.9130114e+000  2.4235770e+000
  7.1516441e+000  7.3735830e+000
  2.6027795e+000  7.2545791e+000
  6.1912602e+000  7.2820876e+000
  2.3428977e+000  7.6437245e+000
  5.0354515e+000  1.6587772e+000
  3.9504199e+000  5.2556078e+000
  4.9509172e+000  2.8267310e+000
  1.2506286e+000  2.0250875e+000
  2.8164146e+000  2.5270666e+000
  3.0494521e+000  2.9413834e+000
  6.9260280e+000  4.2517463e+000
  5.6826325e+000  3.5166431e+000
  2.2720584e+000  4.9614946e+000
  3.6691884e+000  3.8754377e+000
  5.1228321e+000  5.4460181e+000
  6.3993341e+000  6.4001454e+000
  7.1541771e+000  2.7451079e+000
  7.0084045e+000  6.1496360e+000
  1.7862808e+000  3.2201756e+000
  5.3420250e+000  3.9354278e+000
  5.9523300e+000  4.6701029e+000
  3.1961814e+000  4.9830555e+000
  3.4113209e+000  1.9808941e+000
  6.8170346e+000  7.9793592e+000
  4.6024959e+000  4.9785398e+000
  5.4069130e+000  3.8008373e+000
  3.2366722e+000  7.1092148e+000
  4.9861950e+000  2.4916085e+000
