  5.2302579e+000  5.3127860e+000
  5.1848945e+000  7.3150741e+000
  2.3221026e+000  7.3990543e+000
  8.8791427e+000  1.5269202e+000
  6.8251020e+000  6.3626399e+000
  6.9187219e+000  7.3712542e+000
  8.0518674e+000  1.0015460e+000
  2.3954960e-001  2.2747926e+000
  2.6092535e-001  3.6609726e+000
  1.8123643e+000  7.8399885e+000
  6.1768814e+000  8.9708751e+000
  3.2206466e+000  4.1179445e+000
  9.5294197e+000  5.5165630e+000
  2.4294043e+000  2.6511635e+000
  5.5485900e+000  1.3211726e+000
  8.8138647e+000  4.9328960e+000
  2.9802241e+000  8.8596850e+000
  8.1978421e+000  9.5448159e+000
  8.7718341e+000  2.0904904e+000
  4.5890082e+000  7.9439819e+000
  7.3495452e+000  9.2283345e+000
  2.2539963e+000  9.8272766e+000
  6.0398774e+000  4.6133226e-001
  5.5200110e+000  3.1661263e+000
  5.1017370e+000  5.4683128e+000
  6.6429527e+000  4.7062047e+000
  1.1170132e+000  7.2469553e+000
  7.8160741e+000  1.4480707e+000
  8.3526359e+000  4.2236363e+000
  4.0619194e+000  3.9438225e+000
  9.2289342e+000  4.9968021e+000
  9.4392400e+000  7.9065801e-001
  3.6977589e+000  5.9205874e-001
  3.1895077e+000  4.0512555e+000
  2.4095703e+000  2.0004261e+000
  9.2987621e+000  5.8236751e+000
  6.2870446e+000  8.4635205e+000
  1.7347109e+000  8.5131861e+000
  2.8748789e+000  8.4431340e+000
  9.5986852e+000  1.0070788e+000
  1.3360542e+000  5.3512307e-001
  5.9623986e+000  9.2436340e-001
  2.1341314e+000  1.6477554e+000
  9.5751000e+000  2.0644687e+000
  1.8270418e+000  2.9501649e+000
  2.6517376e+000  8.0909315e+000
  1.5155664e+000  3.0325412e+000
  4.7876406e+000  8.0780058e+000
  8.0193599e+000  2.0577824e+000
  1.4339834e+000  6.8664065e+000
  7.2842193e+000  1.8303138e+000
  2.4911933e+000  8.5146931e+000
  8.2043677e+000  4.7466876e+000
  5.5411274e+000  6.9523298e+000
  5.1275310e+000  6.8883129e+000
  7.0540802e+000  4.3724000e+000
  1.9745088e+000  4.1947231e+000
  7.8303474e+000  8.5379177e+000
  1.2057886e+000  4.4364861e+000
  8.9233668e+000  5.5874081e+000
  2.3166231e+000  4.1768889e+000
  4.9287011e-001  7.1088679e+000
  5.4170889e+000  3.0776537e+000
  7.9141090e+000  3.2650226e+000
  8.1969384e+000  6.8491613e+000
  1.5948995e+000  1.6811182e+000
  4.7935333e+000  6.4925153e+000
  5.1434034e+000  3.2119746e+000
  1.7074299e+000  6.4543047e+000
  7.1519670e+000  6.7527924e+000
  5.7093954e+000  2.6853458e+000
  1.6165991e+000  5.0255030e+000
  1.2884471e-001  7.2220069e+000
  1.5897219e+000  5.1593428e+000
  9.1769303e+000  5.1986961e+000
  6.1790735e+000  2.8750469e+000
  9.2389980e+000  7.1206282e-001
  4.1855174e+000  9.3010492e+000
  3.7449782e+000  2.9222138e+000
  2.7539476e+000  8.9841734e-001
  6.5576417e+000  7.3125696e+000
  7.3452900e+000  8.7385034e+000
  3.5569743e+000  9.5145651e+000
  8.5917822e+000  1.8013729e+000
  4.5870090e+000  3.1204054e-001
  4.4395924e+000  2.8408943e+000
  2.0477736e+000  5.1200820e-001
  3.2552085e+000  2.1636747e+000
  4.1694959e+000  2.3488592e+000
  7.8894433e+000  3.6024710e+000
  3.7769020e+000  7.0882038e+000
  3.0129507e+000  3.1158481e+000
  3.5110452e+000  9.0113029e-001
  8.6160781e+000  1.1345880e+000
  4.7025755e+000  1.0640225e+000
  7.0775924e+000  6.5014533e-001
  3.0905424e-001  3.8569172e+000
  1.2328406e+000  6.6531742e+000
  4.0860736e+000  1.6959625e+000
  2.8625867e+000  1.9038398e+000
  7.0068826e+000  6.3506530e+000
  1.0326198e+000  2.3267165e+000
  8.3542277e+000  3.2498911e+000
  6.0465606e+000  9.8217079e+000
  8.2563059e+000  1.8159658e+000
  1.9686332e+000  8.0609112e+000
  8.6385734e-001  2.2771634e+000
  2.0139296e+000  5.0628643e+000
  6.0214182e+000  2.2706666e+000
  7.3892846e-001  6.9031669e+000
  5.8265452e+000  2.3499929e+000
  7.9968514e+000  4.0987589e-001
  8.3040347e+000  1.3404598e+000
  3.2532552e-001  7.9857223e+000
  2.9969147e+000  4.7664011e+000
  8.5184473e+000  7.6981255e+000
  8.4180500e+000  6.9182273e+000
  5.4427111e+000  1.8421898e+000
  4.4359806e+000  1.7771628e+000
  2.1375061e+000  6.7344473e+000
  6.1365493e+000  7.0759115e+000
  3.2660152e+000  5.9110207e+000
  6.1983295e+000  3.2900597e+000
  8.3768525e+000  4.5695214e+000
  3.7280849e+000  1.9831080e+000
  1.8615592e+000  9.2880992e+000
  3.4796819e+000  6.5001046e+000
  7.7113290e-001  7.8257979e+000
  3.4942901e+000  9.9117406e-001
  7.3230849e+000  6.6830473e+000
  3.7812775e+000  1.0626077e+000
  4.4651620e+000  3.3213608e+000
  7.9474605e+000  7.1232808e+000
  3.4282539e+000  9.2776073e+000
  2.8508199e+000  1.9241668e+000
  1.8245632e-001  1.1337413e+000
  3.5638428e+000  1.0732882e+000
  1.5568653e+000  1.1739533e+000
  2.1465326e+000  5.3405496e+000
  6.2010831e+000  2.5068170e+000
  1.6678593e+000  8.3702999e+000
  3.2569307e+000  2.8621749e+000
  9.6887757e+000  5.6097532e+000
  9.3679053e+000  3.0392596e+000
  1.8611822e+000  8.3629834e+000
  6.0390937e+000  2.7043801e+000
  8.8564503e+000  6.1258938e+000
  1.3101470e+000  5.9425097e+000
  7.4381753e+000  7.2891750e+000
  9.2704874e+000  8.8100462e+000
  9.0581605e+000  9.1564943e+000
  8.2030552e+000  4.2249418e+000
  1.8161378e+000  5.3625095e+000
  5.8947996e+000  4.8909806e+000
  2.6596406e+000  2.5547334e+000
  4.0024827e+000  5.9837043e+000
  7.9969252e+000  8.0752736e+000
  1.4252821e+000  1.6597108e+000
  2.9792770e+000  1.8668284e+000
  7.3996347e+000  5.3995932e+000
  1.4574902e+000  5.8727479e+000
  3.4382558e+000  8.2522233e+000
  2.6089783e+000  2.6655489e+000
  9.2377050e+000  2.3153746e+000
  3.6002710e+000  2.1360057e+000
  1.9087104e+000  7.3880398e+000
  4.8031453e+000  3.6444895e+000
  9.5333220e+000  2.1069100e+000
  7.5671007e+000  3.5502256e+000
  3.4614130e+000  3.8470334e+000
  5.8223037e+000  7.3775111e+000
  2.2076352e+000  3.1866907e+000
  2.4342926e+000  1.6674188e+000
  2.2994459e+000  7.5812667e+000
  2.0293843e+000  9.1415021e+000
  9.3988747e-001  8.1213232e+000
  5.2522485e+000  6.0891860e+000
  1.7017083e+000  7.9969086e+000
  8.2015237e+000  1.9808096e+000
  3.3784116e+000  6.9999931e+000
  3.1381233e+000  7.1487046e-002
  1.7201661e+000  1.5548477e+000
  5.3708102e+000  3.6931190e+000
  9.6469240e+000  2.6297025e+000
  8.3026732e+000  8.3961413e+000
  3.7581326e+000  1.1786499e+000
  4.8239920e+000  2.3841369e+000
  5.5195443e+000  7.2589548e+000
  7.8887751e+000  4.9848777e+000
  7.4987608e+000  9.8946850e+000
  8.6996542e+000  5.3587427e+000
  2.9475397e+000  2.1390208e+000
  6.4592173e+000  8.3227561e+000
  9.5767466e+000  8.6969005e+000
  1.9246990e+000  6.1934228e+000
  5.2370855e+000  2.9959393e+000
  8.4896935e+000  6.5108279e-001
  8.9175350e+000  6.4478667e+000
  8.0904361e+000  6.4983645e+000
  7.3389131e+000  1.3242027e+000
  4.9132295e+000  9.2023203e+000
  8.7562564e+000  8.5144849e+000
  6.3031915e+000  8.3017894e+000
  2.9328819e+000  2.1953830e+000
  5.6173809e+000  5.1415342e+000
  7.9727774e+000  4.1998732e-001
  9.6157756e+000  2.9532182e+000
  6.0579714e+000  6.3919579e+000
  9.1868515e+000  4.1752661e+000
  6.0781845e+000  7.2534607e+000
  8.8212626e+000  2.4607831e+000
  8.5153835e-001  8.9871860e+000
  4.8977102e+000  2.2183436e+000
  5.2393628e+000  1.0315214e+000
  2.2230813e+000  6.8732735e+000
  8.0383708e+000  2.2688064e+000
  6.4768380e+000  9.8499190e+000
  5.6386968e+000  2.9644758e-001
  5.0575606e+000  4.0313757e+000
  9.0438543e+000  2.4747779e+000
  9.6059095e+000  2.1942237e+000
  1.4026178e+000  7.4077947e+000
  2.4620583e+000  6.0042067e+000
  6.5715101e+000  7.1996834e+000
  4.0026291e+000  6.1414315e+000
  3.8682787e+000  1.4583300e+000
  4.0060183e+000  2.0437400e+000
  8.5362576e+000  6.3662425e-001
  1.5503210e+000  8.6304198e+000
  2.5295569e+000  2.4901146e+000
  4.0249579e+000  4.9573799e+000
  6.9578183e+000  6.7557839e+000
  4.6876280e+000  9.4395260e+000
  8.9335260e+000  3.7876795e+000
  5.7195908e+000  8.8499227e+000
  4.8463625e+000  2.8712506e+000
  1.4129290e+000  1.0108710e+000
  3.5975905e+000  5.3062870e+000
  2.0382130e+000  2.5136866e+000
  9.0646519e+000  8.2927338e+000
  5.4396362e+000  3.8121023e+000
  2.9134350e+000  4.8214182e+000
  9.4232175e+000  6.7971452e+000
  6.2554952e-001  3.0579622e+000
  4.9624140e+000  3.8379568e+000
  5.7547251e+000  9.4272828e+000
  9.1366752e+000  2.0013152e+000
  9.4422383e+000  5.1984765e+000
  4.8592152e+000  9.1938277e+000
  1.8774178e+000  5.7513405e+000
  5.1344005e+000  3.1805625e+000
  9.3185167e+000  4.1439243e+000
  4.8731112e+000  2.8750489e+000
  7.1744897e+000  6.1376752e+000
  3.3393697e+000  3.5613629e+000
  7.8386475e+000  7.3567529e+000
  4.8531189e-001  1.9987086e+000
  8.3933788e+000  3.9694404e+000
  7.5614057e+000  5.5153079e+000
  1.9607256e+000  8.0092187e+000
  1.6636351e+000  6.9814122e+000
  2.3430689e+000  8.8594977e+000
  2.8810103e-001  8.2689336e+000
  4.2011205e+000  8.9828449e+000
  7.4228871e+000  1.9829515e+000
  6.0702079e+000  7.0703533e+000
  5.0549966e+000  6.9664240e+000
  5.7304886e+000  7.9011986e+000
  7.6271638e+000  1.5479887e+000
  8.1473662e+000  1.3992903e+000
  7.3480034e+000  5.2554848e+000
  1.5615030e+000  3.6762005e+000
  5.1531257e+000  4.9503800e+000
  9.4678306e+000  5.9020289e+000
  2.5619824e+000  2.4096862e-001
  4.9779778e+000  3.0391277e+000
  2.7292087e+000  8.6176352e+000
  3.0013019e-001  5.0316114e+000
  4.9621979e+000  8.4840954e+000
  2.8006267e-001  6.6743525e+000
  3.1246759e+000  5.1886733e+000
  8.5605119e+000  5.1763310e+000
  4.1243506e+000  3.2295922e+000
  8.4983994e+000  7.1661409e+000
  1.2004729e+000  3.8107289e+000
  9.7786518e+000  7.5278572e+000
  6.6655008e+000  1.2799150e+000
  8.9352386e+000  3.8646586e+000
  9.1958718e+000  1.4533777e+000
  4.6411821e+000  3.0611129e+000
  4.8327467e+000  9.4068028e+000
  2.9053326e+000  5.0414664e+000
  9.4573934e+000  4.6288664e+000
  8.9193667e+000  5.0347610e+000
  7.1903425e+000  8.3053375e+000
  5.1878189e+000  7.0606617e+000
  3.3253529e+000  4.1131318e+000
  8.8001606e+000  1.0214596e+000
  5.7944727e+000  1.7548557e+000
  1.5967713e+000  1.3272725e+000
  5.4435447e+000  9.6939173e+000
  5.1249202e+000  3.7457815e+000
  4.1332378e+000  6.1983171e+000
  5.1458154e+000  6.3993347e+000
  9.7292913e+000  7.5848622e+000
  8.0644946e+000  2.5956019e+000
  9.2473456e+000  2.5146835e+000
  4.6471476e-001  1.8865735e+000
  8.8766098e+000  7.7344276e+000
  7.9053883e-001  1.8374679e+000
  3.9645743e+000  2.5252133e+000
  7.9372879e-001  1.0310306e+000
  6.5437321e-001  6.9926900e+000
  9.7135509e+000  2.8509169e+000
  1.5402983e+000  4.3829094e+000
  6.3127580e+000  4.8395145e+000
  8.3919490e+000  1.0274467e+000
  6.4286870e+000  3.0819278e+000
  5.8936909e+000  4.5380574e+000
  1.3165573e+000  4.5659024e-001
  2.2020049e+000  2.6294432e+000
  6.5813069e+000  1.7830043e+000
  4.7505749e+000  3.6096980e+000
  6.3824942e-001  1.8304570e+000
  8.4336453e+000  9.2388490e+000
  3.7654591e+000  9.5451124e+000
  6.5305588e+000  7.6841382e+000
  8.7800338e+000  8.7919319e+000
  8.5884169e+000  2.3213253e+000
  9.2407595e+000  2.0060344e+000
  8.4080916e+000  1.0080074e+000
  8.5529952e+000  7.5372287e+000
  4.7283871e+000  2.2435087e+000
  9.1979196e+000  2.4745991e+000
  8.6681566e+000  4.8033579e+000
  8.0958251e+000  6.2584031e+000
  1.2005840e+000  8.3978556e+000
  8.7483224e+000  2.1121800e+000
  3.7690555e+000  9.3925004e+000
  1.2957159e+000  5.6353631e+000
  7.6778819e+000  5.9332451e+000
  3.3693935e-001  6.8608853e+000
  5.2314792e+000  3.2401232e+000
  3.8238365e+000  2.3333315e-001
  9.2681297e+000  6.1503365e+000
  3.8416771e+000  9.1885768e+000
  7.4421995e+000  5.7781474e+000
  5.4260263e+000  9.8588798e-001
  7.1698854e+000  3.7197979e+000
  3.8045599e+000  6.9927653e+000
  1.1501984e+000  4.6145686e+000
  1.4745296e+000  1.1600884e+000
  2.3677824e+000  8.2155516e+000
  9.5704764e+000  1.8809516e+000
  2.7047594e+000  4.7720207e+000
  8.3767892e+000  7.0214686e-001
  9.1968205e+000  6.2017182e+000
  3.8715315e-001  6.1594263e+000
  5.6903642e+000  7.3881586e+000
  7.8586063e-001  7.0921122e+000
  7.3420096e-001  4.0998038e+000
  8.9897926e+000  6.9039172e+000
  7.9143503e+000  4.0109745e-001
  3.1407161e-001  2.6200051e+000
  2.8725269e+000  7.5843245e+000
  7.2865041e+000  6.4684377e+000
  3.9599314e+000  1.9478650e+000
  5.6327130e+000  8.6660686e-001
  6.7230879e+000  4.3436427e+000
  1.8982144e+000  6.2571870e+000
  9.0391556e+000  5.7335269e+000
  7.7595565e+000  2.4706460e+000
  2.9133968e+000  8.4454902e+000
  9.4787249e+000  3.5364219e+000
  5.9072977e+000  9.5551442e+000
  3.1022156e+000  1.8928284e+000
  9.3666484e+000  6.2378887e+000
  4.8079404e+000  8.4142184e+000
  9.4061549e+000  2.2718439e+000
  8.4187520e+000  2.3095566e-001
  8.9268634e+000  7.9151073e+000
  3.9625756e+000  2.0147244e+000
  4.3746941e+000  4.6069742e+000
  3.0687098e-001  9.9804947e+000
  5.9731058e+000  3.2890468e+000
  7.8559704e+000  3.1503092e+000
  2.8685943e+000  1.2621946e+000
  1.1258693e+000  7.6529243e-002
  9.3820244e+000  8.9870515e+000
  1.0217103e-001  3.9232726e+000
  2.2827106e+000  3.8558857e+000
  7.9950984e+000  5.8947178e+000
  9.5889409e+000  6.0194115e+000
  9.2770135e+000  4.6895042e+000
  4.4784400e+000  2.8272714e+000
  1.1816791e+000  9.2413124e+000
  1.3328722e+000  3.1322788e+000
  1.2212191e+000  2.2742473e+000
  5.3947732e-001  7.5308121e+000
  7.2704213e+000  5.9207269e+000
  4.4938929e-001  3.5495856e+000
  4.8443804e+000  9.1137928e+000
  5.8733027e+000  2.8742173e+000
  1.9110855e+000  1.8352831e+000
  3.4894336e-001  2.4594443e+000
  5.0631451e+000  4.7269004e+000
  5.3519116e+000  5.4607005e+000
  8.2146185e+000  8.4317176e+000
  4.8059029e+000  8.6445229e+000
  5.9056986e+000  5.1785200e+000
  5.3339805e+000  9.5248523e+000
  1.9933238e+000  8.1059168e+000
  4.3645406e+000  9.9762851e-001
  4.3119036e-001  8.8932702e+000
  3.9314460e+000  9.1452819e+000
  3.8791939e+000  1.6388907e+000
  9.6832031e+000  3.3282132e-001
  1.8267606e+000  9.2372527e+000
  5.1178378e+000  3.4858262e+000
  8.5496402e+000  2.4391572e+000
  1.6765094e+000  3.3692070e+000
  2.4399349e+000  5.1246424e+000
  3.5287710e+000  5.2453072e+000
  6.5739488e+000  8.5474366e+000
  3.0705967e+000  1.5059407e+000
  3.8190308e+000  5.6039285e+000
  5.9930815e+000  3.8534127e+000
  7.2890236e+000  3.6567684e+000
  9.7361335e+000  3.0147080e+000
  1.3872888e+000  8.5015048e-001
  8.9652395e+000  4.0563487e+000
  6.0626204e-001  7.4332011e+000
  7.4728164e+000  2.6531775e+000
  3.7971386e+000  9.8141305e+000
  9.8067699e+000  8.4533051e+000
  9.7485415e+000  7.8263977e+000
  8.9948717e+000  6.8967209e+000
  6.9039791e+000  5.2118061e+000
  5.5905184e+000  5.7996033e+000
  8.9154486e+000  4.9451992e+000
  3.3678209e+000  2.5587748e+000
  7.2149379e+000  8.6972024e+000
  5.4862881e+000  7.4471873e+000
  3.4099168e+000  2.2244526e+000
  4.6401360e+000  4.2842282e+000
  8.2084761e-001  9.5184607e+000
  3.8485935e+000  2.4029146e+000
  3.3185274e+000  8.3150114e+000
  1.8035003e+000  6.1632426e+000
  4.7868056e+000  5.9995900e-001
  2.7115767e-001  6.7822913e+000
  5.9855197e+000  6.5125799e+000
  9.7490646e+000  6.6332919e+000
  3.6202686e+000  2.6488043e+000
  8.8072121e+000  7.7549537e+000
  4.1708326e+000  9.4218598e+000
  9.0283731e+000  4.4446286e+000
  9.7374398e+000  2.0589091e+000
  6.4128353e-001  1.8933345e+000
  8.5797124e+000  3.7593077e+000
  2.5128164e+000  1.0285974e+000
  9.8763654e+000  9.8636477e+000
  1.5365939e+000  1.2535667e+000
  3.8276625e+000  2.8079062e-001
  8.3516857e+000  2.4946402e-001
  9.0662290e+000  6.9389572e+000
  6.2385720e-001  2.7288591e+000
  1.0793574e+000  8.0084427e+000
  8.5703398e-001  9.3284265e+000
  1.9956686e+000  8.7577009e+000
  5.6526690e+000  2.8943927e+000
  8.0368132e+000  4.7714099e+000
  1.1562645e+000  5.2490913e+000
  9.6454931e+000  9.2613926e+000
  1.2559979e+000  6.8393807e+000
  8.8558754e-001  8.1480094e-001
  8.8386280e+000  2.0893257e-001
  5.0158927e+000  7.0657998e+000
  4.1131901e+000  5.9422406e+000
  9.8228478e+000  6.5489690e+000
  7.1660868e+000  9.1042844e+000
  4.9100355e+000  2.1006072e+000
  8.4992063e+000  1.0969434e+000
  9.2407689e-001  5.5258171e+000
  9.7077708e+000  6.2407800e+000
  9.5562752e+000  6.6791498e+000
  5.6259039e+000  3.8492828e+000
  7.6999869e+000  1.6930829e+000
  5.1755584e+000  3.9814968e+000
  5.2494730e+000  9.5667394e+000
  4.5471516e+000  8.9305144e+000
  9.1994280e+000  6.6494349e+000
  5.9320098e+000  8.3497067e+000
  4.4983618e+000  9.5354554e+000
  4.5505290e+000  7.9810044e+000
  5.5095791e+000  8.7682808e+000
  6.3376713e+000  7.5127533e+000
  9.8178366e+000  6.8031618e-001
  7.8943991e+000  6.2727307e+000
  3.5802740e+000  4.5603305e-001
  8.9821765e+000  4.7326167e+000
  8.3868202e+000  7.2583321e+000
  8.3236748e+000  8.3657887e+000
  5.6844011e+000  4.4709358e+000
  1.8787835e+000  3.9314115e+000
  5.0300097e-001  5.3122898e+000
  1.3034716e+000  2.7388894e+000
  3.1321505e+000  2.0792790e+000
  1.0319807e+000  7.1914929e+000
  1.3606648e+000  9.4922987e+000
  9.2045000e+000  6.8863128e+000
  1.4867849e+000  5.7438631e+000
  1.8669111e+000  7.4441475e+000
  5.3856626e+000  1.1802543e+000
  2.2550146e+000  8.8265361e+000
  5.6586014e+000  7.4337424e+000
  8.7735322e+000  9.5255373e-001
  8.3612964e+000  1.6789226e+000
  8.8143425e+000  3.2411656e+000
  3.7605451e-001  9.0586034e+000
  7.0274736e+000  1.1478759e+000
  3.8490004e+000  2.8271882e+000
  1.8584705e+000  6.7779735e+000
  8.2162440e+000  9.9937118e+000
  1.3629728e+000  7.2602458e+000
  5.5625830e+000  4.5402374e+000
  3.0662717e+000  1.1978267e+000
  5.8257248e+000  3.3190007e+000
  6.4788262e+000  9.5611034e+000
  1.9249939e+000  6.3829886e+000
  9.1316218e+000  3.0262423e+000
  6.8398372e+000  5.8452757e+000
  6.5301184e+000  7.1874989e+000
  1.4806698e+000  2.7266826e+000
  3.2984729e+000  9.6785285e+000
  3.0157997e+000  1.0034087e+000
  3.4404518e-001  5.8440800e+000
  7.1987201e+000  2.0581903e+000
  8.0647934e+000  5.3000905e+000
  9.3366349e+000  8.8621862e+000
  2.1077374e+000  1.8955261e+000
  5.6443660e+000  5.3816555e+000
  2.6429475e+000  5.9490483e+000
  9.2790503e+000  5.6490026e+000
  4.6490621e+000  2.2878688e+000
  1.1931774e+000  4.9027267e+000
  6.5746414e+000  4.2890585e+000
  7.5246241e-001  5.7491419e+000
  3.0188546e+000  8.8363243e+000
  9.4091681e+000  4.6287027e+000
  1.7280473e+000  3.3137634e+000
  8.7463950e+000  9.3990105e+000
  5.4617804e+000  7.1873929e+000
  4.9964735e+000  5.1417732e+000
  9.8327158e+000  4.9884640e+000
  4.5729832e+000  9.4685574e+000
  2.1235598e+000  3.5146230e+000
  3.4555839e+000  2.5448762e+000
  1.1776115e+000  2.7240737e+000
  1.3768757e+000  5.0270203e+000
  7.1596872e+000  3.2962762e+000
  2.7625361e+000  4.2485527e+000
  5.9643137e+000  9.4883293e+000
  6.0926967e+000  8.2978365e+000
  1.0259405e+000  4.5987628e+000
  5.2048440e+000  9.6429828e+000
  8.9469432e+000  3.3157402e+000
  4.0475617e+000  1.0876868e+000
  1.7654427e+000  8.7791511e+000
  1.7972435e+000  3.3495379e+000
  9.1072243e+000  9.1279076e+000
  3.4876076e+000  1.0054744e+000
  4.9389545e+000  8.0222045e+000
  2.4635172e+000  3.5157350e+000
  4.5578035e+000  1.8858406e+000
  9.0859273e+000  3.4256004e+000
  8.8795742e+000  6.2685816e+000
  2.6419069e+000  7.1340974e+000
  7.0315730e+000  1.3381877e+000
  8.7713758e+000  6.4282580e+000
  2.9034728e+000  7.2679368e+000
  5.9420380e+000  3.6098639e+000
  7.3452823e+000  3.4180806e+000
  5.8240507e+000  7.1150185e+000
  1.8478669e+000  6.8986744e+000
  2.9032310e+000  1.7950370e+000
  2.1284960e+000  4.7850399e+000
  8.9727046e+000  4.3005613e+000
  7.5554875e+000  9.3366344e-001
  7.0268385e-001  4.4665626e+000
  7.6097385e-001  7.3659000e+000
  8.9898627e+000  4.3381328e+000
  5.3764176e-001  7.2105084e+000
  1.4102615e+000  6.0702366e+000
  7.9099400e+000  4.5394656e+000
  3.0971662e+000  1.2020939e+000
  8.4469040e+000  4.3598698e+000
  4.6940522e+000  6.4892707e+000
  8.1857152e+000  7.6702263e+000
  7.1189355e+000  7.4647516e+000
  5.2376362e-001  2.0030541e+000
  1.1714328e+000  6.4858493e+000
  9.9217446e+000  8.1708571e+000
  3.3855830e-001  3.4278695e+000
  5.1769402e+000  4.1577330e+000
  1.0082682e+000  1.4952145e+000
  5.1159733e+000  1.4953030e-001
  1.7668515e+000  1.5525482e+000
  2.0703901e+000  5.8680308e+000
  1.8743065e+000  2.5008582e+000
  8.9592440e+000  1.6481530e-001
  8.3239224e-001  6.6745049e+000
  8.1657335e+000  1.1241622e+000
  7.7711145e+000  6.1045321e-002
  5.4368769e+000  8.1456573e+000
  8.6123977e-001  5.8767232e+000
  2.7330805e+000  8.2518073e+000
  6.6327731e+000  6.0890413e+000
  4.5417203e+000  8.1860704e+000
  8.7132135e+000  2.6216350e-001
  1.5865265e-001  9.2484677e+000
  7.4745007e+000  2.4867551e+000
  5.5683638e+000  6.5882900e+000
  1.1739366e+000  4.0601885e-001
  7.8274505e+000  9.1526251e+000
  6.1843018e+000  2.9523792e+000
  1.4684640e+000  6.7765132e+000
  4.7911455e+000  9.2083787e+000
  4.1409109e+000  4.9104434e+000
  6.4529261e+000  9.3787340e+000
  6.9367526e+000  1.1781095e+000
  6.4460899e+000  6.8185000e-001
  3.8157535e-001  9.2877840e+000
  2.3884904e-001  2.1413884e+000
  9.3147519e+000  4.0043980e+000
  6.5053634e+000  6.5825809e+000
  2.9187795e+000  6.2059343e+000
  4.5157268e+000  4.7915559e+000
  9.0905372e+000  6.0786596e+000
  3.9141339e+000  9.0192308e+000
  4.9784023e-001  4.4409136e+000
  9.3549675e+000  2.2893788e+000
  6.0885830e+000  9.8341424e+000
  7.1815634e+000  6.7866334e+000
  5.7173560e+000  9.8137096e+000
  3.7884583e+000  7.4362657e+000
  7.2459932e+000  5.8556600e+000
  4.3343672e+000  2.7799887e+000
  9.5859612e+000  3.5129595e+000
  7.1122320e+000  3.7272250e+000
  7.5252095e+000  4.9513498e+000
  1.6297182e+000  6.0906961e+000
  7.2856894e+000  9.2858888e+000
  3.5422871e+000  7.8590405e+000
  4.5211259e-001  2.5980020e+000
  4.2119539e+000  2.4411203e+000
  9.1018329e+000  9.0979250e+000
  8.5279374e+000  5.6710982e+000
  2.3951388e+000  1.8101795e+000
  8.8759926e+000  5.3878014e+000
  9.1608730e+000  1.0011529e+000
  3.9628416e+000  7.4068058e+000
  3.2866182e+000  5.6143253e+000
  5.1235696e-001  6.3614886e+000
  1.7566058e+000  2.2251621e+000
  8.8760703e+000  6.9082793e+000
  2.8217926e+000  1.5847331e+000
  6.9424695e+000  2.9443022e+000
  8.5543694e+000  8.0028919e+000
  2.9988072e+000  4.9798428e+000
  9.4665872e+000  4.7815335e+000
  1.5982776e+000  2.0184064e-001
  9.8034746e+000  8.2356459e+000
  5.9425824e-001  5.6895453e+000
  8.0199304e-001  6.3137192e+000
  6.7472152e+000  2.9879746e+000
  6.4665149e-001  1.8928724e+000
  7.4009157e+000  8.9954473e+000
  5.2261095e+000  8.9992563e+000
  4.6425849e+000  5.0188492e+000
  1.0042775e+000  6.8019520e+000
  9.2519126e+000  8.8414071e+000
  4.9816328e-001  3.6009968e+000
  5.5145500e+000  1.8458409e+000
  4.4367719e+000  8.4878417e+000
  8.6178606e+000  2.3516178e+000
  7.4329813e+000  7.7974020e-001
  8.5950610e-001  7.2780182e+000
  5.3584661e+000  4.7283300e+000
  9.7861341e+000  4.7365347e+000
  2.7868625e+000  7.6170388e+000
  9.1043313e+000  1.8539252e+000
  6.9316032e+000  1.6692645e+000
  2.3750863e+000  1.5690902e+000
  7.6975381e+000  6.3012367e+000
  7.6314936e+000  7.4449651e+000
  8.3506157e+000  5.3668598e-001
  4.7774582e-001  8.6487308e+000
  8.9535198e+000  6.4995297e+000
  6.6659811e+000  3.8995349e+000
  1.6555607e+000  2.5150666e+000
  1.5850620e+000  3.1599111e+000
  4.3452504e+000  2.2489770e+000
  4.9676726e+000  4.5190993e+000
  5.1188651e+000  8.9455265e-001
  8.8887823e+000  7.6828100e+000
  8.8687614e+000  7.0025441e+000
  9.3500956e+000  8.9356231e+000
  6.9250009e+000  7.6287807e+000
  5.2869524e+000  6.1460446e+000
  8.6718906e+000  6.0744522e+000
  9.6034028e+000  4.9877911e+000
  9.7676896e+000  9.2537536e+000
  7.4520833e+000  8.1305439e+000
  5.2217607e+000  2.6491382e+000
  8.7379028e+000  5.8947478e+000
  8.2402025e-001  9.4806663e+000
  3.8700500e+000  9.5767760e+000
  3.8414704e+000  8.9540276e+000
  2.4278452e+000  2.3361080e+000
  8.8818491e+000  4.7451615e+000
  6.5710237e+000  4.4284194e+000
  1.5501924e+000  2.0460114e+000
  9.4591913e+000  7.6995451e+000
  2.0386594e+000  3.9930835e+000
  4.6689039e+000  7.7415056e+000
  4.7465954e+000  1.0807062e+000
  5.6539006e-001  9.1618536e+000
  7.0281372e+000  9.0094183e-001
  1.6853594e+000  3.5332861e+000
  2.9303411e+000  2.3525731e+000
  9.3618043e+000  6.0696191e+000
  2.1381133e+000  6.8978371e+000
  6.9792162e+000  8.0275905e+000
  6.8924299e+000  6.2375298e-001
  9.3541892e+000  4.2840533e+000
  8.6528377e+000  2.5220370e+000
  3.1540921e+000  1.5259696e+000
  7.8505300e+000  9.3049699e+000
  1.1058918e+000  7.9453268e+000
  6.9944007e+000  1.5154266e+000
  5.2166774e+000  4.6210860e+000
  9.4587112e+000  5.4210798e+000
  3.1753931e-001  8.7025804e+000
  7.0512488e+000  4.2736767e+000
  3.3812160e+000  8.8806652e+000
  8.4398235e-001  2.1738482e-001
  3.6023026e+000  7.2343720e-001
  2.2039628e+000  4.7633265e+000
  7.1179464e+000  4.8537328e+000
  1.8586734e-001  2.2219707e+000
  7.9878327e+000  7.8732850e+000
  1.3706878e+000  8.5102033e+000
  9.6306654e+000  7.0291674e+000
  7.0583079e+000  9.5848538e+000
  3.8405567e+000  9.4785166e+000
  9.5414749e+000  8.8341767e+000
  7.2216065e+000  1.7565907e+000
  7.0848623e+000  8.5788168e+000
  8.8694543e+000  2.6478894e+000
  1.6531322e+000  4.1675563e+000
  2.1449243e+000  9.5310900e+000
  9.7591833e+000  2.9166950e+000
  9.0315694e+000  3.8131936e+000
  3.0478305e+000  1.9023819e+000
  5.0895503e+000  4.4288835e+000
  7.9440627e+000  4.5351031e+000
  2.9426687e+000  9.2362688e+000
  9.3922559e+000  7.3726549e+000
  3.6748365e+000  9.7287001e-001
  4.0398870e+000  2.5264807e+000
  5.9242315e+000  6.3774398e+000
  4.0772305e+000  8.6870318e+000
  8.5656092e+000  3.8056350e+000
  3.4289956e+000  9.3884803e+000
  6.0448748e+000  1.8650731e+000
  3.2720828e+000  9.5460096e+000
  6.4795281e-001  2.1625233e+000
  2.1027551e+000  4.8815884e+000
  4.6950639e+000  8.0610837e+000
  6.0139263e+000  5.7265664e+000
  4.7248343e+000  4.7142428e+000
  5.3215424e-001  3.1476443e+000
  6.8759680e+000  8.8780435e+000
  4.0016787e+000  8.3738755e+000
  8.6427101e+000  1.2284595e+000
  4.6804313e+000  3.4881840e+000
  8.2613862e+000  5.9098639e+000
  4.6062296e-001  6.6622107e+000
  4.3084620e-001  1.1684381e+000
  6.2486417e+000  3.1172077e+000
  7.6151130e+000  2.2731983e+000
  4.5034919e+000  2.5915731e+000
  7.2592655e-001  1.2342403e+000
  5.1466343e-001  8.6972262e+000
  1.6185672e+000  4.4279723e+000
  9.6453876e+000  1.0129014e+000
  4.7010056e+000  9.1709365e+000
  9.1775330e+000  6.3455713e-001
  6.2358205e+000  5.9905852e-001
  2.2836089e+000  4.0176971e+000
  1.7673498e+000  4.1710575e+000
  5.2976227e+000  3.6820784e-001
  3.3602420e+000  1.1407586e+000
  8.5296348e+000  5.3510630e+000
  3.2754249e+000  2.7816077e+000
  6.1255814e+000  4.3636122e+000
  9.3630526e+000  4.6874408e+000
  2.8460977e+000  9.2816866e+000
  6.5243334e+000  7.9512694e+000
  5.8190769e+000  6.6526160e-001
  5.5061609e+000  5.6988350e+000
  3.2032469e+000  1.2568006e+000
  8.0548018e+000  8.7534340e+000
  9.5957465e+000  6.9067032e+000
  7.8958733e+000  4.6193318e+000
  1.8810165e+000  7.6918937e+000
  5.8752498e+000  4.8794359e-001
  1.5273471e+000  9.7512325e+000
  1.9663802e+000  6.9115909e+000
  7.4104246e+000  7.0645482e+000
  1.2189206e+000  7.7775500e+000
  2.4333917e+000  7.2344239e-001
  6.1573075e+000  8.2372031e+000
  4.8244665e+000  2.6860210e+000
  2.8233754e+000  3.8064803e+000
  2.8953680e+000  3.9137695e+000
  4.8826656e+000  2.0871325e+000
  9.0581116e+000  8.8408882e-001
  9.5914989e+000  6.0726437e-001
  9.0669830e+000  5.1841443e+000
  5.6963058e+000  7.6789477e+000
  6.9629256e+000  6.2114047e-001
  7.2977433e+000  6.8603287e+000
  5.5814466e+000  2.5477249e+000
  8.5540824e+000  6.9115227e+000
  3.0193800e+000  8.9859057e-001
  3.7703575e+000  6.5294367e+000
  1.5035502e+000  2.9032654e+000
  1.5497649e+000  4.0735674e+000
  5.1883922e+000  2.9618165e+000
  7.0413149e+000  2.4808006e+000
  1.7608324e+000  2.4405097e+000
  7.4519938e+000  7.9446638e+000
  9.5408094e+000  7.2481230e-001
  4.7115197e+000  4.1861895e+000
  9.1766550e+000  5.7105345e-001
  1.7111307e+000  1.1963905e+000
  4.9661006e+000  7.9003681e+000
  4.8179334e+000  5.7355275e+000
  9.5397324e+000  8.9918411e+000
  7.2742088e+000  6.8036989e+000
  1.6895070e+000  3.7384839e+000
  5.2889111e+000  2.9971899e+000
  5.0565725e+000  1.9075153e+000
  7.3388205e+000  9.3878116e+000
  7.4493451e+000  4.5896722e-001
  3.3885040e+000  4.3839853e+000
  4.5929276e+000  4.0918352e+000
  8.5923540e+000  4.5152120e+000
  6.7693888e+000  3.8545279e+000
  9.1672311e+000  3.8785742e+000
  3.5635819e+000  4.0832502e+000
  3.1962745e+000  3.2433297e+000
  2.9169058e+000  3.3456855e+000
  7.9625595e+000  5.6899912e+000
  2.2091467e+000  6.5179272e+000
  9.0235046e+000  1.9771094e+000
  6.4052993e+000  8.9571147e+000
  9.1897296e+000  5.0799550e+000
  5.3058440e+000  4.2569902e+000
  6.8948902e+000  5.5252190e+000
  1.4060429e+000  4.2223109e+000
  3.1548589e+000  8.0499987e+000
  8.3057458e+000  1.0517046e+000
  8.0212433e+000  7.6314868e+000
  8.7009607e+000  5.1764761e+000
  1.7702241e+000  1.9542904e+000
  2.8624839e+000  4.1268883e+000
  4.2032248e+000  4.0649520e+000
  5.0531689e+000  7.1413020e+000
  7.9126108e+000  7.0007438e+000
  4.8528946e+000  6.8109126e+000
  1.1264665e+000  8.7152520e-001
  8.3075961e-001  7.1154823e+000
  2.8588238e+000  9.3539094e+000
  1.8136170e+000  4.8954206e+000
  4.7199352e+000  1.8939425e+000
  7.7839653e-001  9.4824474e+000
  2.2660636e+000  8.8795001e+000
 -2.9410291e-002  9.0039198e+000
  6.4269747e+000  1.2240303e+000
  8.3102758e+000  6.3206934e+000
  1.2514800e+000  7.4272139e+000
  8.9219272e+000  9.8722749e+000
  6.2951607e+000  1.9482901e+000
  2.0013760e+000  7.2270266e+000
  2.9069675e-001  9.4787166e+000
  6.1243539e+000  5.4267039e+000
  3.2570198e+000  7.7309081e+000
  1.1131269e+000  2.0942520e+000
  6.8060179e+000  3.9166472e+000
  6.9767488e+000  5.1732800e+000
  8.3055460e+000  8.5833410e+000
  2.9862545e+000  8.1830111e+000
  2.1122502e+000  7.2389571e-001
  9.2460698e-001  7.1266225e+000
  2.6690457e+000  7.1263511e+000
  2.7773814e+000  5.7781291e-001
  6.4598237e+000  4.0887313e+000
  1.8552030e-001  4.2531671e+000
  5.0074585e+000  2.3966013e+000
  7.5237356e+000  4.1915844e+000
  5.7814958e+000  6.4979613e+000
  4.5666523e+000  4.7349666e+000
  7.3984218e-001  2.1980187e+000
  6.4400076e+000  3.2585385e+000
  1.2762356e+000  6.9423408e+000
  7.2735188e+000  7.2956967e-001
  1.6546216e+000  7.5595884e+000
  3.5048950e-001  8.2155393e+000
  9.8767887e+000  9.8394869e+000
  2.6701365e+000  3.7979484e+000
  3.2224030e+000  9.4538390e+000
  5.1220773e+000  5.0287608e+000
  1.1580028e+000  7.9696884e+000
  2.0448678e+000  6.4683490e+000
  6.1234607e-001  8.7095324e+000
  6.2240934e+000  5.2057509e-001
  3.4991237e+000  9.0637272e-001
  5.0968657e+000  3.7862488e+000
  4.5811803e+000  4.6396258e+000
  4.9831239e-001  1.1176852e+000
  1.2125581e-001  9.0178671e+000
  1.4199955e+000  4.0062772e+000
  8.3937707e-001  3.3325348e+000
  4.7106276e+000  2.4551746e+000
  9.6668691e-001  2.6236525e-001
  1.3270506e+000  8.7732218e+000
  4.0160595e+000  6.6724152e+000
  4.5633798e+000  6.5235159e+000
  6.9111127e+000  4.3080935e+000
  4.9720235e+000  5.4241500e+000
  8.1215289e+000  5.7687716e+000
  8.6397497e+000  1.9867217e+000
  1.9724987e+000  5.0701457e+000
  6.8794712e+000  8.2756091e+000
  6.4335452e+000  1.9735371e+000
  4.6646416e+000  4.3272711e+000
  1.2387134e+000  7.1270846e+000
  3.8710672e+000  9.0942415e+000
  5.0988266e+000  8.8660539e+000
  6.8343765e+000  5.8119229e+000
  8.1563335e+000  4.4228327e-001
  1.0917875e+000  1.2896460e+000
  4.4044586e+000  5.5614714e+000
  5.6467249e+000  1.9525189e+000
  5.1304078e+000  9.0390849e-001
  6.2630969e+000  6.5571843e+000
  6.2775987e+000  9.0180691e+000
  1.1307046e+000  5.1361416e-001
  5.9405833e+000  7.6185836e+000
  4.9800019e+000  9.1541524e+000
  1.8603056e-001  8.5987956e+000
  7.5001430e+000  7.1763500e+000
  6.8254452e+000  7.5331649e+000
  4.1909056e+000  5.5514832e+000
  1.7314677e+000  6.1369786e+000
  9.8867704e+000  3.0920778e+000
  9.4539012e+000  4.4349362e+000
  4.9673171e+000  7.8519027e+000
  1.3597970e+000  4.1059477e+000
  4.0079410e+000  4.9049516e-001
  3.3048142e+000  8.2760936e+000
  6.0366462e+000  3.3471730e+000
  4.1087842e-001  9.9162494e+000
  5.6837970e+000  2.8049226e+000
  2.5438226e+000  9.5287002e+000
  9.1928867e+000  8.1328127e+000
  8.2277971e+000  1.0060353e+000
  7.0371055e+000  2.5672743e+000
  9.8923927e+000  3.0650101e+000
  9.3355538e+000  9.5919912e+000
  3.1051248e+000  5.3631602e+000
  5.7096927e+000  2.2166025e+000
  6.8704842e+000  7.5355364e+000
  7.4538405e+000  7.9460182e+000
  4.9533717e+000  3.7996745e+000
  9.8681226e+000  9.5479035e+000
  6.9112276e+000  2.1600269e+000
  8.2502820e+000  7.0290444e+000
  6.9238221e+000  1.9778089e+000
  7.6090876e+000  4.3313461e+000
  6.6484509e+000  9.1434627e+000
  5.3316551e+000  5.4621822e+000
  1.9676233e+000  8.8114948e-001
  3.9493478e+000  3.1715773e+000
  8.5317935e+000  4.8843317e-001
  8.2438397e-001  8.8493444e+000
  5.6458928e+000  1.7487373e-001
  8.9694947e+000  6.0235374e+000
  3.7747343e+000  8.7793596e+000
  3.6343384e+000  6.8482465e+000
  1.4312773e+000  8.8619793e+000
  6.6114457e+000  4.1261920e+000
  3.0124751e-001  1.5534686e+000
  9.2858589e+000  8.4192256e-001
  2.1547598e+000  5.8659376e+000
  4.2959837e+000  9.0132407e+000
  6.5128041e+000  3.9812253e+000
  4.7757341e+000  8.9107158e+000
  6.8814654e+000  8.8726904e+000
  3.3951770e+000  3.7523503e+000
  1.9840384e+000  9.6773158e+000
  3.5140792e+000  6.4074427e+000
  4.3020748e+000  1.9062474e+000
  8.9210992e+000  5.9372140e+000
  5.2164613e+000  9.2089666e+000
  4.9251186e+000  3.5321338e+000
  2.7078022e+000  5.4341488e+000
  4.6959188e+000  8.0324910e+000
  5.5909506e+000  3.4007123e+000
  4.2939643e+000  5.5566778e+000
  1.0820459e+000  5.0232779e+000
  1.8979005e+000  3.3296865e+000
  4.5595595e+000  8.7477275e+000
  3.0633682e+000  8.6678293e+000
  7.8559420e+000  1.7770974e+000
  5.2291467e+000  2.1594017e+000
  4.3305751e+000  7.3812575e+000
  8.1012824e+000  7.7559043e+000
  7.4884625e+000  9.2665328e+000
  7.2596006e+000  8.6995777e-001
  9.4142562e+000  6.8854544e+000
  1.0111941e+000  4.4276239e+000
  9.7529824e+000  3.5145284e+000
  3.1002924e+000  7.5643826e+000
  4.6699334e+000  6.6149256e+000
  6.8062706e+000  7.6822194e+000
  5.6778730e+000  5.6540706e+000
  6.9280782e-001  9.0208508e+000
  5.2609971e-001  2.4305346e+000
  3.9969276e+000  4.0827152e-001
  7.1149839e+000  3.7005490e+000
  8.8165075e+000  2.8526528e+000
  8.1554055e-001  1.4168234e+000
  3.0203342e+000  2.3882010e+000
  6.6065716e+000  4.7853452e+000
  4.6738177e+000  3.4841795e+000
  6.2760176e+000  6.0392581e+000
  2.6786320e+000  6.8531536e+000
  6.3996828e+000  7.0706009e+000
  3.3594396e+000  4.5356221e-001
  4.1451369e+000  9.8316306e+000
  7.3107240e+000  5.6313640e+000
  2.6233712e+000  9.2702573e+000
  7.7784743e+000  9.1143341e+000
  2.3457424e-001  4.1892038e+000
  8.2825776e+000  8.7925036e+000
  4.7992473e+000  4.1581470e+000
  9.9233965e-001  5.6527401e+000
  1.9007951e+000  5.7530202e+000
  1.2835279e+000  1.5664444e+000
  4.8151231e+000  5.4481297e+000
  9.0947736e+000  3.0964936e+000
  6.3660998e-001  6.5163300e+000
  7.2626952e+000  2.4247754e+000
  2.1596808e+000  2.8081208e+000
  8.9008305e+000  2.1165247e+000
  8.0823139e+000  7.3222783e+000
  6.1239186e+000  2.7329303e+000
  4.8619767e+000  6.5877369e+000
  5.8630232e+000  1.6954680e+000
  8.8103891e+000  1.4369597e+000
  5.4464108e+000  7.9774933e+000
  1.7779367e+000  7.1451906e+000
  7.4606785e-001  4.0763385e+000
  3.0550263e+000  2.0221794e+000
  9.2225313e+000  1.7404552e+000
  3.2299371e+000  8.5834201e+000
  2.7925277e+000  8.4929028e-001
  6.5143466e+000  5.3071463e+000
  7.2933932e+000  6.4668876e+000
  5.3914794e+000  2.2795031e+000
  9.1709148e+000  4.5299648e+000
  4.3847831e+000  6.1492607e+000
  2.1168179e+000  4.0128680e+000
  1.2165124e+000  1.3086666e+000
  9.6461433e+000  9.1868201e+000
  7.3877659e+000  2.3201285e-001
  7.4664560e+000  5.3674197e-001
  9.7217762e+000  5.4293515e+000
  9.0451379e+000  6.8157696e+000
  5.2930428e+000  3.6927284e+000
  3.9942904e+000  1.3910372e+000
  9.7723584e+000  8.2886030e+000
  2.5372468e+000  1.1544388e+000
  4.9329140e+000  8.1393714e+000
  2.7228366e+000  4.7058400e+000
  6.2110326e+000  4.1062452e+000
  6.4568327e+000  9.4204659e+000
  8.4915762e+000  5.2868853e+000
  4.8386896e+000  3.9128903e+000
  4.5813453e+000  3.6360903e+000
  2.0189196e+000  2.3572334e+000
  1.8941587e+000  3.8773447e+000
  6.1726827e+000  2.8557690e-001
  2.0147628e+000  4.8972163e+000
  6.9912060e+000  6.4514690e+000
  2.8566284e+000  3.5100005e+000
  2.7605453e+000  6.0451547e-001
  6.1011975e+000  2.1631645e+000
  6.7282201e+000  7.9631473e+000
  2.6393074e+000  6.3623380e-001
  9.2719667e-001  8.5119612e+000
  7.6985067e+000  6.8511317e+000
  3.4497472e+000  7.9459313e+000
  1.7741665e-001  7.3437206e+000
  8.0299781e+000  3.5406132e+000
  1.0934119e+000  7.8986770e+000
  5.0309352e+000  7.6015370e+000
  5.5319240e+000  7.6845268e+000
  1.3225115e+000  5.0580046e+000
  3.9473810e+000  3.6703927e+000
  8.5095718e+000  6.7020510e+000
  1.2479794e+000  7.0929478e+000
  6.3650672e+000  7.2407925e+000
  1.9240740e+000  6.4916169e+000
  1.4705978e+000  6.1441463e+000
  9.4444002e+000  8.1642265e+000
  5.9866636e+000  7.5357679e+000
  8.0551920e+000  1.9731607e+000
  8.3169035e+000  6.3296061e+000
  2.5809645e-001  3.5471208e+000
  6.5426480e+000  5.8324215e+000
  3.5646669e+000  6.3116563e+000
  7.0546833e+000  9.0710570e+000
  3.5041986e+000  4.6996985e+000
  6.6493816e+000  1.1703426e+000
  5.9653948e+000  4.1394480e+000
  3.3716717e+000  4.8165603e+000
  7.9669837e+000  2.2484513e+000
  2.1792526e+000  8.6214572e+000
  1.2084852e+000  7.1957575e+000
  4.3500054e+000  3.3928542e+000
  2.8721978e-001  7.0446686e+000
  2.1450682e+000  6.6289721e+000
  6.2598584e+000  7.8687821e-001
  3.9099992e-001  7.4980000e+000
  9.9147067e+000  6.9162479e-001
  9.1725870e+000  6.1195730e+000
  7.9379579e-001  1.9818820e+000
  4.1469418e+000  9.5112989e+000
  9.7713189e+000  6.6053966e+000
  8.7669181e-001  1.5444376e+000
  4.7924446e+000  6.0598725e+000
  4.1519230e+000  9.4742243e+000
  4.9700788e+000  6.2249833e-001
  9.4460370e+000  5.9505944e+000
  1.5535379e+000  7.4447654e-001
  6.6535877e+000  8.4889478e+000
  7.9124343e+000  2.2984543e+000
  5.2390943e+000  9.2724504e+000
  1.2432539e+000  5.7819754e+000
  6.7857993e+000  6.2303242e+000
  1.8851655e+000  8.9189721e+000
  6.4738292e-001  3.9864783e+000
  5.0757001e+000  7.7520798e-001
  9.6508125e+000  3.7661219e+000
  6.7992386e+000  3.7290745e+000
  9.8946195e+000  5.9898006e+000
  6.2158413e+000  5.1421929e+000
  8.7820882e+000  2.3061677e+000
  8.4444451e+000  9.2648534e+000
  6.3442106e-002  9.3933317e+000
  8.7840690e+000  8.7547956e-001
  1.0821197e+000  4.6682939e+000
  3.7734084e+000  9.0272400e-001
  4.6957257e+000  2.5756785e+000
  9.7574865e+000  8.5197342e+000
  3.9124774e+000  8.7691652e+000
  6.4323895e+000  9.3969379e+000
  4.6076724e+000  4.4564105e+000
  7.3958647e+000  9.5349570e+000
  2.1829686e+000  7.6615362e+000
  9.0153017e+000  1.3586414e+000
  2.7110055e+000  1.0214157e+000
  6.9278733e+000  5.9808674e+000
  1.1107264e+000  6.8777634e+000
  7.9736244e-001  8.7899500e-001
  5.2306507e+000  8.4077232e+000
  8.0788746e+000  2.8244946e+000
  3.1354435e+000  4.0946994e+000
  3.1061285e+000  1.1859563e+000
  8.5134427e+000  8.5965321e+000
  8.2020352e+000  2.6358783e+000
  2.8809252e+000  4.8785235e+000
  2.2017614e-001  5.1435204e+000
  3.1992822e+000  5.0611874e+000
  5.4368020e+000  9.5121059e+000
  3.1430521e+000  4.8272611e+000
  5.2927584e+000  2.6648596e+000
  6.4759258e+000  5.6697056e+000
  5.1129012e+000  7.1713943e+000
  1.9806262e-001  4.0047500e+000
  1.0072927e+000  4.2581333e+000
  5.8505496e+000  6.1679104e+000
  3.5035231e+000  1.3799051e+000
  6.8202365e+000  1.1674566e+000
  7.0797294e+000  5.0679993e-001
  9.0195331e+000  7.6740243e+000
  4.1884488e-001  4.0430560e+000
  1.3186356e+000  4.0355054e+000
  7.2623175e+000  9.5098600e-001
  7.3892564e+000  7.3486520e+000
  2.5756069e+000  9.5069115e+000
  2.8992003e+000  2.1738893e+000
  8.2094379e+000  8.9979669e+000
  7.6489860e+000  7.0793981e+000
  7.7335581e+000  2.3621045e+000
  2.9466422e+000  7.6363484e+000
  3.1797758e+000  8.7852362e-001
  3.3043214e+000  9.5368150e+000
  6.2403839e+000  8.4703513e+000
  5.6217451e+000  3.2525356e+000
  6.8475024e+000  7.9154888e+000
  5.1871346e-001  5.0501595e+000
  9.6665703e+000  7.0691929e+000
  3.5927734e+000  8.6150743e+000
  2.3719280e+000  2.9552899e+000
  5.6164567e+000  5.6016182e+000
  7.8256621e+000  5.2061447e+000
  2.9855612e+000  4.5271134e+000
  9.1699336e+000  9.2470138e+000
  9.4818483e+000  2.0194433e+000
  7.4150848e+000  9.6456529e+000
  4.5320610e+000  1.0352109e+000
  6.1589068e+000  7.6359209e+000
  4.8654110e+000  4.0581669e+000
  7.9490327e+000  3.0463524e+000
  3.8625592e+000  6.0631188e-001
  6.9089900e+000  5.1401209e+000
  6.3885366e+000  7.2464696e+000
  5.4570468e+000  5.6452267e+000
  3.0154544e+000  9.1366914e+000
  3.2220783e+000  8.9895386e+000
  7.1505114e+000  4.3179519e+000
  9.1249898e+000  3.0379234e+000
  3.8292390e+000  8.5918560e+000
  8.8917269e-001  2.4093243e-001
  6.0724514e+000  9.4237464e+000
  4.1316021e+000  5.2601921e+000
  6.5605654e+000  8.8089881e+000
  5.4432996e+000  8.5449455e+000
  1.3171200e+000  5.5434862e+000
  9.9093397e+000  8.9015149e+000
  1.4573093e+000  6.5994281e+000
  4.2132624e+000  4.3462596e+000
  4.5454851e-001  7.7065762e+000
  1.7984156e+000  5.2468173e+000
  7.0717037e+000  3.0179366e+000
  3.9661871e+000  6.4216661e+000
  8.6245831e+000  2.4236964e+000
  2.6942778e+000  6.8977149e-001
  5.7599642e+000  8.0385113e+000
  9.1943909e+000  3.7312130e+000
  5.8770308e+000  6.6234057e+000
  3.0414541e+000  3.6902787e+000
  3.6374977e+000  7.4591356e+000
  6.8708426e+000  3.1087458e+000
  3.8314094e-001  8.2633032e+000
  1.1228543e+000  7.7162036e+000
  3.1219193e+000  1.2096032e+000
  6.0485521e+000  7.7714256e-001
  9.2649791e+000  2.8000533e+000
  4.6472995e+000  8.8795365e+000
  6.6202956e+000  1.9464514e+000
  1.7740116e+000  9.7359858e+000
  4.2357408e+000  8.0827936e+000
  2.7795463e-001  9.8324498e+000
  6.6348112e+000  5.6245163e+000
  9.0755356e+000  7.3144738e+000
  4.7973070e+000  6.8910003e+000
  6.3419538e+000  4.6443789e+000
  9.2404375e+000  4.7167027e+000
  8.5746635e+000  1.5773604e+000
  4.3684059e+000  2.0128404e+000
  9.5936673e+000  8.4903400e+000
  4.5160046e-001  5.4437236e-001
  7.3968131e-001  9.4565583e+000
  1.6854275e+000  4.0289966e+000
  6.5151427e+000  4.8822626e-001
  6.4205087e-001  7.1889050e+000
  6.2997129e+000  5.4724118e+000
  1.3744638e-002  7.1034426e+000
  8.9248804e-001  1.0010034e-001
  6.8444796e+000  9.3974768e+000
  8.5665398e+000  3.4595274e+000
  5.8877295e+000  6.0254595e-001
  4.1940993e+000  4.4972953e+000
  2.5230868e-001  4.6820954e+000
  6.9589371e+000  6.2097026e+000
  9.2287848e+000  9.0294446e+000
  7.3367892e+000  6.3645147e+000
  7.7926614e+000  8.5630828e+000
  8.4838396e+000  7.2006357e+000
  1.0886886e+000  1.7344650e+000
  7.4031788e+000  5.4393747e+000
  3.9036040e-001  3.4315587e+000
  4.9848185e+000  7.4148933e+000
  3.4926449e-001  4.4469796e+000
  5.0345552e+000  9.3584487e+000
  4.6450852e+000  5.5298480e+000
  3.9622215e+000  6.9566770e-001
  3.1672947e+000  8.7744768e+000
  1.8697604e+000  3.5224728e+000
  2.9725134e+000  9.1556932e+000
  5.3832079e-001  4.4973347e+000
  1.3457346e+000  4.6862432e+000
  9.7876146e+000  2.9236585e+000
  9.2644993e+000  2.5210296e+000
  9.2523109e+000  9.5438407e+000
  8.5250290e+000  5.4316763e+000
  3.1044766e+000  1.0189769e+000
  2.5595927e+000  8.7708170e+000
  8.4874857e+000  3.0643289e+000
  4.7134553e+000  4.3542170e+000
  3.4805529e+000  3.8375148e+000
  8.2011028e+000  1.3598233e+000
  1.0181247e+000  8.1255792e+000
  5.1650239e+000  3.8479283e+000
  9.7627281e+000  2.7533441e+000
  2.8822220e+000  8.3598224e+000
  9.1592966e+000  9.1147888e+000
  9.5950238e+000  5.6308237e+000
  6.8315095e+000  1.5712152e+000
  2.0499763e+000  2.2580955e+000
  4.3782332e+000  4.6145978e+000
  3.0655429e+000  1.8783139e+000
  2.5678266e+000  6.0352273e+000
  3.0625929e-001  6.3473886e+000
  6.4908612e+000  9.0907590e+000
  2.9084341e+000  6.7866597e+000
  7.1550194e+000  2.1214463e+000
  8.8159400e+000  7.6179371e+000
  6.6864093e+000  3.4781616e+000
  8.2012348e+000  5.0276708e+000
  4.1026179e+000  5.6988839e+000
  4.4019337e-001  1.8868000e-001
  6.7689137e-001  3.7925245e+000
  6.2558886e+000  2.8838783e+000
  1.4409208e+000  4.1367428e+000
  5.7749964e+000  3.7191028e+000
  1.8707506e+000  4.2662105e+000
  2.4890871e+000  9.6396138e+000
  7.5918327e+000  7.7871014e+000
  3.2996708e+000  5.1492905e+000
  3.5287390e+000  1.3146736e+000
  1.3582990e+000  4.0814226e-001
  7.0593235e+000  3.5882649e-001
  7.6559124e-001  6.3879567e+000
  7.4375271e+000  1.7368211e+000
  7.2264844e-001  4.0683901e+000
  4.1971640e+000  4.0996979e+000
  9.3436406e+000  9.7002016e+000
  7.8549886e+000  1.8528890e-002
  8.2098052e+000  7.5445900e-001
  6.1959055e+000  1.4506310e+000
  2.6943170e+000  8.2776755e+000
  8.3904866e+000  3.0326674e+000
  5.7995855e+000  5.6341693e+000
  8.3293657e-002  1.8950396e+000
  2.9334608e+000  9.3434522e+000
  5.1403111e+000  3.4727914e-001
  4.6505366e+000  7.3798125e+000
  1.0464723e+000  6.7116619e-001
  7.1485088e+000  9.0108649e+000
  2.6457507e+000  4.9032440e+000
  3.6774696e-001  4.4279451e+000
  8.3130861e+000  8.3952684e+000
  5.8441915e+000  1.2516831e+000
  3.3519608e+000  2.4948369e+000
  1.8521298e+000  8.4358997e+000
  2.3269819e+000  6.4700517e+000
  7.5537535e+000  2.5425807e+000
  5.4464443e+000  2.9990191e+000
  7.9925645e+000  3.6352548e+000
  6.3550783e+000  8.2938525e+000
  2.0289599e+000  3.9357915e-001
  9.1316779e+000  5.5853166e+000
  7.8037747e+000  9.7305143e+000
  5.6623166e+000  2.2555425e+000
  9.4368465e+000  6.2991643e+000
  6.3417527e+000  6.1867919e+000
  2.3499480e+000  7.9374066e+000
  9.2979445e+000  9.6640725e+000
  9.8066924e+000  8.7670479e+000
  2.9024707e+000  8.8672502e+000
  5.2721460e+000  1.7010723e+000
  7.2392912e-001  4.5644513e+000
  1.7036295e-001  4.6438024e+000
  7.3788504e+000  8.7566822e+000
  4.6114074e+000  5.7951032e+000
  6.2949893e+000  1.8964096e+000
  3.5310366e-001  5.8048667e+000
  7.0320980e+000  7.9685287e+000
  4.5055093e+000  4.2104018e-001
  5.1125455e+000  3.2210716e-001
  9.3330171e+000  2.9230608e+000
  6.0215823e+000  3.2492084e+000
  8.2257796e+000  1.0728173e+000
  7.6208832e+000  5.2405126e+000
  8.2618723e+000  5.0389601e+000
  6.6673454e+000  5.8488930e+000
  3.1917809e+000  3.1498021e+000
  2.7892687e+000  3.8546058e+000
  2.2188632e+000  2.3658838e+000
  1.6462415e+000  7.2333127e+000
  6.6541171e+000  4.4016590e+000
  2.3780492e+000  8.7376590e+000
  4.9561396e+000  2.4624452e+000
  9.3070356e-001  6.2241244e+000
  9.1673097e+000  2.3947649e+000
  7.3067118e+000  2.2077561e+000
  3.1108171e+000  7.9123277e+000
  1.3851722e+000  1.8718692e+000
  9.1208106e+000  8.1409482e+000
  3.8551304e+000  1.8553874e+000
  3.6254175e+000  3.3030848e+000
  9.6776492e+000  2.9992625e+000
  1.3321680e+000  4.0141978e+000
  9.9128312e+000  8.3274844e+000
  8.0729749e+000  1.9028298e+000
  3.3977605e+000  2.4267289e+000
  4.3836061e+000  2.1353959e+000
  6.6315471e+000  2.5730832e+000
  4.3245813e+000  9.2140052e+000
  9.1425099e+000  6.7355975e+000
  4.1668134e+000  4.6472716e+000
  2.1219554e+000  7.8578441e+000
  3.9173554e+000  9.8301782e+000
  9.4909866e+000  1.2044297e+000
  3.4189466e+000  8.7608518e+000
  9.1703444e+000  4.2391021e+000
  9.7141781e+000  6.3472556e+000
  2.7501675e-001  1.6953752e+000
  9.0742046e-001  6.9554285e+000
  6.8666845e+000  8.4706986e+000
  8.3087231e+000  3.9298253e+000
  1.8859909e+000  4.1153587e+000
  7.7156650e-001  1.8720982e+000
  2.4324919e+000  5.6331829e+000
  5.8044618e+000  3.1062240e+000
  5.1075696e+000  4.5117674e+000
  4.6802978e+000  7.2491505e+000
  7.4427713e+000  4.8000200e+000
  5.2416594e+000  9.3762060e+000
  6.1699360e+000  6.2334699e+000
  8.5073615e+000  3.8728747e+000
  9.8215006e+000  9.1970819e+000
  9.1305238e+000  7.9154707e-001
  7.3245004e+000  4.1218380e+000
  8.9716840e+000  4.3862679e+000
  4.6341036e+000  9.0952611e+000
  3.2107201e+000  9.6449100e+000
  8.7325959e+000  2.3967575e+000
  5.5147109e+000  6.1931407e+000
  6.8832456e+000  5.6074460e+000
  5.9693125e+000  8.6895919e+000
  8.1537247e+000  5.2446252e+000
  3.0126620e+000  1.1079863e+000
  7.4451678e+000  3.9398786e+000
  7.7651320e+000  4.3891991e+000
  9.8594416e+000  6.3478612e+000
  6.5921686e+000  1.0893188e+000
  1.8104831e+000  1.1364011e+000
  1.5011620e+000  1.3116524e+000
  7.3744558e+000  9.5601729e+000
  4.8121981e+000  5.0069453e+000
  6.6525692e+000  5.6189961e+000
  9.9935589e+000  8.6148394e+000
  7.7242473e+000  2.9906849e+000
  8.7624028e+000  5.1421937e+000
  5.9186640e+000  1.3249181e+000
  6.5365863e+000  6.3789479e-001
  4.8392474e+000  1.5574582e+000
  5.8369666e+000  3.1398676e+000
  7.3988372e+000  7.7336563e+000
  6.9386696e+000  1.3620442e+000
  2.1146416e+000  5.3412665e+000
  3.1428066e+000  9.7819095e+000
  4.8225755e+000  2.1231076e+000
  8.6470822e+000  3.0438855e+000
  8.8602150e+000  5.1951091e+000
  5.2831539e+000  2.8305474e+000
  3.7666472e+000  8.1357974e+000
  9.2508477e+000  7.8030715e+000
  6.9122898e-001  4.7088702e-001
  8.7914379e+000  2.9480763e+000
  9.7049253e+000  3.4307943e+000
  1.1661909e+000  6.5579363e+000
  3.4091825e+000  4.4177060e+000
  6.2304673e+000  7.0709539e+000
  6.0032400e+000  1.3038103e+000
  7.6535251e+000  1.4154499e+000
  6.9701016e+000  2.5303116e+000
  5.0635285e+000  3.2902359e+000
  7.1441309e+000  9.8783629e-001
  9.6805962e+000  6.9498177e+000
  4.1856932e+000  2.6976240e-001
  7.8038264e+000  5.8801765e+000
  8.7312272e+000  8.8531686e+000
  5.1922102e+000  4.7671363e+000
  2.9711864e+000  5.4070979e-001
  2.2925364e+000  8.9286309e+000
  2.2000196e+000  8.7120876e+000
  2.1365216e+000  1.8712248e+000
  1.5924423e+000  7.6645388e+000
  8.1735124e-001  2.0261478e+000
  1.5496025e+000  7.8060857e+000
  6.2232468e-001  3.8462707e+000
  8.8527221e+000  3.9521650e+000
  2.9179394e+000  9.7286107e+000
  8.2767880e+000  2.4732144e+000
  5.2965966e+000  6.3230383e+000
  2.8789819e+000  6.0731834e+000
  1.7691021e+000  1.5517374e+000
  2.5107891e+000  2.5846929e+000
  4.5106635e+000  1.1272838e+000
  6.0606413e+000  5.7850794e+000
  5.9054257e+000  5.4355790e+000
  1.1426567e-001  7.5120244e+000
  6.2320220e+000  8.0023230e+000
  7.1108698e+000  7.4041315e+000
  2.9494062e+000  2.5673125e+000
  1.2454784e+000  3.9767127e+000
  7.1041100e+000  1.5775957e+000
  4.2539788e+000  4.0981497e+000
  9.5065463e+000  4.9833411e+000
  4.6596919e-001  5.2773600e+000
  4.9640386e+000  3.4372126e+000
  3.3349069e+000  1.1269573e+000
  7.9457860e+000  3.2065780e+000
  4.3209474e+000  5.2167007e+000
  8.3732655e+000  7.3051309e+000
  2.1381058e+000  4.9236328e+000
  7.8191900e-001  4.1878305e+000
  7.4019223e+000  1.2845358e+000
  5.0190672e+000  6.0732262e+000
  3.2851342e+000  3.3458206e+000
  4.4727573e+000  4.4261118e+000
  3.0965437e+000  4.0199990e+000
  6.7110318e+000  6.6533851e+000
  3.2663977e+000  3.9915014e-001
  7.1043263e+000  5.5942442e+000
  1.5611820e+000  6.6444773e+000
  6.3177336e+000  2.3599248e+000
  5.4889260e+000  6.6203655e+000
  4.3501908e+000  5.6067688e+000
  7.9073369e+000  6.9384594e+000
  3.6114606e+000  3.0226467e+000
  7.2581304e+000  4.6865282e+000
  9.6742897e+000  4.8705927e+000
  5.2661560e-001  2.3348788e+000
  3.7888246e+000  9.5346719e+000
  6.4564080e+000  7.5411779e+000
  5.4372232e+000  5.3033623e+000
  1.8193041e+000  7.8892003e+000
  8.7224097e+000  9.7005378e+000
  8.9892024e+000  4.3410678e-001
  9.7218372e+000  5.4285469e+000
  1.4956162e+000  7.2752460e+000
  4.2577111e+000  2.1907058e+000
  3.6465697e+000  8.9865294e+000
  6.9451910e+000  3.4617686e-001
  2.2129297e+000  9.8684823e+000
  7.5486916e+000  7.0098686e-001
  6.6617436e+000  9.2225880e+000
  6.0952791e+000  7.6726145e+000
  4.8064063e+000  5.0219015e+000
  2.3590018e+000  2.5848775e+000
  8.0955096e+000  8.0795482e+000
  7.4503432e+000  3.0531323e+000
  6.7960495e+000  1.3846815e+000
  2.9222138e+000  2.7388036e-001
  7.0019021e+000  7.8773622e+000
  4.9001610e+000  7.7590125e+000
  4.8046545e+000  4.7940110e+000
  1.3482018e+000  3.7803031e-001
  9.6770330e+000  7.9745182e+000
  1.4710740e-001  4.8869822e+000
  2.0322283e+000  3.8699660e+000
  7.9561442e+000  2.2734560e+000
  9.9460338e+000  5.4286982e+000
  7.6361967e+000  6.0662130e+000
  7.1193292e+000  4.6168849e+000
  3.7251476e-001  9.8592055e+000
  4.4023813e+000  7.0089929e+000
  2.2847584e+000  8.6042097e+000
  7.1521904e+000  4.1570006e+000
  9.3807595e+000  6.6361898e+000
  6.9630112e+000  5.9779912e+000
  7.1043549e+000  8.0320179e+000
  5.8532350e+000  3.7569024e+000
  7.1427883e+000  7.1432142e+000
  4.8518124e+000  2.8432290e+000
  9.3456090e+000  5.2310315e+000
  1.4381634e+000  8.1094423e+000
  1.5358322e+000  6.1278461e-001
  2.3097036e+000  7.1269933e+000
  5.4322078e+000  5.3446155e+000
  7.1669186e+000  9.3713198e+000
  5.8817041e+000  8.1424783e+000
  8.3589139e-001  7.0916507e+000
  4.6035205e+000  4.5370080e+000
  6.1578117e-001  9.8024409e+000
  8.6644018e+000  7.2260897e+000
  5.5322687e+000  1.0620574e+000
  1.4174036e+000  6.5476001e-001
  7.1763036e+000  5.8256763e+000
  1.1345141e+000  4.4545964e+000
  9.9983101e-001  7.6117393e+000
  5.3817010e+000  6.0859738e+000
  3.4058701e+000  3.9350784e+000
  9.1786711e+000  4.0974670e+000
  1.7275000e+000  6.8027931e+000
  9.0310229e+000  7.2827980e+000
  6.3695414e+000  4.8156850e+000
  4.8146758e+000  9.0776703e+000
  3.2121014e+000  3.8571357e+000
  5.8510301e+000  6.7125833e+000
  4.3033176e+000  9.5668534e+000
  6.6243077e+000  2.2351776e+000
  3.8644507e-001  4.1904005e+000
  4.3644640e+000  1.9439232e+000
  8.4623716e+000  9.8726900e+000
  7.4044996e-001  7.1773567e+000
  8.4473695e+000  8.2947191e+000
  3.3828068e+000  8.8300823e+000
  4.6990229e+000  2.4658591e+000
  5.2760009e+000  8.6316320e+000
  6.8257155e+000  9.0239325e+000
  9.1838977e+000  3.0908295e+000
  6.3293536e+000  6.5063731e+000
  1.3241827e+000  5.7502716e+000
  6.0709146e+000  9.0192829e+000
  9.7026041e+000  6.6600776e+000
  7.3175213e+000  8.9777069e+000
  7.0686952e+000  5.1562720e+000
  4.4863561e+000  1.7698793e+000
  6.0464181e+000  9.0428820e+000
  9.1153499e+000  1.8838769e+000
  6.2187490e+000  5.1726583e+000
  6.8135385e+000  8.9777118e+000
  2.4579681e+000  1.5260245e+000
  6.6382832e+000  1.6746638e-001
  8.2993399e+000  2.8714875e+000
  5.1637977e+000  7.2424997e+000
  4.5474292e+000  3.1375462e+000
  1.6298607e+000  5.2004386e+000
  1.4941320e+000  5.6962774e+000
  3.4206814e+000  6.7372144e+000
  9.5510982e+000  4.8140005e+000
  5.7956341e+000  2.5443573e+000
  4.0124982e-001  2.6280309e+000
  9.0151909e+000  2.2760730e+000
  7.0397943e+000  9.3363616e+000
  5.8205559e+000  4.5307910e+000
  2.9764274e+000  1.6299060e+000
  7.5286500e+000  6.0856143e+000
  7.6317966e+000  5.8827910e+000
  2.5424677e+000  7.0392847e+000
  2.9940144e+000  5.9430060e-001
  8.0181853e+000  6.1316645e+000
  8.3470618e+000  4.4791087e+000
  1.2700220e+000  8.8635523e+000
  8.8259175e+000  1.6767640e+000
  7.9247116e+000  9.5753424e+000
  7.4180275e+000  8.4268103e+000
  4.5237589e+000  7.6875788e+000
  3.6032205e+000  5.6963959e+000
  4.6136132e+000  6.4538667e-001
  2.2272448e+000  5.5804581e+000
  5.7669737e-001  7.5576226e+000
  8.3750410e+000  1.0815413e+000
  5.4188115e+000  4.6117492e+000
  5.5872628e+000  2.9257953e+000
  7.8881689e+000  6.1549116e+000
  4.7415484e+000  3.9010941e+000
  3.8601258e+000  6.6264573e-001
  1.0608856e+000  9.3553562e+000
  3.3077098e+000  3.2264828e-001
  2.8908926e+000  6.0503968e+000
  4.8033446e+000  8.3355541e+000
  6.3978759e+000  5.4186392e+000
  1.8653103e+000  9.3427810e+000
  1.9903492e-001  6.0753135e+000
  3.9460287e+000  3.9009425e+000
  2.2886099e+000  4.1731775e-001
  1.1337197e+000  9.1108174e+000
  9.3579155e+000  1.3315644e+000
  7.9003136e+000  5.9268678e+000
  4.2688863e+000  4.0731342e+000
  4.4600132e+000  9.2984700e+000
  4.1232438e-001  6.8994123e+000
  2.4981492e+000  4.7053202e+000
  6.3558304e+000  6.2897595e+000
  2.2898735e+000  2.8824801e+000
  9.9011801e+000  3.5518842e+000
  3.7193437e+000  9.2612804e+000
  9.3784696e+000  2.2054956e+000
  4.1114704e+000  1.9359289e+000
  1.2598564e+000  4.7230952e+000
  3.0334626e+000  9.0849815e+000
  8.9700891e+000  7.8901478e+000
  1.7159244e+000  4.0882501e+000
  4.0799020e+000  6.4775972e-001
  1.0148175e+000  9.3727221e+000
  5.2238413e+000  1.8648683e+000
  2.1693030e+000  4.1309626e+000
  8.1920688e+000  3.4955202e+000
  1.8227078e+000  6.1497436e+000
  6.9063938e+000  6.2068986e+000
  2.6330403e+000  3.3900079e+000
  7.8913565e-001  2.9533827e+000
  5.2543556e+000  8.3122435e+000
  3.2678899e+000  5.1058117e+000
  1.5997266e-001  8.6495652e-001
  2.6232413e+000  6.0199702e+000
  9.5266199e+000  4.2439372e+000
  5.9132048e+000  2.0495482e-001
  3.4144003e+000  1.0580924e+000
  1.5392620e+000  7.9173613e+000
  1.4038099e+000  6.1179757e+000
  6.4717495e+000  2.8294655e+000
  4.9348110e-001  5.3695651e+000
  8.1356024e+000  9.3467051e+000
  3.6066359e+000  4.5963423e+000
  1.4780299e-001  3.4899961e+000
  6.1794576e+000  3.0299375e+000
  2.5677562e+000  7.8516549e-001
  5.3176829e+000  9.8994918e+000
  7.7651019e+000  6.0781591e+000
  7.4406510e+000  5.2972018e+000
  5.1734458e+000  3.5153287e+000
  4.5384262e+000  2.4662383e+000
  4.6458840e+000  9.2699477e-001
  5.6035049e-001  3.2815387e+000
  4.3674450e+000  5.5728421e+000
  6.5068681e+000  4.7102603e+000
  9.2880640e+000  9.2794037e+000
  5.9587058e-001  1.3861355e+000
  2.4425401e+000  1.0410031e+000
  8.8543452e+000  5.5433812e+000
  8.9968058e+000  4.9452609e+000
  1.7379747e+000  3.2355891e+000
  9.6179716e-001  8.4071329e+000
  6.4329269e+000  2.5694677e+000
  6.8661840e+000  8.1885663e+000
  7.4599838e-003  1.7618171e+000
  8.9781098e+000  2.6430425e+000
  2.2090921e+000  2.7278768e+000
  9.6440679e+000  3.2998443e+000
  5.1106776e-001  8.1365958e+000
  1.7128574e+000  5.8762646e+000
  2.5414922e+000  5.2686374e+000
  8.2149258e+000  7.0294622e+000
  1.2815707e+000  1.0102195e+000
  8.7649384e+000  1.4346591e+000
  5.0127772e+000  6.0789276e-001
  4.5660826e-001  9.1180223e+000
  8.0226258e-001  4.2942214e-001
  3.9587512e+000  1.0877671e+000
  3.2266325e+000  8.9201158e+000
  9.0906172e+000  6.6741060e+000
  9.6893733e+000  3.7078256e+000
  3.4248143e+000  8.4090986e+000
  5.6914974e+000  8.3585210e+000
  4.7722168e+000  2.2920285e+000
  2.7319450e+000  1.3378387e+000
  5.5001603e+000  3.6824600e+000
  1.0010377e+000  4.2946093e+000
  5.3504345e+000  1.0427989e+000
  7.7622725e+000  4.9500369e+000
  8.8221750e+000  1.3795342e+000
  6.2194663e+000  1.5105201e+000
  5.8897953e+000  6.8333244e+000
  8.9487270e+000  8.2718320e+000
  7.3649517e+000  1.8735268e+000
  5.9186859e-001  7.4267334e+000
  7.7846150e-001  8.1506099e+000
  5.4902884e+000  5.2590700e+000
  7.2226092e+000  5.7711006e-001
  6.1739168e+000  2.6945222e+000
  4.8957623e+000  4.1290355e+000
  5.8490761e+000  4.1221467e+000
  1.8402949e+000  8.2009180e+000
  8.5139434e-001  3.2106536e+000
  5.0610544e+000  2.1531312e+000
  9.2785152e+000  1.7009788e+000
  5.8348840e+000  2.7369317e-001
  7.8969620e-001  6.3656778e+000
  8.9706484e+000  8.5953193e+000
  3.7139641e+000  9.8435096e+000
  3.4866360e+000  1.2307344e+000
  7.1539771e+000  5.1924474e+000
  9.6157214e+000  5.5794025e+000
  5.6899659e+000  9.8691083e+000
  7.6002119e+000  8.2369047e+000
  4.7912347e+000  3.3749109e+000
  8.4911519e+000  7.5271899e+000
  7.0466375e+000  4.2345336e+000
  1.9074437e+000  5.9243522e+000
  3.9816090e+000  3.8049285e+000
  9.2360442e+000  9.4980868e+000
  9.3885803e+000  7.6892019e+000
  8.3767252e+000  5.3032285e-001
  8.8180240e+000  5.5398439e+000
  1.8908406e+000  5.5421375e+000
  4.5702146e+000  3.9135808e+000
  6.2970518e+000  5.3658308e+000
  8.6053851e+000  6.8875384e-001
  8.4345820e+000  1.3400599e+000
  1.1309564e+000  7.5478338e+000
  4.1951599e+000  8.8716131e+000
  2.5672905e+000  9.7607971e+000
  1.7509669e+000  1.6510568e+000
  1.1947383e+000  7.9774482e+000
  6.6947667e+000  4.5018256e+000
  5.3701085e+000  2.3506177e+000
  1.5983764e+000  1.8815433e+000
  3.8662595e+000  8.8449619e+000
  5.3717181e+000  5.3610453e+000
  3.5922554e+000  5.7004237e+000
  1.0724390e+000  1.6582405e+000
  5.3849294e+000  7.9874608e+000
  4.7897263e+000  4.1942409e+000
  4.9781652e+000  4.6759360e+000
  3.5665123e+000  9.2398965e+000
  9.2585255e+000  6.6304989e+000
  4.8731085e+000  1.1217522e+000
  5.2863400e+000  8.9092389e+000
  6.9834973e+000  9.6726429e+000
  1.0158995e+000  1.5773583e+000
  9.7619385e-001  2.0121476e+000
  1.5042327e+000  1.2368266e-001
  1.7439570e+000  4.2989928e+000
  6.8408708e+000  6.9878655e+000
  4.3347140e+000  7.3170645e+000
  6.8699663e-001  1.4951253e+000
  1.0025071e+001  8.2785276e+000
 -1.7407242e-002  3.1599214e+000
  5.0730353e+000  1.0514050e-002
  2.1399999e+000  8.6009216e+000
  6.1792249e+000  3.3779408e+000
  8.1788424e+000  5.4137973e+000
  6.5379565e+000  1.2849627e+000
  2.3717692e+000  6.5361308e+000
  5.3330462e+000  7.7704388e+000
  8.8144783e+000  1.4101609e+000
  1.8622339e+000  8.7320364e+000
  5.0275543e+000  1.2939498e+000
  6.2771684e+000  8.6680837e+000
  7.6413910e+000  6.7106573e+000
  9.5809955e+000  2.6475542e+000
  6.2883640e+000  6.6187771e+000
  7.8276825e+000  9.3124170e+000
  1.8926720e+000  6.8962817e+000
  4.0735010e+000  4.0295174e+000
  6.2108688e+000  3.8000143e+000
  3.4479363e+000  9.5149278e+000
  5.9893074e+000  3.6518034e+000
  7.6686024e+000  3.8785858e+000
  3.3640561e+000  1.8301542e+000
  1.8418317e+000  3.7100333e+000
  5.7452194e+000  3.0959631e+000
  3.8438140e+000  6.1589217e+000
  3.0115459e+000  5.7935757e+000
  5.8667185e+000  1.5053114e+000
  5.8655920e+000  6.7604637e+000
  8.4774132e+000  8.7810399e+000
  2.4811367e+000  5.2429972e+000
  9.4417011e+000  7.4744789e+000
  6.1354661e+000  3.7235138e+000
  6.8230329e+000  9.2015819e+000
  5.2921814e+000  2.6478878e+000
  2.3628405e+000  1.2903384e+000
  9.3579001e+000  3.4441234e+000
  2.8903408e+000  6.7029796e+000
  1.1889927e+000  5.7572711e-001
  3.0302471e+000  2.1947894e+000
  9.0561215e+000  8.0759535e-001
  1.6243795e+000  8.3113160e+000
  2.6227586e+000  9.6166925e+000
  2.5873819e+000  5.2699472e+000
  5.3284313e+000  2.0933011e+000
  6.6500551e+000  7.1267624e+000
  8.9222651e+000  2.5079977e+000
  6.5000147e+000  2.0805450e+000
  5.3686966e+000  2.1877011e+000
  6.7214241e+000  3.7568863e+000
  2.2156172e+000  6.1432797e+000
  8.0113663e+000  8.8030856e+000
  6.2877786e-001  2.6039625e+000
  9.0773874e+000  2.2347935e+000
  9.4742934e+000  4.7539136e+000
  8.1917963e+000  6.6674400e+000
  6.2498649e+000  9.3083086e+000
  6.0897835e-001  8.4832072e+000
  8.9379962e+000  9.2108947e+000
  3.1516554e+000  3.8257816e-001
  7.8339582e-001  7.1500208e+000
  4.7696232e-001  6.4908907e+000
  2.8870444e+000  8.9831424e+000
  7.6984553e+000  1.4182558e+000
  5.6164836e+000  5.9698188e+000
  5.5117078e+000  2.1841966e+000
  2.2226442e+000  6.7810280e+000
  3.2109663e+000  7.8591664e-001
  7.4123600e+000  7.0798845e+000
  8.7490734e+000  5.4496779e+000
  2.6787472e+000  7.3622517e+000
  7.2314079e+000  4.5472210e+000
  8.0312975e+000  1.3319340e+000
  1.2994337e+000  6.9253095e+000
  5.0314909e+000  4.6807035e+000
  7.1578291e+000  4.9918752e+000
  3.6868954e+000  9.2708013e+000
  1.1543907e+000  6.3585884e+000
  6.7604869e+000  4.0224671e+000
  4.9561014e+000  3.3286751e-001
  4.4579273e+000  6.5633040e-001
  5.0213041e+000  2.0207781e+000
  1.0986947e+000  9.4685573e+000
  3.3851928e+000  9.8163116e+000
  4.3073205e+000  6.9438038e+000
  8.2564105e+000  8.1228063e+000
  6.6075659e-001  9.4885979e+000
  5.4104157e+000  1.9437430e+000
  2.4808083e+000  3.8320950e-001
  1.8915302e+000  6.8720140e+000
  3.4481767e+000  9.0147003e+000
  1.2061804e-001  3.9744638e+000
  5.5397959e+000  5.7348931e+000
  8.5451453e+000  9.0699581e+000
  6.9733040e+000  2.4165841e+000
  3.8278948e+000  8.4259994e-001
  8.6045422e+000  8.4745076e+000
  9.2629266e+000  2.3571949e+000
  1.1722967e+000  7.5344473e+000
  1.3432901e+000  7.2316949e+000
  7.9170680e-001  7.0441745e+000
  9.3470204e+000  1.8642228e+000
  6.7707431e+000  6.6093888e+000
  7.5113361e+000  9.5378734e+000
  3.4160045e+000  6.5638406e+000
  8.6702379e+000  2.8357249e+000
  6.4734350e+000  6.0069587e+000
  9.5248651e+000  5.8494745e+000
  7.8955233e+000  7.3643565e-001
  5.4794878e+000  7.3400438e+000
  8.7403686e+000  2.2408811e+000
  7.0675811e+000  4.4069665e+000
  3.1991114e+000  9.1398343e+000
  4.2012910e+000  2.0199121e+000
  1.1747813e+000  7.3600151e+000
  6.6462111e+000  4.0294459e+000
  7.4693375e+000  8.6268552e+000
  7.5550471e+000  5.0074735e+000
  3.6054629e+000  6.0553215e+000
  1.9146529e+000  8.2877885e+000
  2.0732939e+000  3.6278086e-001
  6.5209770e+000  6.9648546e+000
  3.7163525e+000  8.7186351e+000
  5.8399068e+000  6.2105154e+000
  9.7307546e-001  6.7698363e+000
  6.6251276e-001  2.9321331e+000
  3.6563854e+000  6.2935610e+000
  4.3539867e-001  2.4535362e+000
  2.7044573e+000  5.5526669e+000
  4.2153639e+000  6.2257405e-001
  1.5569378e+000  5.0041511e+000
  7.8164832e+000  1.7790028e+000
  4.8100218e+000  2.7713595e+000
  5.8211948e-001  4.4042584e+000
  2.0122162e+000  4.7208460e-001
  4.3379974e+000  6.1876333e+000
  7.9360129e+000  6.3128875e+000
  9.6487961e+000  3.1293814e+000
  5.8621259e+000  7.3134072e+000
  2.5432535e+000  1.7264648e+000
  5.5672622e+000  3.2276691e+000
  5.3717986e+000  1.5239890e+000
  1.8994018e+000  3.7398281e+000
  1.9353000e-001  3.0912689e+000
  9.0858948e+000  6.4767541e+000
  6.0909258e+000  1.5575336e+000
  4.5917865e+000  3.1354235e+000
  1.5310394e+000  5.9841290e+000
  8.5452333e+000  2.8521442e+000
