  7.8267591e+000 -8.4398786e-001
  4.7355713e+000  1.4110961e+000
  5.4754307e+000  9.6649190e+000
  5.2978167e+000  3.5859477e+000
  6.1769607e+000  6.8493183e+000
  6.0140435e+000  7.3031156e+000
  5.0766986e+000  2.9079826e+000
  2.9232283e+000  5.0133678e+000
  3.3544030e+000  4.4448004e+000
  3.4992873e+000  8.3833159e+000
  7.1782103e+000  7.4247688e+000
 -7.2503008e-001  4.3829456e+000
  7.3091001e+000  6.9589096e+000
  3.9764017e+000  2.3278999e+000
  7.8808290e+000  8.1110199e+000
  8.3700874e+000  7.3036051e+000
  1.4840032e+000  7.1792430e+000
  1.8775450e+000  3.5311844e+000
  5.9054167e+000  4.4987473e+000
  7.3833021e+000 -1.0316430e-001
  9.6996617e+000  7.1162426e+000
  2.6795111e+000  7.7634960e+000
  1.6892954e+000  5.8108244e+000
  6.2141645e+000  2.8247881e+000
  9.2322765e+000  8.1970037e+000
  5.6878268e+000  5.2302722e+000
  4.0048989e+000  7.5022679e+000
  4.9836295e+000  3.0535555e+000
  3.3123817e+000  5.0589324e+000
  4.6668868e+000 -6.3080755e-001
  7.7396074e+000  6.9488602e+000
  8.1144666e+000  2.7943777e+000
  3.8704928e+000  4.8798180e+000
 -3.2622956e-001  4.6406600e+000
  1.5199731e+000  4.9473686e+000
  7.7917382e+000  7.8032385e+000
  7.5176806e+000  3.9563410e+000
  3.9235678e+000  2.0698373e+000
  2.5440582e+000  5.8369831e+000
  5.7870659e+000  7.7293724e+000
  5.7650580e+000  2.2001288e+000
  1.0983325e+001  4.8175877e+000
  2.7965598e+000  3.5648768e+000
  4.9398805e+000  4.3062646e+000
  4.4019992e+000  7.2824898e+000
  5.7217095e+000  4.3372926e+000
  3.8927092e+000  9.0011429e+000
  7.4946514e+000  1.8781983e-002
  2.7648754e+000  4.0738381e+000
  3.7663366e+000  7.6514686e+000
  5.0634539e+000  5.2443379e+000
  2.4129336e+000  6.8252194e+000
  2.2277950e+000  8.0645850e+000
  5.1602433e+000  2.0309884e+000
  5.5777014e+000  8.2336496e+000
  7.8454898e+000  9.7028296e+000
  2.9861059e+000  4.3188522e+000
  1.2126018e+001  3.5886479e+000
  3.0902816e+000  4.7493380e+000
  8.2705857e+000  7.9341485e+000
  3.5109479e+000  4.5151238e+000
  5.0740651e+000  7.5224751e+000
  6.0507513e+000  2.8637341e+000
  4.4748165e+000 -4.9045532e-001
  3.5765417e+000  2.5502118e+000
  7.4078180e+000  3.7402286e+000
  5.3732805e+000  6.2919820e+000
  6.0743541e+000  2.8282234e+000
  2.9184069e+000  8.1738085e+000
  7.5439292e+000  8.0807517e+000
  5.8887954e+000  3.4848378e+000
  4.2132463e+000  9.8293305e-001
  3.4818863e+000  6.2918385e+000
  5.0455654e+000  1.4986739e+000
  7.6971694e+000  6.6712208e+000
  5.5575582e+000  2.9366804e+000
  6.2372849e+000  2.9372584e+000
  1.5573283e+000  7.3223629e+000
  6.2914615e+000  7.0641694e+000
  3.1546047e+000  4.6253242e+000
  8.5467253e+000  4.4331322e+000
  1.0021828e+001  4.1523000e+000
  1.6339745e+000  6.3384683e+000
  5.5698288e+000  3.6616635e+000
  9.5317702e+000  8.5532314e+000
  6.9368293e+000  2.9653365e+000
  4.5548242e+000  1.8479426e+000
  3.6384825e+000  5.6364713e+000
  7.0439552e+000  8.8436813e+000
  5.8903862e+000  2.8817345e+000
  2.7532782e+000  8.3076792e+000
  3.6043413e+000  5.1924585e-001
  3.6285139e+000  4.6628989e+000
  5.5360903e+000  3.8446468e+000
  2.1452832e+000  3.1371379e+000
  1.0746758e+001  4.2291516e+000
  4.0395992e+000  4.3580888e+000
  4.0795050e+000  8.2303725e+000
  4.2044896e+000  3.8774697e+000
  3.5537167e+000  4.7595923e+000
  5.4662023e+000  6.6553073e+000
  7.0786799e+000  4.9039063e+000
  2.0474158e+000  5.6170177e-001
  5.8153343e+000  8.3490340e+000
  5.2195322e+000  4.0582053e+000
  3.9151301e+000  1.8636087e+000
  6.3401570e+000  4.2704554e+000
  5.3529069e+000  8.3299138e-001
  5.8156543e+000  3.3876298e+000
  4.5893046e+000  8.2756068e+000
  6.0349556e+000  3.5111252e+000
  5.4165407e+000  3.5110020e+000
  5.7403138e+000  3.3978371e+000
  3.5789169e+000  8.5733317e+000
  5.4370363e-001  1.8898237e+000
  2.1288593e+000  7.8133374e+000
  1.8950473e+000  5.3526481e+000
  6.2499290e+000  3.3578081e+000
  6.3538221e+000  6.4089041e+000
  3.4258723e+000  7.8104927e+000
  7.3389320e+000  3.4843068e+000
  2.0687307e+000  3.4420963e+000
  7.0595655e+000  4.6742145e+000
  4.0343685e+000  7.4409763e+000
  3.7785511e+000  4.9390851e+000
  2.4520514e+000  2.9595096e+000
  2.6483173e+000  7.6633135e+000
  4.4369116e+000  7.1181677e+000
  3.6667604e+000  4.5723158e+000
  9.3128373e+000  9.1348149e+000
  3.8815044e+000  3.8827398e+000
  6.7533443e+000  3.0404591e+000
  4.6458631e+000  2.4830136e+000
  1.5848235e+000  6.5049601e+000
  2.6817588e+000  4.5981702e+000
  2.5848928e+000  4.2113746e+000
  3.5672305e+000  4.5231229e+000
  7.1112966e+000  3.8782203e+000
  5.7916307e+000  1.4779643e+000
  5.7110680e+000  2.7179716e+000
  3.3523253e+000  2.8333550e+000
  3.4156509e+000  2.3282483e+000
  6.7630798e+000  6.0870804e+000
  5.7978883e+000  4.6560008e+000
  4.5580003e+000  1.8107356e+000
  5.6011899e+000  3.0206605e+000
  8.1734947e+000  9.1632797e+000
  4.6934738e+000  7.8553449e+000
  9.0546306e+000  1.0231714e+001
  5.6163918e+000  5.2566719e-001
  5.3542236e+000  8.8131549e-001
  2.4009192e+000  5.8582202e+000
  4.9995331e+000 -6.9805733e-002
  8.2763375e+000  5.0963462e-002
  2.2672427e+000  6.6065641e+000
  7.2339636e+000  5.0303544e+000
  5.4092561e+000  6.1973496e+000
  6.9471775e+000  3.5874764e+000
  3.0289123e+000  4.1006769e+000
  6.0300434e+000  6.3180063e+000
  3.6861711e+000  8.0757140e+000
  1.2759611e+000  5.1745948e+000
  2.6865716e+000  6.3324666e+000
  5.1462517e+000  3.6527633e+000
  4.0428599e+000  5.6427256e+000
  3.5808437e+000  7.6131882e+000
  6.4693945e+000  4.0938148e+000
  5.1262559e+000  4.4939623e+000
  3.8113438e-001  1.2844133e+000
  9.9652973e+000  3.3989222e-001
  5.0490201e+000  5.1212394e+000
  3.0248417e+000  8.7004694e+000
  1.5654491e+000  3.5546894e+000
  6.3400301e+000  2.7443796e+000
  1.4032123e+000  6.5480882e+000
  4.5305506e+000  8.5220861e+000
  4.3506373e+000  6.4816902e+000
  3.5663347e+000  8.7425838e+000
  2.8968397e+000  4.5159143e+000
  1.6754322e+000  7.1707705e+000
  2.0594357e+000  1.4615522e+000
  7.3600192e+000  3.6559414e+000
  6.2584835e+000  3.8382440e+000
  5.0186687e+000  3.7427616e+000
  2.6847268e+000  2.6764207e+000
  4.0073396e+000  3.7811294e+000
  6.4599219e+000  3.2704423e+000
  4.8223295e+000  1.7374722e+000
  7.3551203e-001  7.3681762e+000
  1.0581351e+001  7.5536428e+000
  8.0376027e+000  6.9445554e+000
  3.2046060e+000  4.4989512e+000
  9.3963506e+000  2.4971075e+000
  5.5339337e+000  1.6341024e+000
  3.6313340e+000  7.6069705e+000
  6.1030158e+000  2.9334369e+000
  5.8117913e+000  2.4428141e+000
  7.9739287e+000  1.0346433e+001
  3.9455540e+000  1.0988895e+001
  7.3464750e+000  5.1210342e+000
  2.7736323e+000  6.6918596e+000
  3.6427382e+000  5.8835899e-002
  7.8148016e+000  3.8208590e+000
  3.2101301e+000  6.6124229e+000
  8.2819032e+000  5.4460930e-001
  5.4484077e+000  2.5071504e+000
  5.3527255e+000  4.5935210e+000
  5.9093028e+000  7.1074774e+000
  7.4786538e+000  5.8703622e+000
  6.0860215e+000  4.8927061e+000
  5.6824109e+000  4.0277103e+000
  3.6944417e+000  1.6558345e+000
  6.4605008e+000  3.4265193e+000
  5.5803838e+000  7.9991231e+000
  6.2520663e+000  7.4932432e+000
  2.3964413e+000  4.5289844e+000
  7.3696938e+000  9.1133185e+000
  5.7156151e+000  7.7235216e+000
  6.0287106e+000  3.9661539e+000
  5.4572144e+000  3.9604440e+000
  4.8045096e+000  3.8572335e+000
  3.8762024e+000  7.1194778e+000
  5.5609524e+000  1.0962545e+000
  6.5658357e+000  5.9662306e+000
  6.7138356e+000  5.3748381e+000
  4.2042773e+000  3.4217267e+000
  4.4053269e+000  5.2023708e+000
  5.5395079e+000  3.2145077e+000
  5.1347891e+000  2.3460548e+000
  2.4187842e+000  5.9691579e+000
  7.3819114e+000 -1.4027081e+000
  5.2945669e+000  6.6903174e+000
  2.7511123e+000  6.0284185e+000
  2.4809203e+000  1.0889889e+000
  5.8530064e+000  7.7971639e+000
  6.3545533e+000  3.1343178e+000
  6.8762825e+000  3.6231892e+000
  1.0911801e+000  3.2691191e+000
  4.5137037e+000  6.1601298e+000
  5.4480228e+000 -1.5011588e-001
  6.0750502e+000  3.9982596e+000
  1.8518265e+000  2.0125962e+000
  7.9738073e+000  1.0986345e+001
  3.3793413e+000  9.0594287e+000
  7.0866747e+000  5.6128810e+000
  5.6598719e+000  7.8685603e+000
  5.1426377e+000  3.7944455e+000
  7.4276191e+000  6.6605834e+000
  2.8122694e+000  7.4632944e+000
  3.9878584e+000  6.5791665e+000
  6.3536641e+000  2.7335756e+000
  7.1050641e+000  5.1051544e+000
  6.6467620e+000  3.5644808e+000
  5.9220977e+000  7.0306497e+000
  2.8870007e+000  1.6025750e+000
  9.6698595e+000  1.0452399e+001
  2.8433894e+000  4.3383226e+000
  9.4300347e-001  7.7147384e+000
  6.3475265e+000  6.7447654e+000
  3.4738898e+000  9.6455616e+000
  3.1876426e+000  7.6690611e+000
  2.1858681e+000  7.1488524e+000
  1.6074443e+000  6.8539749e+000
  2.2518601e+000  7.1162899e+000
  6.4705592e+000  6.9027694e+000
  5.3239339e+000  7.0478148e+000
  4.0863919e+000  5.4225534e+000
  5.9376407e+000  3.5858867e+000
  4.6976706e+000  2.9786482e+000
  5.3421866e+000  3.3771193e+000
  7.6044057e+000  2.8442223e+000
  3.4463883e+000  3.1056718e+000
  7.6499258e+000  1.4338870e+000
  7.0198168e+000  6.3724120e+000
  8.3754269e+000  4.6904507e+000
  6.2015983e+000  2.8421612e+000
  2.6620306e-001  7.2697628e+000
  2.3811797e+000  7.7897164e-001
  3.3805263e-001  4.5297978e+000
  4.6029427e+000  7.8254338e+000
  9.1172747e-001  2.1954994e+000
  5.0161465e+000  7.4941539e+000
  2.2252338e+000  4.1337987e+000
  2.4700170e+000  2.4499989e+000
  3.4750832e+000  4.5327481e+000
  8.4905061e+000  3.3929652e+000
  1.0301523e+001  5.3772451e+000
  2.4521784e+000  1.8662379e+000
  6.9098080e+000  2.9975769e+000
  6.8332046e+000  3.2076339e+000
  2.3995761e+000  6.5817971e+000
 -1.7039103e-001  5.1318669e+000
  7.6044386e+000  7.0465319e+000
  7.7467116e+000  6.3309466e+000
  1.0912883e+001  2.9088671e+000
  5.2618139e+000  6.3822608e+000
 -2.0871178e-001  5.5439500e+000
  5.7604133e+000  3.3571988e+000
  6.2257735e+000  2.6535041e+000
  7.1332548e+000  3.8587863e+000
  8.6372904e+000  2.8928738e+000
  6.5962038e+000  4.4552794e+000
  5.7756988e+000  2.1934649e+000
  5.5751744e+000  6.7321748e+000
  8.1513766e+000  3.0582988e+000
  2.0270842e+000  5.0394465e+000
  5.4624349e+000  4.5882526e+000
  3.1482232e+000  5.0804815e+000
  5.4398569e+000  3.3671042e+000
  5.7334280e+000  4.1832318e+000
  8.5708766e-001  5.1626452e+000
  3.0983005e+000  4.5204510e+000
  4.7497883e+000  7.7788050e+000
  4.9588463e+000  3.9684800e+000
  3.0617043e+000  3.9455570e+000
  5.5839836e+000  1.0824027e+001
  5.5649888e+000  3.8513949e+000
  6.3811725e+000  3.9147956e+000
  6.6549995e+000  1.0957662e+000
  6.9301727e+000  4.0092183e+000
  3.1358485e+000  5.4380300e+000
  8.8930700e+000  6.1472140e+000
  7.3733374e+000  4.7463027e+000
  3.0553184e+000  4.3166173e+000
  2.3543903e+000  2.1712635e+000
  1.3721169e+000  6.3787035e+000
  6.9571000e+000  5.6395640e+000
  2.9202347e+000  1.1285837e+000
  3.6372221e+000  4.1791746e+000
  5.4637790e+000  3.9313312e+000
  5.6684665e+000  3.1709326e+000
  5.7182371e+000  4.9699884e+000
  6.5007126e+000  3.5348950e+000
  5.2149553e+000  3.9326074e+000
  7.2761968e+000  6.9674826e+000
  2.6235644e+000  8.3750515e+000
  4.1510698e+000  9.2900126e+000
  5.4614006e+000  3.6248852e+000
  1.6668748e+000  6.8821310e+000
  3.2807170e+000  8.9023854e+000
  7.7076361e+000  5.2213613e+000
  4.7651866e+000  7.5447044e+000
  5.8726790e+000  2.7537605e+000
  4.4191580e+000  3.2783293e+000
  7.8922148e+000  1.0135166e+001
  1.4631829e+000  6.8837329e+000
  5.8776595e+000  6.6840139e+000
  5.5550178e+000  7.3256492e+000
  6.2845770e+000  5.4721490e+000
  6.6653971e+000  4.6814889e+000
  4.3348503e+000  4.5002084e+000
  7.0906744e+000  3.9952794e+000
  2.4092798e+000  7.5056686e+000
  5.0118559e+000  3.7964397e+000
  3.3027347e-001  4.8470955e+000
  5.9009788e+000  2.2373568e+000
  7.4591067e+000  6.8433802e+000
  1.9310362e+000  7.0695464e+000
  4.9455471e+000  1.8254774e+000
  4.5519168e+000  7.8621149e+000
  3.9012655e+000  3.9567773e+000
  6.3749141e+000  8.8920959e+000
  4.8887328e+000  3.2295005e+000
  8.3455042e+000  3.9845723e+000
  2.0453350e+000  4.6168811e+000
  6.3448363e+000  7.5268228e+000
  4.4404139e+000  4.9674834e+000
  6.5866253e+000  8.3737671e+000
  6.0880311e+000  6.3101289e+000
  3.5030775e+000  7.4238807e+000
  8.1528906e+000  8.2086235e+000
  2.2168540e+000  4.4995867e+000
  5.9252223e-001  7.7994961e+000
  5.9136611e+000 -2.4226912e+000
  5.2063149e+000  8.0673800e+000
  3.2906646e+000  4.2199651e+000
  6.1148678e+000  6.9122139e+000
  9.6248640e-001  4.2684660e+000
  5.0975190e+000  4.0606398e+000
  5.5130515e+000  2.7664765e+000
  5.2151230e+000  2.9769666e+000
  4.4531233e+000  4.9591939e+000
  6.3559839e+000  4.1309952e+000
  3.2877181e+000  6.9622296e-001
  5.7751832e+000  3.2083692e+000
  4.2256444e+000 -2.3549695e+000
  3.6939003e+000  3.7107253e+000
  2.5867176e+000  7.6238570e+000
  5.7037776e+000  1.0421280e+000
  3.4610347e+000  4.8265143e+000
  4.5577638e+000  4.3423666e+000
  2.3489896e+000  9.8723398e+000
  7.6730133e+000  1.0098824e+001
  8.3329097e+000  6.5829968e+000
  6.9450330e+000  2.7108716e+000
  3.1113921e+000  2.2771453e+000
  3.3631840e+000  4.0832112e+000
  7.4288513e+000  5.1331544e+000
  4.9845186e+000  7.1074797e+000
  5.9907444e+000  6.9218649e+000
  3.5559127e+000  4.5121767e+000
  2.2988986e+000  6.7050939e+000
  5.6576438e+000  3.1690153e+000
  7.4810523e+000  3.3920883e+000
  5.1915225e+000  5.5241280e+000
  7.1492285e+000  3.1122911e+000
  6.0613447e+000  2.5596878e+000
  3.7761509e+000  4.4188417e+000
  7.0541859e-001  5.1004104e+000
  4.9183988e+000  5.9449484e+000
 -2.9430229e-001  8.1211608e+000
  3.4063390e+000  9.6651451e+000
  4.3325585e+000  3.7164207e+000
  4.1233805e+000  1.3600246e+000
  1.6523376e+000  7.3688890e+000
  3.8183467e+000  4.1971057e+000
  2.4330279e+000  6.7131817e+000
  1.8820494e+000  7.0912979e+000
  6.4442976e+000  2.9858550e+000
  3.6810982e+000  4.7405327e+000
  3.8918275e+000  4.0975615e+000
  6.1331352e+000  1.3088286e+000
  7.7241271e+000  1.1911431e+000
  7.3885894e+000  4.5397276e+000
  3.2455813e+000  3.7515554e+000
  7.0880989e+000  5.5808276e+000
  5.9170925e+000  5.1521712e+000
  8.9414153e+000  9.0409431e+000
  5.9945379e+000  2.2603493e+000
  6.3019422e+000  3.2303040e+000
  5.3588914e+000  8.5006227e+000
  4.8644665e+000  7.1798963e+000
  8.0622350e+000  4.6138359e+000
  2.5606360e+000  6.0673652e+000
  7.2552538e+000  4.8667392e-001
  6.5826679e+000  2.7343550e+000
  4.4077644e+000  7.2814012e+000
  6.1614807e+000  5.9483486e+000
  5.7303034e+000  7.4101662e+000
  8.1301490e+000  6.6664233e+000
  3.3472313e+000  5.9597603e+000
  1.0380342e+001  4.7509939e+000
  5.3157830e+000  7.2738248e+000
  3.6281664e+000  5.6259293e+000
  6.4951075e+000  4.3176612e+000
  2.8216178e+000  1.7073251e+000
  1.6694107e+000  5.9324466e+000
  1.2634893e+000  5.7657322e+000
  4.0595201e+000  6.5965074e+000
 -2.1457579e-001  3.4047730e+000
  4.8297287e+000  7.7986787e+000
  5.9123306e+000  7.2394042e+000
  8.7191102e+000  1.0877120e+001
  3.8004187e+000  5.7292859e+000
  5.4364639e+000  4.2844827e+000
  3.2940048e+000  7.3648366e+000
  8.3292102e+000  6.6497983e+000
  4.9243500e+000  4.0149318e+000
  3.3075884e+000  4.5093944e+000
  4.6371329e+000  3.7984045e+000
  1.5444326e+000  3.2320195e+000
  6.7742536e+000  3.8649096e+000
  7.3329186e+000  4.0245023e+000
  4.2118616e+000  3.8607190e+000
  3.3664631e+000  7.1005854e+000
  7.1071516e+000  1.0813426e+001
  7.8341950e+000  4.7734360e+000
  4.1349102e+000  7.7611999e+000
  3.6544447e+000  1.7195754e+000
  5.1186878e+000  1.9063900e+000
  6.0077770e+000  3.1228108e+000
  1.0548902e+000  7.2511240e+000
  4.4561478e+000  1.7473250e+000
  6.3042191e+000  3.6631034e+000
  3.8135377e+000  8.0311634e+000
  3.4456021e+000  3.2221564e+000
  6.2548927e+000  1.8042717e+000
  4.6646261e+000  1.4485381e+000
  7.0514630e+000  4.9142848e+000
  8.7834180e+000  1.0957404e+001
  9.1327747e+000  6.9565555e+000
  6.4333035e+000  2.5410226e+000
  5.7142351e+000  3.2923719e+000
  3.0303890e+000  1.8531247e-001
  7.9936694e+000  1.0078795e+001
  7.6186683e+000  1.0993506e+001
  6.2535977e+000  5.4787009e+000
  4.1854924e+000  3.1513476e+000
  5.3482351e+000  3.7921902e+000
  6.5637937e+000  2.2943918e+000
  2.1125879e+000  7.4981225e+000
  9.0669667e+000  1.0604466e+001
  5.9843506e+000  5.1302140e+000
  3.6702137e+000  7.6497437e+000
  7.1891497e+000  8.1309213e+000
  5.6974594e+000  5.7860701e+000
  5.3639981e+000  7.3213006e+000
  2.2547154e+000  4.4043840e+000
  2.9199777e+000  1.0143539e+001
  3.6144169e+000  4.7803780e+000
  8.1136774e+000  6.9792902e+000
  2.2706058e+000  2.4266242e+000
  4.1113211e+000  4.1162993e+000
  8.2212989e+000  3.1516967e+000
  2.9883301e+000  4.4811176e+000
  3.8035737e+000  1.7269488e+000
  7.0583819e+000  4.2281177e+000
  3.2063379e+000  5.0967298e+000
  4.1133554e+000  7.3924505e+000
  3.8492204e+000  2.5952015e+000
  7.2018589e+000  1.1557279e+001
  4.5617215e+000  6.1457018e+000
  3.2626604e+000  7.6796068e+000
  4.1691336e+000  7.8302300e+000
  1.1212657e+000  7.2404147e+000
  4.8978334e+000  4.5804808e+000
  5.9634521e+000  2.1750932e+000
  5.8334071e+000  3.9908293e+000
  3.4216473e+000  5.0785973e+000
  3.2916211e+000  2.5939892e+000
  9.3484049e+000  4.9019253e+000
  6.1961585e+000  5.1562623e+000
  2.6651297e+000  7.5797944e+000
  1.3033503e+000  6.6676763e+000
  3.5188376e+000  7.2797480e+000
  8.5585077e+000  2.9225155e+000
  3.9448933e+000  3.9581979e+000
  5.8378075e+000  4.1022476e+000
  8.2828120e+000  8.1078650e+000
  2.7660341e+000  8.0748791e+000
  5.7970003e+000  4.5030464e+000
  6.1793166e+000  6.8180605e+000
  6.1961517e+000  8.3137094e+000
  6.9214728e+000  5.2140458e+000
  1.6145741e+000  5.7477692e+000
  3.5207629e+000  3.8535391e+000
  3.7954202e+000  8.2844093e+000
  7.8276867e+000  6.6477534e+000
  1.0822404e+000  8.5979445e+000
  5.5601375e+000  7.0908715e-001
  7.5307631e+000  3.9406923e+000
  1.2243648e+001  8.0002093e+000
  4.9978307e+000  8.2743489e+000
  5.8569431e+000  7.4259371e+000
  6.6647606e+000  3.2009893e+000
  4.5353080e+000  1.4776439e+000
  7.9631292e+000  1.1737034e+001
  3.7746080e+000  7.7570823e+000
  6.7136728e-001  7.4400286e+000
  7.9198694e+000  7.2166110e+000
  3.2040630e+000  3.2664172e+000
  2.0571108e+000  3.3946319e+000
  5.8099030e+000  7.3187188e+000
  7.2736436e+000  5.6814988e-001
  7.9833444e+000  5.7758053e+000
  3.0188260e+000  7.3484568e+000
  4.0587550e+000  8.0461969e+000
  3.2551332e+000  5.4600570e+000
  7.2784700e+000  3.5296181e+000
  4.5782091e+000  5.3179948e+000
 -1.1399455e-001  1.4959245e+000
  4.8882373e+000  4.2533269e+000
  5.8186601e+000  8.4210429e+000
  7.3039657e+000  4.0550852e+000
  3.3812475e+000  5.0220031e+000
  2.7401304e+000  3.2162582e+000
  3.1831922e+000  1.0994543e+000
  4.5166015e+000  3.5606429e+000
  4.5019263e+000  2.1415928e+000
  3.4658293e+000  3.1340215e+000
  5.6893800e+000  8.9203755e-001
  3.4568226e+000  4.5748450e+000
  4.7548843e+000  2.0498755e+000
  4.1069323e+000  1.0133329e+001
  6.0097495e+000  4.5917137e+000
  3.8252124e+000  3.4056498e+000
  7.6987387e+000  1.1199204e+001
  5.6548961e+000  7.6985333e+000
  8.7758425e+000  5.1338983e+000
  5.5425780e+000  7.9202076e+000
  6.0006986e-001  4.0306069e+000
  7.2662195e+000  5.2359852e+000
  3.1554826e+000  2.5064301e+000
  5.8358464e+000  7.3741526e+000
  2.7199307e+000  7.6342633e+000
  2.1535222e+000  2.8814171e+000
  4.0464955e+000  4.9997582e+000
  5.8483912e+000  5.2758797e+000
  4.6529769e+000  3.0339583e+000
  3.4417728e+000  4.1562827e+000
  4.4513362e+000  7.4649564e+000
  6.2897780e+000  5.1745086e+000
  4.9639573e+000  7.4029778e+000
  3.4953018e+000  8.8659718e+000
  2.3101837e+000  5.0794199e+000
  3.7803062e+000  3.9855547e+000
  4.3255343e+000  6.9064969e+000
  4.1595325e+000  4.6597365e+000
  5.7881883e+000  6.5260080e+000
  8.4682870e+000  1.0640213e+001
  2.9266714e+000  4.7009014e+000
  4.1757068e+000  8.2469553e+000
  7.9791903e+000 -3.0580193e-001
  3.4889503e+000  3.5245236e+000
  5.6572107e+000  3.8764578e+000
  5.2917180e+000  4.0907326e+000
  8.3790777e+000  9.3792419e+000
  7.4852601e+000  3.6055982e+000
  3.2315895e+000  1.1924807e+001
  4.5417135e+000  4.2564308e+000
  5.4411962e+000  3.1896565e+000
  4.1663795e+000  8.9915127e+000
  5.6674606e+000  3.3598807e+000
  4.5860827e+000  9.8523659e+000
  5.1209008e+000  4.3567303e+000
  4.7597057e+000  6.2926656e+000
  3.0017568e+000  4.5219385e+000
  5.6750709e+000  6.8808170e+000
  1.0409219e+000  3.6006214e+000
  5.8726547e+000  2.2391623e+000
  3.3576415e+000  1.1586597e+000
  7.2068245e+000  6.5784095e+000
  6.1915776e+000  7.3785672e+000
  4.8667689e+000  2.4926468e+000
  2.4259716e+000  3.9618423e+000
  8.4295523e+000  3.2480902e+000
  3.4702580e+000  7.6192481e+000
  2.8986042e+000  7.5516804e+000
  5.7710254e+000 -1.1429089e+000
  6.6231583e+000  8.1656983e+000
  9.6140453e+000  5.2998981e+000
  1.1025937e+001  4.2647452e+000
  3.0335556e+000  9.3561205e-001
  6.1062035e+000  5.1553499e+000
  6.4422292e+000  5.6667730e+000
  5.4068990e+000  7.0597339e+000
  5.2294063e-001  1.2752322e+001
  5.5964103e+000 -7.4107449e-001
  6.4155895e+000  7.4987030e+000
  1.1209958e+000  7.5540007e+000
  3.7463491e+000  4.7538571e+000
  5.2131852e+000  4.2511184e+000
  5.7305124e+000  8.2817643e+000
  6.8255746e+000  7.8293593e+000
  6.3359023e+000  7.2685060e+000
  1.2346714e+000  6.2916611e+000
  5.4040144e+000  5.8970944e+000
  6.7129169e+000  3.0772663e+000
  5.5382109e+000 -3.0165324e+000
  3.9543490e+000  8.7710418e-001
  6.0401175e+000  5.2934631e+000
  3.3085561e+000  8.4330692e+000
  1.0266362e+001  6.4926115e+000
  3.1327919e+000  6.7151251e+000
  5.0217598e+000  5.4895348e+000
  5.6168318e+000  2.3818369e+000
  5.7752437e+000  1.2589790e+000
  7.8212875e+000  9.2707762e+000
  1.2516313e+000  4.0773368e+000
  8.1936777e+000  7.0997895e+000
  8.1331414e+000  2.7780913e+000
  1.3626192e+000  6.4575166e+000
 -6.8200713e-001  1.3664386e+000
  4.3004092e+000  8.2708798e+000
  6.5006482e+000  5.5729435e+000
  6.7261965e+000  8.6296870e+000
  2.7180416e+000  3.6048498e+000
  1.3047011e-001  8.9979565e-001
  4.0435129e+000  3.6054085e+000
 -1.4000385e+000  3.8185997e+000
  7.8557037e+000  7.7188606e+000
  3.0003551e+000  6.4785131e+000
  7.5842331e+000 -1.3610325e-001
  3.9175909e+000  7.1302657e+000
  4.1499593e+000  9.1674875e+000
  1.1942984e+000  1.6651492e+000
  3.1206645e+000  4.4477754e+000
  1.1149886e+001  5.1514239e+000
  1.5435717e+000  5.8856652e+000
  6.5632786e+000  1.5416380e+000
  3.8754251e+000  8.2394240e+000
  5.4976218e+000  1.2772097e+000
  3.6017700e+000  4.2274602e+000
  6.1502041e+000  3.6647438e+000
  1.7145823e+000  6.5449949e+000
  5.6678369e+000  4.1050979e+000
  4.8512921e+000  2.9598286e+000
  4.4306991e+000  7.4638056e+000
  7.5532114e+000  3.4701844e+000
  8.3439786e+000  5.0857737e+000
  4.2432962e+000  3.4838079e+000
  5.2593268e+000  3.3586513e+000
  8.8893116e+000  5.9763238e+000
  9.7093695e-001  2.9597866e+000
  7.1627907e+000  7.5877472e+000
  4.7446524e+000  4.9247031e+000
  5.3700051e+000  3.4800814e+000
  4.5184293e+000  2.2500128e+000
  5.3019893e+000  8.0621333e+000
 -2.2235085e-001  2.8765189e+000
  6.3514780e+000  5.7709145e+000
  3.6543552e+000  1.0049042e+001
  3.7247715e+000  2.5810575e+000
  6.6428859e+000  3.6761926e+000
  7.1589722e+000  7.5597528e+000
  5.4070146e+000  5.0050372e+000
  2.5409535e+000  3.5056185e+000
  5.6627964e+000  3.5449514e-001
  1.0914634e+001  1.0300880e+000
  4.2359445e+000  6.4922922e+000
  7.3600372e+000  1.0531683e+001
  7.2432482e+000  6.6613278e+000
  8.0537097e+000  2.7239384e+000
  1.1749764e+001  1.5842146e+000
  5.8570596e+000  3.1209687e+000
  8.3162725e+000  9.9215816e+000
  2.8003347e+000  2.3082102e+000
  1.7323569e+000  6.6702967e+000
  1.4035015e+000  7.5273749e+000
  2.1751558e+000  6.2854211e+000
  7.2903166e+000  6.3196374e+000
  6.2920943e+000  1.1806938e+001
  7.5745628e+000  3.4284527e+000
  6.0307736e+000  2.2300480e+000
  4.1322935e+000  4.5097592e+000
  8.1970625e+000  2.6130133e+000
  8.5017668e+000  9.3471418e+000
  3.3657062e+000  7.8795537e-001
  8.1162951e+000  4.7956331e+000
  3.1892799e+000  3.9476080e+000
  2.5571807e+000  6.7296091e+000
  7.8674123e+000  8.6245487e+000
  4.6245911e+000  7.3171081e+000
  1.1425501e+001  1.5440723e+000
  1.0012586e+001  4.7247312e+000
  8.1941134e+000  6.2507783e+000
  4.2535134e+000  4.8133535e+000
  4.0539617e+000  4.1623967e+000
  1.0611892e+001  5.4268045e+000
  4.1735056e+000  7.2189245e+000
  9.3188256e+000  5.6614286e+000
  7.3410477e+000  3.1802322e+000
  7.2581516e+000  6.6467285e+000
  3.6674409e+000  2.1484911e+000
  8.5062926e+000  1.0231182e+001
  1.1913826e+000  7.4148115e+000
  3.8882340e+000  1.4642752e+000
  4.1759989e+000  3.9333018e+000
  5.7926636e+000  1.0523099e+000
  6.4892042e+000  6.3563446e+000
  2.8487898e+000  4.8217676e+000
  6.2708100e+000  6.7392475e+000
  3.9525870e+000  2.2262981e+000
  7.5180635e+000  8.9024204e+000
  1.0947475e+001  7.1492057e+000
  1.5294076e+000  6.7875128e+000
  5.6855261e+000  1.6945137e+000
  6.2153258e+000  5.9583054e+000
  1.0301584e+001  4.1749663e+000
  5.5363786e+000  3.5938305e+000
  2.9336655e+000  4.1095550e+000
  2.8337787e+000  7.6840256e+000
  5.1051675e+000  4.4807367e+000
  3.8963189e+000  1.1065330e+001
  3.1159154e+000  3.2435068e+000
  5.8944541e+000  3.8499299e+000
  2.3926826e+000  4.7434960e+000
  1.0091538e+000  6.4802699e+000
  4.9396183e+000  5.5919139e+000
  3.7066788e+000  4.4350505e+000
  3.4186930e+000  4.0269696e+000
  6.0484423e+000  7.2109061e+000
  1.9133259e+000  8.2620994e+000
  5.0078856e+000  2.6228194e+000
  1.8485994e+000  6.3798333e+000
  7.0158727e+000  3.0105880e+000
  1.5547101e+000  6.0966454e+000
  3.1740161e+000  4.3656605e+000
  4.1117629e+000  4.9653238e+000
  4.7221508e+000  1.7894786e+000
  5.5775462e+000  6.3567068e+000
  6.2398446e+000  4.2177536e+000
  5.0641356e+000  2.6433066e+000
  9.5893899e+000  5.0236641e+000
  1.3962324e+000  6.1657276e+000
  5.7509934e+000  4.0467781e+000
  7.5575624e+000  4.0215972e+000
  2.7309752e+000  1.0506430e+001
  4.7205373e+000  8.0291974e+000
  2.5476294e+000  4.7804862e+000
  7.1253104e+000  4.3950939e+000
  2.7094407e+000  4.1749852e+000
  6.8093872e+000  3.0688833e+000
  3.1150105e+000  4.6515331e+000
  4.6640877e+000  2.5683796e+000
  2.9312248e+000  4.4085312e+000
  4.8403392e+000  4.2580492e+000
  2.6767143e+000  6.9800550e+000
  5.4549410e+000  2.9396155e+000
  8.4852115e+000  2.3335998e+000
  4.3948427e+000  4.5157170e+000
  3.0179225e+000  4.4664134e+000
  9.4982919e+000  9.7083021e+000
  3.6895317e+000  4.4782557e+000
  3.9939191e+000  9.1400568e+000
  2.6240135e+000  1.4270766e+000
  6.5318263e+000  4.2392137e+000
  7.7610026e+000  6.9118384e+000
  1.3784663e+000  6.3632419e+000
  1.0223712e+001  1.8369675e+000
  4.5766339e+000  8.7806963e+000
  5.3529972e+000  6.7629917e+000
  3.8426967e+000  4.0336716e+000
  5.6182069e+000  1.9159981e+000
  7.6193882e+000  9.5640443e+000
  1.5057799e+000  6.4747729e+000
  3.3505517e+000  8.0583392e+000
  2.3606755e+000  7.1686023e+000
  3.8747671e+000  2.3973238e+000
  2.9202257e+000  7.7045581e+000
  1.0131024e+001  9.5156817e+000
  4.2567778e+000  6.9935209e+000
  1.7873904e+000  4.4899707e+000
  6.8570196e+000  3.8962073e+000
  6.3507556e+000  3.0509424e+000
  4.8871846e+000  4.0006195e+000
 -7.8554431e-001  4.8024752e+000
  6.4632792e+000  3.5902496e+000
  6.6206159e+000  2.5469310e+000
  7.1535476e+000  6.3386304e+000
  7.4072515e+000  6.7144505e+000
  5.5103063e+000  7.3574977e+000
  8.9118238e+000  4.4831496e+000
  9.0875355e+000  8.9113791e+000
  5.0929069e+000  3.3595560e+000
  3.4482228e+000  7.9010269e+000
  3.6455376e+000  4.2603308e+000
  7.0541619e+000  3.6718766e+000
  3.3007420e+000  9.9383225e+000
  3.3068840e+000  4.6147368e+000
  6.0578095e+000  3.1704253e+000
  7.3080773e+000  5.0854011e+000
  4.7369538e+000  5.8371365e+000
  1.0241255e+001  1.3712459e+000
  5.7466939e+000  5.0079200e+000
  6.3397491e+000  4.2316357e+000
  6.4796778e+000  2.5150055e+000
  7.3462082e+000  3.8852804e+000
  6.9159267e+000  3.6180668e-001
  4.3572158e+000  7.3111170e-001
  6.2758892e+000  8.5747354e-001
  1.0416883e+001  7.9661476e+000
  3.1137752e+000  4.2802339e+000
  6.3181983e+000  2.9480782e+000
  6.1132683e+000  3.3946640e+000
  1.0294989e+001  6.5871431e+000
  5.0065364e+000  3.0955234e+000
  2.1209566e+000  4.9369052e+000
  6.9873974e+000  4.4647492e+000
  6.3401846e+000  6.6352539e+000
  1.5000504e+000  2.0317346e+000
  5.3678445e+000  1.0302365e+001
  7.3187370e+000 -1.3178538e+000
  1.2717986e+000  3.8666579e+000
  1.9689075e+000  8.3771727e+000
  2.6614160e+000  9.3740355e+000
  6.1357116e+000  5.7684657e+000
  5.2523471e+000  3.3153824e+000
  7.6574013e+000  5.8715721e+000
  7.7764816e+000  6.7697506e+000
  6.0284251e+000  4.4263985e+000
  6.1905041e+000  6.1271240e+000
  2.8365301e+000  4.5008601e+000
  3.3736669e+000  4.4947849e+000
  5.3748331e+000  2.6768304e+000
  6.2985566e+000  7.6185022e+000
  7.4257437e+000  6.6966370e+000
  5.4364948e+000  3.6758345e+000
  4.8917798e+000  4.2533461e+000
  5.1620750e+000  3.2539809e+000
  5.5471201e+000  4.4035875e+000
  4.3111785e+000  2.3555974e+000
  4.0370923e+000  6.5612258e+000
  5.8095073e+000  3.9473022e+000
  4.4679537e+000  7.8060640e+000
  1.2144999e+000  6.1498204e+000
  2.9378603e+000  4.9868737e+000
  6.4111744e+000  2.4363086e+000
  2.4729046e+000  1.8909150e+000
  1.7890047e+000  7.4299004e+000
  4.6972608e+000  6.2911926e+000
  1.0732209e+001  5.0163970e+000
  3.1130808e+000  8.6143012e+000
  4.3273968e+000  7.2705546e+000
  3.0265301e+000  6.3895984e+000
  5.8870897e+000  3.9893732e+000
  3.0357587e+000  7.4791836e+000
  3.6818166e+000  1.0737288e+000
  4.7929895e+000  6.0444267e+000
  4.7437245e+000  9.1694032e+000
  7.1023970e+000  3.2246075e+000
  5.6354856e+000  5.0061177e+000
  4.5341336e+000  6.6479736e+000
  2.2301781e+000  2.8842539e+000
  4.4932658e+000  4.4547939e+000
  3.4905304e+000  4.5058478e+000
  4.0555946e+000  8.0376837e+000
  4.8411688e+000  8.3332060e+000
  1.7955022e+000  3.6561218e+000
  2.4632997e+000  1.5830600e+000
  3.1590222e+000  4.7917901e+000
  6.3160091e+000  3.3915821e+000
  7.9810612e+000  7.8065956e+000
  5.9165862e+000  7.1533388e+000
  6.2422728e+000  6.5644025e-001
  4.7691631e+000  4.2718819e+000
  2.2072215e+000  2.7920438e+000
  3.6206016e+000  7.9190534e+000
  8.8372472e+000  4.5415083e+000
  3.6177637e+000  7.6066612e+000
  1.6259714e+000  5.6952821e+000
  5.9881220e+000  1.9830892e+000
  3.2989953e+000  4.8534921e+000
  1.3422780e+000  6.2244171e+000
  7.8774616e+000 -5.4444849e-001
  4.3097047e+000  8.1918100e+000
  3.7625617e+000  7.3704496e+000
  4.4081322e+000  1.7151836e+000
  1.0506319e+001  3.4685021e+000
  3.6999731e+000  4.2969671e+000
  6.1796563e+000  4.1645474e+000
  6.5062500e+000  4.3946715e+000
  2.6212943e+000  4.5876773e+000
  3.2315864e+000  6.7112463e+000
  3.4273253e+000  4.5020844e+000
  3.8861248e+000  3.4451365e+000
  6.4551093e+000  3.2486548e+000
  3.8055199e+000  1.9617126e+000
  4.1151153e+000  2.3780832e+000
  6.6954796e+000  4.5315887e+000
  6.8414589e+000  3.9323854e+000
  6.3711126e+000  6.3152789e+000
  7.1383060e+000  5.4958872e-001
  1.7450713e+000  9.6007843e+000
  5.5679221e+000  3.5458137e+000
  4.6488052e+000  4.2396430e+000
  9.0392658e+000  3.6619412e+000
  8.5113069e+000  4.6674607e+000
  6.4999992e+000  2.8173010e+000
  3.5006182e+000  7.7122417e+000
  1.5542576e+000  7.2135171e+000
 -5.9396935e-001  6.0285647e+000
  5.8931851e+000  6.7609425e+000
  5.4335765e+000  3.4001863e+000
  5.5778915e+000  4.1330829e+000
  5.3135359e+000 -1.2308318e+000
  6.1808776e+000  3.6610132e+000
  8.3516750e+000  8.4699980e+000
  5.7110601e+000  6.7952130e+000
  8.4101838e+000  5.7908543e+000
  3.9431493e+000  2.9402451e+000
  4.9808511e+000  2.1850038e+000
  2.0770673e+000  6.1978616e+000
  2.1762179e+000  8.9568539e+000
  4.9798594e+000  5.1967734e+000
  9.5921325e+000  1.3922096e+000
  5.8195528e+000  2.6361734e+000
  3.8136080e+000  7.9375617e+000
  6.7050617e+000 -7.9002096e-001
  7.6085044e+000  7.1262429e+000
  4.7746534e+000  1.9393684e+000
  3.0744788e+000  3.8691996e+000
  3.8896807e+000  5.2348893e+000
  9.5903023e-001  6.0836911e+000
  6.5848706e+000  4.4244531e+000
  3.1617429e+000  7.3970813e-001
  5.8784524e+000  3.0875834e+000
  5.9695712e-001  6.3878292e+000
  5.2005300e+000  2.0741520e-001
  5.2595032e+000  2.5807576e+000
  5.3394463e+000  5.7184241e+000
  6.1490497e+000  3.1610087e+000
  5.9748779e+000  2.8087605e+000
  1.4711220e+000  4.7447477e-001
  6.1481044e+000  3.7923501e+000
  8.8881498e+000  1.9566675e+000
  1.0656283e+001  3.5487305e+000
  6.8709689e+000  5.4092982e+000
  8.9665638e+000  3.5697880e+000
  8.7389002e+000  6.3980454e+000
  2.2373082e+000  2.7733437e+000
  9.2319952e+000  5.9893325e+000
  1.1368290e+001  9.0328015e+000
  8.3418486e+000  7.2054936e+000
  5.7670127e+000  2.3639880e+000
  7.1962885e+000  3.7996353e+000
  2.5030399e+000  3.5985120e+000
  5.1647937e+000  3.9284071e+000
  4.2467490e+000  2.3652694e+000
  3.6472290e+000  8.0458850e+000
  8.7937334e+000  9.6377596e+000
  1.3155127e+000  7.9105287e+000
  6.9282163e+000  3.9344017e+000
  3.9185583e+000  2.3861255e+000
  8.7212891e+000  1.1633239e+001
  2.3734627e+000  4.7340674e+000
  7.2015544e+000  3.1402034e+000
  4.6387603e+000  6.5110325e+000
  2.7929644e+000  7.8250171e+000
  4.9074439e-001  3.9121692e+000
  2.3748082e+000  7.1411605e+000
  8.2232802e+000  6.3127958e+000
  1.2114880e+000  5.9851341e+000
  2.5358637e+000  8.1802128e+000
  4.8081026e-001  1.0079855e+001
  4.3067454e+000  4.7067872e+000
  8.1884528e+000  9.1069231e+000
 -3.2883766e-002  6.6472504e+000
  6.7028041e+000  3.3615641e+000
  2.7689682e+000  7.6987173e+000
  1.8834452e+000  6.4891350e+000
  6.0971430e+000  2.8795876e+000
  5.8036552e+000  2.7516273e+000
  3.5528931e+000  4.7763688e+000
  3.5324816e+000  3.3231427e+000
  2.0055768e+000  7.2800875e+000
  1.1448539e+000  7.5678891e+000
  3.7070505e+000  3.5223450e+000
  6.2594095e+000  3.4105918e+000
  1.0796986e+001  4.7361013e+000
  5.5553068e+000  6.2689833e+000
  1.0563826e+001  6.3589644e+000
  5.4372457e+000  3.1409331e+000
  7.6917082e+000  1.1310567e+001
  3.5287650e+000  3.8656178e+000
  6.2515140e+000 -1.7302987e+000
  2.6036233e+000  5.4628068e+000
  5.6660041e+000  4.4924008e+000
  1.0474240e+001  1.2331369e+000
  8.9046440e+000  8.5650468e+000
  3.6429227e+000  9.8841004e-001
  6.8215992e+000  5.1782142e+000
  4.2079250e+000  4.8452462e+000
  3.4723754e+000  8.9020164e-001
  3.8475497e+000  5.0083730e+000
  4.1376555e+000  4.7002348e+000
  2.8515609e+000  6.4054255e+000
  5.2524673e+000  7.0038210e+000
  7.3054766e+000  3.5591305e+000
  6.0062786e+000  7.1885603e+000
  7.9868320e-002  8.6815946e+000
  6.1401501e+000  2.7309142e+000
  3.2960037e+000  5.0651908e+000
  3.7288677e+000  7.1522368e+000
  6.7925195e+000  6.1513046e+000
  8.7695280e-001  6.1986301e+000
  1.0449085e+001  4.5083906e+000
  3.2960766e+000  4.2421767e+000
  2.0811675e+000  3.1269199e+000
  6.0841093e+000  4.6412248e+000
  4.3886050e+000  6.5091977e+000
  3.9962198e+000  6.3832364e+000
  7.0395061e+000  3.6612665e+000
  4.5734958e+000  7.5794672e-001
  5.6005893e+000  4.6057414e+000
  4.4916275e+000  8.8302435e+000
  7.6590226e+000  5.0094752e+000
  4.8333696e+000 -3.4921398e-001
  5.5000186e+000  3.9914828e+000
  5.1794749e+000  6.2699790e+000
  5.5340039e+000  2.8500487e+000
  3.9189276e+000  6.3810948e+000
  7.7163802e+000  7.2955921e+000
  5.4798263e+000  2.9779397e+000
  4.8484805e+000  4.8226515e+000
  3.1343019e+000  7.4414133e+000
  3.1907125e+000  3.7864706e+000
  2.9940735e+000  3.7052097e+000
  4.9354822e+000  3.3185099e+000
  9.4362036e-001  7.8651125e+000
  2.9171201e+000  4.4288613e+000
  6.1032533e+000  6.3834713e+000
  7.2193630e+000  8.1474579e+000
  6.2484331e+000  3.6838420e+000
  8.1844006e+000  6.5664414e+000
  9.5268693e+000  8.8112341e+000
  3.1416955e+000  4.2650060e+000
  6.9129739e+000  3.8748366e+000
  7.4828589e+000  1.8581745e+000
  7.6752021e+000  3.6889635e+000
  7.5434991e+000  3.3924578e+000
  6.6653044e+000  6.5726291e+000
  4.9277722e+000  7.6394718e+000
  6.2993062e+000  3.1725900e+000
  4.3367775e+000  3.5739420e+000
  6.3891837e+000  1.3864812e-001
  1.3051496e+000  3.2630559e+000
  4.8418856e+000  2.1864741e+000
  3.6038193e+000  4.0879945e+000
  3.6701562e-001  3.1896032e+000
  7.8037005e+000  7.9403485e+000
  6.4791579e+000  8.7558762e+000
  6.3356718e+000  3.9223835e+000
  6.5576897e+000  3.4888699e+000
  4.5248912e+000  4.2306859e+000
  3.0305877e+000  4.3771945e+000
  6.9254321e+000  3.6721527e+000
  5.0404354e+000  1.7908202e+000
  5.9896208e+000  7.2687527e+000
  4.1870595e+000  9.2090299e+000
  1.7863576e+000  3.1490412e+000
  6.6023346e+000  2.1565581e+000
  9.1267710e+000  2.2650924e+000
  1.4646756e+000  2.6006478e+000
  3.7758613e+000  1.8617002e+000
  6.6328072e+000  1.0553212e+001
  1.2000155e+000  5.4166420e+000
  2.5599191e+000  8.6933210e+000
  4.8123500e+000 -2.8501335e+000
  4.2721404e+000  7.1556974e+000
  4.6640015e+000  1.6237649e+000
  5.2815706e+000  3.3007641e+000
  3.9895771e+000  1.2522902e+000
  3.8813977e+000  2.2568393e+000
  3.1990173e+000  8.0632052e+000
  3.8670616e+000  7.6577224e+000
  5.4850009e+000  7.2017609e+000
  2.7270535e+000  7.7637772e+000
  3.4988834e+000  8.7415328e+000
  5.1418875e+000 -3.3701850e-002
  5.1453837e+000  7.2302609e+000
  2.4334605e+000  4.6816120e+000
  4.1270639e+000  1.0280243e+001
  2.4163157e+000  3.7684855e+000
  6.4078152e+000  4.5673340e+000
  7.0309499e+000  4.9664763e+000
  1.0242434e+001  5.7862381e+000
  9.3048322e+000  2.2267956e+000
  9.7035738e+000  4.9945469e+000
  6.9505500e+000  4.0800532e+000
 -1.1991966e+000  4.6595207e+000
  2.0425472e+000  4.7761053e+000
  5.9652758e+000  6.2286589e+000
  3.9963350e+000  7.6487627e+000
  6.7577496e+000  2.8282436e+000
  5.0378754e+000  7.5004781e+000
  6.0955809e+000  6.4834050e+000
  1.0177998e+001  3.4672059e+000
  5.0988636e+000  7.3227242e+000
  7.9953634e-001  4.9848027e+000
  7.9238298e+000  1.0220635e+001
  4.1731836e+000  4.1768151e+000
  1.9849840e+000  6.8326041e+000
  8.6359598e+000  1.1073524e+001
  3.7000420e+000  4.1007503e+000
  6.3251591e+000  1.1404194e+001
  1.9985089e+000  6.9973732e+000
  3.9193002e+000  8.2971307e+000
  7.3081170e+000  6.3717607e+000
  7.0184355e+000  3.7490321e+000
  9.5416627e+000  3.6932720e+000
  2.3092121e+000  4.4141217e+000
  1.1186888e+000  6.2616319e+000
  5.1518001e+000  6.9999572e+000
  6.5610301e+000  7.9490104e+000
  2.1699498e+000  4.6055177e+000
  3.2553406e+000  3.6263787e+000
  6.8220260e+000  7.9870660e+000
  2.9741031e+000  2.8955152e+000
 -7.6581350e-002  2.9307540e+000
  8.6252613e+000  7.0246711e+000
  5.2058826e+000  5.6322346e+000
  5.9202409e+000  4.2833753e+000
  1.2720546e+000  4.1191378e+000
  3.0445640e+000  8.6360109e-001
  5.3378297e+000  3.0839937e+000
  2.9990597e+000  4.1982813e+000
  3.6732167e+000  4.6575737e+000
  6.4511250e+000  3.2414871e+000
  6.8687956e+000  6.0310347e-001
  1.6127158e+000  8.1154838e+000
  7.4714347e+000  7.7150333e+000
  6.4239407e+000  4.4009233e+000
  9.3273103e+000  8.0021015e+000
  3.9829408e+000  9.6347586e+000
  5.2360229e+000  3.2749202e+000
  3.2670395e+000  4.3956800e+000
  5.6822754e+000  6.7760048e+000
  3.6816510e+000  8.0694252e+000
  3.2756035e+000  4.1374163e+000
  1.1442826e+001  1.2250590e+000
  2.0073618e+000  5.1993148e+000
 -6.9064489e-001  3.4464134e+000
  3.6946952e+000  4.0558978e+000
  3.5256207e+000  6.5086259e-001
  2.3405339e+000  4.7557409e+000
  8.7591314e-002  1.0894722e+000
  2.3742133e+000  1.0949530e+000
  1.0596354e+000  2.6620149e+000
  6.5358529e+000  2.5592285e+000
 -6.0684708e-001  3.2444584e+000
  6.0016184e+000  3.2650892e+000
  6.3634417e+000  5.2484935e+000
  5.3445771e+000  2.4649175e+000
  2.6354637e+000  4.7103396e+000
  3.3565524e+000  3.9124808e+000
  6.1585221e+000  7.0066882e+000
  3.8337408e+000  3.9549355e+000
  9.0225006e+000  5.0096869e+000
  9.3529018e+000  4.2317261e+000
  6.4318737e+000  7.0414454e+000
  3.9455946e+000  4.0774002e+000
  3.2141999e+000  3.6678789e+000
  8.1842837e+000  4.1457268e+000
  9.3434176e+000  1.0427305e+001
  1.1581761e+000  6.5028034e+000
  2.5685953e+000  5.5240227e+000
  3.0699024e+000  4.2127720e+000
  7.2591741e+000  9.1630128e+000
  2.9258269e+000  4.3115299e+000
  4.9026714e+000  6.7028553e+000
  3.6666750e+000  4.5112729e+000
  1.2427185e+000  5.9400195e+000
  6.9702844e+000  4.9703806e+000
  6.0313903e+000  3.0135016e+000
  1.1150236e+001  1.4801258e+000
  3.5096433e+000  1.2972150e+000
  8.2010577e+000  1.1182790e+001
  1.6515917e+000  8.0221173e+000
  4.9129258e+000  1.2517052e+000
  5.9084748e+000  2.2997452e+000
  1.8021011e+000  7.5885220e+000
  7.3069933e-001  3.6139457e+000
  5.6795639e+000  1.3431986e+000
  5.4590933e+000  4.0351950e+000
  1.1440126e+001  7.2387392e+000
  1.7629386e+000  3.4373019e+000
  5.5788552e+000  7.3894227e+000
  6.2440216e+000  4.1800124e+000
  1.8491329e+000  5.2570146e+000
  4.1778543e+000  4.8173313e+000
  6.0128059e+000  5.4912355e+000
  6.4129248e+000  3.2599111e+000
  9.6609856e+000  1.0668471e+001
  1.4250920e+000  6.7383687e+000
  1.3781594e+000  7.1323575e+000
  6.1827814e+000  5.7139893e+000
  5.2361382e+000  4.2951653e+000
  1.4574689e+000  8.0041335e+000
  2.2280965e+000  5.4041616e+000
  5.8085946e+000  8.2891684e+000
  5.6289601e+000 -1.2968064e+000
  7.7477584e+000  6.3015766e+000
  1.1758249e+001  2.3508184e+000
  4.0504576e+000  5.6791613e+000
  8.4361227e+000  2.3346912e+000
  3.7093410e+000  7.9831464e+000
  5.5303785e+000  2.4331405e+000
  5.0598710e+000  8.0146825e+000
  5.3917812e+000  1.4908923e+000
  1.0414822e+001 -3.6631346e-001
  6.5727102e+000  5.1500622e+000
  4.4177453e+000  4.7464215e+000
  1.0251114e+000  3.6544271e+000
  5.4990059e+000  3.4359257e+000
  5.4026730e+000  1.8626206e+000
  5.9781535e+000  7.0750722e+000
 -1.0655099e+000  4.8972230e+000
  3.7678313e+000  8.7735428e+000
  3.6703234e-001  2.9827160e+000
  3.0917044e+000  8.2480434e+000
  4.2285628e+000  7.0720075e+000
  3.8470340e+000  4.2486312e+000
  5.7747825e+000  8.2501221e+000
  5.6111207e+000  4.4140854e+000
  2.2861929e+000  7.2500212e+000
  8.9933928e+000  5.2150649e+000
  4.3168285e+000  1.8739221e+000
  2.3319144e+000  3.5933012e+000
  2.8380151e+000  9.1705101e-001
  6.1667075e+000  7.0027258e+000
  4.7668286e+000  7.6447556e+000
  3.6783731e+000  7.1392926e+000
  7.6117620e+000  1.1763546e+001
  7.8467272e+000  6.5251342e+000
  5.5997923e+000  3.8973063e+000
  5.7594552e+000  2.3129561e+000
  5.8963976e+000  4.0282979e-001
  2.4741005e+000  1.9873355e+000
  2.6789562e+000  1.5043566e+000
  2.8531634e+000  4.5289895e+000
  1.0709283e+001  4.2691123e+000
  4.8771526e+000  7.4388547e+000
  5.5195228e+000  6.1968129e+000
  2.5033302e+000  7.0252947e+000
  1.8952546e+000  6.2467319e+000
  9.9772190e+000  6.6704347e+000
  1.6096010e+000  1.8626692e+000
  3.7807375e+000  8.6912643e+000
  5.7514218e+000  2.1135969e+000
  3.2747875e+000  5.2967030e+000
  5.5190582e+000  6.8178853e+000
  5.4987173e+000  9.1089537e-001
  6.9951086e+000  7.1082073e+000
  5.5337372e+000  1.9463670e+000
  2.1877204e+000  4.4007166e+000
  6.7601034e+000  3.6744306e+000
  6.3216489e+000  7.1160830e+000
  2.8262135e+000  4.8482159e+000
  5.2669338e+000  3.4322442e+000
  3.2895563e+000  4.3614657e+000
  2.3028292e-003  7.3617025e+000
  4.8254870e+000  1.3611767e-001
  4.3226067e+000  4.1174686e+000
  1.0581656e+000  7.5355101e+000
  3.0169570e+000  3.8003280e+000
  7.9696254e-001  6.6436019e+000
  3.7497202e+000  4.1395955e+000
  3.3075212e+000  4.6265586e+000
  6.4723193e+000  8.3206037e-001
  5.2361443e+000  3.8771476e+000
  5.6802046e+000  2.6113447e+000
  6.3040164e+000  9.5454039e+000
  3.8753082e+000  4.4783783e+000
  2.9713657e-001  7.3225542e+000
  2.4272504e+000  5.0828916e+000
  6.4610870e+000  4.4527990e+000
  8.8665196e+000 -5.2453722e-001
  5.6848858e+000  3.5876140e+000
  4.3686584e+000  8.4916370e+000
  6.5057101e+000  5.1346168e+000
  5.2774399e+000  4.3638516e+000
  1.1869693e+000  6.5287491e+000
  5.8117994e+000  1.1779353e+000
  7.7072825e+000  8.3080347e+000
  9.8772032e+000  5.8628214e+000
  2.8273842e+000  5.2803709e+000
  6.0971311e+000  3.9418586e+000
  3.5110846e+000  3.9317686e+000
  5.4678194e+000  1.0172152e+001
  2.6535927e+000  6.9064425e+000
  7.8177595e+000  7.4041462e+000
 -1.0170410e+000  1.0431431e+001
  7.6030137e+000  7.0997524e+000
  2.7785943e+000  7.4980028e+000
  2.5982680e-001  2.6842488e+000
  1.6484084e+000  8.2613672e+000
  6.4506867e+000  6.5372072e+000
  7.7840065e+000  2.8193320e+000
  3.9500008e+000  4.5241797e+000
  5.6889367e+000  3.1111009e+000
  2.5884515e+000  4.2364147e+000
  6.0573281e+000  5.1531478e+000
  2.9635362e+000  4.5926379e+000
  1.6858258e+000  6.6532820e+000
  1.1164540e+001  3.4829247e+000
 -7.7713669e-001  1.5310986e+000
  3.5881850e+000  3.9039460e+000
  5.4883509e+000  1.9162636e+000
  9.1107025e+000  4.2965813e+000
  4.2576604e+000  9.0301584e+000
  4.8699559e+000  5.1730529e+000
  3.8428343e+000  4.7237989e+000
  4.5309904e+000  1.5929638e+000
  6.0533225e+000  4.3883675e+000
  5.2580548e+000  8.8570430e+000
  5.3899891e+000  2.9093063e+000
  9.7500078e+000  5.8143521e+000
  4.1940436e+000  4.4770169e+000
  2.4719238e+000  5.0562451e+000
  6.4137100e+000  6.9474274e+000
  5.5466669e+000  4.9367054e+000
  1.3243818e+000  6.2457551e+000
  4.0159724e+000  8.7045501e+000
  5.2243255e+000  1.0471987e+000
  3.9203495e+000  2.9014689e+000
  8.6211039e+000  6.8262423e+000
 -4.2400116e-001  3.8196092e+000
  3.0571782e+000  4.3079312e+000
  2.3770485e+000  2.2061629e+000
  9.0512670e+000  3.1816824e+000
  2.8950125e+000  6.8975011e+000
  4.2601722e+000  2.0176107e+000
  6.3161970e+000  5.9920946e+000
  5.0829258e+000  5.2067744e+000
  6.3129681e+000  3.0231943e+000
  4.8394603e+000  3.6408302e+000
  8.4593862e+000  3.5247736e+000
  3.7493141e+000  5.0390762e+000
  7.8227375e+000  7.1725225e+000
  1.0820182e+001  8.1467457e+000
  5.9863645e+000  3.7047232e+000
  7.0497947e+000  7.6592215e+000
  5.9539403e+000  7.0462068e+000
  5.4469023e+000  1.4869114e+000
  4.5626153e+000  5.7006987e+000
  8.2200887e+000  1.8224012e+000
  7.9460430e-001  6.9211808e+000
  6.2258132e+000  3.6526743e+000
  4.0293072e+000  4.4617732e+000
  1.5952179e+000  4.6486320e+000
  1.1340254e+001  3.8082939e+000
  6.0839399e+000 -9.8191981e-001
  7.3184896e+000  7.5932857e+000
  3.5830113e+000  8.8999093e+000
  1.0034451e+001  1.8897185e+000
  4.0409834e+000  3.7103069e+000
  6.0839257e+000  9.0550447e+000
  5.6700240e+000  4.6466038e+000
  6.2055476e+000  4.1556456e+000
  5.3560459e+000  2.9925730e+000
  5.1416033e+000  9.5149837e+000
  2.2854247e+000  8.2992738e+000
  6.4882939e+000  6.7940211e+000
  1.4867337e+000 -3.9802051e-001
  9.2108140e-001  6.7452536e+000
  2.2152697e+000  6.3244540e+000
  2.7030215e+000  6.9278558e+000
  4.1924104e+000  2.7189009e+000
  3.6449041e-001  6.9491766e+000
  6.2810628e+000  3.4966003e+000
  4.0272007e+000  9.1211031e+000
  5.3584625e+000  4.0363145e+000
  6.7933315e+000  6.5157159e+000
  5.1766697e+000  6.9291547e+000
  7.3968940e+000  3.7950294e+000
  4.5193345e+000 -1.1590101e-001
  3.7724267e+000  4.4169219e+000
  1.0005307e+001  1.8076140e+000
  5.1192659e+000  4.0434907e+000
  3.2019171e+000  4.6204956e+000
  7.8031810e+000 -1.3850713e-001
  2.8478542e+000  4.1045120e+000
  3.8437372e+000  6.2358460e+000
  6.5377630e+000  2.3805014e+000
  7.8018935e+000  4.3519273e+000
  2.7901592e+000  7.2064314e+000
  5.3328541e+000  8.0253835e+000
  6.2749240e+000  4.3327921e+000
  4.4248403e+000  9.7627270e+000
  2.8127433e+000  6.4955695e+000
  6.0875800e+000  3.4808366e+000
  1.3198551e+000  8.1310503e+000
  5.9461944e+000  5.4665245e+000
  8.0368586e+000  8.8322397e+000
  2.5813085e+000  4.8796428e+000
  4.1381297e+000  8.0406231e+000
  9.5350566e+000  4.0364488e+000
  5.5220610e-001  6.6305173e+000
  3.2751528e+000  4.4162388e+000
  3.5950425e+000  4.0817563e+000
  4.4082699e+000  2.2931704e+000
  5.8398852e+000  2.9535956e+000
  7.0852453e+000  3.0371143e+000
  8.6512629e+000  6.0779414e-001
  5.9234465e+000  5.9528924e+000
  4.6050787e-001  6.6180439e+000
  6.1667199e+000  6.9850794e+000
  4.6766603e+000  7.9310016e+000
  5.6945600e+000  1.8480642e+000
  7.1788632e+000  2.8097181e+000
  9.5558699e+000  8.5222141e+000
  8.0024693e+000  7.0591829e+000
  2.3901356e+000  7.3625832e+000
  2.0223523e+000  5.8667147e+000
  5.5328694e+000  3.6088594e+000
  5.0952965e+000  6.8833520e+000
  5.9943700e+000  5.0203769e+000
  6.3319929e+000  7.0422585e+000
  2.0518058e+000  9.2386395e+000
  3.8955825e+000  4.0110457e+000
  1.0110838e+001  9.2093627e+000
  2.3458075e+000  5.1075932e+000
  9.6958909e+000  1.0592972e+001
  1.0679246e+001  4.5969469e+000
  7.4113238e+000  3.8911791e+000
  7.0404377e+000  3.8852473e+000
  1.1280666e+001  7.1129193e+000
  6.9877188e+000  2.0947796e+000
  6.3176152e+000  7.0890027e+000
  8.3320210e+000  9.2096380e-001
  4.4573547e+000  4.9888149e+000
  7.9854548e+000  8.5265829e+000
  7.1045813e+000  7.2977743e+000
  1.0507075e+001  4.6683453e+000
  6.3549832e+000  2.4995632e+000
  5.3480483e+000  3.1813027e+000
  1.1356758e+001  5.0865962e+000
  1.0200905e+001  5.4951867e+000
  5.1757222e+000  8.8044215e+000
  1.7856919e+000  5.7019573e+000
  6.5150279e+000  3.7397584e+000
  2.6049367e+000  4.8296299e+000
  8.0814895e+000  6.7427861e+000
  6.1565082e+000  3.2394201e+000
  1.7619044e+000  4.2190113e+000
  5.5928071e+000  9.0426821e-001
  2.9617735e+000  3.7985203e+000
  4.5207126e+000  4.7343582e+000
  6.2738975e+000 -7.1521357e-001
  3.7322202e+000  8.4401899e+000
  9.2450488e+000  2.3159586e+000
  5.6134104e+000  7.2127105e+000
  3.3566998e+000  7.6208941e+000
  4.7913536e+000  2.8817010e+000
  6.0239677e+000  4.5035401e+000
  6.4961836e+000  3.0220605e+000
  8.3104716e+000  5.0083537e+000
  7.7085222e+000  1.0889030e+001
  4.6584000e+000  3.4006518e+000
  5.9126063e+000  6.8331248e+000
  2.6519759e+000  1.3622384e+000
  6.0330094e+000  3.8285368e+000
  3.2037848e+000  4.5804796e+000
  2.1494691e+000  7.1633355e+000
  4.9341988e+000  1.5001723e+000
  2.9647387e+000  4.1574652e+000
  3.6728747e+000  7.0278561e+000
  5.4388932e+000  3.8051113e+000
  3.7916047e+000  7.1203044e+000
  3.9043831e+000  4.1659136e+000
  1.0675516e+000  7.6303402e+000
  1.1784305e+000  5.9215926e+000
  2.5223416e+000  4.8037393e+000
  4.0982279e+000  6.7028028e+000
  3.1906469e+000  1.1335751e+001
  7.3587664e+000  3.6701645e+000
  4.0253829e+000  5.9229347e+000
  2.1667299e+000  3.3112644e+000
  6.5506333e+000  6.4263318e+000
  5.3829384e+000  5.8890487e+000
  1.9704142e+000  9.3321062e+000
  6.9035191e+000  4.2042111e+000
  1.0506524e+001  2.9681166e+000
  2.4366238e+000  2.6385860e+000
  3.3287817e+000  4.2125700e+000
  9.2496775e+000  5.5654044e+000
  4.4363394e+000  4.1202487e+000
  7.3055528e+000  6.9068005e+000
  3.1093682e+000  1.5036298e+000
  6.8397565e+000  4.4240627e+000
  3.8001507e+000  4.2116561e+000
  2.7791899e+000  3.1815694e+000
  6.2652433e+000 -1.3736106e+000
  2.3182667e+000  2.4433427e+000
  4.4424217e+000  3.3302053e+000
  3.7313899e+000  4.8188804e+000
  6.3294361e+000  4.2533573e+000
  3.8569700e+000  6.6415525e+000
  3.0524961e+000  4.9438985e+000
  5.9928918e+000  1.7896985e+000
 -1.2174287e+000  3.9379756e+000
  5.3673226e+000  6.6100973e+000
  3.6746243e+000  4.9767643e+000
  6.2534796e+000  6.4694851e+000
  3.0458428e+000  8.0411240e+000
  7.0647335e+000  2.2786379e+000
  5.0599814e+000  7.1808394e+000
  6.9590879e+000 -7.1216372e-001
  3.7590516e+000  2.4225253e+000
  8.7975789e+000  3.8082109e+000
  5.7752800e+000  4.7562299e+000
  7.3081430e+000  4.9588006e+000
  2.9879470e+000  4.3928283e+000
  2.1121571e+000  6.5371351e+000
  5.6642752e+000  7.4516823e+000
  7.4652602e+000 -2.7857348e-001
  3.4119359e+000  9.4636082e+000
  1.9208219e+000  5.6942761e+000
  5.4224919e+000  3.1403158e+000
  6.6808684e+000  6.6362059e+000
  3.2409509e+000  7.0692109e+000
  6.0874655e+000  2.3719623e+000
  1.4832985e+000  7.3636129e+000
  1.0320628e+001  4.0158924e+000
  6.7339266e+000  6.7547242e+000
  5.1623120e+000  2.9826103e+000
  9.7756097e+000  5.7421770e+000
  1.0312020e+001  2.3391345e+000
  6.9010336e+000  4.9774086e-001
  2.1188653e+000  2.9553352e-001
  5.5378729e+000  6.2394270e+000
  9.5223179e+000 -4.8388420e-001
  9.9202406e+000  5.5947109e+000
  1.0898122e+000  3.4592115e+000
  9.7462343e+000  1.6769488e+000
  4.6814365e+000  1.7795844e+000
  6.9283961e+000  2.5792900e+000
  5.5072549e+000  1.7344732e+000
  6.5346321e+000 -3.3306141e-001
  3.4091547e+000  1.7978157e+000
  3.5246611e+000  4.4094651e+000
  2.7805562e+000  3.8995649e+000
  8.6026696e+000  5.4924996e+000
  3.5205353e+000  9.8632736e+000
  5.7335330e+000  5.8519691e+000
  3.1537314e+000  6.9871417e-001
  9.7528184e+000  8.6627764e+000
  7.5746192e-001  7.0569365e+000
  7.6017118e+000  9.1393710e+000
  7.5581733e+000  1.1272385e+001
  3.4023075e+000  1.0261570e+001
  1.0924325e+001  1.4400569e+000
  6.1040702e+000  5.3653622e+000
  7.5146499e+000  1.0049103e+001
  6.3193319e+000  3.1742906e+000
  7.7379032e+000  7.3295216e+000
  3.7513209e+000  9.3456634e+000
  7.1481452e+000  3.9895416e+000
  6.9847877e+000  7.0919031e+000
  8.1367159e+000  3.5378969e-001
  1.0835344e+001  6.4363377e+000
  5.5163557e+000  7.4634164e+000
  4.4233307e+000  7.8211651e+000
  6.3127347e+000  4.4209587e+000
  3.4818202e+000  9.0183336e-001
  2.0427859e+000  3.8254441e+000
  3.9179678e+000  8.5096062e+000
  6.8107699e+000  3.9776514e+000
  5.4872842e+000  5.5646511e+000
  3.5945338e+000  3.9512143e+000
  4.2525648e+000  7.0790878e+000
  4.2269032e+000  6.4483475e+000
  1.6486328e+000  5.3247929e+000
  7.8832698e+000  5.9448191e+000
  2.3014965e+000  7.3237467e+000
  5.0253408e+000  8.0910043e+000
  6.4513845e+000  1.1551577e+001
  2.5938959e+000  7.2522936e+000
 -1.2299704e+000  4.4785846e+000
  5.0596163e+000  2.2401807e+000
  2.0166008e+000  6.9198916e+000
  5.8587925e+000  4.2065412e+000
  2.8852057e+000  4.1418621e+000
  5.7132362e+000  6.3630234e+000
  1.4068945e+000  7.5488114e+000
  4.7461692e+000  7.2981008e+000
  3.8880192e+000  3.2955673e+000
  1.8475442e+000  7.5328130e+000
  6.5506755e+000  3.4263432e+000
  2.9477460e-001  6.1661939e+000
  9.5545828e+000  6.0098974e+000
  5.4091858e+000  3.7644011e+000
  5.9598809e+000  6.7852387e+000
  4.9429343e+000  7.1023727e+000
  6.7031108e+000  7.8431391e+000
  8.2649285e+000  1.0805911e+001
  1.1228087e+001  4.5045632e+000
  6.2315178e+000  5.5840354e+000
  7.3586204e+000  8.5889343e+000
  6.0206257e+000  7.9227385e+000
  5.1600242e+000  3.5925192e+000
  5.5501336e+000  5.6049150e+000
  8.3226560e+000  6.8199365e+000
  1.5046231e+000  2.9784724e+000
  1.1033227e+001  3.6686870e+000
  2.5544259e+000  4.6300206e+000
  5.3540851e+000  2.6591291e+000
  6.8751320e+000  2.7646038e+000
  4.4584632e+000  2.6971264e+000
  4.4854422e+000  6.8933664e+000
  2.2824311e+000  8.9474153e+000
  7.4082835e+000  6.1290952e+000
  5.8575395e+000  3.4283670e+000
  9.2379694e+000  4.3497235e+000
  5.2098363e+000  3.5076323e+000
  1.0687550e+001  6.0833297e+000
  8.6419328e+000  1.7847142e+000
  3.2611884e+000  3.6007419e+000
  5.8835186e+000  6.4744627e+000
  6.6089524e+000  6.5822494e+000
  5.9536851e+000  6.8453611e+000
  3.2198872e+000  4.1802547e+000
  2.0996266e+000  1.0301087e+001
  2.9762237e+000  6.2069516e+000
  3.8833262e+000  2.3547468e+000
  5.3288403e+000  3.7702207e+000
  9.2191448e+000  5.7461131e+000
  1.1134232e+001  2.8704064e+000
  4.5716046e+000  3.0355164e+000
  7.1547475e+000  5.4972058e+000
  1.5625766e+000  3.2630458e+000
  6.0727136e+000  1.0114035e+001
  4.9668013e+000  7.6061972e+000
  5.7168400e+000  3.4403744e+000
  7.4629299e+000  3.5827988e+000
  6.1733024e+000  3.0842027e+000
  5.6048516e+000  1.1005687e+001
  7.3908368e+000  5.4443362e+000
  4.2533692e+000  4.3667386e+000
  3.8490861e+000  2.9319489e+000
  3.2530331e+000  4.3286500e+000
  1.9185465e+000  6.7457668e-001
  1.1179253e+000  3.9769206e+000
  5.6822117e+000  2.8238674e+000
  5.5401572e+000  2.8329839e+000
  3.3616133e+000  7.0132302e+000
  4.0038782e+000  2.6067342e+000
  1.3983273e+000  4.0464662e+000
  3.3952133e+000  2.2663291e+000
  6.4741946e+000  3.5886613e+000
  6.2840478e+000  6.5474208e+000
  3.2240276e+000  4.6661926e+000
  2.9280596e+000  7.2645194e+000
  5.0807167e+000  8.0284646e+000
  5.2894845e+000  5.0516656e+000
  5.3562867e+000  6.3978815e+000
  4.1448678e+000  1.9777017e+000
  6.5331998e+000 -3.2369480e+000
  8.5860198e-001  7.0560859e+000
  5.0474023e+000  3.5009999e+000
  4.4504984e+000  4.9289990e+000
  3.5319302e+000  4.1995893e+000
  1.9582111e+000  6.7375130e+000
  5.6093256e+000  2.4534804e+000
  3.1007276e+000  4.4067574e+000
  4.2422390e+000  4.9787876e+000
  3.4264677e+000  2.5629951e+000
  6.2958622e+000  3.6339317e+000
  4.0141674e+000  4.5331771e+000
  2.8364709e+000 -1.2281287e+000
  4.2415562e+000  6.7703154e+000
  6.0985466e+000  7.0920822e+000
  4.4341395e+000  1.0115285e+001
  3.4362749e+000  9.9859862e+000
  9.3547031e+000  8.4398136e-001
  4.5864242e-003  1.1223208e+000
  4.7255079e+000  4.2808045e+000
  4.6909558e+000  1.0247603e+001
  7.0459806e+000  4.8016488e+000
  3.4243016e+000  8.6925892e+000
  3.8370922e+000  4.3667882e+000
  3.7864421e+000  8.1834197e+000
  3.4854274e+000  8.7744221e+000
  7.7465711e+000  3.7108033e+000
  3.1668584e+000  3.8441023e-001
  1.7932874e+000  3.4622672e+000
  8.3555638e+000 -1.2458934e+000
  2.9218053e+000  4.2629021e+000
  5.4788994e+000  3.1116581e+000
  1.1050596e+000  3.3831827e+000
  1.2438285e+001  6.1572453e+000
  5.7812895e+000  6.5875161e+000
  7.0094052e+000  6.9115898e+000
  6.4664395e+000  3.6393865e+000
  6.6743264e+000  3.4660731e+000
  4.5992218e-001  3.4943534e+000
  3.3442949e+000  3.6472902e+000
  5.7395217e+000 -1.3200169e+000
  4.2683586e+000  5.2986979e+000
  5.7034776e+000  1.2744231e+000
  2.9508566e+000  4.7816442e+000
  1.6754411e+000  5.1662386e+000
  7.8706353e+000  6.8757485e+000
  7.9543788e+000  6.9665797e+000
  4.0950195e+000  3.1349464e+000
  3.6359135e+000  3.5595308e+000
  7.7661869e+000  2.5542564e+000
  1.0984940e+001  2.1163455e+000
  7.8089822e+000  4.0783738e+000
  5.5802215e+000  3.9832819e+000
  4.0889764e+000  3.1100313e+000
  5.9704920e+000 -2.4507116e-001
  2.0383356e+000  5.4080023e+000
  5.2279674e+000  6.1302304e+000
  4.6827738e+000  2.1281034e+000
  2.7542346e+000  2.6650292e+000
  6.8560812e+000  4.2937658e+000
  5.2912160e+000  3.7177060e+000
  8.2436222e+000  8.1561513e+000
  3.8143498e+000  1.3498066e+000
  3.3451789e+000  2.3486430e+000
  4.4181367e+000  3.9945324e+000
  1.2252085e+000  7.2884408e+000
  3.9147246e+000  6.2816480e+000
  6.2577861e+000 -2.4218699e+000
  1.0961717e+000  7.6928900e+000
  5.3168865e+000  3.9801135e+000
  6.6433519e+000  2.7817580e+000
  2.6676113e+000  2.7549129e+000
  6.1376662e+000  3.3359691e+000
  3.5834059e+000  4.1923299e+000
  3.3082717e+000  7.9146382e+000
  8.9551016e-001  8.3514565e+000
  5.5550302e+000  4.1512400e+000
  8.4476639e+000  3.4040465e+000
  5.8735803e+000  7.2528963e+000
  4.9299266e+000 -1.6010784e-001
  6.2147664e+000  6.0682576e+000
  4.9218760e+000  7.3220341e+000
  4.6562982e+000  8.7473945e+000
  6.3863406e+000  2.2507879e+000
  9.6275902e+000  4.7800436e+000
  5.5005241e+000  2.9230235e+000
  5.7635063e+000  3.9502171e+000
  7.0250935e+000  7.3383488e+000
  3.5506366e+000  2.0786618e+000
  3.4470576e+000  3.1781365e+000
  6.3376636e+000  3.6444545e+000
  5.1135207e+000  4.2183286e+000
  6.5176249e+000  7.7416137e+000
  4.2192236e+000  9.0723611e+000
  4.2907507e+000  1.4915089e-001
  2.2553745e+000  6.1354872e+000
  3.5240558e+000  4.0043472e+000
  6.6102367e+000  7.0091087e+000
  7.0421455e+000  6.7863496e+000
  1.1795587e+001  6.9350871e+000
  1.1457395e+001  1.6544342e+000
  7.4578066e+000  3.8881217e+000
  1.7857719e+000  8.1602658e+000
  8.5958733e+000  1.1065695e+001
  4.5309165e+000  5.6018786e+000
  4.9447314e+000 -1.8934039e-001
  5.2891298e+000  2.7571158e+000
  5.9042496e+000  2.2280658e+000
  5.4877519e+000  2.4387442e+000
  7.8680920e+000  6.6252174e+000
  5.0270287e+000  1.0304555e+001
  7.3095645e+000  5.1527273e+000
  6.3962948e+000  6.8729299e+000
  5.5042346e+000  3.6659010e+000
  5.7910041e+000  3.6239886e+000
  3.9583901e+000  7.2555040e+000
  2.5040530e+000  7.7156920e+000
  8.4497619e-001  6.1262267e+000
  7.6969905e+000  3.9890878e+000
  4.2343090e+000  8.1690650e+000
  5.5909123e+000  9.1583463e+000
  6.2397708e+000  3.9016135e+000
  7.4895733e+000  3.7121013e+000
  2.2140240e+000  7.9842176e+000
  7.4492863e+000 -3.1199149e-001
  2.2262963e+000  3.9139224e+000
  6.6631295e+000  3.6461002e+000
  5.0338943e+000  2.4059659e+000
  6.2394540e+000  4.0709070e+000
  6.1020726e+000  4.0493256e+000
  1.8868125e+000  6.7785320e+000
  7.8410370e+000  1.0607423e+001
  9.3896592e+000  7.7329525e+000
  6.2788101e+000  5.6098782e+000
  8.6340276e+000  8.4920507e+000
  6.2808136e+000  3.7529043e+000
  6.5844722e+000  3.4486531e+000
  3.6307476e+000  8.2887862e+000
  3.0875008e+000  4.2387775e+000
  5.4810583e+000  7.1740141e+000
  4.6713885e+000  1.9983624e+000
  3.1307591e+000  4.6097438e+000
  6.8952039e+000 -1.2147428e-002
  5.7605255e+000  1.9000979e+000
  9.0425291e+000  9.7145714e+000
  3.3799409e+000  7.3737066e+000
  6.9051494e+000  5.0507921e+000
  2.2966308e+000  9.5978683e+000
  1.0240876e+001  5.4937350e+000
  6.6044969e+000  6.5926109e+000
  4.6206496e+000  4.6745704e+000
  5.5223065e+000  4.1268104e+000
  5.0491415e+000  2.1792634e+000
  7.0359754e+000  6.2189476e+000
  7.0278987e+000  4.7276971e+000
  9.2850899e+000  9.5308986e+000
  5.4450890e+000  4.4362123e+000
  5.5800028e+000  6.9820647e+000
  1.1111853e+001  4.5459394e+000
  2.8770571e+000  7.8504655e+000
  5.2914474e+000  6.5470212e-001
  6.6486257e-001  3.5668514e+000
  1.8408920e+000  6.2783829e+000
  6.6445162e+000  5.5025366e+000
  6.3887481e+000  4.6315042e+000
  3.7761767e+000  4.7804429e+000
  3.8221176e+000  3.9054221e+000
  5.9754295e+000  2.8524703e+000
  6.4263582e+000  6.1758467e+000
  1.7074062e+000  7.5066776e-001
  6.9852493e+000  7.6907345e+000
  5.7215365e+000  7.1920800e+000
  3.3502300e+000  7.4126829e-001
  5.8177823e+000  1.2176882e+000
  6.5901657e+000  7.5220967e-001
  7.5689513e+000  5.6718311e+000
  7.9465533e+000  6.6713466e+000
  6.2869357e+000  3.3915215e+000
  1.9045515e+000  3.3523783e+000
  5.1343099e+000  2.6839723e-001
 -1.1957630e+000  1.1248666e+001
  5.0604898e+000  2.1917732e+000
  2.7396985e+000  4.9520401e+000
  7.6368180e+000  2.3550699e+000
  3.5534158e+000  9.6272992e+000
  9.7765430e-001  5.7091841e+000
  4.8836839e+000  1.0154964e+000
  6.0918632e+000  3.5791753e+000
  5.4125442e+000  7.1783736e+000
  5.3855997e+000  3.5917270e+000
  6.3247927e+000  7.9337487e+000
  6.2798117e+000  3.7403783e+000
  2.8374398e+000  1.3279295e+000
  6.2990777e+000  6.2435442e+000
  2.6929662e+000  1.7790213e+000
  7.0890778e+000  5.3534421e+000
  5.3841793e+000  4.0409273e+000
  7.5467679e+000  6.9344452e+000
  2.2234922e+000  3.5721506e+000
  6.5459861e+000  8.1006876e+000
  4.5841030e+000  2.7982659e+000
  3.5470796e+000  1.1116796e+000
  2.5104712e+000  4.2578618e+000
  4.5764871e+000  7.6074619e+000
  4.4006730e+000  7.8975884e+000
  1.1453926e+000  6.9359664e+000
  4.7454433e+000  2.9782301e+000
  4.5368656e+000  6.2879951e+000
  5.9248136e+000  3.9838235e+000
  6.5716397e+000  6.6218798e+000
  3.9386054e+000  4.6012395e+000
  9.7867683e+000  9.8763823e+000
  8.1033952e+000  6.7949892e+000
  2.9069681e+000  4.7032007e+000
  6.7993971e+000  6.9598892e+000
  5.6564399e+000  3.8503314e+000
  3.9433608e+000  7.6971824e+000
  7.3299542e+000  2.1484707e+000
  5.8092065e+000  5.3472275e+000
  1.4535952e+000  6.9531784e+000
  3.7486980e+000  8.9357673e+000
  2.3239310e+000  2.0241978e+000
  8.6371446e+000  9.5000879e+000
  2.1334920e+000  3.1706232e+000
  6.2321592e+000  3.9200514e+000
  3.3245869e+000  2.5110979e+000
  1.7687577e+000  5.7683737e+000
  1.1353147e+001  4.2336809e+000
  5.2938072e+000  5.8464263e+000
  3.3416983e+000  1.6130711e+000
  6.2875473e+000  3.7945572e+000
  8.7777987e+000  5.5974706e+000
  3.8698785e+000  7.1354118e+000
  9.6008092e-001  7.3036701e+000
  1.9577105e+000  4.7805143e+000
  4.6266594e+000  6.3902176e+000
  1.6848263e+000  3.1635131e+000
  5.8345391e+000  4.3274095e+000
  4.0798154e+000  4.3527770e+000
  3.3237749e+000  3.3078235e-001
  5.3385907e+000  4.2755994e+000
  4.1838514e+000  7.2179640e+000
  3.5279049e+000  7.3725039e+000
  4.7114372e+000  7.8139181e+000
  4.8983293e+000  3.6889321e+000
  5.7250670e+000  7.0569945e+000
  1.0737654e+001  7.5026246e+000
  3.4149591e+000  3.0879700e+000
  3.3968711e+000  4.6402627e+000
  7.2646891e+000  4.6914799e+000
  7.1752515e+000  6.6925093e+000
  5.2433490e+000  2.3822531e+000
  5.9539494e+000  7.4060580e+000
  5.7504518e+000  4.4343960e+000
  7.1534488e+000  7.8358244e+000
  1.1887862e+000  6.8611807e+000
  7.4865796e+000  8.9523778e+000
  3.9817291e+000  7.3765146e+000
  7.2155512e+000  1.0079773e+001
  1.0888458e+001  4.4037883e+000
  1.3428278e+000  7.9253040e+000
  2.2569054e+000  3.4791460e+000
  5.0684556e+000  1.8900587e+000
  3.3984507e+000  1.7665422e+000
  5.3429984e+000  6.8194796e+000
  1.5486989e+000  8.0724106e+000
  5.6786000e+000  7.1314544e+000
  4.4954907e+000  8.2139948e+000
  7.6982577e+000  4.1026034e+000
  2.8656399e+000  3.7745876e+000
  6.8921103e+000  5.0789240e+000
  2.5557478e+000  4.1060528e-001
  4.7054231e+000  4.2598335e+000
  4.3601222e+000  1.7116679e+000
  4.5700466e+000  4.3206957e+000
  6.4526020e+000  2.8792485e+000
  3.9971012e+000  4.6721738e+000
  6.0895859e+000  3.4243515e+000
  6.9082279e+000  4.3299919e+000
  4.3843509e+000  9.1256383e+000
  5.1715807e+000  3.9466304e+000
  5.0981025e+000  6.7372434e+000
  2.4924846e+000  3.7288506e+000
  6.1608706e+000  3.0101969e+000
  6.1847482e+000  2.8178754e+000
  3.4593566e+000  3.4723576e+000
  2.9300089e+000  1.7407276e+000
  8.6924680e+000  1.0807879e+001
  4.1837886e+000  8.1347992e+000
  6.8427274e+000  3.0665542e+000
  3.5954227e+000  8.0094244e+000
  2.7636809e+000  5.0027177e+000
