  5.3192077e+000  5.3410977e+000
  5.0990501e+000  7.1518850e+000
  2.5532554e+000  7.5132809e+000
  8.8466702e+000  1.5432087e+000
  6.7167212e+000  6.4273089e+000
  7.2062596e+000  7.4777546e+000
  8.1712566e+000  9.7612600e-001
  4.2092808e-002  2.3055552e+000
  1.2555554e-001  3.5454142e+000
  1.8526463e+000  7.9230745e+000
  6.1260382e+000  8.9948574e+000
  3.1608296e+000  4.0699513e+000
  9.7911732e+000  5.4294356e+000
  2.4229681e+000  2.5385543e+000
  5.6421122e+000  1.3284733e+000
  8.7648311e+000  4.8139263e+000
  2.8440263e+000  8.9154880e+000
  8.2695304e+000  9.7857179e+000
  8.6816755e+000  1.9496176e+000
  4.5448994e+000  8.0379545e+000
  7.4628380e+000  9.2095243e+000
  2.2058147e+000  9.9775691e+000
  6.0293421e+000  3.5492209e-001
  5.5552651e+000  3.1948134e+000
  5.0278091e+000  5.3492043e+000
  6.6254101e+000  4.5948334e+000
  1.0975914e+000  7.2959294e+000
  7.8375840e+000  1.4158092e+000
  8.3800181e+000  4.0439471e+000
  4.0575503e+000  3.7291806e+000
  9.1814855e+000  4.9138398e+000
  9.6500888e+000  7.0014687e-001
  3.6315384e+000  4.5278517e-001
  3.3395374e+000  4.0681440e+000
  2.3366389e+000  2.0356703e+000
  9.3500928e+000  5.7764570e+000
  6.2441225e+000  8.4351489e+000
  1.7606838e+000  8.5124897e+000
  2.9818037e+000  8.3468655e+000
  9.5943248e+000  1.1286517e+000
  1.1808276e+000  4.5543217e-001
  5.8285217e+000  9.6962924e-001
  2.1292316e+000  1.7145078e+000
  9.7328741e+000  1.9848142e+000
  1.7820691e+000  2.7440066e+000
  2.7222596e+000  8.0518428e+000
  1.7098639e+000  3.0714527e+000
  4.6649863e+000  8.0681721e+000
  8.1698063e+000  1.9944916e+000
  1.5195242e+000  6.8674465e+000
  7.1400361e+000  1.6876402e+000
  2.4898999e+000  8.3566250e+000
  8.1352581e+000  4.6668850e+000
  5.4826496e+000  6.8439870e+000
  4.9442923e+000  7.0645101e+000
  7.0396933e+000  4.3759144e+000
  2.0293991e+000  4.2285078e+000
  8.0187214e+000  8.4774005e+000
  1.2661355e+000  4.3274580e+000
  8.9330085e+000  5.5103754e+000
  2.4637947e+000  4.2096084e+000
  3.6290902e-001  7.2278165e+000
  5.3422690e+000  3.1295064e+000
  7.9094920e+000  3.3621555e+000
  8.3188999e+000  6.8205645e+000
  1.5923458e+000  1.6124186e+000
  4.8157144e+000  6.4175412e+000
  5.1056276e+000  3.2593263e+000
  1.7301348e+000  6.5154612e+000
  7.2370263e+000  6.6825847e+000
  5.8266036e+000  2.6338297e+000
  1.7125734e+000  4.9981358e+000
  3.4560813e-002  7.4317706e+000
  1.5092184e+000  5.1304508e+000
  9.1741793e+000  5.1911878e+000
  6.3562558e+000  2.9571187e+000
  9.3674765e+000  5.9551034e-001
  4.2522250e+000  9.5023661e+000
  3.7915235e+000  2.8548809e+000
  2.6825281e+000  6.7576630e-001
  6.4301886e+000  7.2656095e+000
  7.1750652e+000  8.7048279e+000
  3.4397755e+000  9.7286686e+000
  8.5905841e+000  1.8574600e+000
  4.4998704e+000  2.4273019e-001
  4.3243032e+000  2.8723976e+000
  2.0255168e+000  5.2032177e-001
  3.1415678e+000  2.2487565e+000
  4.2050592e+000  2.4427917e+000
  7.6948486e+000  3.5807283e+000
  3.7386076e+000  7.0351635e+000
  3.0646031e+000  3.1739568e+000
  3.5843588e+000  8.4253051e-001
  8.6182082e+000  1.0413917e+000
  4.7524887e+000  9.3087503e-001
  7.2449101e+000  6.5194649e-001
  5.7902230e-002  3.8060435e+000
  1.3012470e+000  6.6472970e+000
  4.1666898e+000  1.8699550e+000
  2.7031078e+000  1.9014125e+000
  7.0932938e+000  6.4670355e+000
  1.0052525e+000  2.3052219e+000
  8.3084887e+000  3.0306447e+000
  6.0731323e+000  9.8734091e+000
  8.2592555e+000  1.8182102e+000
  1.9394857e+000  7.9659852e+000
  8.3875497e-001  2.2860377e+000
  2.2680141e+000  4.9855158e+000
  6.1075626e+000  2.1751560e+000
  6.5648941e-001  6.8251518e+000
  5.8647096e+000  2.3806250e+000
  7.9673758e+000  1.8324272e-001
  8.0792242e+000  1.2396243e+000
  1.9765560e-001  8.0142484e+000
  3.0207623e+000  4.6465489e+000
  8.5040469e+000  7.8288114e+000
  8.2453676e+000  6.9137089e+000
  5.3536408e+000  1.7712445e+000
  4.3320283e+000  1.7509348e+000
  2.2682715e+000  6.7141707e+000
  6.0593545e+000  6.9536050e+000
  3.1496837e+000  5.9082490e+000
  6.2091234e+000  3.1789936e+000
  8.2077195e+000  4.5043265e+000
  3.7149283e+000  2.0347528e+000
  1.8299339e+000  9.3319880e+000
  3.5156905e+000  6.4134151e+000
  6.0657299e-001  7.9748712e+000
  3.5330765e+000  9.0421737e-001
  7.3173393e+000  6.5729726e+000
  3.8736288e+000  1.1323054e+000
  4.3801896e+000  3.2099821e+000
  7.9405959e+000  7.1890735e+000
  3.4667290e+000  9.1390514e+000
  2.9897278e+000  1.8640106e+000
  7.1067602e-002  1.1738601e+000
  3.6750203e+000  9.3279857e-001
  1.5725887e+000  1.1940025e+000
  2.1463884e+000  5.3888981e+000
  6.2600211e+000  2.5373974e+000
  1.8114436e+000  8.3729216e+000
  3.4358833e+000  2.8840538e+000
  9.8746458e+000  5.7563422e+000
  9.3385126e+000  2.9803986e+000
  1.8637951e+000  8.2369136e+000
  6.0323504e+000  2.7505154e+000
  8.8325601e+000  6.2028582e+000
  1.1218912e+000  5.8289953e+000
  7.3863206e+000  7.2968733e+000
  9.2632000e+000  8.9463240e+000
  9.1025196e+000  9.2403481e+000
  8.0043534e+000  4.0615349e+000
  1.9817493e+000  5.3388680e+000
  5.9576618e+000  4.9126754e+000
  2.6793041e+000  2.6900214e+000
  3.9214288e+000  5.9178830e+000
  7.8838408e+000  8.1119231e+000
  1.5862158e+000  1.7329175e+000
  3.0255571e+000  1.8606255e+000
  7.4227599e+000  5.4117593e+000
  1.5410670e+000  5.7616987e+000
  3.4936452e+000  8.1511033e+000
  2.6139323e+000  2.7738995e+000
  9.4279757e+000  2.3483174e+000
  3.4910641e+000  2.2031284e+000
  1.8436666e+000  7.5477965e+000
  4.7409275e+000  3.4768209e+000
  9.6969692e+000  1.9917382e+000
  7.7159994e+000  3.6587014e+000
  3.3311419e+000  3.9871807e+000
  5.8782407e+000  7.3894826e+000
  2.0256077e+000  3.2010351e+000
  2.4522278e+000  1.6597294e+000
  2.2538196e+000  7.4490173e+000
  1.9885218e+000  9.2772638e+000
  8.8644297e-001  8.1585496e+000
  5.2337899e+000  6.1127094e+000
  1.7549701e+000  8.0698123e+000
  8.0244832e+000  1.9774115e+000
  3.3083652e+000  6.9315613e+000
  3.0811907e+000  1.0013476e-003
  1.7921428e+000  1.5363430e+000
  5.3800988e+000  3.7296200e+000
  9.7803772e+000  2.7653338e+000
  8.1907646e+000  8.3224993e+000
  3.7303718e+000  1.2196022e+000
  4.5953211e+000  2.3335128e+000
  5.5589858e+000  7.1355175e+000
  7.7908949e+000  5.0301612e+000
  7.5302828e+000  9.9792913e+000
  8.6331854e+000  5.3708985e+000
  2.8410867e+000  2.4133458e+000
  6.3315163e+000  8.3640423e+000
  9.7671734e+000  8.5955608e+000
  1.9947047e+000  6.1596656e+000
  5.2162213e+000  3.0191213e+000
  8.4829582e+000  6.2912924e-001
  8.9186877e+000  6.5765611e+000
  7.9750886e+000  6.6430273e+000
  7.3192023e+000  1.3708178e+000
  5.0047679e+000  9.3549493e+000
  8.6283860e+000  8.3306773e+000
  6.3426439e+000  8.4509913e+000
  2.7386598e+000  2.1490449e+000
  5.6583792e+000  5.1591654e+000
  8.1113310e+000  3.7149736e-001
  9.8242724e+000  2.8794876e+000
  6.0912742e+000  6.4097692e+000
  9.3074087e+000  4.0361387e+000
  6.0423497e+000  7.2075218e+000
  8.8931669e+000  2.4642971e+000
  8.4387679e-001  8.9991077e+000
  4.9931001e+000  2.1881747e+000
  5.1790317e+000  1.0350562e+000
  2.1971514e+000  6.8459865e+000
  7.9780418e+000  2.2496620e+000
  6.4201587e+000  9.9302561e+000
  5.6664351e+000  1.2339845e-001
  5.1569255e+000  4.0190934e+000
  9.2001068e+000  2.4684916e+000
  9.8173997e+000  2.2210941e+000
  1.4741811e+000  7.3778120e+000
  2.3688278e+000  6.2020652e+000
  6.5243586e+000  7.1615224e+000
  3.9897211e+000  6.0983441e+000
  3.7875928e+000  1.5853419e+000
  4.0791279e+000  2.0000337e+000
  8.5559608e+000  5.4304363e-001
  1.3357785e+000  8.6998323e+000
  2.4076448e+000  2.6320756e+000
  4.1139033e+000  4.9587795e+000
  7.1661577e+000  6.9193629e+000
  4.6258704e+000  9.6746651e+000
  8.8475749e+000  3.8459452e+000
  5.6109867e+000  9.0800955e+000
  4.8602470e+000  2.7693780e+000
  1.2450226e+000  1.0217229e+000
  3.6331723e+000  5.4366221e+000
  2.0059405e+000  2.5581131e+000
  8.9252613e+000  8.3352977e+000
  5.5250558e+000  3.9398210e+000
  2.9552763e+000  4.7225795e+000
  9.4639677e+000  6.9161842e+000
  7.0966785e-001  2.9523841e+000
  4.7584395e+000  3.8197378e+000
  5.7055384e+000  9.3948290e+000
  9.1289477e+000  2.0044879e+000
  9.5505700e+000  5.2440947e+000
  4.9942112e+000  9.1746768e+000
  2.0101395e+000  5.7663785e+000
  5.2358618e+000  3.3055282e+000
  9.3897303e+000  4.0935174e+000
  4.6697774e+000  2.7363083e+000
  7.1379238e+000  6.0904956e+000
  3.3180520e+000  3.6598971e+000
  8.0398487e+000  7.4546854e+000
  3.5912650e-001  2.0669061e+000
  8.3973948e+000  3.9624751e+000
  7.5387218e+000  5.5591960e+000
  1.9895747e+000  8.0823359e+000
  1.5620009e+000  6.8959068e+000
  2.3544011e+000  8.9541938e+000
  1.7273262e-001  8.4417820e+000
  3.9842249e+000  8.8972355e+000
  7.4571596e+000  2.0029718e+000
  6.1192082e+000  7.2378497e+000
  5.1487898e+000  7.0675274e+000
  5.6009085e+000  7.8792937e+000
  7.5944873e+000  1.5179721e+000
  8.2860562e+000  1.3671196e+000
  7.4634381e+000  5.0792282e+000
  1.5666986e+000  3.4592010e+000
  5.0927873e+000  5.0079480e+000
  9.7254041e+000  6.0329484e+000
  2.5565052e+000  4.0894093e-002
  4.9862862e+000  3.1169661e+000
  2.7076903e+000  8.7386244e+000
  2.4733635e-001  5.0219152e+000
  5.0283836e+000  8.5725213e+000
  4.8478774e-002  6.7177229e+000
  3.2556716e+000  5.2460146e+000
  8.4802949e+000  5.3010949e+000
  4.0560041e+000  3.5059256e+000
  8.6096396e+000  7.1682359e+000
  1.1298293e+000  3.7196171e+000
  9.8610178e+000  7.5214155e+000
  6.7076230e+000  1.2832337e+000
  8.6943765e+000  3.9971099e+000
  9.2195030e+000  1.5668179e+000
  4.4414887e+000  2.9527193e+000
  4.8002964e+000  9.3965263e+000
  2.8624245e+000  5.2782242e+000
  9.6112086e+000  4.5586272e+000
  8.8560347e+000  5.1898695e+000
  7.2272341e+000  8.2154129e+000
  5.1604222e+000  7.1562622e+000
  3.3259940e+000  4.1826864e+000
  8.6666632e+000  9.5327073e-001
  5.8329361e+000  1.6507817e+000
  1.6396461e+000  1.2590202e+000
  5.4603410e+000  9.8078559e+000
  5.0682389e+000  3.8069862e+000
  4.0373624e+000  6.3153144e+000
  5.3021719e+000  6.3482932e+000
  9.8583941e+000  7.5942135e+000
  7.9974940e+000  2.5210693e+000
  9.4468034e+000  2.4158908e+000
  3.3446362e-001  1.7371141e+000
  8.8957150e+000  7.6423669e+000
  9.0967566e-001  1.7799837e+000
  4.0277005e+000  2.6043665e+000
  8.5379463e-001  9.9886019e-001
  6.0113984e-001  7.1433454e+000
  9.9417318e+000  2.9456818e+000
  1.5720703e+000  4.4926327e+000
  6.2913240e+000  4.9275200e+000
  8.4787440e+000  8.9731268e-001
  6.6431284e+000  3.0921112e+000
  5.8156273e+000  4.3284211e+000
  1.1887664e+000  1.7265303e-001
  2.1123504e+000  2.6374015e+000
  6.4065428e+000  1.7049378e+000
  4.6663278e+000  3.6377642e+000
  6.0721869e-001  1.8413592e+000
  8.3028124e+000  9.5104824e+000
  3.7228342e+000  9.8323267e+000
  6.4701015e+000  7.7750554e+000
  8.8267569e+000  8.7061753e+000
  8.3916807e+000  2.5136110e+000
  9.3702678e+000  1.7515186e+000
  8.4042172e+000  9.7296069e-001
  8.4965911e+000  7.4162282e+000
  4.6573635e+000  2.1894946e+000
  9.4377016e+000  2.4742361e+000
  8.7652263e+000  4.7592658e+000
  7.9541664e+000  6.1841082e+000
  1.1702735e+000  8.5680596e+000
  8.7249379e+000  2.1967993e+000
  3.7194378e+000  9.4685739e+000
  1.1445133e+000  5.6024155e+000
  7.8908835e+000  5.9445154e+000
  2.7680654e-001  6.8177808e+000
  5.0751022e+000  3.3624434e+000
  3.8108512e+000  1.5257091e-001
  9.3394828e+000  5.9145574e+000
  3.9939226e+000  9.0742851e+000
  7.4640506e+000  5.7424683e+000
  5.3275165e+000  8.2513579e-001
  7.2400368e+000  3.6356436e+000
  3.8227362e+000  6.9885843e+000
  8.6354823e-001  4.6161565e+000
  1.4586974e+000  1.0768201e+000
  2.3392266e+000  8.2199576e+000
  9.6220818e+000  1.8989236e+000
  2.5947133e+000  4.8961276e+000
  8.4947847e+000  8.3065304e-001
  9.2157610e+000  6.3921554e+000
  2.6441139e-001  6.0914861e+000
  5.6335473e+000  7.1884148e+000
  7.3273675e-001  7.0110841e+000
  6.0216210e-001  4.1933032e+000
  9.0668206e+000  6.9419865e+000
  8.0006508e+000  2.4060731e-001
  3.4790728e-001  2.5571879e+000
  3.1018092e+000  7.4294713e+000
  7.2264748e+000  6.4934418e+000
  3.9413315e+000  1.9135501e+000
  5.7457545e+000  8.7513538e-001
  6.6441851e+000  4.2476026e+000
  2.0068037e+000  6.3104474e+000
  9.0731912e+000  5.6723078e+000
  7.6616942e+000  2.5246657e+000
  2.8550711e+000  8.3515774e+000
  9.7846827e+000  3.4739767e+000
  5.9370420e+000  9.7399995e+000
  3.1773253e+000  1.8769516e+000
  9.6153681e+000  6.4730781e+000
  4.8895207e+000  8.2581141e+000
  9.4161055e+000  2.2951168e+000
  8.4424762e+000  8.6547133e-003
  9.0113584e+000  7.8980470e+000
  3.9336710e+000  2.0744903e+000
  4.2542744e+000  4.6675656e+000
  1.9240680e-001  9.9741609e+000
  6.1415714e+000  3.5059313e+000
  7.7830165e+000  3.0130768e+000
  2.6793442e+000  1.2965062e+000
  9.5832920e-001  3.3464277e-002
  9.3710143e+000  9.0804200e+000
  1.7763976e-001  3.9033407e+000
  2.2742935e+000  3.7083052e+000
  8.0806529e+000  5.9177363e+000
  9.8481916e+000  5.8628345e+000
  9.1400520e+000  4.6187158e+000
  4.4329891e+000  2.9732153e+000
  1.2605551e+000  9.3796321e+000
  1.3013675e+000  2.8938567e+000
  1.3211967e+000  2.2640963e+000
  3.9445455e-001  7.6670066e+000
  7.2483653e+000  5.8415152e+000
  3.4884945e-001  3.3768099e+000
  4.8364630e+000  9.0526678e+000
  5.8334843e+000  2.7282221e+000
  1.9090411e+000  1.9304170e+000
  1.4777775e-001  2.4416435e+000
  5.2247690e+000  4.8212223e+000
  5.3256676e+000  5.4173010e+000
  8.2586765e+000  8.4946337e+000
  4.8047045e+000  8.5099314e+000
  5.8500383e+000  5.1556047e+000
  5.4324972e+000  9.6374058e+000
  2.1184555e+000  8.2594136e+000
  4.3658587e+000  1.0001015e+000
  3.4605450e-001  8.9716553e+000
  3.9249455e+000  9.2652133e+000
  3.9508102e+000  1.5384848e+000
  9.7466652e+000  2.0365513e-001
  1.6440869e+000  9.3449601e+000
  5.1913818e+000  3.5583196e+000
  8.4355822e+000  2.4020177e+000
  1.5378192e+000  3.2186448e+000
  2.6195683e+000  5.1742895e+000
  3.3553447e+000  5.2626791e+000
  6.5949163e+000  8.3706756e+000
  3.1634374e+000  1.4378678e+000
  3.7584808e+000  5.5620142e+000
  6.1467888e+000  3.7903197e+000
  7.1724588e+000  3.5388399e+000
  9.9389796e+000  2.9123884e+000
  1.4317565e+000  8.7137053e-001
  8.9948445e+000  4.1771023e+000
  4.3361974e-001  7.5022805e+000
  7.4687542e+000  2.6605640e+000
  3.6614424e+000  9.9553102e+000
  9.8627070e+000  8.4030508e+000
  9.8120513e+000  7.9320873e+000
  8.8559362e+000  6.8663729e+000
  6.8865209e+000  5.2682194e+000
  5.5917964e+000  5.8915534e+000
  8.8157546e+000  4.9589133e+000
  3.3351815e+000  2.6004068e+000
  7.1925686e+000  8.6099928e+000
  5.4807556e+000  7.5841334e+000
  3.3408473e+000  2.4287825e+000
  4.4832820e+000  4.2253974e+000
  9.7488481e-001  9.7346199e+000
  3.7371802e+000  2.5109332e+000
  3.3918222e+000  8.1159534e+000
  1.8291748e+000  6.2347485e+000
  4.9619043e+000  4.9220153e-001
  4.2483037e-002  6.6957633e+000
  5.9876612e+000  6.4781556e+000
  9.8212535e+000  6.6606066e+000
  3.5995721e+000  2.8367686e+000
  8.9124304e+000  7.7944471e+000
  4.1184963e+000  9.3453558e+000
  8.8623178e+000  4.4160768e+000
  9.9108375e+000  2.0583004e+000
  6.3171757e-001  1.8426849e+000
  8.4789090e+000  3.7721359e+000
  2.3387379e+000  9.6547784e-001
  9.9535818e+000  9.9751650e+000
  1.4556536e+000  1.0201356e+000
  3.8845504e+000  1.8447221e-001
  8.1172231e+000  3.2928093e-001
  9.2027321e+000  7.0309936e+000
  6.3806478e-001  2.7401372e+000
  9.0436525e-001  8.0814429e+000
  7.2933940e-001  9.3145982e+000
  2.0476688e+000  8.7549388e+000
  5.7989308e+000  2.9228045e+000
  8.1024998e+000  4.7084543e+000
  1.1177334e+000  5.2515768e+000
  9.9122085e+000  9.1843391e+000
  1.1909588e+000  6.8135598e+000
  8.5686572e-001  8.5811243e-001
  8.9212214e+000  5.5475353e-002
  4.9744823e+000  7.0064115e+000
  4.1016564e+000  5.8754561e+000
  9.9871164e+000  6.5174790e+000
  7.2476692e+000  9.0187483e+000
  4.9845946e+000  2.2563868e+000
  8.4666490e+000  1.0641992e+000
  7.8460310e-001  5.5882020e+000
  9.8986060e+000  6.1746105e+000
  9.7569528e+000  6.7172923e+000
  5.5582789e+000  3.9189213e+000
  7.6479399e+000  1.6830876e+000
  5.4046951e+000  4.0400701e+000
  5.1977237e+000  9.7044583e+000
  4.6464371e+000  8.6942777e+000
  9.0068642e+000  6.7335168e+000
  5.9293202e+000  8.2562285e+000
  4.5911806e+000  9.5383247e+000
  4.4446481e+000  7.8540053e+000
  5.3732461e+000  8.8332110e+000
  6.3174436e+000  7.6596568e+000
  9.9297500e+000  5.7497385e-001
  7.8206932e+000  6.3662909e+000
  3.6857325e+000  3.8232866e-001
  8.9491312e+000  4.6982470e+000
  8.4452811e+000  7.2609666e+000
  8.3005633e+000  8.4634966e+000
  5.6735036e+000  4.4360197e+000
  1.9312983e+000  3.8210939e+000
  3.1983275e-001  5.3319669e+000
  1.0813611e+000  2.6068111e+000
  3.2019524e+000  2.0962858e+000
  9.0296476e-001  7.4186752e+000
  1.2873326e+000  9.5829692e+000
  9.3584207e+000  6.9994322e+000
  1.4017205e+000  5.7303201e+000
  1.8741386e+000  7.4465548e+000
  5.2489749e+000  1.1617791e+000
  2.1777982e+000  8.7878108e+000
  5.7113264e+000  7.4403155e+000
  8.6802517e+000  1.0585399e+000
  8.3709675e+000  1.6526926e+000
  9.0264824e+000  3.2255463e+000
  2.9994910e-001  8.8976500e+000
  7.0680055e+000  1.1306486e+000
  3.8062861e+000  2.9949883e+000
  1.9795732e+000  6.7384352e+000
  7.9730832e+000  1.0001590e+001
  1.3868561e+000  7.3589625e+000
  5.7408429e+000  4.5622879e+000
  2.9288906e+000  1.2109381e+000
  5.7382362e+000  3.2221511e+000
  6.3163306e+000  9.6163922e+000
  2.0902148e+000  6.3722110e+000
  9.0249586e+000  3.0890498e+000
  6.7861971e+000  5.8887622e+000
  6.3988823e+000  7.2636782e+000
  1.5108283e+000  2.9248541e+000
  3.2388274e+000  9.9061839e+000
  2.9435298e+000  1.0686841e+000
  2.1891912e-001  5.8649736e+000
  7.1805292e+000  2.0042911e+000
  8.0719334e+000  5.2915825e+000
  9.3857188e+000  8.9938720e+000
  2.3143603e+000  1.8567987e+000
  5.7349702e+000  5.2366007e+000
  2.7518337e+000  6.0251823e+000
  9.6410485e+000  5.6844270e+000
  4.6569733e+000  2.3209969e+000
  1.0538370e+000  4.6994313e+000
  6.6092395e+000  4.2205612e+000
  7.8435445e-001  5.8114608e+000
  3.1071397e+000  8.7973865e+000
  9.3832878e+000  4.4462814e+000
  1.8271817e+000  3.3023473e+000
  8.7887510e+000  9.4150856e+000
  5.4045064e+000  7.3506413e+000
  4.9181526e+000  5.2256618e+000
  9.9383716e+000  4.8749195e+000
  4.6337951e+000  9.6285599e+000
  2.0057897e+000  3.5928208e+000
  3.5136291e+000  2.5105145e+000
  1.0808147e+000  2.6845238e+000
  1.1414467e+000  5.1042466e+000
  7.2704485e+000  3.3096297e+000
  2.8573545e+000  4.3779190e+000
  5.9317227e+000  9.8045388e+000
  6.0689701e+000  8.3964724e+000
  1.0452025e+000  4.4600054e+000
  5.1600738e+000  9.7155669e+000
  8.9598610e+000  3.2010349e+000
  4.0254510e+000  1.1324657e+000
  1.7891402e+000  8.9252251e+000
  1.8135583e+000  3.3420520e+000
  9.0521208e+000  9.2524745e+000
  3.7435771e+000  9.4697732e-001
  4.8711229e+000  8.1033312e+000
  2.6230937e+000  3.6807697e+000
  4.6057516e+000  1.8684064e+000
  9.0025532e+000  3.4849225e+000
  8.9743078e+000  6.2250840e+000
  2.8013317e+000  7.1874270e+000
  7.0246772e+000  1.2750436e+000
  8.5860625e+000  6.3292617e+000
  3.0455893e+000  7.0100663e+000
  5.8657240e+000  3.7415214e+000
  7.3932213e+000  3.3455438e+000
  5.7065139e+000  7.1436162e+000
  2.1174102e+000  6.7340713e+000
  2.9684228e+000  1.9610218e+000
  2.0882862e+000  4.7797194e+000
  9.0533992e+000  4.3626927e+000
  7.5891644e+000  7.5443091e-001
  7.0142049e-001  4.5211142e+000
  5.8159166e-001  7.3138692e+000
  9.1963285e+000  4.3060369e+000
  5.8417694e-001  7.2442829e+000
  1.4120552e+000  5.9139772e+000
  7.9523236e+000  4.6272698e+000
  3.0426384e+000  1.2010343e+000
  8.2721125e+000  4.2825279e+000
  4.6208662e+000  6.3509713e+000
  8.1442609e+000  7.6119481e+000
  7.0235716e+000  7.6287235e+000
  3.5379528e-001  1.9674905e+000
  1.3315694e+000  6.4569943e+000
  1.0003393e+001  8.0241913e+000
  1.7959115e-001  3.3944328e+000
  5.3389974e+000  4.2146779e+000
  1.0358850e+000  1.4433138e+000
  5.1791077e+000  1.5071190e-001
  1.8261215e+000  1.6303210e+000
  1.8198196e+000  5.8276099e+000
  1.8776621e+000  2.5023559e+000
  8.9130952e+000  1.7788896e-002
  7.8322690e-001  6.3720426e+000
  8.1271878e+000  1.0863895e+000
  7.7262622e+000  1.3390958e-001
  5.3329264e+000  8.2318398e+000
  6.5590180e-001  5.9627007e+000
  2.7237641e+000  8.1400644e+000
  6.7001015e+000  6.0767714e+000
  4.5598220e+000  8.0926531e+000
  8.7753642e+000  1.1018579e-001
  1.2980783e-001  9.4335266e+000
  7.4953435e+000  2.5227409e+000
  5.4826514e+000  6.5444032e+000
  1.1198925e+000  2.2296766e-001
  7.6574087e+000  9.2659823e+000
  5.9901901e+000  3.0036206e+000
  1.6076132e+000  6.8400477e+000
  4.9097788e+000  9.2848442e+000
  4.1294197e+000  4.8461392e+000
  6.5214915e+000  9.4954657e+000
  6.9975757e+000  1.0701709e+000
  6.4152241e+000  7.5195521e-001
  4.0388393e-001  9.3477171e+000
  4.7045361e-002  1.9419219e+000
  9.2802385e+000  3.9100259e+000
  6.5600049e+000  6.5313146e+000
  3.0159774e+000  6.1219717e+000
  4.4294093e+000  4.6393589e+000
  9.2671108e+000  6.2453592e+000
  4.0120491e+000  9.1860448e+000
  3.7706978e-001  4.3541751e+000
  9.5220711e+000  2.2393740e+000
  6.1501095e+000  9.8973070e+000
  7.3346684e+000  6.7658642e+000
  5.6523337e+000  9.8151725e+000
  3.6670078e+000  7.3686386e+000
  7.4131550e+000  5.9853085e+000
  4.1856444e+000  2.7275789e+000
  9.4899377e+000  3.4192139e+000
  7.1549283e+000  3.7370565e+000
  7.5601218e+000  4.9735707e+000
  1.6855564e+000  6.0180804e+000
  7.3506566e+000  9.4378517e+000
  3.6061176e+000  7.8167066e+000
  2.4081252e-001  2.6733154e+000
  4.1114342e+000  2.4230791e+000
  8.9906929e+000  9.0424274e+000
  8.3828211e+000  5.6528878e+000
  2.2526320e+000  1.8373869e+000
  8.8104572e+000  5.3292619e+000
  9.3472216e+000  1.0851081e+000
  4.0153625e+000  7.3394440e+000
  3.3506799e+000  5.7486912e+000
  4.1855226e-001  6.2281129e+000
  1.7494691e+000  2.2126055e+000
  8.7276760e+000  6.9773223e+000
  2.8183287e+000  1.5578783e+000
  6.9088917e+000  2.8744716e+000
  8.6554916e+000  7.8398212e+000
  2.8667304e+000  5.0690106e+000
  9.4767046e+000  4.5385595e+000
  1.7662752e+000  2.3070433e-002
  9.9755486e+000  8.1971746e+000
  5.1646283e-001  5.6477350e+000
  6.0829350e-001  6.1774483e+000
  6.7748385e+000  3.0227868e+000
  4.9319334e-001  1.8505505e+000
  7.3662519e+000  9.0640930e+000
  5.3477100e+000  8.9942930e+000
  4.5467037e+000  5.0919907e+000
  8.2701718e-001  6.8763261e+000
  9.2653528e+000  8.7139440e+000
  4.1122116e-001  3.5506939e+000
  5.6020264e+000  1.7211357e+000
  4.5544008e+000  8.3600355e+000
  8.5922329e+000  2.3892201e+000
  7.4072401e+000  6.6156343e-001
  8.2337086e-001  7.3121503e+000
  5.2820985e+000  4.8160913e+000
  9.9438298e+000  4.6441944e+000
  2.9708131e+000  7.5259905e+000
  9.0803921e+000  1.9704967e+000
  6.9247416e+000  1.5669077e+000
  2.2718891e+000  1.6296285e+000
  7.8236059e+000  6.2903130e+000
  7.5665095e+000  7.5375001e+000
  8.4243324e+000  4.0298659e-001
  3.0056417e-001  8.7282254e+000
  9.0381864e+000  6.3791450e+000
  6.6776732e+000  3.9612873e+000
  1.6703608e+000  2.7142834e+000
  1.5446165e+000  3.3151614e+000
  4.3544317e+000  1.9970087e+000
  4.9877373e+000  4.5186865e+000
  5.0590723e+000  7.3094204e-001
  9.0866164e+000  7.5944543e+000
  9.0124681e+000  6.8967906e+000
  9.4140476e+000  9.1847221e+000
  6.9184687e+000  7.4794733e+000
  5.2714473e+000  6.1971809e+000
  8.7139823e+000  6.1053942e+000
  9.7962938e+000  4.9922838e+000
  9.7737637e+000  9.2883071e+000
  7.6164305e+000  8.2446181e+000
  5.0405723e+000  2.7025490e+000
  8.7172900e+000  5.8341179e+000
  8.7961741e-001  9.8161960e+000
  3.8668394e+000  9.6823659e+000
  3.9134238e+000  9.0085999e+000
  2.3334558e+000  2.3680841e+000
  8.7725539e+000  4.9007123e+000
  6.5013043e+000  4.4555829e+000
  1.4905517e+000  2.1699374e+000
  9.4593684e+000  7.6857309e+000
  1.9267724e+000  3.9653323e+000
  4.6183549e+000  7.5396336e+000
  4.6643323e+000  9.2140705e-001
  4.9568248e-001  9.0332573e+000
  6.9437138e+000  7.3290255e-001
  1.6972753e+000  3.5493609e+000
  2.8485677e+000  2.3489735e+000
  9.3950242e+000  6.0500780e+000
  2.2190746e+000  7.0029716e+000
  6.8627795e+000  8.0139606e+000
  6.9214441e+000  4.7011372e-001
  9.3943088e+000  4.1651128e+000
  8.5935090e+000  2.4624537e+000
  2.9720053e+000  1.3793693e+000
  7.8683943e+000  9.3677969e+000
  1.0686347e+000  8.0788143e+000
  7.0585824e+000  1.4400494e+000
  5.2549087e+000  4.6518298e+000
  9.5421798e+000  5.3922879e+000
  6.8051479e-002  8.8292551e+000
  7.0548202e+000  4.3564350e+000
  3.4481179e+000  8.8097105e+000
  8.5435815e-001  8.7279871e-002
  3.4657239e+000  8.0748498e-001
  2.2665431e+000  4.5245603e+000
  7.0505558e+000  4.7162610e+000
  1.4857052e-002  2.2968262e+000
  7.9607930e+000  7.8671389e+000
  1.3051806e+000  8.5307280e+000
  9.6846790e+000  7.0400221e+000
  6.9587232e+000  9.8449055e+000
  3.8048215e+000  9.6358398e+000
  9.7053119e+000  8.7076523e+000
  7.1101335e+000  1.6945345e+000
  7.0757259e+000  8.5498894e+000
  8.8349532e+000  2.8315040e+000
  1.7038821e+000  4.2568080e+000
  2.1294664e+000  9.5340614e+000
  9.9501853e+000  2.9108913e+000
  9.1072586e+000  3.7260835e+000
  3.0305688e+000  2.1178096e+000
  5.0006204e+000  4.4851285e+000
  8.0157256e+000  4.5899029e+000
  2.9908075e+000  9.3197782e+000
  9.4787078e+000  7.4219091e+000
  3.7217665e+000  9.4705783e-001
  4.0779793e+000  2.3728419e+000
  5.9153430e+000  6.3588751e+000
  4.1913985e+000  8.5386194e+000
  8.7247611e+000  3.8122678e+000
  3.4349098e+000  9.1886783e+000
  6.1295405e+000  1.8564742e+000
  3.2448955e+000  9.5987302e+000
  4.3365358e-001  2.2150867e+000
  2.0484333e+000  4.9205106e+000
  4.5260210e+000  8.1209943e+000
  5.9754238e+000  5.8009527e+000
  4.6171628e+000  4.8297745e+000
  5.9376740e-001  3.2651756e+000
  6.9201236e+000  9.0304890e+000
  4.1889805e+000  8.3892395e+000
  8.5047389e+000  1.0332052e+000
  4.3690074e+000  3.4730374e+000
  8.2849587e+000  5.9883713e+000
  3.9877306e-001  6.5967689e+000
  2.3742242e-001  1.1013128e+000
  6.2489149e+000  3.0725675e+000
  7.4762216e+000  2.3620440e+000
  4.5292779e+000  2.6092645e+000
  4.5777121e-001  1.1284312e+000
  3.8170993e-001  8.8797969e+000
  1.6664238e+000  4.4135018e+000
  9.6369570e+000  1.0744932e+000
  4.7014513e+000  9.2915636e+000
  9.0673533e+000  6.0481843e-001
  6.2085217e+000  3.2866498e-001
  2.2837197e+000  3.9933338e+000
  1.7482838e+000  4.1468132e+000
  5.4791568e+000  1.5496838e-001
  3.4398937e+000  9.6340644e-001
  8.6948333e+000  5.2956937e+000
  3.3303078e+000  2.7492865e+000
  6.2584998e+000  4.4682715e+000
  9.3845406e+000  4.6388686e+000
  2.7782368e+000  9.3468578e+000
  6.4310443e+000  7.9398748e+000
  5.8932493e+000  7.6654034e-001
  5.4798310e+000  5.6972470e+000
  3.1660976e+000  1.2203571e+000
  8.1642064e+000  8.8206757e+000
  9.7820496e+000  6.8516351e+000
  7.9456169e+000  4.5231735e+000
  1.9994541e+000  7.7347545e+000
  5.8350975e+000  4.3919176e-001
  1.5384997e+000  9.9275018e+000
  2.0386147e+000  6.8948494e+000
  7.4711591e+000  7.0235492e+000
  1.3878777e+000  7.8867461e+000
  2.5060503e+000  5.9821978e-001
  6.1508316e+000  8.1377167e+000
  4.7594992e+000  2.7356669e+000
  2.9972291e+000  3.8264634e+000
  2.8181581e+000  3.9244660e+000
  4.8369266e+000  2.0587538e+000
  9.1760633e+000  9.0577458e-001
  9.7996011e+000  5.9230767e-001
  9.2551956e+000  5.2160355e+000
  5.6640454e+000  7.7753639e+000
  6.8795806e+000  5.4788869e-001
  7.3860364e+000  6.7999604e+000
  5.8458794e+000  2.5854681e+000
  8.3855147e+000  6.9729576e+000
  2.9429277e+000  8.9692735e-001
  3.7087070e+000  6.6232677e+000
  1.5440227e+000  2.7938681e+000
  1.3939400e+000  3.9906261e+000
  5.1307358e+000  2.8390852e+000
  7.1389840e+000  2.7007860e+000
  1.6558141e+000  2.4758134e+000
  7.3702644e+000  8.0058225e+000
  9.6000215e+000  7.2843644e-001
  4.7100251e+000  4.1653028e+000
  9.2839484e+000  4.5542777e-001
  1.6983249e+000  1.1146458e+000
  4.9807701e+000  7.8642392e+000
  4.7774527e+000  5.7693181e+000
  9.5550431e+000  9.1324552e+000
  7.2581286e+000  6.6386473e+000
  1.6676963e+000  3.7580904e+000
  5.3627711e+000  3.0646771e+000
  5.1102338e+000  1.8317501e+000
  7.4343988e+000  9.6405414e+000
  7.4281099e+000  2.7756714e-001
  3.3289229e+000  4.2579259e+000
  4.3666758e+000  4.1467916e+000
  8.5508363e+000  4.5140635e+000
  6.7986254e+000  3.8459680e+000
  9.1903930e+000  3.8490527e+000
  3.4118221e+000  4.0788366e+000
  3.0255230e+000  3.2275279e+000
  2.9144445e+000  3.3141728e+000
  7.8795422e+000  5.5302173e+000
  2.2849759e+000  6.6485838e+000
  9.0360932e+000  2.1074415e+000
  6.2751715e+000  8.9259671e+000
  9.2541115e+000  5.0987025e+000
  5.1085506e+000  4.2434441e+000
  6.9235573e+000  5.4417182e+000
  1.5104643e+000  4.1772028e+000
  3.1858662e+000  8.0248697e+000
  8.4139159e+000  1.0912288e+000
  7.9917542e+000  7.6195729e+000
  8.5149236e+000  5.2831685e+000
  1.5734210e+000  1.9691512e+000
  3.0185603e+000  4.1824335e+000
  4.2045570e+000  4.0944891e+000
  4.9198612e+000  7.1810609e+000
  7.9284601e+000  6.9465736e+000
  4.8679958e+000  6.8896027e+000
  1.0112807e+000  8.2004814e-001
  7.8561664e-001  7.0368315e+000
  2.8113209e+000  9.5153871e+000
  1.8930705e+000  4.9422179e+000
  4.7481117e+000  1.9150501e+000
  9.0251030e-001  9.7461084e+000
  2.3894002e+000  8.9260296e+000
  7.8254507e-002  9.0234732e+000
  6.4690603e+000  1.3536637e+000
  8.2991156e+000  6.2694588e+000
  1.3787895e+000  7.3407094e+000
  8.8836429e+000  9.9628071e+000
  6.1210899e+000  1.8554304e+000
  2.2339844e+000  7.3011589e+000
  1.0307253e-001  9.4897664e+000
  6.2577794e+000  5.4641872e+000
  3.2227755e+000  7.7012433e+000
  1.0206427e+000  2.2592614e+000
  6.7343753e+000  3.9115116e+000
  6.8109131e+000  5.1868823e+000
  8.2858241e+000  8.5680962e+000
  3.0442751e+000  8.2559797e+000
  2.1071460e+000  6.6929263e-001
  7.0355517e-001  6.9753566e+000
  2.8164934e+000  7.0139428e+000
  2.6743746e+000  4.7424254e-001
  6.4068840e+000  4.0255492e+000
  4.3409457e-002  4.1948811e+000
  4.9842497e+000  2.4775212e+000
  7.4990887e+000  4.1766609e+000
  5.7836598e+000  6.4372558e+000
  4.5816802e+000  4.6819121e+000
  7.1451947e-001  2.2310338e+000
  6.4012770e+000  3.2515675e+000
  1.1126470e+000  6.8702016e+000
  7.3600855e+000  6.6255160e-001
  1.7123278e+000  7.4647705e+000
  2.9696548e-001  8.2867113e+000
  9.9190879e+000  9.8158757e+000
  2.6445365e+000  3.7900666e+000
  3.2467113e+000  9.4911832e+000
  5.1899654e+000  5.0031363e+000
  1.2329831e+000  7.9434849e+000
  2.1357596e+000  6.5256139e+000
  5.4910171e-001  8.7309369e+000
  6.1698200e+000  3.2560838e-001
  3.5315040e+000  9.8234263e-001
  5.2266990e+000  3.5957774e+000
  4.3510176e+000  4.7203530e+000
  4.7873208e-001  1.0937328e+000
  1.5442809e-002  8.8941899e+000
  1.2758463e+000  3.8023244e+000
  6.1077935e-001  3.3171812e+000
  4.5897722e+000  2.4647990e+000
  9.6022496e-001  1.7940263e-001
  1.2584746e+000  8.7903814e+000
  4.0669228e+000  6.6499967e+000
  4.6660881e+000  6.5365842e+000
  6.7342392e+000  4.2730543e+000
  4.9196392e+000  5.6277276e+000
  8.2206063e+000  5.7808402e+000
  8.5562860e+000  2.1241762e+000
  1.8177889e+000  5.1798974e+000
  7.0307238e+000  8.2460303e+000
  6.3781746e+000  2.0129814e+000
  4.6734038e+000  4.2568425e+000
  9.8738520e-001  7.1281870e+000
  3.9403869e+000  9.1013118e+000
  5.0605162e+000  8.7770810e+000
  6.8581636e+000  5.8590980e+000
  8.1653455e+000  2.6168243e-001
  1.2293507e+000  1.2737654e+000
  4.2794126e+000  5.6680122e+000
  5.7243852e+000  1.8854128e+000
  5.1471922e+000  7.5875835e-001
  6.3226934e+000  6.7231569e+000
  6.1684850e+000  9.1380623e+000
  1.1259362e+000  5.9738932e-001
  6.0120338e+000  7.4390393e+000
  4.9813133e+000  9.2027569e+000
  1.1313650e-001  8.5495635e+000
  7.3547784e+000  7.2135449e+000
  6.8568703e+000  7.4460481e+000
  4.1573048e+000  5.4953555e+000
  1.6466487e+000  6.0381532e+000
  9.9557097e+000  2.9678725e+000
  9.7002797e+000  4.2949832e+000
  4.7790250e+000  7.7719665e+000
  1.4257003e+000  4.2700422e+000
  4.2054087e+000  8.8045800e-002
  3.3105749e+000  8.1694287e+000
  5.9919126e+000  3.4467224e+000
  3.0723766e-001  9.9388492e+000
  5.5735713e+000  2.8645001e+000
  2.5675370e+000  9.5029021e+000
  9.1961774e+000  8.1807446e+000
  8.2686828e+000  1.1056521e+000
  7.1770687e+000  2.5206599e+000
  9.9825145e+000  3.0676495e+000
  9.4584804e+000  9.8808167e+000
  3.2157346e+000  5.3265464e+000
  5.7855098e+000  2.1186628e+000
  6.9529885e+000  7.4846130e+000
  7.4517400e+000  8.0822861e+000
  4.8315322e+000  3.7520103e+000
  9.8975252e+000  9.6763585e+000
  6.9145885e+000  2.2044860e+000
  8.1895775e+000  7.0388049e+000
  6.9367026e+000  1.8002217e+000
  7.8377296e+000  4.2864250e+000
  6.6410179e+000  9.1287587e+000
  5.2735623e+000  5.4254497e+000
  1.9976711e+000  8.1549146e-001
  3.9011080e+000  3.2051657e+000
  8.7375239e+000  2.7142729e-001
  7.9000575e-001  8.9762893e+000
  5.5839739e+000  6.6792490e-003
  8.8696662e+000  5.9679377e+000
  3.8544130e+000  8.8036616e+000
  3.5193197e+000  6.8373355e+000
  1.4121348e+000  8.9468401e+000
  6.6623573e+000  3.9588146e+000
  1.0559081e-001  1.5220976e+000
  9.5027800e+000  7.7009278e-001
  2.2544380e+000  5.8319641e+000
  4.3979209e+000  8.9633959e+000
  6.6413734e+000  4.0741573e+000
  4.8579869e+000  8.9717462e+000
  7.0337293e+000  8.9200077e+000
  3.4201355e+000  3.7449470e+000
  1.9222953e+000  9.7497963e+000
  3.6529857e+000  6.2470398e+000
  4.4259226e+000  1.9783072e+000
  8.9505022e+000  5.9231931e+000
  5.2460515e+000  9.2859948e+000
  5.1042341e+000  3.5917106e+000
  2.7935286e+000  5.3258869e+000
  4.6763920e+000  7.8164674e+000
  5.6047806e+000  3.4281434e+000
  4.2643027e+000  5.4844473e+000
  1.0676014e+000  5.0458917e+000
  1.9254445e+000  3.2515317e+000
  4.6132167e+000  8.6408863e+000
  2.9447476e+000  8.7659222e+000
  7.8610127e+000  1.7485936e+000
  5.3137017e+000  2.2309549e+000
  4.4473544e+000  7.4204049e+000
  7.9623575e+000  7.7728746e+000
  7.4089192e+000  9.2001486e+000
  7.1574971e+000  7.8091757e-001
  9.5469916e+000  6.9343755e+000
  9.9214637e-001  4.5182919e+000
  9.8351729e+000  3.5195677e+000
  3.1404303e+000  7.5388785e+000
  4.6544114e+000  6.5392221e+000
  6.7778754e+000  7.6227963e+000
  5.7926470e+000  5.6174383e+000
  6.2027635e-001  8.9366715e+000
  5.0398657e-001  2.4009267e+000
  3.9959630e+000  1.5421254e-001
  7.1419868e+000  3.7299372e+000
  8.8813414e+000  2.7195634e+000
  7.3464309e-001  1.2041614e+000
  2.9118996e+000  2.3441718e+000
  6.6044214e+000  4.8287500e+000
  4.5455868e+000  3.6484751e+000
  6.1048450e+000  6.1619954e+000
  2.6679176e+000  6.7584042e+000
  6.4770771e+000  6.9217671e+000
  3.6535771e+000  2.7756347e-001
  4.2459303e+000  9.9020390e+000
  7.3074205e+000  5.4842477e+000
  2.5645493e+000  9.3697136e+000
  7.7483432e+000  9.1934494e+000
  1.1092648e-001  4.2454931e+000
  8.3618251e+000  8.8012234e+000
  4.9303239e+000  4.3754931e+000
  9.1600864e-001  5.6114016e+000
  2.0393734e+000  5.7509760e+000
  1.2369930e+000  1.5086174e+000
  4.7823099e+000  5.3441156e+000
  9.1582554e+000  3.1153759e+000
  5.1262317e-001  6.3876785e+000
  7.4627477e+000  2.4760219e+000
  2.2656828e+000  2.8225774e+000
  8.9201734e+000  2.0717334e+000
  8.0706060e+000  7.2173713e+000
  6.1931268e+000  2.8811325e+000
  4.8263776e+000  6.5621908e+000
  5.9416595e+000  1.7685121e+000
  8.8853798e+000  1.5376818e+000
  5.4282844e+000  8.0656864e+000
  1.9333131e+000  7.0016610e+000
  8.2377674e-001  4.2317143e+000
  3.0838653e+000  2.2108420e+000
  9.3801472e+000  1.7940878e+000
  3.2004088e+000  8.6342138e+000
  2.7665882e+000  6.8036448e-001
  6.4581285e+000  5.3609729e+000
  7.2854013e+000  6.4155343e+000
  5.3960257e+000  2.2220799e+000
  9.0897671e+000  4.5346258e+000
  4.2351248e+000  6.2454186e+000
  2.1970126e+000  4.0404411e+000
  1.0596186e+000  1.2783322e+000
  9.7103594e+000  9.3111382e+000
  7.3973310e+000  2.9464456e-002
  7.5032112e+000  4.9292973e-001
  9.8592130e+000  5.3957494e+000
  8.9957366e+000  6.7561817e+000
  5.2509453e+000  3.8539319e+000
  3.9736770e+000  1.4452476e+000
  9.8718601e+000  8.0928240e+000
  2.4882648e+000  1.1060294e+000
  4.7743892e+000  8.1645620e+000
  2.7303030e+000  4.7260823e+000
  6.1376413e+000  4.2104203e+000
  6.4155597e+000  9.5315750e+000
  8.4856642e+000  5.2170389e+000
  4.9481200e+000  3.8978792e+000
  4.4868952e+000  3.5309392e+000
  2.0114869e+000  2.2027082e+000
  1.9204591e+000  3.8493500e+000
  6.0929625e+000  8.7160144e-002
  1.9772386e+000  4.8459657e+000
  6.9921132e+000  6.3936593e+000
  3.0722662e+000  3.5123713e+000
  2.5956433e+000  5.6813494e-001
  6.0879385e+000  2.1745262e+000
  6.8077163e+000  7.9314241e+000
  2.5519100e+000  6.3141407e-001
  1.1460986e+000  8.5209707e+000
  7.7226928e+000  6.9503031e+000
  3.4207860e+000  7.8455549e+000
  1.5972844e-001  7.2793100e+000
  8.1790600e+000  3.5831327e+000
  1.0959098e+000  8.0206341e+000
  4.9088846e+000  7.4614912e+000
  5.4743179e+000  7.6449659e+000
  1.4295769e+000  4.9681601e+000
  3.8199623e+000  3.6177793e+000
  8.5341583e+000  6.7120690e+000
  1.1936380e+000  7.0332324e+000
  6.3007373e+000  7.2694234e+000
  2.1912367e+000  6.5979255e+000
  1.3421315e+000  5.9843484e+000
  9.5692772e+000  8.1094681e+000
  5.9857562e+000  7.7143466e+000
  8.0225815e+000  1.8045206e+000
  8.3842227e+000  6.3449731e+000
  2.0738364e-001  3.4964184e+000
  6.6204604e+000  5.6604359e+000
  3.4757661e+000  6.2836215e+000
  6.9969304e+000  9.1279997e+000
  3.4440695e+000  4.7731078e+000
  6.5737388e+000  1.2024753e+000
  6.0202634e+000  4.0880181e+000
  3.5177769e+000  4.9232047e+000
  7.7957168e+000  2.1327708e+000
  2.1979832e+000  8.5204876e+000
  1.1496921e+000  7.0528403e+000
  4.2304593e+000  3.5030859e+000
  6.4184112e-002  7.1005198e+000
  2.0895669e+000  6.6744225e+000
  6.2736603e+000  6.6071508e-001
  1.9239744e-001  7.5854905e+000
  9.9913144e+000  5.9458247e-001
  9.2472728e+000  6.0563650e+000
  6.1951871e-001  1.9561627e+000
  4.1218662e+000  9.7252853e+000
  9.8910432e+000  6.5598860e+000
  8.2139529e-001  1.5511341e+000
  4.6348747e+000  6.2005333e+000
  4.1309231e+000  9.6565529e+000
  4.7692818e+000  5.5002012e-001
  9.3394087e+000  6.0866938e+000
  1.5279701e+000  6.5335904e-001
  6.6182866e+000  8.5462433e+000
  7.8661933e+000  2.3057881e+000
  5.3398286e+000  9.3211488e+000
  1.0776802e+000  5.6624515e+000
  6.6244797e+000  6.1591472e+000
  1.7484546e+000  9.1328151e+000
  6.7156595e-001  4.2018003e+000
  5.0253284e+000  7.1506842e-001
  9.9368110e+000  3.6748474e+000
  6.8426022e+000  3.8228731e+000
  9.9038613e+000  6.1248010e+000
  6.1266330e+000  5.1744780e+000
  8.6514994e+000  2.3039853e+000
  8.4518903e+000  9.1923703e+000
  4.1307132e-003  9.4960617e+000
  9.1161939e+000  8.4316578e-001
  1.1947213e+000  4.7989665e+000
  3.9080571e+000  7.6433641e-001
  4.6234186e+000  2.5424293e+000
  9.7814869e+000  8.4874418e+000
  4.0294825e+000  8.6484533e+000
  6.1734446e+000  9.3601724e+000
  4.5746581e+000  4.6346958e+000
  7.5300395e+000  9.4716026e+000
  2.2311089e+000  7.6353075e+000
  9.0747004e+000  1.4007414e+000
  2.5875447e+000  8.3870369e-001
  6.9632847e+000  6.0118086e+000
  9.0783229e-001  6.9341994e+000
  6.8098230e-001  8.8447759e-001
  5.1642905e+000  8.3615547e+000
  8.0375358e+000  2.7493359e+000
  3.0413853e+000  3.9531730e+000
  3.0939427e+000  1.1602135e+000
  8.4146554e+000  8.6589366e+000
  8.0635565e+000  2.6642958e+000
  2.7838289e+000  4.7262713e+000
  1.2067307e-001  5.1752721e+000
  3.0761427e+000  5.0454526e+000
  5.5047047e+000  9.7481905e+000
  3.1943504e+000  4.8221809e+000
  5.2112053e+000  2.5995478e+000
  6.5150650e+000  5.5607818e+000
  5.0202062e+000  7.1666901e+000
  1.3845238e-001  3.9376820e+000
  1.0731801e+000  4.3625335e+000
  5.7406671e+000  6.2674708e+000
  3.4243051e+000  1.2857394e+000
  6.7364123e+000  1.0905156e+000
  7.0102902e+000  5.7274616e-001
  9.0286590e+000  7.7743558e+000
  2.3838289e-001  4.1051873e+000
  1.3379127e+000  4.2525629e+000
  7.2339936e+000  9.7347482e-001
  7.4966809e+000  7.4896147e+000
  2.7086583e+000  9.5846202e+000
  2.9011853e+000  2.2570376e+000
  8.2327991e+000  9.1746504e+000
  7.6120495e+000  7.0153883e+000
  7.7507818e+000  2.3420932e+000
  2.8894280e+000  7.6265473e+000
  3.1863347e+000  8.3838135e-001
  3.2737471e+000  9.8529947e+000
  6.2772767e+000  8.3860083e+000
  5.6443124e+000  3.1801764e+000
  6.7557764e+000  7.8744494e+000
  3.8669350e-001  4.9967032e+000
  9.7580983e+000  7.1979386e+000
  3.5124089e+000  8.5129638e+000
  2.3880717e+000  2.9969670e+000
  5.6865415e+000  5.6822706e+000
  7.8938373e+000  5.2795029e+000
  3.0530300e+000  4.4900841e+000
  9.2304225e+000  9.2932886e+000
  9.6312391e+000  1.8239689e+000
  7.3797513e+000  9.8552034e+000
  4.5519441e+000  9.1041686e-001
  6.0346874e+000  7.7833923e+000
  4.7898510e+000  3.9925600e+000
  7.6411948e+000  3.1740695e+000
  3.7559593e+000  4.3079635e-001
  6.9045847e+000  5.2142402e+000
  6.4290760e+000  7.1462874e+000
  5.4750743e+000  5.6342755e+000
  2.9757110e+000  9.1913919e+000
  3.1894096e+000  9.0914120e+000
  7.0387080e+000  4.2679928e+000
  9.3516944e+000  3.0868031e+000
  3.8475627e+000  8.6245644e+000
  8.2378307e-001  2.3560651e-001
  6.1381130e+000  9.5220390e+000
  4.0453985e+000  5.3006531e+000
  6.5881249e+000  8.6704788e+000
  5.4661698e+000  8.5945219e+000
  1.3584267e+000  5.3645007e+000
  9.9637542e+000  8.8655170e+000
  1.5799338e+000  6.5992683e+000
  4.1936827e+000  4.3891319e+000
  3.0977101e-001  7.6073305e+000
  1.8081161e+000  5.2726342e+000
  6.9219057e+000  3.0989019e+000
  4.0331702e+000  6.3975381e+000
  8.5666416e+000  2.3443705e+000
  2.7856059e+000  6.1072844e-001
  5.7014140e+000  8.0109231e+000
  9.1719582e+000  3.6130865e+000
  5.8243421e+000  6.7399797e+000
  3.0282285e+000  3.6199690e+000
  3.7498795e+000  7.4123639e+000
  6.9994013e+000  2.9472926e+000
  1.9028940e-001  8.4022413e+000
  1.1386482e+000  7.7755164e+000
  3.0907629e+000  1.0839059e+000
  6.2547644e+000  7.7733688e-001
  9.1732264e+000  2.7895189e+000
  4.6731565e+000  8.8883420e+000
  6.6207817e+000  1.9230448e+000
  1.6965857e+000  9.8080131e+000
  4.1995479e+000  8.0333593e+000
  2.5796432e-001  9.9349961e+000
  6.5983281e+000  5.5926149e+000
  9.1654244e+000  7.2413068e+000
  4.7491211e+000  7.0731132e+000
  6.3661566e+000  4.6608993e+000
  9.2771501e+000  4.7971709e+000
  8.6322039e+000  1.5290049e+000
  4.3134165e+000  1.8720635e+000
  9.7360723e+000  8.5799478e+000
  2.0023104e-001  5.4302931e-001
  8.3803514e-001  9.5990903e+000
  1.8281552e+000  3.8514387e+000
  6.4710729e+000  3.7665721e-001
  5.8263310e-001  7.3242930e+000
  6.2054346e+000  5.6062019e+000
  1.0331587e-002  7.1757154e+000
  8.2890460e-001  5.2164185e-002
  6.6663112e+000  9.4493706e+000
  8.4686194e+000  3.4685740e+000
  5.9411449e+000  6.6680219e-001
  4.2111130e+000  4.5838102e+000
  4.6885089e-002  4.6857410e+000
  7.0385366e+000  6.1982178e+000
  9.2981008e+000  9.1151022e+000
  7.4178126e+000  6.3251381e+000
  7.7599568e+000  8.5208631e+000
  8.4321217e+000  7.2976449e+000
  1.1287509e+000  1.6716128e+000
  7.3555101e+000  5.2519795e+000
  1.0209200e-001  3.5333108e+000
  4.8509969e+000  7.4411094e+000
  2.4342812e-001  4.5186852e+000
  4.9469247e+000  9.4333048e+000
  4.6329831e+000  5.4890690e+000
  4.0044601e+000  6.8131434e-001
  3.1421994e+000  8.8930344e+000
  2.0130801e+000  3.5321515e+000
  3.0938998e+000  9.1144391e+000
  3.6430558e-001  4.6201840e+000
  1.3147422e+000  4.6784798e+000
  9.9323996e+000  2.7899389e+000
  9.2729229e+000  2.5725972e+000
  9.1723810e+000  9.4454309e+000
  8.5735563e+000  5.3379785e+000
  3.0459931e+000  8.9961606e-001
  2.5216846e+000  8.7103708e+000
  8.3467139e+000  3.1313787e+000
  4.5457736e+000  4.4202060e+000
  3.3397612e+000  3.8954161e+000
  8.1227278e+000  1.4100386e+000
  8.8856957e-001  8.1714389e+000
  5.0912813e+000  3.8601765e+000
  9.7769293e+000  2.7913379e+000
  2.9060619e+000  8.1761280e+000
  8.9665308e+000  9.1110550e+000
  9.6963978e+000  5.4677571e+000
  6.9065874e+000  1.5568384e+000
  1.9545197e+000  2.3004534e+000
  4.1878093e+000  4.6551728e+000
  3.0403953e+000  1.9301872e+000
  2.6720371e+000  6.1094377e+000
  1.4428260e-001  6.4138797e+000
  6.4608018e+000  9.0412090e+000
  3.0658492e+000  6.7866995e+000
  7.1194791e+000  2.1873119e+000
  8.9048203e+000  7.7119117e+000
  6.6551577e+000  3.5214894e+000
  8.2128363e+000  5.0225664e+000
  4.1543216e+000  5.4774436e+000
  4.5902778e-001  1.2535167e-001
  5.4560165e-001  3.6976281e+000
  6.3138906e+000  2.8926700e+000
  1.6268710e+000  4.2036320e+000
  5.7766049e+000  3.7019161e+000
  1.8962353e+000  4.2169929e+000
  2.5614928e+000  9.8882633e+000
  7.6138903e+000  7.8843306e+000
  3.3676464e+000  5.1349532e+000
  3.6476395e+000  1.3235634e+000
  1.3402430e+000  2.5453491e-001
  7.0191858e+000  2.3219970e-001
  6.7993255e-001  6.2397523e+000
  7.3300561e+000  1.7823320e+000
  6.5653442e-001  3.9076320e+000
  4.1156613e+000  4.0283172e+000
  9.3805902e+000  9.7700476e+000
  7.8356074e+000  1.5377289e-003
  8.2676841e+000  7.1877830e-001
  6.0228430e+000  1.4196729e+000
  2.7524291e+000  8.1040724e+000
  8.3873439e+000  3.1021567e+000
  5.6352819e+000  5.4862019e+000
  5.0833769e-002  1.8532622e+000
  2.8678210e+000  9.5099230e+000
  5.0334505e+000  3.7231743e-001
  4.6773827e+000  7.2475623e+000
  1.0880608e+000  6.5282299e-001
  7.2939567e+000  8.9325608e+000
  2.4616682e+000  4.9616789e+000
  3.0924563e-001  4.5209891e+000
  8.4334233e+000  8.1885616e+000
  5.7283235e+000  1.1953002e+000
  3.4258656e+000  2.5676203e+000
  1.8793346e+000  8.4011352e+000
  2.3925759e+000  6.6389070e+000
  7.5379564e+000  2.5778822e+000
  5.5457643e+000  2.9024415e+000
  7.9860750e+000  3.6182276e+000
  6.3596425e+000  8.3340917e+000
  2.0953363e+000  3.1018040e-001
  9.2170435e+000  5.5440385e+000
  8.0699701e+000  9.9011432e+000
  5.6383558e+000  2.1279651e+000
  9.5976157e+000  6.4373259e+000
  6.3382479e+000  6.1745880e+000
  2.3469699e+000  7.9182209e+000
  9.4714308e+000  9.6600651e+000
  9.9368829e+000  8.7927501e+000
  2.7904015e+000  9.1646848e+000
  5.3002944e+000  1.4909177e+000
  5.4621641e-001  4.5436643e+000
  1.4983097e-001  4.8041107e+000
  7.3153084e+000  8.8721332e+000
  4.6832805e+000  5.9203321e+000
  6.2739861e+000  1.8243182e+000
  1.8015795e-001  5.8281061e+000
  7.1998119e+000  7.9321962e+000
  4.6647328e+000  2.1912335e-001
  5.0836410e+000  3.9782083e-001
  9.3064427e+000  2.8689382e+000
  5.9585394e+000  3.2634101e+000
  8.3175373e+000  1.0706880e+000
  7.5917011e+000  5.1029612e+000
  8.2212821e+000  5.0322033e+000
  6.5615089e+000  5.9118463e+000
  3.1098886e+000  3.2413401e+000
  2.7329414e+000  3.9519340e+000
  2.1180945e+000  2.4279950e+000
  1.7536193e+000  7.3629556e+000
  6.6707962e+000  4.5186615e+000
  2.2851677e+000  8.8311709e+000
  4.9414906e+000  2.3002315e+000
  7.5045917e-001  6.1223837e+000
  9.2091345e+000  2.3893126e+000
  7.2171189e+000  2.1460078e+000
  3.2856354e+000  7.8922331e+000
  1.2722647e+000  1.8104590e+000
  9.1565543e+000  8.0203335e+000
  3.9086618e+000  1.8954134e+000
  3.5347945e+000  3.3158253e+000
  9.8008634e+000  3.1133491e+000
  1.3107567e+000  3.9428558e+000
  9.8742711e+000  8.2484751e+000
  7.9359415e+000  1.9953378e+000
  3.2714801e+000  2.4555096e+000
  4.3076014e+000  2.1676535e+000
  6.7226122e+000  2.5564673e+000
  4.1736730e+000  9.1779506e+000
  9.2812166e+000  6.6452031e+000
  4.0292215e+000  4.8240009e+000
  2.0057767e+000  7.9925022e+000
  3.9028760e+000  9.9363224e+000
  9.5490153e+000  1.0977515e+000
  3.4636392e+000  8.5302972e+000
  9.2086629e+000  4.3059272e+000
  9.7976387e+000  6.4297939e+000
  1.2430548e-001  1.6592816e+000
  8.0095609e-001  6.9522154e+000
  6.9276683e+000  8.4936894e+000
  8.2285794e+000  3.7939216e+000
  1.8118700e+000  4.1253004e+000
  6.3942057e-001  1.8796318e+000
  2.3539921e+000  5.6587023e+000
  5.8078367e+000  3.0952205e+000
  5.1886767e+000  4.5000007e+000
  4.8180920e+000  7.1528393e+000
  7.4818028e+000  4.8618256e+000
  5.3360929e+000  9.3813718e+000
  6.1499704e+000  6.2959335e+000
  8.5520658e+000  3.8426272e+000
  9.8496980e+000  8.9508446e+000
  9.3442792e+000  7.7444297e-001
  7.4450578e+000  4.0224129e+000
  9.0204028e+000  4.2913322e+000
  4.7181679e+000  9.2816973e+000
  3.0263729e+000  9.7236395e+000
  8.8287768e+000  2.4819278e+000
  5.4531479e+000  6.2444584e+000
  6.9869962e+000  5.5646052e+000
  5.9371335e+000  8.6291374e+000
  8.1255974e+000  5.1525482e+000
  2.8619390e+000  1.1298037e+000
  7.4537527e+000  3.8929007e+000
  7.6660491e+000  4.4128714e+000
  9.8374484e+000  6.3163422e+000
  6.6894464e+000  1.1252635e+000
  1.7833567e+000  1.0100542e+000
  1.5987602e+000  1.3853683e+000
  7.3539785e+000  9.7420261e+000
  4.9093081e+000  5.1035899e+000
  6.5411584e+000  5.5423819e+000
  9.9901913e+000  8.5490000e+000
  7.5705010e+000  3.1704444e+000
  8.8703899e+000  4.9701273e+000
  6.0096374e+000  1.1914910e+000
  6.5115469e+000  4.8815601e-001
  4.7463820e+000  1.4631115e+000
  6.1128466e+000  3.0643197e+000
  7.4812994e+000  7.8896581e+000
  7.1078005e+000  1.2977652e+000
  2.3138838e+000  5.0811939e+000
  3.0491235e+000  9.8982184e+000
  4.7798235e+000  1.9453301e+000
  8.6008595e+000  2.9407229e+000
  8.8126946e+000  5.1687073e+000
  4.9510141e+000  2.7867662e+000
  3.7419066e+000  8.0824105e+000
  9.3804222e+000  7.9262917e+000
  5.4683624e-001  5.7118029e-001
  8.7599360e+000  3.0286711e+000
  9.9032818e+000  3.4111812e+000
  1.0971731e+000  6.7168546e+000
  3.3115228e+000  4.5387355e+000
  6.1141828e+000  7.0974163e+000
  5.9933736e+000  1.1829620e+000
  7.6441384e+000  1.3906457e+000
  7.0373951e+000  2.4879531e+000
  5.1995824e+000  3.2628179e+000
  7.1485523e+000  8.0174849e-001
  9.9106689e+000  7.1388765e+000
  4.3738781e+000  1.3050425e-001
  7.9476412e+000  5.8404181e+000
  8.7704511e+000  8.7835729e+000
  5.1152407e+000  4.9536188e+000
  2.8988483e+000  3.7938424e-001
  2.2944373e+000  9.0366486e+000
  2.3893927e+000  8.6676902e+000
  2.0979552e+000  1.8511187e+000
  1.7555127e+000  7.7258480e+000
  8.8288485e-001  2.1003659e+000
  1.6686718e+000  7.9263421e+000
  4.8991324e-001  3.8835815e+000
  8.7007390e+000  3.8558702e+000
  2.9401443e+000  9.7403665e+000
  8.2687361e+000  2.3978893e+000
  5.3146696e+000  6.3233858e+000
  2.9259503e+000  6.0434063e+000
  1.9128754e+000  1.5458656e+000
  2.6904863e+000  2.6851162e+000
  4.4452025e+000  9.9648949e-001
  5.9805213e+000  5.6080792e+000
  5.7821545e+000  5.4570568e+000
 -9.6919587e-004  7.4851579e+000
  6.2326863e+000  8.1053581e+000
  7.1037823e+000  7.3634795e+000
  2.8148740e+000  2.5094777e+000
  1.2186899e+000  4.0590083e+000
  7.1852387e+000  1.5842274e+000
  4.2248486e+000  4.2809052e+000
  9.5347158e+000  4.8844365e+000
  3.9367575e-001  5.3815655e+000
  4.9079104e+000  3.3637694e+000
  3.3163864e+000  1.1236323e+000
  7.8502035e+000  3.3609538e+000
  4.4033018e+000  5.2150315e+000
  8.3716119e+000  7.3873050e+000
  2.2467792e+000  4.9518424e+000
  7.4806300e-001  4.0014464e+000
  7.4127816e+000  1.1801666e+000
  4.9098516e+000  5.9727743e+000
  3.2435471e+000  3.2972231e+000
  4.5277646e+000  4.4002842e+000
  3.0899485e+000  3.9745621e+000
  6.8665071e+000  6.8195262e+000
  3.1778631e+000  1.5687976e-001
  7.0927101e+000  5.6988958e+000
  1.5389509e+000  6.7722318e+000
  6.3731928e+000  2.3476510e+000
  5.4836032e+000  6.7456195e+000
  4.4953320e+000  5.7059852e+000
  7.8115990e+000  6.9246551e+000
  3.6350198e+000  2.9052058e+000
  7.2695954e+000  4.5910273e+000
  9.8942313e+000  5.0103478e+000
  3.7268514e-001  2.5087971e+000
  3.8191539e+000  9.4399113e+000
  6.3658087e+000  7.6507987e+000
  5.3862833e+000  5.3742834e+000
  1.7803364e+000  7.8596593e+000
  8.7681239e+000  9.8596031e+000
  9.1423609e+000  2.6802771e-001
  9.8602977e+000  5.3748562e+000
  1.5553237e+000  7.3518119e+000
  4.1527539e+000  2.1447529e+000
  3.6392669e+000  9.0755186e+000
  6.9528884e+000  3.0084696e-001
  2.1523346e+000  9.9114580e+000
  7.3879085e+000  6.2864733e-001
  6.5066136e+000  9.3219628e+000
  5.8023833e+000  7.6511468e+000
  4.7998205e+000  5.0435006e+000
  2.1708737e+000  2.3857235e+000
  8.0997201e+000  8.1363987e+000
  7.5788798e+000  3.0485679e+000
  6.8497119e+000  1.3391731e+000
  2.9403949e+000  6.9449240e-002
  7.1930607e+000  7.7975401e+000
  4.9414330e+000  7.7843165e+000
  4.7472205e+000  4.8111674e+000
  1.2525142e+000  2.2627137e-001
  9.8569471e+000  7.9479361e+000
  1.0546992e-001  4.8793506e+000
  2.0001017e+000  3.8038434e+000
  8.0098225e+000  2.4328527e+000
  9.9728204e+000  5.4509911e+000
  7.4933597e+000  6.0578405e+000
  7.2087408e+000  4.5659438e+000
  2.7358805e-001  9.8479700e+000
  4.3754063e+000  7.1408884e+000
  2.1262093e+000  8.6120310e+000
  6.9954194e+000  4.1688778e+000
  9.5791731e+000  6.6027398e+000
  6.6747868e+000  6.0193724e+000
  7.1637147e+000  8.1758070e+000
  5.9010941e+000  3.7755904e+000
  7.1314348e+000  7.2693892e+000
  4.8319343e+000  2.7474169e+000
  9.5044189e+000  5.1009324e+000
  1.5013525e+000  8.0566881e+000
  1.4772549e+000  4.1865124e-001
  2.3142157e+000  7.2619440e+000
  5.5949378e+000  5.3579651e+000
  7.1224187e+000  9.5492541e+000
  5.8614968e+000  8.3371163e+000
  7.8429351e-001  7.0356605e+000
  4.3184586e+000  4.5910867e+000
  6.5828035e-001  9.8580412e+000
  8.5563202e+000  7.2431294e+000
  5.4926590e+000  1.0835124e+000
  1.4547128e+000  4.9239711e-001
  7.3380345e+000  5.9006345e+000
  1.0043089e+000  4.5042631e+000
  9.6302175e-001  7.6858534e+000
  5.3674945e+000  6.0888142e+000
  3.3813497e+000  3.8980279e+000
  9.1593496e+000  3.9600287e+000
  1.8891441e+000  6.9215190e+000
  9.1114925e+000  7.4166608e+000
  6.3951328e+000  4.9085065e+000
  4.8871034e+000  9.0858147e+000
  3.2947571e+000  3.8193788e+000
  6.0035701e+000  6.5938778e+000
  4.4055720e+000  9.8639671e+000
  6.6714907e+000  2.3516157e+000
  3.9029981e-001  4.2709753e+000
  4.4208789e+000  1.7998539e+000
  8.4498612e+000  9.9353026e+000
  5.4716380e-001  7.3718535e+000
  8.4635837e+000  8.3090720e+000
  3.2955728e+000  8.6864089e+000
  4.6743082e+000  2.3897936e+000
  5.3268199e+000  8.6429520e+000
  6.7275239e+000  9.0025428e+000
  9.2263008e+000  3.2433488e+000
  6.3101981e+000  6.6308004e+000
  1.2320567e+000  5.5888975e+000
  6.0262449e+000  9.1380351e+000
  9.8263447e+000  6.7027354e+000
  7.3087045e+000  9.1652777e+000
  7.1104043e+000  5.0546099e+000
  4.5243327e+000  1.7440278e+000
  6.1252097e+000  8.9876681e+000
  9.0502005e+000  1.9518144e+000
  6.1905440e+000  5.3063643e+000
  6.8965634e+000  8.9520590e+000
  2.2733248e+000  1.5947468e+000
  6.6069201e+000  1.0920453e-001
  8.2405512e+000  3.0252789e+000
  5.0742376e+000  7.2347082e+000
  4.6119612e+000  3.2065298e+000
  1.4636830e+000  5.3084712e+000
  1.4228977e+000  5.6956095e+000
  3.3647787e+000  6.6361672e+000
  9.8357784e+000  4.8867572e+000
  5.7636132e+000  2.4625391e+000
  5.7933154e-001  2.6088656e+000
  9.1122939e+000  2.3463471e+000
  6.9816479e+000  9.5567215e+000
  5.8799315e+000  4.4944626e+000
  2.9744118e+000  1.6261284e+000
  7.5522838e+000  6.2058299e+000
  7.6469849e+000  5.9379806e+000
  2.6623380e+000  7.1634267e+000
  2.8945137e+000  5.6658987e-001
  7.9631778e+000  6.2658926e+000
  8.3893549e+000  4.4212660e+000
  1.2543557e+000  8.9695805e+000
  8.9208631e+000  1.6361706e+000
  7.9383102e+000  9.7646543e+000
  7.3190340e+000  8.3508520e+000
  4.5038742e+000  7.8760509e+000
  3.4476916e+000  5.6708266e+000
  4.7472781e+000  5.5974585e-001
  2.3860596e+000  5.5189071e+000
  5.0643528e-001  7.4652679e+000
  8.3461749e+000  1.0131726e+000
  5.3497054e+000  4.6812082e+000
  5.7219349e+000  2.9320888e+000
  7.9556422e+000  6.0704798e+000
  4.6109884e+000  4.0115146e+000
  3.7941494e+000  6.2084167e-001
  9.4027830e-001  9.5862473e+000
  3.3386209e+000  2.3788866e-001
  2.8803086e+000  6.1210858e+000
  4.9131186e+000  8.3779335e+000
  6.5049479e+000  5.2854954e+000
  1.9704319e+000  9.5687676e+000
  1.0813044e-002  6.1321234e+000
  3.7808796e+000  3.9163171e+000
  2.2377147e+000  2.6158435e-001
  1.2275188e+000  9.3472201e+000
  9.5061767e+000  1.3193203e+000
  8.0811137e+000  5.9709510e+000
  4.1359794e+000  4.0723295e+000
  4.4003147e+000  9.1923863e+000
  1.2497288e-001  6.8887155e+000
  2.5382322e+000  4.7801579e+000
  6.5006025e+000  6.5061910e+000
  2.2406826e+000  2.9318424e+000
  9.9422162e+000  3.4994142e+000
  3.7844124e+000  9.5068203e+000
  9.4162399e+000  2.3454396e+000
  4.2068777e+000  1.9193727e+000
  1.1631364e+000  4.8112471e+000
  2.8530250e+000  8.9521550e+000
  9.0202293e+000  8.0407475e+000
  1.7515546e+000  3.8779980e+000
  4.0776128e+000  3.6281607e-001
  9.9457550e-001  9.5827389e+000
  5.1411649e+000  1.8008360e+000
  2.1407434e+000  4.1464015e+000
  8.1143971e+000  3.4907360e+000
  1.8131265e+000  6.1727200e+000
  6.8110435e+000  6.1772149e+000
  2.8206608e+000  3.4435627e+000
  6.0518112e-001  2.8434608e+000
  5.2871511e+000  8.4713368e+000
  3.2779772e+000  5.0233258e+000
  1.6591334e-001  7.4890180e-001
  2.5726915e+000  6.0258154e+000
  9.7748044e+000  4.2657672e+000
  5.9120878e+000  2.1437284e-001
  3.3496153e+000  1.0238201e+000
  1.6355913e+000  7.9097918e+000
  1.4177563e+000  6.0202916e+000
  6.5851705e+000  2.7279289e+000
  3.5104568e-001  5.3288806e+000
  8.1675493e+000  9.4054501e+000
  3.4602316e+000  4.6992934e+000
  1.7767781e-001  3.3635751e+000
  6.3019607e+000  2.9958271e+000
  2.6418321e+000  7.6073224e-001
  5.2648671e+000  1.0001612e+001
  7.9038612e+000  6.1703089e+000
  7.3821227e+000  5.2198040e+000
  5.1978079e+000  3.4976066e+000
  4.4222351e+000  2.3688870e+000
  4.7115850e+000  8.9163686e-001
  4.6773238e-001  3.1581265e+000
  4.3433896e+000  5.6730035e+000
  6.3606907e+000  4.6224267e+000
  9.4228176e+000  9.3911682e+000
  6.0462267e-001  1.2655454e+000
  2.3829989e+000  7.4835553e-001
  8.8987297e+000  5.5803152e+000
  9.1165428e+000  4.8969964e+000
  1.6278151e+000  3.1978873e+000
  9.9250344e-001  8.4328065e+000
  6.5082763e+000  2.5714722e+000
  6.7893270e+000  8.2511719e+000
  1.2527909e-001  1.5987869e+000
  9.0584632e+000  2.6623676e+000
  2.1666964e+000  2.7126322e+000
  9.6376680e+000  3.2353830e+000
  5.3070163e-001  8.0716273e+000
  1.5766776e+000  5.7573593e+000
  2.4621840e+000  5.2995069e+000
  8.2367217e+000  7.0722780e+000
  1.3792290e+000  8.1081083e-001
  8.9731295e+000  1.3566800e+000
  4.9533517e+000  2.7672741e-001
  3.9886797e-001  9.2084232e+000
  7.2122983e-001  3.3037450e-001
  4.1002480e+000  1.0349779e+000
  3.2763680e+000  8.7711590e+000
  9.1757581e+000  6.4914978e+000
  9.8446227e+000  3.7865639e+000
  3.3335157e+000  8.3183707e+000
  5.7793462e+000  8.5694241e+000
  4.7396803e+000  2.4769655e+000
  2.5491681e+000  1.4959759e+000
  5.6196727e+000  3.7944236e+000
  9.6112580e-001  4.2758099e+000
  5.2051967e+000  1.0123464e+000
  7.6280770e+000  4.8331400e+000
  8.6656151e+000  1.2165278e+000
  6.2149633e+000  1.4288423e+000
  5.8723700e+000  6.8704487e+000
  8.8632174e+000  8.2502780e+000
  7.3362202e+000  1.7037478e+000
  4.9050160e-001  7.4332985e+000
  7.7392465e-001  8.2247369e+000
  5.4759483e+000  5.1683574e+000
  7.3709709e+000  3.7691549e-001
  6.2133648e+000  2.7000557e+000
  5.0872763e+000  4.2192871e+000
  5.9044341e+000  4.4362127e+000
  1.8805238e+000  8.1217338e+000
  7.5193444e-001  3.1787460e+000
  5.0267975e+000  2.0884020e+000
  9.4233515e+000  1.5117715e+000
  5.9521847e+000  1.3384110e-001
  6.8332839e-001  6.2638146e+000
  9.0571601e+000  8.6378688e+000
  3.7320823e+000  9.9508587e+000
  3.6430912e+000  1.2637072e+000
  7.0705015e+000  5.0627202e+000
  9.7554402e+000  5.5051821e+000
  5.7385424e+000  9.8876596e+000
  7.5814279e+000  8.2882588e+000
  4.5695084e+000  3.4261422e+000
  8.4580503e+000  7.5545947e+000
  6.9310453e+000  4.3766941e+000
  1.8727865e+000  5.8927004e+000
  3.9421196e+000  3.6807945e+000
  9.3871145e+000  9.5880900e+000
  9.4377358e+000  7.6706941e+000
  8.3268444e+000  5.8305293e-001
  8.7933097e+000  5.6267951e+000
  1.9145424e+000  5.5055277e+000
  4.5017567e+000  4.1133141e+000
  6.2235832e+000  5.3568433e+000
  8.6118778e+000  5.4265805e-001
  8.3675976e+000  1.2971892e+000
  1.0427730e+000  7.5303660e+000
  4.1639880e+000  8.7710557e+000
  2.5205726e+000  9.9181361e+000
  1.7315430e+000  1.4923931e+000
  1.2053278e+000  7.9431449e+000
  6.5941527e+000  4.5113133e+000
  5.4093422e+000  2.1308091e+000
  1.6589022e+000  1.9214793e+000
  3.8663810e+000  8.6345319e+000
  5.3521898e+000  5.4201038e+000
  3.6158143e+000  5.7631841e+000
  9.0161400e-001  1.7271307e+000
  5.3334246e+000  7.9275272e+000
  4.6700758e+000  4.1654264e+000
  4.9409791e+000  4.7889565e+000
  3.5109708e+000  9.1795665e+000
  9.3173811e+000  6.5805482e+000
  4.9055751e+000  1.0716649e+000
  5.2349301e+000  8.9636780e+000
  6.9952625e+000  9.6263053e+000
  8.1992690e-001  1.5586063e+000
  9.4371966e-001  2.1236298e+000
  1.4935644e+000  4.3733076e-002
  1.7122646e+000  4.3346960e+000
  6.9401750e+000  7.0566984e+000
  4.2232992e+000  7.2908177e+000
  5.9139907e-001  1.3704871e+000
  9.9438196e+000  8.2549161e+000
  3.4728089e-002  3.2271099e+000
  5.2065346e+000 -5.0305366e-003
  2.1575927e+000  8.5277290e+000
  6.2081836e+000  3.3662968e+000
  8.1546593e+000  5.3515762e+000
  6.5527888e+000  1.2532403e+000
  2.5439781e+000  6.4711845e+000
  5.4404107e+000  7.8990747e+000
  8.9583094e+000  1.2279526e+000
  1.8481371e+000  8.9297377e+000
  5.0059631e+000  1.1576536e+000
  6.2201412e+000  8.6389877e+000
  7.7552997e+000  6.6968875e+000
  9.6082621e+000  2.5655214e+000
  6.3801845e+000  6.6799344e+000
  7.8378289e+000  9.5078946e+000
  1.9975154e+000  6.7289364e+000
  4.1051949e+000  4.0267917e+000
  6.1434758e+000  3.7900473e+000
  3.4070375e+000  9.4526079e+000
  6.0020793e+000  3.7070736e+000
  7.6214908e+000  3.7293258e+000
  3.2493347e+000  1.7246453e+000
  1.7519399e+000  3.5170568e+000
  5.8346586e+000  3.1843378e+000
  3.8319119e+000  6.0013542e+000
  3.0513824e+000  5.7706031e+000
  5.9272765e+000  1.5335621e+000
  5.8019047e+000  6.9314417e+000
  8.3383718e+000  8.8975942e+000
  2.5798385e+000  5.1901121e+000
  9.5994131e+000  7.3963199e+000
  6.1860255e+000  3.8170008e+000
  6.9508732e+000  9.4890015e+000
  5.3720147e+000  2.5012347e+000
  2.4474870e+000  1.3799550e+000
  9.4382142e+000  3.4250545e+000
  2.9193865e+000  6.6969537e+000
  1.0316093e+000  5.2973261e-001
  3.1182254e+000  2.3396056e+000
  9.2288892e+000  8.5780253e-001
  1.5989230e+000  8.3854938e+000
  2.5742224e+000  9.8179730e+000
  2.5591152e+000  5.1804421e+000
  5.2116086e+000  2.0557879e+000
  6.6851380e+000  7.2162938e+000
  8.9173428e+000  2.6390420e+000
  6.4908983e+000  2.0650932e+000
  5.3750644e+000  2.1135795e+000
  6.8247657e+000  3.6147480e+000
  2.4024029e+000  6.2764734e+000
  8.0205956e+000  8.7926611e+000
  5.4030319e-001  2.5670926e+000
  9.0772462e+000  2.2078093e+000
  9.6471253e+000  4.7349603e+000
  8.1505054e+000  6.6071076e+000
  6.2627594e+000  9.4514003e+000
  4.4719102e-001  8.4825950e+000
  9.1364239e+000  9.4562790e+000
  3.2285417e+000  2.7705802e-001
  7.5546580e-001  7.2317041e+000
  4.5046380e-001  6.3499699e+000
  2.8719892e+000  9.0034042e+000
  7.7412539e+000  1.2825329e+000
  5.5626555e+000  6.0563060e+000
  5.6820131e+000  2.0146168e+000
  2.2049311e+000  6.8366153e+000
  3.0674922e+000  7.4772743e-001
  7.4224162e+000  7.0378929e+000
  8.6180061e+000  5.4857697e+000
  2.7139496e+000  7.2585541e+000
  7.3280064e+000  4.5225707e+000
  8.0117760e+000  1.2119920e+000
  1.3993772e+000  6.9650245e+000
  4.9630546e+000  4.6525363e+000
  7.2035986e+000  5.0008222e+000
  3.6779020e+000  9.3393201e+000
  1.0555479e+000  6.3366564e+000
  6.8615985e+000  3.9986127e+000
  4.9840542e+000  2.7935174e-001
  4.4222625e+000  4.0558749e-001
  5.0740902e+000  1.7523639e+000
  1.0679071e+000  9.6310723e+000
  3.3861847e+000  9.9489846e+000
  4.2846422e+000  6.9117135e+000
  8.2645192e+000  8.2236620e+000
  5.7593688e-001  9.5507709e+000
  5.4228802e+000  1.8282846e+000
  2.3418577e+000  2.5396333e-001
  1.8062300e+000  7.0857307e+000
  3.4985897e+000  9.2052298e+000
  9.4614888e-002  3.8667110e+000
  5.5483342e+000  5.6739972e+000
  8.7165951e+000  9.0758112e+000
  7.0890867e+000  2.3982152e+000
  3.8042904e+000  8.1172480e-001
  8.5300877e+000  8.3861693e+000
  9.2746200e+000  2.3252358e+000
  1.1907917e+000  7.4964649e+000
  1.3422978e+000  7.3376885e+000
  8.3179297e-001  6.9972303e+000
  9.4258605e+000  1.8497423e+000
  6.7572942e+000  6.6219400e+000
  7.5755514e+000  9.5628104e+000
  3.5075862e+000  6.6753249e+000
  8.5539164e+000  2.9729563e+000
  6.4641565e+000  5.7559695e+000
  9.6196101e+000  5.8591374e+000
  7.9391151e+000  7.9805998e-001
  5.3822426e+000  7.4464185e+000
  8.5282495e+000  2.2063588e+000
  7.1055670e+000  4.3716406e+000
  3.2230347e+000  9.2406460e+000
  4.1842256e+000  1.9587432e+000
  1.1373324e+000  7.3230220e+000
  6.6040608e+000  3.8421392e+000
  7.5787179e+000  8.5614631e+000
  7.4230037e+000  4.9727786e+000
  3.6392559e+000  6.0902811e+000
  1.8257925e+000  8.2717330e+000
  1.9813377e+000  3.8656998e-001
  6.5984113e+000  7.1261645e+000
  3.7545488e+000  8.6339404e+000
  5.7016168e+000  6.3568455e+000
  1.0590963e+000  6.7157824e+000
  7.3771911e-001  2.9156267e+000
  3.7194610e+000  6.3573168e+000
  4.6670812e-001  2.4712006e+000
  2.5888921e+000  5.5862599e+000
  4.4174755e+000  5.0593538e-001
  1.4825845e+000  4.9669723e+000
  7.8712241e+000  1.9165994e+000
  4.7129587e+000  2.8648660e+000
  4.2389968e-001  4.3079607e+000
  2.2532400e+000  3.4094221e-001
  4.4242535e+000  6.2002753e+000
  7.9688428e+000  6.3076524e+000
  9.7786801e+000  3.3127388e+000
  5.9289608e+000  7.3757926e+000
  2.2653503e+000  1.7987957e+000
  5.6802472e+000  3.1412003e+000
  5.3899271e+000  1.4822581e+000
  1.8570853e+000  3.8499578e+000
  2.3133487e-002  3.1422753e+000
  8.9752390e+000  6.4639240e+000
  6.0938064e+000  1.5314832e+000
  4.3843369e+000  3.0660915e+000
  1.6083075e+000  5.9522635e+000
  8.4775846e+000  2.8382022e+000
