  5.0066072e+000  4.9312936e+000
  5.7912911e+000  7.6965159e+000
  8.6239536e-001  7.0026992e+000
  8.4124647e+000  1.9032964e+000
  7.0318346e+000  6.1830146e+000
  6.1057171e+000  6.9659068e+000
  8.0895843e+000  1.6281752e+000
  1.5879100e+000  1.9148960e+000
  1.5145384e+000  4.2050096e+000
  1.1802088e+000  7.1031741e+000
  6.5874703e+000  8.5887503e+000
  3.2370059e+000  4.3356652e+000
  8.1979610e+000  5.7065717e+000
  2.4933352e+000  2.5769161e+000
  5.3029458e+000  1.7144143e+000
  8.9334149e+000  5.4200203e+000
  3.5386621e+000  8.8842574e+000
  8.0426098e+000  8.2547801e+000
  8.7335480e+000  2.3688761e+000
  5.0981724e+000  8.0462836e+000
  6.8727668e+000  8.6138082e+000
  2.8910342e+000  8.4255671e+000
  6.1241676e+000  1.4438208e+000
  5.1076970e+000  2.9815354e+000
  5.3751525e+000  5.4533335e+000
  6.8749057e+000  5.0674789e+000
  1.5293274e+000  6.9526666e+000
  8.1883890e+000  1.6003592e+000
  8.7658349e+000  5.0630243e+000
  4.8230223e+000  4.4253488e+000
  8.6866642e+000  5.3830205e+000
  8.0140773e+000  1.7529418e+000
  3.3359788e+000  1.8430240e+000
  2.6744344e+000  4.1750775e+000
  2.9671857e+000  1.4845856e+000
  8.5767125e+000  5.8105679e+000
  6.6632365e+000  8.4369808e+000
  1.5934295e+000  8.0944960e+000
  2.8648809e+000  9.0874285e+000
  8.4012611e+000  1.3202494e+000
  1.6389470e+000  1.6163933e+000
  6.3626314e+000  1.2805133e+000
  2.4177531e+000  1.4439398e+000
  8.0938962e+000  2.4361477e+000
  1.8472259e+000  3.6972193e+000
  2.3793242e+000  8.7287642e+000
  1.1358160e+000  3.1947157e+000
  5.3093364e+000  8.3363349e+000
  8.4108880e+000  1.8780525e+000
  1.2700880e+000  7.0816443e+000
  7.9136256e+000  1.7824035e+000
  2.8612323e+000  8.9701514e+000
  8.8376309e+000  5.2754209e+000
  5.9690901e+000  7.2860425e+000
  6.0237966e+000  6.6549492e+000
  6.9381001e+000  4.5517998e+000
  1.4779597e+000  4.2267803e+000
  7.1397789e+000  8.6890223e+000
  1.3671273e+000  4.3709215e+000
  8.8159421e+000  5.6899469e+000
  1.5372131e+000  4.2439178e+000
  1.9953289e+000  6.9417237e+000
  5.2576245e+000  2.9230475e+000
  8.4605273e+000  2.6167278e+000
  8.1719857e+000  6.7217285e+000
  1.3980572e+000  1.6883657e+000
  5.1123564e+000  6.6106773e+000
  5.3261029e+000  2.9850123e+000
  1.2526764e+000  6.9293594e+000
  6.7609598e+000  6.6912166e+000
  4.9809115e+000  3.0843892e+000
  1.4744765e+000  4.7653580e+000
  1.9988350e+000  6.8255720e+000
  1.7955352e+000  5.0131526e+000
  8.6828660e+000  5.3246051e+000
  4.9883252e+000  2.8752928e+000
  8.1213530e+000  1.8340347e+000
  3.6096052e+000  8.5246618e+000
  4.0339375e+000  2.7072544e+000
  3.4019487e+000  1.8568855e+000
  6.6838263e+000  7.2617956e+000
  7.4247188e+000  8.7112468e+000
  3.7058132e+000  8.3516869e+000
  8.5828095e+000  1.8764174e+000
  4.6358718e+000  1.2999030e+000
  5.5350742e+000  2.7980471e+000
  2.0995366e+000  1.5073790e+000
  3.3928024e+000  1.2876547e+000
  4.5060825e+000  2.0449876e+000
  8.5959171e+000  3.6148710e+000
  4.0236766e+000  7.0608291e+000
  2.7429058e+000  2.7810983e+000
  3.1153392e+000  1.6676477e+000
  8.4389196e+000  1.9260801e+000
  4.3135736e+000  1.8169137e+000
  6.8463414e+000  1.4551264e+000
  1.7578551e+000  4.2025139e+000
  1.4422556e+000  7.1757305e+000
  3.4213189e+000  1.3479998e+000
  3.4012438e+000  1.3814744e+000
  6.7701262e+000  6.0688722e+000
  1.2804960e+000  1.8520528e+000
  9.0095027e+000  3.1807285e+000
  6.1084697e+000  8.7566641e+000
  8.6474120e+000  1.8443240e+000
  1.5870424e+000  7.9554665e+000
  1.2907093e+000  1.7938965e+000
  1.3344826e+000  5.0586458e+000
  5.1901077e+000  2.9613702e+000
  1.8346133e+000  7.2251228e+000
  5.1504968e+000  2.8734029e+000
  8.3037322e+000  1.9895882e+000
  8.7706113e+000  1.9334132e+000
  1.8540372e+000  7.3253242e+000
  2.6307346e+000  4.8942283e+000
  8.6667459e+000  7.2069027e+000
  8.9366762e+000  6.6782267e+000
  5.3273309e+000  2.7851646e+000
  4.7963693e+000  2.2123193e+000
  9.5025880e-001  6.9550205e+000
  6.3938761e+000  7.2892854e+000
  3.4381587e+000  5.7470139e+000
  5.3644595e+000  3.3697045e+000
  9.1034100e+000  5.1351783e+000
  3.4691986e+000  1.4048149e+000
  2.1901218e+000  8.3878731e+000
  3.4418594e+000  6.5113857e+000
  1.8056227e+000  6.8179703e+000
  3.1575308e+000  1.6550661e+000
  7.0588165e+000  6.7151467e+000
  3.0742739e+000  1.4534594e+000
  5.5189119e+000  3.4142262e+000
  8.0689760e+000  6.7526881e+000
  3.4339211e+000  8.8081467e+000
  2.8835777e+000  1.5079892e+000
  1.5894512e+000  1.5457589e+000
  3.0541805e+000  1.6685100e+000
  1.3664984e+000  1.4968301e+000
  1.8269220e+000  5.2192551e+000
  5.2982535e+000  2.7526367e+000
  1.2756884e+000  7.8266037e+000
  2.8357832e+000  2.3151655e+000
  8.2238892e+000  5.3429860e+000
  8.6220550e+000  2.6471402e+000
  1.7453616e+000  8.3368943e+000
  5.2011885e+000  2.8813464e+000
  8.8703115e+000  5.7871947e+000
  1.7426311e+000  6.9780855e+000
  7.3468359e+000  7.0410094e+000
  8.8806396e+000  8.3845875e+000
  8.8651327e+000  8.4346853e+000
  9.0063578e+000  5.0223636e+000
  1.4820824e+000  5.4600097e+000
  5.5149549e+000  4.7843742e+000
  2.7532060e+000  1.6657521e+000
  4.3276448e+000  6.0413287e+000
  8.3355015e+000  8.0224611e+000
  1.0853135e+000  1.4940767e+000
  3.1274358e+000  1.3860774e+000
  7.1678321e+000  5.5833668e+000
  1.4837187e+000  6.9152842e+000
  3.2379248e+000  9.3046898e+000
  2.6727978e+000  1.9117176e+000
  8.2529687e+000  2.2357602e+000
  3.6149978e+000  1.3974794e+000
  1.1102392e+000  6.8326768e+000
  5.3571228e+000  3.7653743e+000
  8.1218175e+000  2.5145824e+000
  7.0372485e+000  3.4959987e+000
  3.9417035e+000  3.7396598e+000
  5.8469974e+000  7.2861563e+000
  2.4827098e+000  3.3452631e+000
  2.8882979e+000  1.4877061e+000
  1.4441991e+000  7.7826405e+000
  2.5093881e+000  8.2788053e+000
  1.5921380e+000  7.2664790e+000
  5.6102589e+000  5.9853654e+000
  1.2388308e+000  7.1880378e+000
  8.9003569e+000  1.9355604e+000
  3.4501914e+000  7.0174357e+000
  3.3542985e+000  1.7552085e+000
  1.4069208e+000  1.5842692e+000
  5.1112403e+000  3.2013177e+000
  8.1694436e+000  2.2287683e+000
  8.7369981e+000  8.5658045e+000
  3.2258120e+000  1.4471779e+000
  5.5486263e+000  2.9825014e+000
  5.7108662e+000  7.5411428e+000
  8.3821334e+000  5.2102813e+000
  7.2248545e+000  8.6548566e+000
  8.9650171e+000  5.3677298e+000
  3.3260552e+000  1.0672236e+000
  6.8663226e+000  8.2518873e+000
  8.5533769e+000  8.7707706e+000
  1.2354350e+000  6.8260197e+000
  5.2750568e+000  2.9604487e+000
  8.3963300e+000  1.7311309e+000
  8.8045757e+000  5.9429188e+000
  8.5784232e+000  6.0407599e+000
  7.6716588e+000  1.4173969e+000
  4.2668222e+000  8.5228660e+000
  9.0821047e+000  8.8108769e+000
  6.4143856e+000  7.9001713e+000
  3.4147163e+000  1.5354761e+000
  5.2817777e+000  5.0020175e+000
  7.9332594e+000  1.6638417e+000
  8.2330970e+000  2.6408687e+000
  6.2270398e+000  6.4288175e+000
  8.5953313e+000  4.8888939e+000
  6.2502469e+000  7.2765822e+000
  8.6510781e+000  2.2121392e+000
  1.1925729e+000  8.5387572e+000
  5.0821866e+000  2.8484334e+000
  5.4045187e+000  1.4544816e+000
  1.0914213e+000  6.9412150e+000
  8.8137139e+000  1.9625978e+000
  6.7597071e+000  8.6004559e+000
  5.5649139e+000  1.4316049e+000
  4.9685063e+000  3.6790711e+000
  8.4627257e+000  2.2902646e+000
  8.0342337e+000  2.3104502e+000
  1.2644350e+000  7.0228094e+000
  2.0244771e+000  5.5283372e+000
  6.5528761e+000  7.1526188e+000
  4.1633343e+000  6.1501729e+000
  3.4066251e+000  1.3183173e+000
  3.7286530e+000  1.7784045e+000
  8.3636853e+000  1.8585427e+000
  1.9338531e+000  8.0308829e+000
  3.0022426e+000  1.5905027e+000
  4.2990872e+000  4.6253205e+000
  6.4494650e+000  6.2662291e+000
  4.3591224e+000  8.3343036e+000
  9.0391393e+000  3.5236419e+000
  5.9912178e+000  8.1624512e+000
  5.3945493e+000  3.1078322e+000
  1.6447977e+000  1.5266826e+000
  3.5140747e+000  4.8958668e+000
  2.1628912e+000  1.9795886e+000
  9.0485674e+000  8.3965020e+000
  5.0140398e+000  3.0986671e+000
  2.4682381e+000  4.8989759e+000
  8.5476250e+000  6.2177597e+000
  9.6578772e-001  3.4523544e+000
  5.4306438e+000  3.5041572e+000
  5.8796854e+000  8.7543933e+000
  8.3826303e+000  2.1914500e+000
  8.4031184e+000  5.2625595e+000
  4.0685813e+000  8.7632325e+000
  1.4364217e+000  6.2244158e+000
  5.2046135e+000  2.8504149e+000
  8.6132879e+000  4.5833416e+000
  5.5921644e+000  3.1644850e+000
  7.0745709e+000  6.2346320e+000
  3.3428578e+000  3.4417475e+000
  7.2891091e+000  6.9367751e+000
  1.5782247e+000  1.6893154e+000
  8.8234944e+000  4.2703508e+000
  7.4531491e+000  5.5715582e+000
  1.3285339e+000  7.4224083e+000
  1.2171235e+000  7.1163891e+000
  2.7976208e+000  8.5175374e+000
  1.7208518e+000  7.4676301e+000
  4.2100315e+000  9.0235334e+000
  7.6430748e+000  1.5659195e+000
  6.1355763e+000  6.6923820e+000
  5.3518775e+000  6.9039735e+000
  6.1293469e+000  7.7319834e+000
  8.1114422e+000  1.5639907e+000
  8.2470611e+000  1.6846813e+000
  6.9438644e+000  5.8720254e+000
  1.4257378e+000  4.5178986e+000
  5.0988069e+000  4.4238498e+000
  8.2580334e+000  5.5283835e+000
  3.0313107e+000  1.9020360e+000
  5.3620072e+000  2.8782260e+000
  3.0762354e+000  8.7810284e+000
  1.3990718e+000  4.5302514e+000
  4.7492398e+000  8.5300719e+000
  2.1195159e+000  7.1059182e+000
  2.5525538e+000  4.9210857e+000
  9.0151998e+000  5.0856303e+000
  5.2782354e+000  2.5961603e+000
  8.4882053e+000  6.8928132e+000
  1.4915579e+000  4.3763165e+000
  8.6109646e+000  7.4365815e+000
  6.7249720e+000  1.4475317e+000
  9.2600822e+000  3.5280353e+000
  8.1810092e+000  1.7348428e+000
  5.6615352e+000  3.1579147e+000
  4.4450385e+000  8.6821936e+000
  2.6490894e+000  4.4041876e+000
  8.3565446e+000  5.1895021e+000
  8.9140445e+000  4.9430743e+000
  6.8963200e+000  8.6546811e+000
  5.7343283e+000  7.0024907e+000
  3.2816508e+000  4.0834831e+000
  8.5206107e+000  1.8894045e+000
  5.3914014e+000  2.5739488e+000
  1.3315191e+000  1.6173559e+000
  5.2481630e+000  8.5678588e+000
  5.2405873e+000  3.2564384e+000
  4.5375738e+000  5.8419893e+000
  5.2070412e+000  6.4869976e+000
  8.5235910e+000  7.4787925e+000
  8.8912640e+000  2.2149088e+000
  8.3375430e+000  2.5128567e+000
  1.5767734e+000  2.0352715e+000
  8.7281272e+000  7.9104300e+000
  1.1956229e+000  1.8198463e+000
  4.1686936e+000  1.9338562e+000
  1.4179027e+000  1.6536169e+000
  1.8731300e+000  6.9386280e+000
  8.1225232e+000  2.3221019e+000
  1.3859094e+000  4.0872757e+000
  6.5388213e+000  4.7347216e+000
  8.3281619e+000  1.8906102e+000
  5.1158529e+000  3.0755644e+000
  5.7718677e+000  4.8455561e+000
  1.5800043e+000  1.9314620e+000
  2.5423642e+000  2.2314242e+000
  7.0442202e+000  1.7944860e+000
  5.4533885e+000  3.3622718e+000
  1.4607595e+000  1.7173422e+000
  8.8490716e+000  8.1538123e+000
  3.6174189e+000  8.2747435e+000
  6.5565662e+000  7.3286175e+000
  8.8297723e+000  8.6881974e+000
  8.8909615e+000  1.8395106e+000
  8.2846900e+000  2.6309796e+000
  8.4270894e+000  1.7655895e+000
  8.7608073e+000  7.6587751e+000
  5.3164190e+000  2.8873883e+000
  8.2922033e+000  2.3025119e+000
  8.8162638e+000  5.2401715e+000
  8.6302238e+000  6.3096268e+000
  1.4724922e+000  7.3495933e+000
  8.6190645e+000  1.9767393e+000
  3.6264635e+000  8.5643052e+000
  1.8843370e+000  6.2130748e+000
  6.9495175e+000  5.9521654e+000
  1.9688982e+000  7.2096790e+000
  5.4066027e+000  2.8647961e+000
  3.4300344e+000  1.7378588e+000
  8.5752533e+000  6.4433205e+000
  3.3143999e+000  8.8787954e+000
  7.1607947e+000  5.9674113e+000
  5.6683084e+000  1.7567838e+000
  6.6914968e+000  4.1898327e+000
  3.9308195e+000  6.8281351e+000
  1.8751857e+000  4.2724744e+000
  1.3846701e+000  1.6514309e+000
  2.3174921e+000  8.5056469e+000
  8.1403045e+000  2.1838326e+000
  2.5635446e+000  4.4041781e+000
  8.1813173e+000  1.4337079e+000
  8.6686956e+000  5.5969858e+000
  1.9142087e+000  7.1359008e+000
  5.9756305e+000  7.7524880e+000
  1.7739712e+000  7.1746455e+000
  1.6381403e+000  4.0505659e+000
  8.6512112e+000  6.4957292e+000
  8.0164255e+000  1.8428679e+000
  1.0232418e+000  2.4627596e+000
  1.7728140e+000  8.2577449e+000
  7.1444773e+000  6.2658704e+000
  3.7696891e+000  1.7050721e+000
  5.4256729e+000  1.3012391e+000
  6.9376337e+000  4.6415346e+000
  1.2015558e+000  6.7407104e+000
  8.7389442e+000  5.7673754e+000
  8.6306402e+000  1.8773242e+000
  3.1983114e+000  9.1453912e+000
  8.2832134e+000  3.2628687e+000
  5.9212020e+000  8.3646341e+000
  3.1024935e+000  1.3844885e+000
  8.3277276e+000  5.5397885e+000
  4.4802879e+000  9.0052798e+000
  8.3285989e+000  2.3544202e+000
  8.3371309e+000  1.9715368e+000
  8.6520524e+000  8.0141192e+000
  3.8126641e+000  1.5897319e+000
  5.2050154e+000  4.0781209e+000
  8.5276382e-001  9.3138722e+000
  4.9554469e+000  2.7548539e+000
  8.5272261e+000  3.0326429e+000
  3.5511664e+000  1.4384374e+000
  1.6068014e+000  1.2036406e+000
  8.9046338e+000  8.4648643e+000
  1.0381532e+000  4.0853915e+000
  1.8519023e+000  4.4022849e+000
  7.8944726e+000  5.8453986e+000
  8.1932438e+000  6.1834836e+000
  8.7848355e+000  5.2182022e+000
  5.4205330e+000  2.5969174e+000
  1.0944063e+000  8.2652730e+000
  1.4427150e+000  4.1455798e+000
  1.1206421e+000  1.8068555e+000
  1.9516725e+000  6.8311198e+000
  7.1258369e+000  6.1556108e+000
  1.4952601e+000  4.2799839e+000
  4.4018217e+000  8.8395156e+000
  5.1494628e+000  3.2146714e+000
  1.8851367e+000  1.4701184e+000
  1.5290477e+000  2.0996932e+000
  4.7432733e+000  4.1169238e+000
  5.4080856e+000  5.4001988e+000
  8.2541248e+000  8.3539045e+000
  4.5133213e+000  9.0422204e+000
  6.0262770e+000  5.4023516e+000
  4.8829852e+000  8.5197585e+000
  1.2575483e+000  7.3548496e+000
  3.7612188e+000  1.4855737e+000
  1.3002839e+000  8.5329866e+000
  3.6014177e+000  8.7232990e+000
  3.2721608e+000  1.5705802e+000
  8.7802720e+000  1.2489253e+000
  2.5182879e+000  8.3010162e+000
  5.1938104e+000  3.1003490e+000
  8.9338563e+000  2.2178189e+000
  1.7737754e+000  4.2052377e+000
  1.6537966e+000  4.8770072e+000
  3.9409208e+000  5.0736055e+000
  6.7445022e+000  8.8060308e+000
  3.1328916e+000  1.4616868e+000
  4.0304529e+000  5.6212683e+000
  5.0964116e+000  3.4642799e+000
  7.2097929e+000  4.2157671e+000
  8.2334924e+000  2.7626157e+000
  1.3257897e+000  1.5118679e+000
  8.8492142e+000  4.0162269e+000
  1.9391049e+000  6.9146774e+000
  7.8037936e+000  2.1510778e+000
  3.8174421e+000  8.2920714e+000
  8.7667567e+000  8.6949858e+000
  8.6813597e+000  7.6876830e+000
  8.9419932e+000  6.6380514e+000
  7.0285883e+000  5.2941238e+000
  5.7520668e+000  5.5935300e+000
  8.9479300e+000  5.1750063e+000
  3.3812558e+000  1.6928129e+000
  7.0472615e+000  8.7826880e+000
  5.7767911e+000  7.1003842e+000
  3.3952954e+000  1.1580609e+000
  5.3191804e+000  4.0720366e+000
  7.0242782e-001  8.4302614e+000
  4.2377916e+000  1.7418293e+000
  3.1537073e+000  9.3839506e+000
  1.3583425e+000  6.6522415e+000
  4.1416498e+000  1.4862456e+000
  2.1210437e+000  7.2590149e+000
  6.2332183e+000  6.6282489e+000
  8.4492263e+000  6.2925719e+000
  3.6908418e+000  1.5673461e+000
  8.5799644e+000  7.5804067e+000
  3.8259361e+000  8.7125450e+000
  8.9951423e+000  4.9766096e+000
  8.0341535e+000  2.3202049e+000
  1.4018466e+000  1.8344340e+000
  9.1080730e+000  3.6330180e+000
  3.4335159e+000  1.6424162e+000
  9.1620515e+000  8.9076553e+000
  1.5019365e+000  1.8473664e+000
  3.2927831e+000  1.7877299e+000
  8.7454748e+000  1.3528432e+000
  8.5483244e+000  6.4007088e+000
  1.0838507e+000  2.3520455e+000
  1.6329579e+000  7.0475880e+000
  1.2535515e+000  8.6958361e+000
  2.0502990e+000  8.4117510e+000
  4.9573993e+000  2.9660478e+000
  8.2770980e+000  5.2477010e+000
  1.6902927e+000  4.9748459e+000
  8.5421836e+000  8.7825490e+000
  1.4727655e+000  7.1319754e+000
  1.5051382e+000  1.4872180e+000
  8.3097921e+000  1.7957010e+000
  5.6172711e+000  7.3471085e+000
  4.3269919e+000  5.9871148e+000
  8.3190241e+000  6.3623365e+000
  6.8450225e+000  8.7308007e+000
  4.9865686e+000  2.4248062e+000
  8.4813941e+000  1.8026347e+000
  1.8895844e+000  5.5004190e+000
  8.2636702e+000  6.1907238e+000
  8.2977077e+000  6.2964610e+000
  5.1918951e+000  3.1834701e+000
  8.2797054e+000  1.5938593e+000
  4.8227341e+000  3.4862953e+000
  5.1404602e+000  8.4681676e+000
  3.8661913e+000  9.1738225e+000
  8.9479251e+000  6.2044949e+000
  6.0905063e+000  8.3835790e+000
  3.8001579e+000  8.5938873e+000
  5.0660634e+000  8.6383142e+000
  5.7325899e+000  8.4697488e+000
  6.3816212e+000  7.0034410e+000
  8.5720598e+000  1.4084779e+000
  8.1335197e+000  5.9753952e+000
  3.1146425e+000  1.8271054e+000
  8.8389855e+000  5.1953713e+000
  8.4996579e+000  6.9971905e+000
  8.5761363e+000  8.2246924e+000
  5.1784357e+000  4.1771549e+000
  1.4423272e+000  4.4004149e+000
  1.7748662e+000  4.9278722e+000
  1.7094378e+000  2.8081217e+000
  3.0944280e+000  1.3758636e+000
  1.6663268e+000  6.7501793e+000
  1.4495075e+000  8.4385207e+000
  8.4825935e+000  6.3051566e+000
  1.7385057e+000  6.4046555e+000
  1.0798066e+000  7.0680375e+000
  5.6963158e+000  1.6190063e+000
  2.9171222e+000  8.6767290e+000
  5.7445380e+000  7.3398536e+000
  8.4931314e+000  1.5460574e+000
  8.6090122e+000  1.8805823e+000
  8.6988998e+000  2.5910393e+000
  1.1181487e+000  9.1093654e+000
  7.1257191e+000  1.5020489e+000
  4.4339701e+000  2.0632433e+000
  1.0149810e+000  7.0608065e+000
  8.7890990e+000  9.0495857e+000
  1.3297895e+000  6.8752181e+000
  4.7727339e+000  4.1165979e+000
  3.4696701e+000  1.4682312e+000
  5.2500563e+000  3.2440691e+000
  7.0091436e+000  8.5091707e+000
  1.0751281e+000  6.9397840e+000
  8.7983751e+000  2.3908312e+000
  6.9946418e+000  5.9080101e+000
  6.7104338e+000  6.8821420e+000
  1.3412741e+000  1.8816014e+000
  3.5780213e+000  8.2354470e+000
  3.4124035e+000  1.5017925e+000
  1.7283948e+000  6.4023518e+000
  7.3687431e+000  1.7660202e+000
  8.4056260e+000  5.4743423e+000
  8.7931993e+000  8.3926322e+000
  1.6679096e+000  1.6858916e+000
  5.4406417e+000  5.7266777e+000
  1.7658596e+000  5.7425489e+000
  8.2241051e+000  5.5449451e+000
  5.1750868e+000  2.6713547e+000
  1.7881015e+000  4.9368663e+000
  6.5978624e+000  4.4201072e+000
  1.6313180e+000  6.1787262e+000
  3.1767311e+000  8.9573970e+000
  8.5757513e+000  5.3908206e+000
  1.4162456e+000  3.8798676e+000
  8.7900134e+000  8.5586447e+000
  5.9157665e+000  6.9024795e+000
  5.1715511e+000  4.5270822e+000
  8.2990395e+000  5.4459645e+000
  3.9303292e+000  8.4471881e+000
  2.1020243e+000  3.6888096e+000
  3.3126014e+000  1.8597112e+000
  1.4117055e+000  2.4251765e+000
  1.9363258e+000  4.5201490e+000
  6.5265728e+000  3.4134345e+000
  2.1201835e+000  4.0864139e+000
  6.1865279e+000  8.1084077e+000
  6.3437978e+000  7.9537566e+000
  1.4687175e+000  4.4514576e+000
  5.0645323e+000  8.6006827e+000
  8.8879353e+000  2.9592078e+000
  3.4020660e+000  1.4452070e+000
  1.7071532e+000  7.9718112e+000
  1.5974839e+000  3.8813974e+000
  9.0035813e+000  8.3864396e+000
  2.8801759e+000  1.6225164e+000
  5.3778529e+000  7.9626260e+000
  1.7881095e+000  3.4181236e+000
  4.7360007e+000  2.3509244e+000
  8.9075412e+000  2.7424334e+000
  8.7113463e+000  6.1601645e+000
  1.1857674e+000  6.9435705e+000
  7.2625248e+000  1.5738670e+000
  9.0680401e+000  6.4332739e+000
  1.9141915e+000  7.9661448e+000
  5.3601728e+000  3.0014222e+000
  6.9533127e+000  3.7882068e+000
  6.2435235e+000  7.0533318e+000
  8.8944069e-001  7.2225930e+000
  3.1073616e+000  1.2013153e+000
  1.8389626e+000  4.5982616e+000
  8.7401041e+000  4.6385719e+000
  7.8486988e+000  1.7884058e+000
  1.4821466e+000  4.0840553e+000
  1.8455822e+000  7.0775334e+000
  8.5612795e+000  4.9112224e+000
  1.8216651e+000  7.0365533e+000
  1.4840319e+000  7.1974729e+000
  7.9469233e+000  4.6806165e+000
  3.3616931e+000  1.4791645e+000
  9.1235711e+000  5.0002082e+000
  5.2150950e+000  6.7513669e+000
  8.4426998e+000  7.6948856e+000
  7.0415457e+000  6.8916547e+000
  1.6169649e+000  1.8437287e+000
  1.4432052e+000  7.2327414e+000
  8.7813934e+000  8.7239786e+000
  1.4874722e+000  3.9069316e+000
  4.8337166e+000  3.6225779e+000
  1.3280624e+000  1.6978053e+000
  5.0171650e+000  9.6778313e-001
  1.4955588e+000  1.4507333e+000
  2.0259017e+000  6.1594830e+000
  1.7821884e+000  2.0482974e+000
  8.5469634e+000  1.6718657e+000
  1.7594199e+000  7.5599593e+000
  8.4468674e+000  1.7236164e+000
  8.0462260e+000  1.0750879e+000
  5.7596189e+000  7.8389980e+000
  1.9741157e+000  6.4914502e+000
  2.8621960e+000  9.0451044e+000
  6.6084343e+000  6.2020025e+000
  4.5517921e+000  8.9053603e+000
  8.3218633e+000  1.8521929e+000
  9.8196893e-001  8.5944309e+000
  7.7797992e+000  1.9192910e+000
  6.1249632e+000  6.7697893e+000
  1.4710163e+000  1.7457478e+000
  8.0517747e+000  8.4519820e+000
  5.7002055e+000  2.9134247e+000
  1.2313228e+000  7.0300328e+000
  4.0343530e+000  8.6457243e+000
  4.7209015e+000  4.6588533e+000
  6.5711453e+000  8.4025767e+000
  6.9691654e+000  1.6289234e+000
  6.6186303e+000  1.2659262e+000
  8.9873352e-001  8.7747344e+000
  1.5615584e+000  2.3163397e+000
  8.7954013e+000  4.4115634e+000
  6.4676368e+000  6.6556772e+000
  2.1159028e+000  6.2789307e+000
  5.1494819e+000  4.6653946e+000
  8.5494011e+000  5.5609460e+000
  3.4153274e+000  8.7813642e+000
  1.6415236e+000  4.2918794e+000
  8.2284167e+000  2.4256606e+000
  6.0846855e+000  8.7389548e+000
  6.6485519e+000  6.6185512e+000
  5.8488128e+000  8.8950519e+000
  4.2047282e+000  7.7384314e+000
  6.7874514e+000  5.7074403e+000
  5.5332658e+000  2.8788850e+000
  8.8255424e+000  3.3752657e+000
  6.6761516e+000  3.9900463e+000
  7.2315587e+000  5.1702736e+000
  1.3709422e+000  6.9835394e+000
  6.9203844e+000  8.3508839e+000
  3.2666402e+000  8.8706113e+000
  1.5188121e+000  1.9987672e+000
  5.1442885e+000  2.5421176e+000
  9.1171518e+000  8.6825442e+000
  9.0466362e+000  5.6325447e+000
  3.1793659e+000  1.4380496e+000
  8.9110723e+000  5.5178151e+000
  8.0084033e+000  1.6013052e+000
  4.0758530e+000  7.6302789e+000
  2.9875997e+000  5.1863332e+000
  1.9319795e+000  7.3533556e+000
  1.6023933e+000  1.8261498e+000
  8.9740179e+000  6.4457505e+000
  3.2166614e+000  1.4367872e+000
  6.6025624e+000  3.1226547e+000
  8.5347479e+000  8.4037015e+000
  3.0026101e+000  4.6591727e+000
  8.4900448e+000  5.5864680e+000
  1.1830798e+000  1.6461473e+000
  8.5697261e+000  8.5735996e+000
  1.7522904e+000  6.2809218e+000
  1.8828875e+000  7.3671224e+000
  6.0317830e+000  2.9786490e+000
  1.6006974e+000  1.7946685e+000
  7.1816630e+000  8.5306538e+000
  4.6519752e+000  8.7236213e+000
  5.1782832e+000  4.3802044e+000
  1.7266631e+000  7.0443680e+000
  8.8886736e+000  8.7954574e+000
  1.4797959e+000  4.1220546e+000
  5.0879753e+000  2.8974256e+000
  3.9210238e+000  9.2019418e+000
  8.7718445e+000  2.0610180e+000
  7.8283837e+000  1.7203954e+000
  1.7137740e+000  6.9839974e+000
  5.0960134e+000  4.1746772e+000
  8.2607459e+000  5.2486702e+000
  1.7140531e+000  8.1186091e+000
  8.3402785e+000  1.9382306e+000
  7.1043519e+000  1.7045022e+000
  3.1396232e+000  1.4138978e+000
  7.1517754e+000  6.2132694e+000
  7.6900350e+000  7.0414826e+000
  8.2624711e+000  1.8951869e+000
  1.6024296e+000  8.2474614e+000
  8.6800443e+000  6.5223846e+000
  6.3980313e+000  3.8114453e+000
  1.4643222e+000  1.6231240e+000
  1.6181257e+000  3.1780925e+000
  5.0505554e+000  2.9725136e+000
  4.9624310e+000  4.1164372e+000
  5.2598154e+000  1.7374756e+000
  8.4432761e+000  7.7961247e+000
  8.5594868e+000  6.9177393e+000
  8.7681610e+000  8.2069047e+000
  6.6984427e+000  7.9334941e+000
  5.6481475e+000  6.0026207e+000
  8.8197279e+000  5.8587358e+000
  8.2304689e+000  5.2412445e+000
  8.9787762e+000  8.6731509e+000
  6.8333404e+000  8.0443751e+000
  5.4359907e+000  2.9263471e+000
  8.9010410e+000  5.8908724e+000
  9.5374780e-001  8.1321773e+000
  3.5845305e+000  8.4198709e+000
  3.4362069e+000  8.9263493e+000
  2.8899956e+000  1.7064378e+000
  8.9986798e+000  4.8128845e+000
  6.8592227e+000  4.4034479e+000
  1.4673065e+000  1.5024781e+000
  8.7040747e+000  7.7138327e+000
  1.8441104e+000  4.2924602e+000
  5.2119552e+000  8.3959906e+000
  4.7787839e+000  1.9364349e+000
  1.1152887e+000  9.0047477e+000
  7.4256616e+000  1.7407982e+000
  1.4915705e+000  4.0420485e+000
  3.1965418e+000  1.5862565e+000
  8.5704261e+000  5.9139596e+000
  9.7721034e-001  6.8070221e+000
  7.0122121e+000  8.1966709e+000
  6.9439020e+000  1.7010246e+000
  8.5961611e+000  4.9597850e+000
  8.8900456e+000  2.3190323e+000
  3.5000842e+000  1.5193344e+000
  7.5719190e+000  8.5287528e+000
  1.5198377e+000  6.8815515e+000
  7.0344344e+000  1.6090944e+000
  4.8904535e+000  4.1681558e+000
  8.4298350e+000  5.5293926e+000
  1.6745491e+000  8.2576506e+000
  6.8691091e+000  4.2890101e+000
  3.3242400e+000  9.0497579e+000
  1.3451373e+000  1.4386558e+000
  3.4223363e+000  1.5366252e+000
  1.7303164e+000  5.0879884e+000
  7.1564651e+000  5.3559222e+000
  1.5628424e+000  1.8325984e+000
  8.1353456e+000  7.8713756e+000
  1.5290198e+000  7.8882798e+000
  8.5061051e+000  6.6630462e+000
  7.1399718e+000  8.1729301e+000
  3.6245387e+000  8.4361362e+000
  8.6197669e+000  8.8142464e+000
  7.7149555e+000  1.6153210e+000
  6.9615395e+000  8.6762513e+000
  8.7270663e+000  2.0016355e+000
  1.3612649e+000  4.1171587e+000
  2.7083048e+000  8.5392660e+000
  8.1975120e+000  2.5476931e+000
  8.7866078e+000  4.0285224e+000
  3.2539665e+000  1.1136080e+000
  5.1011753e+000  3.8625620e+000
  7.9570678e+000  4.7560603e+000
  3.3303333e+000  8.5722841e+000
  8.5220986e+000  6.9271539e+000
  3.1285192e+000  1.5925792e+000
  4.6453114e+000  2.6411744e+000
  6.2206784e+000  6.4935311e+000
  3.5355715e+000  9.2635645e+000
  8.6957977e+000  3.8020369e+000
  3.5010936e+000  8.8040108e+000
  5.5508739e+000  2.3228311e+000
  3.5289301e+000  8.4487630e+000
  1.6262391e+000  1.7000384e+000
  1.8598239e+000  4.6064447e+000
  5.3673914e+000  8.2041397e+000
  6.3229233e+000  5.7328269e+000
  5.2060084e+000  3.9941865e+000
  9.7457952e-001  3.0068535e+000
  6.8192868e+000  8.3936549e+000
  3.4203035e+000  9.1895188e+000
  8.6104476e+000  2.1285534e+000
  5.7242327e+000  3.3257688e+000
  8.5813717e+000  5.6835690e+000
  1.9452606e+000  7.2646209e+000
  1.8074702e+000  1.7431430e+000
  5.3669376e+000  3.1678328e+000
  8.4791823e+000  1.6818848e+000
  5.2661054e+000  2.7180490e+000
  1.8543883e+000  1.7796886e+000
  1.5466157e+000  8.0410924e+000
  1.3981176e+000  4.2870666e+000
  8.4274244e+000  1.4206124e+000
  4.2168289e+000  8.6023910e+000
  8.5212064e+000  1.5998953e+000
  6.4196852e+000  1.8066817e+000
  1.8175771e+000  4.2825151e+000
  1.5160772e+000  4.3001631e+000
  4.9143569e+000  1.5391573e+000
  3.1340272e+000  1.6743567e+000
  8.6532799e+000  5.5045317e+000
  3.1098673e+000  2.2947948e+000
  5.5106441e+000  3.8109956e+000
  8.5481504e+000  5.1850364e+000
  3.5072754e+000  8.5627378e+000
  6.7051435e+000  7.9745788e+000
  5.6814696e+000  1.0513156e+000
  5.7001335e+000  5.6629101e+000
  3.3180304e+000  1.4880781e+000
  7.7221254e+000  8.5282936e+000
  8.3088268e+000  6.6781965e+000
  7.9351070e+000  5.1564927e+000
  1.0552258e+000  7.1044139e+000
  5.9842353e+000  1.3132765e+000
  1.4382251e+000  8.4375869e+000
  9.8956296e-001  7.0012756e+000
  7.0122764e+000  6.8762405e+000
  1.3157454e+000  6.8682426e+000
  2.7710252e+000  1.8022659e+000
  6.4038561e+000  8.3205702e+000
  5.4313496e+000  2.8466827e+000
  2.0459704e+000  3.9947909e+000
  2.7632818e+000  4.0764926e+000
  5.2364934e+000  2.8222569e+000
  8.1357253e+000  1.6791505e+000
  8.2026661e+000  1.3916575e+000
  8.5406157e+000  5.2407659e+000
  5.9253069e+000  7.2980709e+000
  7.2999717e+000  1.5882274e+000
  6.8457527e+000  6.7406194e+000
  4.8494807e+000  2.9458194e+000
  8.9875121e+000  6.5072903e+000
  3.4219842e+000  1.6231724e+000
  4.0471376e+000  6.1403344e+000
  1.3890975e+000  3.2879784e+000
  1.6431254e+000  4.3701201e+000
  5.3254772e+000  3.1765085e+000
  6.7671635e+000  1.6410211e+000
  1.8507476e+000  1.8948127e+000
  7.4067503e+000  7.8813798e+000
  8.3602509e+000  1.4218967e+000
  5.1403699e+000  3.9267593e+000
  8.1876816e+000  1.7963645e+000
  1.5518018e+000  1.6300211e+000
  5.2672888e+000  8.0712887e+000
  5.1835267e+000  5.3466161e+000
  8.8466403e+000  8.4154641e+000
  7.0513863e+000  6.9237470e+000
  1.4958883e+000  4.1617797e+000
  5.1634327e+000  2.8929799e+000
  5.0557045e+000  2.8326106e+000
  6.8945024e+000  8.1966394e+000
  7.7966003e+000  1.8129698e+000
  3.5179212e+000  4.6174737e+000
  5.4934674e+000  3.6511626e+000
  8.9874169e+000  4.9894156e+000
  6.4535016e+000  3.9875476e+000
  8.7982662e+000  4.0018227e+000
  4.2238751e+000  4.1866895e+000
  3.4698244e+000  3.1744918e+000
  2.6812002e+000  3.4471329e+000
  8.3197967e+000  6.0351412e+000
  1.1407694e+000  6.5802262e+000
  8.3838203e+000  1.9392279e+000
  6.9570579e+000  8.6685990e+000
  8.5975672e+000  5.2264525e+000
  5.2600219e+000  3.7867446e+000
  6.9002020e+000  5.9213747e+000
  1.2676864e+000  4.2719646e+000
  2.9533261e+000  9.0233019e+000
  8.2356189e+000  1.5984800e+000
  8.2249951e+000  7.5494249e+000
  9.1175569e+000  5.0895225e+000
  2.1031442e+000  1.6310579e+000
  2.1200167e+000  4.1652046e+000
  5.0309947e+000  3.9303228e+000
  5.8474283e+000  7.1841441e+000
  7.9430253e+000  6.9065538e+000
  5.2708215e+000  6.7244504e+000
  1.5661841e+000  1.6481566e+000
  1.7399567e+000  7.1621817e+000
  3.4698001e+000  8.4311878e+000
  1.4835809e+000  4.5129675e+000
  4.9303446e+000  2.4449504e+000
  7.7844630e-001  8.3251304e+000
  2.4040817e+000  8.4828883e+000
  6.1416768e-001  8.9265692e+000
  6.5052499e+000  1.2307036e+000
  8.6404257e+000  6.3044152e+000
  1.3220529e+000  7.1067873e+000
  9.0223848e+000  8.6724657e+000
  6.4923029e+000  2.2138001e+000
  8.4970946e-001  6.9206204e+000
  1.1904208e+000  8.9126610e+000
  5.9604286e+000  5.5790622e+000
  3.1032917e+000  8.5792750e+000
  1.4066927e+000  1.4343572e+000
  6.7385142e+000  4.0860382e+000
  7.3382592e+000  5.3390872e+000
  8.5299099e+000  8.5709951e+000
  2.7957209e+000  8.8810163e+000
  2.2616893e+000  1.6495077e+000
  1.7681748e+000  7.2400289e+000
  1.2695756e+000  7.2607771e+000
  3.4451967e+000  1.8508438e+000
  6.5292367e+000  4.1336792e+000
  1.5898252e+000  4.2222735e+000
  5.2714925e+000  2.7922805e+000
  7.2619735e+000  4.5001503e+000
  6.0915682e+000  6.6852850e+000
  5.0092345e+000  4.4040846e+000
  1.3319652e+000  1.7471790e+000
  5.7529618e+000  3.2633237e+000
  1.4936611e+000  7.1460842e+000
  7.3217378e+000  1.6080048e+000
  1.1450109e+000  7.1842618e+000
  1.6473669e+000  7.5979915e+000
  9.2605173e+000  9.1934875e+000
  2.3193437e+000  4.0397735e+000
  3.4348300e+000  8.5069894e+000
  4.9202791e+000  4.6728457e+000
  1.3935650e+000  7.2135533e+000
  1.1009582e+000  6.7912195e+000
  1.3801052e+000  8.4251278e+000
  6.4478309e+000  1.6618687e+000
  3.1692052e+000  1.5181037e+000
  4.9628632e+000  3.8622710e+000
  5.3904469e+000  4.0053980e+000
  1.5729080e+000  1.6692957e+000
  1.1157846e+000  9.1098258e+000
  1.6085534e+000  4.5422468e+000
  1.6383167e+000  3.9303900e+000
  5.4430381e+000  2.8411733e+000
  1.3830537e+000  1.4214494e+000
  1.5281348e+000  8.1858002e+000
  4.1076695e+000  6.5272993e+000
  4.6052124e+000  6.4063837e+000
  7.1703526e+000  4.5563763e+000
  5.1855560e+000  4.5603114e+000
  8.1637640e+000  5.7308418e+000
  8.6709767e+000  1.8375657e+000
  2.0125412e+000  4.6776941e+000
  6.5223940e+000  8.4391632e+000
  6.4636972e+000  1.8667321e+000
  5.0728892e+000  4.1626561e+000
  1.5602439e+000  7.0164675e+000
  3.4512722e+000  8.8558934e+000
  4.8799714e+000  8.8691914e+000
  6.8451031e+000  5.8825826e+000
  8.3050202e+000  1.9451727e+000
  1.2006337e+000  1.6205047e+000
  5.0713957e+000  4.9705298e+000
  5.1328471e+000  2.8564240e+000
  5.0986609e+000  1.7080139e+000
  6.3220789e+000  6.2426600e+000
  6.8052095e+000  8.4302418e+000
  1.3974326e+000  1.2777706e+000
  5.8832479e+000  7.8559417e+000
  4.5709853e+000  8.6483836e+000
  1.2707604e+000  8.6815074e+000
  7.6816607e+000  6.8442267e+000
  6.5330053e+000  7.6124019e+000
  4.6309058e+000  5.4581359e+000
  1.4293982e+000  6.9573453e+000
  8.4650974e+000  2.9518046e+000
  8.2727525e+000  5.1689880e+000
  5.7166752e+000  8.0550174e+000
  1.2943882e+000  3.9874668e+000
  3.0736140e+000  2.1154215e+000
  3.2319482e+000  9.2925174e+000
  5.3138571e+000  2.9727076e+000
  8.9663759e-001  9.1466944e+000
  5.2466589e+000  2.9084827e+000
  3.1684452e+000  8.5411332e+000
  8.7851292e+000  8.2482847e+000
  8.2940869e+000  1.4892869e+000
  6.5262708e+000  2.3994179e+000
  8.3892382e+000  2.6703420e+000
  8.7841563e+000  8.1957133e+000
  2.5937825e+000  5.3211096e+000
  5.0894880e+000  3.0732588e+000
  6.4586925e+000  7.5209662e+000
  7.2218252e+000  7.6974409e+000
  5.3454835e+000  3.5596151e+000
  9.0636049e+000  8.6331829e+000
  6.9027954e+000  1.7417821e+000
  8.6214995e+000  6.7723254e+000
  6.9292072e+000  2.0523128e+000
  6.8353144e+000  4.6734332e+000
  6.8622940e+000  8.6204799e+000
  5.4582666e+000  5.3819446e+000
  1.8731441e+000  1.6308643e+000
  4.9725992e+000  2.9765118e+000
  8.1054532e+000  2.0188282e+000
  1.3389490e+000  8.1946326e+000
  5.7609565e+000  1.3553261e+000
  8.9219222e+000  5.9720243e+000
  3.4024716e+000  9.0722189e+000
  3.9674067e+000  6.6744604e+000
  1.4924110e+000  8.0797435e+000
  6.5124955e+000  4.4823606e+000
  1.7576070e+000  1.7845129e+000
  7.9775369e+000  1.7916209e+000
  1.4182247e+000  6.3047565e+000
  3.6381645e+000  8.9529660e+000
  5.9291518e+000  3.6297686e+000
  4.1714871e+000  8.7758842e+000
  6.6409365e+000  8.5490491e+000
  3.3661169e+000  3.9604682e+000
  2.4971995e+000  8.5139604e+000
  3.2583553e+000  6.5798326e+000
  3.9023412e+000  1.7570061e+000
  8.7954382e+000  5.8255178e+000
  4.8620326e+000  8.5618099e+000
  5.1517229e+000  3.2344208e+000
  2.0512671e+000  5.6398854e+000
  4.9365708e+000  8.8200624e+000
  5.1034482e+000  3.0465628e+000
  4.7522974e+000  5.4609697e+000
  1.5840471e+000  4.5028716e+000
  1.6370238e+000  3.9726692e+000
  4.0408462e+000  9.0938709e+000
  3.4433045e+000  8.9710379e+000
  8.3872929e+000  1.6924103e+000
  5.0558636e+000  2.7449300e+000
  4.5373403e+000  7.2938864e+000
  8.5596113e+000  7.6241713e+000
  7.3712825e+000  8.7124382e+000
  7.7812116e+000  1.6574099e+000
  8.4294769e+000  6.4334583e+000
  1.4915025e+000  4.0492960e+000
  8.5241589e+000  3.1157283e+000
  2.6584860e+000  8.1157206e+000
  5.0617171e+000  6.7639436e+000
  6.6625465e+000  7.7618196e+000
  5.5503955e+000  5.7497416e+000
  1.2194197e+000  8.8101340e+000
  1.2376037e+000  2.0804677e+000
  3.4273851e+000  1.9442042e+000
  6.7023311e+000  3.9218710e+000
  8.8137667e+000  2.5676030e+000
  1.5328556e+000  1.9470700e+000
  3.2699311e+000  1.6760896e+000
  6.8166374e+000  4.7918236e+000
  5.5663886e+000  3.0351637e+000
  6.8543489e+000  5.8984310e+000
  1.6629316e+000  6.9695964e+000
  6.2545065e+000  7.3265604e+000
  2.8619798e+000  1.9748579e+000
  3.5809125e+000  8.3949559e+000
  7.1251112e+000  6.0905884e+000
  3.3655513e+000  8.4907059e+000
  7.5748146e+000  8.5149488e+000
  1.5657110e+000  4.0501753e+000
  8.2282619e+000  8.5926572e+000
  5.0389576e+000  3.3994585e+000
  1.8033142e+000  6.2921610e+000
  1.4211212e+000  6.2649587e+000
  1.3508000e+000  1.6661653e+000
  5.1481425e+000  5.2921863e+000
  8.6695478e+000  2.4511595e+000
  1.9219338e+000  7.3661436e+000
  6.8471535e+000  1.8934238e+000
  1.9403935e+000  2.6008063e+000
  8.5433804e+000  2.2250392e+000
  8.2941647e+000  7.3817403e+000
  5.1516509e+000  2.7187916e+000
  5.3637522e+000  6.6541151e+000
  5.5158791e+000  1.9770429e+000
  8.3044634e+000  1.7155019e+000
  5.6513369e+000  7.6342877e+000
  9.8529743e-001  7.1888892e+000
  1.3167761e+000  3.9213712e+000
  3.1665096e+000  1.1500609e+000
  8.0913256e+000  1.9636809e+000
  3.3296455e+000  9.0877755e+000
  3.3482028e+000  1.8248481e+000
  6.8221642e+000  5.4456630e+000
  7.0361959e+000  6.4169107e+000
  5.1631930e+000  3.0585692e+000
  8.8028845e+000  4.9825773e+000
  4.9637524e+000  5.8050016e+000
  1.5233108e+000  4.2037228e+000
  1.5559915e+000  1.6115479e+000
  8.8192221e+000  8.4693229e+000
  7.5931681e+000  1.7369030e+000
  7.6675418e+000  1.5984193e+000
  8.2608350e+000  5.5638148e+000
  8.8067300e+000  6.6343088e+000
  5.1921385e+000  2.9981592e+000
  3.3898746e+000  1.4286928e+000
  8.6932176e+000  8.8656698e+000
  3.2277213e+000  1.5943924e+000
  5.4714597e+000  8.2321213e+000
  2.2976677e+000  4.5531299e+000
  6.0753867e+000  3.5753066e+000
  6.7858923e+000  8.4098045e+000
  8.8893794e+000  5.5040149e+000
  5.0821106e+000  3.6829616e+000
  5.4433097e+000  3.7093145e+000
  2.0477616e+000  2.2804817e+000
  1.4922745e+000  4.2604766e+000
  6.3985979e+000  1.5746726e+000
  1.7952520e+000  4.8100518e+000
  6.8835248e+000  6.4525963e+000
  2.0598602e+000  3.6778005e+000
  3.5264851e+000  1.7674572e+000
  5.5735191e+000  2.5604705e+000
  6.4687301e+000  8.0522455e+000
  3.3539466e+000  1.7065463e+000
  1.0819414e+000  8.0854455e+000
  7.4755715e+000  6.4326954e+000
  3.3530620e+000  9.1151950e+000
  1.8867652e+000  7.1936943e+000
  8.0446836e+000  3.3188544e+000
  1.5018026e+000  6.8731247e+000
  5.7065465e+000  7.9017424e+000
  5.8578570e+000  7.6109791e+000
  1.4432932e+000  4.8711058e+000
  5.0602473e+000  3.8706853e+000
  8.7145632e+000  6.4749080e+000
  1.4524121e+000  7.1088187e+000
  6.4983077e+000  7.0606594e+000
  9.7723201e-001  6.8267805e+000
  1.5218463e+000  7.1893493e+000
  8.5905780e+000  8.5154327e+000
  6.0830775e+000  7.0035916e+000
  8.7388873e+000  2.0857610e+000
  8.4996348e+000  6.1757983e+000
  1.3042091e+000  3.9957725e+000
  6.5324150e+000  6.3689829e+000
  3.8536102e+000  6.2090299e+000
  7.0500731e+000  8.5229486e+000
  3.7214493e+000  4.3896382e+000
  6.9725834e+000  1.4023458e+000
  5.3396166e+000  3.7507696e+000
  2.9231026e+000  4.4436232e+000
  8.9413277e+000  2.1272620e+000
  2.4193968e+000  8.6832906e+000
  1.4729329e+000  7.2043087e+000
  5.5452400e+000  3.1046320e+000
  2.1283799e+000  7.0352313e+000
  1.1966061e+000  6.7772726e+000
  6.3742308e+000  1.5832679e+000
  2.0479012e+000  6.9134969e+000
  8.8298851e+000  1.2851039e+000
  8.6187927e+000  6.0375136e+000
  1.5706980e+000  1.7500326e+000
  3.7663841e+000  8.3678553e+000
  8.3836495e+000  6.4279528e+000
  1.4726249e+000  1.6344447e+000
  5.4417394e+000  5.5771876e+000
  3.7565976e+000  8.4214929e+000
  5.4259832e+000  1.3378426e+000
  8.6960926e+000  5.5424862e+000
  1.4692825e+000  1.6698415e+000
  6.8268797e+000  8.4079396e+000
  8.6972584e+000  1.8876311e+000
  4.7139102e+000  8.6135506e+000
  1.8142448e+000  6.7781658e+000
  7.1126370e+000  6.3702366e+000
  2.3280691e+000  8.0730717e+000
  1.3685353e+000  3.8062908e+000
  5.2063020e+000  1.4018712e+000
  8.2728758e+000  3.8953090e+000
  6.3090782e+000  3.6559796e+000
  8.4725295e+000  5.6292287e+000
  6.5956684e+000  5.2994889e+000
  8.8001346e+000  2.2120077e+000
  8.5696073e+000  8.7163012e+000
  9.2065210e-001  8.8257032e+000
  7.8952289e+000  1.7376987e+000
  1.3320844e+000  4.0409405e+000
  3.0253868e+000  1.7306377e+000
  5.4335233e+000  2.9169004e+000
  8.8080602e+000  8.6830951e+000
  3.4176952e+000  9.2023734e+000
  7.1671892e+000  8.6528350e+000
  5.1802313e+000  3.6940633e+000
  6.8884579e+000  8.7217954e+000
  1.1837963e+000  7.4603332e+000
  8.2169224e+000  1.8061716e+000
  3.4626215e+000  1.7623558e+000
  6.8649467e+000  6.0298230e+000
  1.6527589e+000  7.0244802e+000
  1.6537115e+000  1.5708206e+000
  5.3238694e+000  8.5178690e+000
  8.8681251e+000  2.3657338e+000
  3.1706510e+000  4.5148578e+000
  3.3079785e+000  1.5100093e+000
  8.9096575e+000  8.4327240e+000
  9.0100174e+000  2.0895191e+000
  2.7640984e+000  5.0724887e+000
  1.4074664e+000  4.6008727e+000
  3.2851621e+000  4.9695265e+000
  5.1171936e+000  8.2920572e+000
  2.7893191e+000  4.7054435e+000
  5.2997762e+000  3.1111201e+000
  6.5746259e+000  6.1316992e+000
  5.7982420e+000  7.2964575e+000
  1.4148426e+000  4.2184385e+000
  1.3597471e+000  4.0276835e+000
  6.3800816e+000  6.0830159e+000
  3.3094301e+000  1.5025294e+000
  7.1690085e+000  1.5779231e+000
  7.3866602e+000  1.3258708e+000
  8.7188892e+000  7.3006885e+000
  1.6882090e+000  4.0671730e+000
  1.3495794e+000  3.9078609e+000
  7.5983876e+000  1.4759779e+000
  6.8983717e+000  6.7845600e+000
  2.9666673e+000  8.3990418e+000
  3.1157791e+000  1.3480840e+000
  8.2327286e+000  8.3432583e+000
  7.6079555e+000  6.9885066e+000
  8.3508031e+000  1.9182697e+000
  2.6666869e+000  8.2369839e+000
  3.2786735e+000  1.6662114e+000
  3.5141810e+000  8.2263782e+000
  6.4616900e+000  8.5212218e+000
  5.0831283e+000  3.1588744e+000
  6.8595400e+000  8.0722874e+000
  1.6751612e+000  4.6288664e+000
  8.4496407e+000  6.4464846e+000
  3.5915666e+000  9.2781333e+000
  2.3135336e+000  2.7716522e+000
  5.5156747e+000  5.4055620e+000
  7.7269992e+000  5.3104132e+000
  2.5173131e+000  4.5358098e+000
  8.8483781e+000  8.5076077e+000
  8.1507517e+000  2.5961817e+000
  7.2356139e+000  8.2958281e+000
  4.0421769e+000  1.7364942e+000
  6.4560482e+000  7.1185909e+000
  5.2317073e+000  3.8348627e+000
  9.1243728e+000  2.2050865e+000
  3.4702511e+000  1.8433728e+000
  7.0061974e+000  5.1641889e+000
  6.3009149e+000  7.3570084e+000
  5.5213554e+000  5.5871320e+000
  3.4763508e+000  8.6940135e+000
  3.4571279e+000  8.8048674e+000
  7.1701131e+000  4.6484821e+000
  8.4745199e+000  2.3266016e+000
  3.5544061e+000  9.1615937e+000
  1.4547879e+000  1.2102127e+000
  6.1280389e+000  8.4804257e+000
  4.7870812e+000  4.8118466e+000
  6.7581919e+000  8.8257557e+000
  5.3088558e+000  8.4007890e+000
  1.6228763e+000  6.4485514e+000
  8.8570533e+000  8.7650904e+000
  1.2730617e+000  7.1348618e+000
  4.9949224e+000  4.0537203e+000
  1.9322734e+000  7.2455351e+000
  1.7163398e+000  5.0775531e+000
  7.1194667e+000  2.7676513e+000
  3.9909720e+000  6.3163571e+000
  8.8665842e+000  2.2992964e+000
  3.0795571e+000  1.7832813e+000
  5.9972054e+000  7.8869509e+000
  8.8588080e+000  3.8959109e+000
  6.2714652e+000  6.4210031e+000
  2.8309453e+000  4.0026497e+000
  3.3526294e+000  7.8538093e+000
  6.0066737e+000  3.5358639e+000
  1.8331914e+000  7.4510246e+000
  1.4787726e+000  6.9077690e+000
  3.3240805e+000  1.5943552e+000
  5.6954701e+000  1.3071705e+000
  8.6647710e+000  2.4676225e+000
  4.1569118e+000  8.8850716e+000
  6.6081510e+000  1.8560747e+000
  2.0701654e+000  8.6016677e+000
  4.3473163e+000  8.9345645e+000
  7.4292474e-001  8.9774288e+000
  6.8402634e+000  5.9243564e+000
  8.5802509e+000  7.1477774e+000
  5.3682859e+000  6.5739505e+000
  6.4317023e+000  4.6328264e+000
  8.6096334e+000  4.9605854e+000
  8.4931335e+000  1.9404466e+000
  4.9229553e+000  2.6148934e+000
  8.5863908e+000  8.4587861e+000
  1.7673869e+000  1.3280370e+000
  7.8796706e-001  8.5549645e+000
  1.2434055e+000  4.4921750e+000
  6.7121156e+000  1.5604267e+000
  1.8703320e+000  6.8957100e+000
  6.6992426e+000  5.4523481e+000
  1.7760345e+000  7.0098884e+000
  1.4101420e+000  1.1646586e+000
  7.2081403e+000  8.4827628e+000
  9.1072048e+000  2.9239238e+000
  5.7996233e+000  1.1221376e+000
  4.8723704e+000  4.0603771e+000
  1.7102435e+000  4.2192603e+000
  6.7678546e+000  6.2471650e+000
  8.7996288e+000  8.4449593e+000
  6.8936106e+000  6.3330458e+000
  7.6465518e+000  8.6718517e+000
  8.7546203e+000  6.7047267e+000
  1.2470583e+000  1.7375480e+000
  7.3039707e+000  6.0238494e+000
  1.6849968e+000  3.6610305e+000
  5.7720742e+000  7.3859961e+000
  1.5875396e+000  4.0443452e+000
  4.8619822e+000  8.5568220e+000
  5.0197190e+000  5.2476139e+000
  3.2771855e+000  1.6114184e+000
  3.3579292e+000  8.9167573e+000
  1.3618319e+000  4.0044141e+000
  3.2109874e+000  8.7390455e+000
  1.7218749e+000  3.9846279e+000
  1.5271302e+000  4.3392502e+000
  8.2829017e+000  2.8216301e+000
  8.4652448e+000  2.3058852e+000
  9.1613404e+000  8.8667773e+000
  8.8157885e+000  5.6206706e+000
  3.3725892e+000  1.6782536e+000
  3.1437662e+000  8.8515950e+000
  9.1119583e+000  2.3223488e+000
  5.3292988e+000  3.8139295e+000
  4.0225304e+000  3.9135880e+000
  8.5588619e+000  1.6434753e+000
  1.6292726e+000  7.2434960e+000
  5.2037938e+000  3.3925209e+000
  8.3579070e+000  2.4799923e+000
  2.9986307e+000  9.2141654e+000
  9.2441875e+000  8.6204918e+000
  8.3541631e+000  5.9324336e+000
  6.8227506e+000  1.5424303e+000
  2.3831575e+000  1.7198190e+000
  5.3059211e+000  4.1141244e+000
  3.2567853e+000  1.2954380e+000
  1.6357660e+000  5.8957998e+000
  1.9907299e+000  7.0129838e+000
  6.8208859e+000  8.6898031e+000
  1.7406912e+000  6.7020760e+000
  7.3395183e+000  1.5882374e+000
  8.5867455e+000  7.1973040e+000
  6.2271209e+000  3.4908057e+000
  8.6628648e+000  5.3036751e+000
  4.2135000e+000  6.0703468e+000
  1.0773576e+000  9.7871689e-001
  1.6205766e+000  4.3110967e+000
  5.2324268e+000  2.9745606e+000
  1.1464346e+000  4.1214553e+000
  5.1646515e+000  3.2674296e+000
  1.4943741e+000  4.3531295e+000
  2.9670214e+000  8.1849731e+000
  7.3715924e+000  7.5327832e+000
  2.9763146e+000  5.0495304e+000
  3.0536161e+000  1.4270148e+000
  1.4180433e+000  1.7077782e+000
  7.2815592e+000  1.6102523e+000
  1.8344525e+000  7.3986857e+000
  8.0288068e+000  1.4696836e+000
  1.5683522e+000  4.4047078e+000
  5.1343262e+000  4.1463020e+000
  8.9858427e+000  8.6367947e+000
  8.0652341e+000  1.2581182e+000
  8.2506886e+000  1.7119729e+000
  6.7092525e+000  1.6059557e+000
  2.7332488e+000  9.0815849e+000
  8.9526760e+000  2.2533619e+000
  6.3615321e+000  6.0944787e+000
  1.3202069e+000  1.9779987e+000
  3.5202346e+000  8.4471358e+000
  5.4224446e+000  1.0101493e+000
  5.1679200e+000  7.7510036e+000
  1.3651401e+000  1.5457628e+000
  6.7293732e+000  8.7315807e+000
  2.6895610e+000  4.6508648e+000
  1.5103677e+000  4.0089261e+000
  8.2104361e+000  8.7992531e+000
  6.1493966e+000  1.6207713e+000
  3.1707763e+000  1.5420801e+000
  1.6900291e+000  8.1883725e+000
  1.2500567e+000  6.3760788e+000
  8.0603919e+000  1.9559008e+000
  5.0684418e+000  3.1494974e+000
  8.3045507e+000  3.6578501e+000
  6.5451078e+000  8.1557311e+000
  1.7876233e+000  1.6143176e+000
  8.6311025e+000  5.6318789e+000
  6.9573395e+000  8.4232159e+000
  5.1913110e+000  3.1410010e+000
  8.3940768e+000  5.7782737e+000
  6.5490588e+000  6.2794406e+000
  1.7967722e+000  8.1102060e+000
  8.7490510e+000  8.7233187e+000
  8.6608661e+000  8.6163373e+000
  3.4227477e+000  8.6114914e+000
  5.1184975e+000  2.9380545e+000
  1.7456671e+000  4.2258786e+000
  1.3320789e+000  3.9600082e+000
  7.2116101e+000  8.4817751e+000
  4.8021475e+000  5.2215804e+000
  6.1343657e+000  2.1875638e+000
  1.8002150e+000  6.3126753e+000
  6.4876207e+000  8.1285195e+000
  3.7016127e+000  1.7099790e+000
  5.2190234e+000  8.8835955e-001
  8.6045674e+000  2.5868722e+000
  5.3122668e+000  3.0726623e+000
  8.2482008e+000  1.6488395e+000
  7.5761040e+000  5.7593723e+000
  8.8221492e+000  5.3076745e+000
  6.9735283e+000  5.8853097e+000
  3.2666009e+000  2.6836916e+000
  2.5670021e+000  3.8490350e+000
  2.6717154e+000  1.7331480e+000
  1.0995910e+000  6.8413179e+000
  6.7096825e+000  4.1868924e+000
  3.0090451e+000  8.6049750e+000
  5.3191469e+000  3.1958046e+000
  1.8185234e+000  7.2875547e+000
  8.4680315e+000  2.3470523e+000
  7.7530128e+000  1.8695888e+000
  2.5420986e+000  8.7901242e+000
  1.4399842e+000  1.7363805e+000
  8.7648269e+000  8.5738129e+000
  3.3775697e+000  1.4368393e+000
  4.2056286e+000  3.2360296e+000
  8.2736341e+000  2.3421415e+000
  1.4225537e+000  4.3343484e+000
  8.9957854e+000  8.6994605e+000
  8.7745186e+000  1.6983641e+000
  3.5660409e+000  1.5796716e+000
  5.0137696e+000  2.4017645e+000
  5.8051130e+000  2.6296437e+000
  4.1411634e+000  8.8021195e+000
  8.5271684e+000  6.6369233e+000
  5.1297330e+000  3.9215620e+000
  1.5080349e+000  7.3683709e+000
  3.6500848e+000  8.3305092e+000
  8.1186828e+000  1.9595821e+000
  3.3607484e+000  9.2893675e+000
  8.7139546e+000  4.4928353e+000
  8.4103983e+000  5.9549352e+000
  1.6588692e+000  1.8391475e+000
  1.7391509e+000  7.1006207e+000
  6.7375723e+000  8.5033356e+000
  8.8948477e+000  4.5390675e+000
  1.6519822e+000  4.2643804e+000
  1.5481545e+000  1.6844886e+000
  2.0858640e+000  5.6086975e+000
  5.0970742e+000  3.0366726e+000
  4.8366232e+000  4.1458074e+000
  4.9353499e+000  7.5309191e+000
  7.1090443e+000  4.8985252e+000
  4.7334188e+000  8.6880296e+000
  6.4426386e+000  6.1957165e+000
  8.8433157e+000  4.0956194e+000
  9.0038817e+000  9.1833482e+000
  8.0021850e+000  1.7057948e+000
  6.8068930e+000  4.6142469e+000
  8.7617779e+000  5.0893781e+000
  3.9769865e+000  8.5913813e+000
  3.7797271e+000  8.3880294e+000
  8.6184031e+000  2.0080167e+000
  6.0026396e+000  6.1482804e+000
  6.7419012e+000  5.9131654e+000
  6.2331091e+000  8.6420197e+000
  8.6472287e+000  5.5817777e+000
  3.5028433e+000  1.5015196e+000
  7.1086649e+000  4.3774506e+000
  7.9516565e+000  4.6434658e+000
  8.5961178e+000  6.2396212e+000
  6.5300104e+000  1.3757556e+000
  1.7338874e+000  1.6914205e+000
  1.2195809e+000  1.4312715e+000
  7.1638195e+000  8.3189299e+000
  4.8834195e+000  4.3259720e+000
  6.9909071e+000  6.0011287e+000
  8.9744122e+000  8.7808189e+000
  8.6354751e+000  2.0789081e+000
  8.7595740e+000  5.6023364e+000
  5.7027057e+000  1.9063344e+000
  6.7209206e+000  1.6608348e+000
  5.0716023e+000  2.4214321e+000
  4.8033789e+000  3.1604030e+000
  6.9647806e+000  7.2982562e+000
  6.7368085e+000  1.5733948e+000
  1.4374913e+000  6.1579829e+000
  3.6128468e+000  8.3129577e+000
  5.2774026e+000  3.0865883e+000
  9.0239945e+000  2.6210540e+000
  8.9021886e+000  5.3361382e+000
  5.5998013e+000  3.0433350e+000
  3.6481139e+000  9.2056572e+000
  8.5236116e+000  7.5083690e+000
  1.6209646e+000  1.1229346e+000
  8.8805676e+000  2.2400153e+000
  8.3439041e+000  3.0055500e+000
  1.5953960e+000  6.9743966e+000
  3.6697223e+000  4.1266781e+000
  6.5435871e+000  6.9505719e+000
  6.0875544e+000  1.7706625e+000
  8.0617425e+000  1.5501013e+000
  6.6175317e+000  2.3421739e+000
  5.1911066e+000  3.1688908e+000
  7.3740461e+000  1.7621276e+000
  8.2436459e+000  6.2036576e+000
  3.3177095e+000  1.7249340e+000
  7.2948497e+000  5.9905437e+000
  8.8176815e+000  8.6666696e+000
  5.0882185e+000  3.9338520e+000
  3.4288132e+000  1.9303244e+000
  2.7810007e+000  8.4630285e+000
  2.0228199e+000  8.5546809e+000
  2.4655301e+000  1.6069431e+000
  1.1133825e+000  6.9542631e+000
  1.2431072e+000  1.6257226e+000
  1.1812954e+000  6.9052485e+000
  1.6133117e+000  4.1099594e+000
  9.1323314e+000  4.4009198e+000
  3.3690606e+000  8.4427083e+000
  8.8729293e+000  2.1680361e+000
  5.6418091e+000  6.3329318e+000
  2.2302828e+000  5.9928077e+000
  1.3334657e+000  1.5686573e+000
  2.1502541e+000  1.8927765e+000
  4.2901563e+000  1.8155548e+000
  6.4718500e+000  6.3227504e+000
  6.3043489e+000  5.6095812e+000
  1.9557064e+000  7.1619832e+000
  6.3327706e+000  7.6358740e+000
  6.8415905e+000  7.3329494e+000
  3.2228038e+000  1.9782563e+000
  1.4251547e+000  4.1204340e+000
  7.1141250e+000  1.4854270e+000
  5.1796067e+000  3.5874427e+000
  8.4515794e+000  5.4245378e+000
  1.5376309e+000  4.6235486e+000
  5.3811522e+000  3.3498203e+000
  3.2660846e+000  1.5116544e+000
  8.7478742e+000  2.3399794e+000
  4.6586685e+000  4.8262801e+000
  8.5934945e+000  6.8690054e+000
  1.5809433e+000  4.6545252e+000
  1.5307572e+000  4.4408468e+000
  7.6996016e+000  1.6227569e+000
  5.6133844e+000  6.1931860e+000
  3.2895120e+000  3.4544361e+000
  4.9756752e+000  4.1851550e+000
  2.9006974e+000  4.2798015e+000
  6.4284865e+000  6.2334576e+000
  3.3870953e+000  2.0579614e+000
  7.0912905e+000  5.5531808e+000
  1.3070732e+000  6.9210436e+000
  5.5371748e+000  2.6259912e+000
  5.9066962e+000  6.4492156e+000
  4.4324656e+000  5.1131219e+000
  8.2380025e+000  6.7618516e+000
  3.7404048e+000  3.0219402e+000
  7.0348049e+000  5.1051575e+000
  8.1925198e+000  4.9180111e+000
  1.5274443e+000  1.6042264e+000
  3.5152871e+000  8.6306478e+000
  6.5651085e+000  7.0965683e+000
  5.3876368e+000  4.9954539e+000
  1.3133107e+000  7.3922579e+000
  8.7581357e+000  8.4097210e+000
  8.1613716e+000  1.8987206e+000
  8.2592833e+000  5.6011447e+000
  1.2187300e+000  6.8993493e+000
  4.9916545e+000  2.4810559e+000
  3.4985819e+000  8.8706007e+000
  7.0031138e+000  1.4227805e+000
  2.8256903e+000  8.6716870e+000
  8.2297861e+000  1.7131680e+000
  7.1155726e+000  8.4354844e+000
  6.7248955e+000  7.5684004e+000
  5.0446964e+000  4.5040247e+000
  2.8573768e+000  2.6922088e+000
  8.1809110e+000  7.9698856e+000
  7.0999656e+000  2.9103381e+000
  6.8368593e+000  1.5438465e+000
  3.2698046e+000  2.0006076e+000
  6.4101822e+000  8.0920767e+000
  5.2586714e+000  7.7699622e+000
  5.1105814e+000  4.2895665e+000
  1.5353045e+000  1.6902214e+000
  8.4944446e+000  8.2532669e+000
  1.2790570e+000  4.4078964e+000
  1.6933396e+000  4.3040891e+000
  8.5221188e+000  1.6122435e+000
  8.4307874e+000  5.4560828e+000
  7.8227426e+000  6.0474262e+000
  6.8296576e+000  4.9044137e+000
  8.9124865e-001  9.1861572e+000
  4.8605014e+000  6.6886796e+000
  2.9782971e+000  8.6858600e+000
  7.2339426e+000  4.3947176e+000
  8.3641734e+000  6.4243599e+000
  7.5179520e+000  5.9687019e+000
  6.7303501e+000  7.8261837e+000
  5.1388566e+000  3.2275245e+000
  6.9227165e+000  6.5918599e+000
  5.4220300e+000  3.0959245e+000
  8.4022413e+000  5.6040547e+000
  1.3010799e+000  7.4823379e+000
  1.5187154e+000  1.8200530e+000
  1.0922210e+000  6.7983221e+000
  5.0061353e+000  5.1262676e+000
  7.0687098e+000  8.3027359e+000
  6.0303182e+000  7.5055615e+000
  1.7439563e+000  7.1375028e+000
  5.4710855e+000  3.9785309e+000
  7.2149300e-001  8.9445202e+000
  8.8895595e+000  6.8794543e+000
  5.6584570e+000  1.3940408e+000
  1.3435549e+000  1.7833336e+000
  6.7669407e+000  5.8069379e+000
  1.6220052e+000  4.1327832e+000
  1.5985973e+000  6.8750225e+000
  5.7270879e+000  6.0728378e+000
  3.5283990e+000  4.1820654e+000
  8.7931250e+000  4.7393705e+000
  1.0644805e+000  6.9058504e+000
  8.6024721e+000  6.6185196e+000
  6.5011065e+000  4.6933209e+000
  4.1821908e+000  8.7719609e+000
  2.8886150e+000  4.1218612e+000
  5.7959019e+000  7.0388982e+000
  3.6382421e+000  8.2669738e+000
  6.3325882e+000  1.8481698e+000
  1.3863970e+000  4.0158293e+000
  4.5276687e+000  2.4342969e+000
  8.6064973e+000  8.7456642e+000
  1.9007467e+000  6.8058429e+000
  8.6371343e+000  8.3290145e+000
  3.5675131e+000  9.1639084e+000
  5.3446969e+000  2.9617057e+000
  5.0063865e+000  8.5917948e+000
  7.0694721e+000  8.6479148e+000
  8.5955300e+000  2.2240118e+000
  6.5332413e+000  6.2648338e+000
  1.7174190e+000  6.8261208e+000
  6.4224369e+000  8.4272582e+000
  8.3746795e+000  6.2743454e+000
  7.0690618e+000  8.3496825e+000
  6.9772722e+000  5.5914860e+000
  4.4811636e+000  2.1364632e+000
  6.0814467e+000  8.7409859e+000
  8.3947320e+000  2.0401014e+000
  6.4477093e+000  5.0919234e+000
  6.7570880e+000  8.6544850e+000
  3.3817570e+000  1.3942273e+000
  6.7738854e+000  1.2809702e+000
  8.9451431e+000  1.9827041e+000
  5.8138860e+000  7.3363276e+000
  5.3654753e+000  2.9097387e+000
  1.9390228e+000  4.7724756e+000
  1.7493028e+000  6.2684395e+000
  3.5335620e+000  6.7861653e+000
  8.1530979e+000  5.0252233e+000
  5.1697940e+000  3.1047980e+000
  7.4925140e-001  2.3731435e+000
  8.4345517e+000  2.1015302e+000
  7.0441862e+000  8.2367739e+000
  5.2411598e+000  4.3143698e+000
  3.2455354e+000  1.3825773e+000
  7.2133228e+000  5.8310878e+000
  7.3874911e+000  5.8180650e+000
  1.1364888e+000  6.7534278e+000
  3.4618425e+000  1.7663021e+000
  8.3241669e+000  5.7861555e+000
  8.7589715e+000  5.0499283e+000
  1.4007224e+000  8.0574909e+000
  8.3672866e+000  2.0093069e+000
  7.7195872e+000  8.3548622e+000
  7.3279775e+000  8.7181552e+000
  5.1179273e+000  7.4044518e+000
  3.9615655e+000  5.6750366e+000
  3.9005678e+000  1.5117431e+000
  1.5008350e+000  5.9561188e+000
  1.8564542e+000  7.1535490e+000
  8.4784024e+000  1.8246633e+000
  5.0902786e+000  4.0732500e+000
  4.9866175e+000  2.9970792e+000
  7.6863924e+000  6.2600620e+000
  5.4288582e+000  3.3822264e+000
  3.4024730e+000  1.6667171e+000
  1.3745868e+000  8.1244862e+000
  3.2363373e+000  1.8817394e+000
  2.4346198e+000  5.7297591e+000
  4.5656867e+000  8.6267882e+000
  6.3734448e+000  5.9741635e+000
  1.7955848e+000  8.0379234e+000
  1.8490334e+000  6.7046334e+000
  5.0933267e+000  3.9058749e+000
  2.7001592e+000  1.8195441e+000
  1.1254688e+000  7.9866942e+000
  8.0010042e+000  1.8744717e+000
  7.3821258e+000  5.8515825e+000
  5.3028692e+000  3.9223894e+000
  4.0731313e+000  8.8348816e+000
  2.1340555e+000  7.1469287e+000
  1.9607388e+000  4.4040475e+000
  6.2640136e+000  5.9136828e+000
  2.4315505e+000  2.6106326e+000
  8.6735326e+000  3.3907883e+000
  3.3978648e+000  8.5180413e+000
  8.2548177e+000  2.1142388e+000
  3.7129592e+000  1.7492158e+000
  1.6161566e+000  4.1816057e+000
  3.7139174e+000  8.9117750e+000
  8.6841765e+000  7.5523843e+000
  1.4211013e+000  4.5662180e+000
  3.4251619e+000  1.9296608e+000
  1.1586521e+000  8.2273534e+000
  5.2532877e+000  2.8302810e+000
  1.7756697e+000  4.2626222e+000
  8.8831049e+000  3.1415505e+000
  1.3785370e+000  6.7111385e+000
  7.0649828e+000  6.2677485e+000
  1.9134234e+000  3.4479511e+000
  1.4552416e+000  3.2807217e+000
  5.2339944e+000  8.0059976e+000
  3.0708629e+000  5.1571903e+000
  1.2875300e+000  1.6084953e+000
  2.0481037e+000  5.9208660e+000
  8.2874568e+000  4.5307117e+000
  5.8813353e+000  1.0404755e+000
  3.3017242e+000  1.5727098e+000
  1.2192192e+000  7.2001776e+000
  1.4746315e+000  7.1453541e+000
  5.3585181e+000  3.1107795e+000
  1.7079008e+000  5.2485438e+000
  8.0404274e+000  8.5292250e+000
  4.2144002e+000  4.2351220e+000
  1.0604466e+000  4.0366974e+000
  5.0687329e+000  3.0949406e+000
  2.9882597e+000  1.6768197e+000
  5.2985361e+000  8.7021921e+000
  7.2374523e+000  5.8697589e+000
  7.4000272e+000  5.6798506e+000
  5.1956084e+000  3.2540746e+000
  5.4562107e+000  2.9427914e+000
  4.1226612e+000  1.5256023e+000
  1.3872481e+000  3.9587021e+000
  4.8359363e+000  5.0248682e+000
  7.0232978e+000  5.0143880e+000
  8.7289923e+000  8.4109832e+000
  1.4970762e+000  1.8534761e+000
  3.1319646e+000  1.9020154e+000
  8.8039612e+000  5.4434395e+000
  8.6574650e+000  5.3029989e+000
  1.8376082e+000  3.8023162e+000
  1.4283181e+000  7.7583793e+000
  5.5148750e+000  2.7221708e+000
  6.8967697e+000  8.2008419e+000
  8.9880015e-001  2.2191635e+000
  8.6102461e+000  2.2753480e+000
  2.3959935e+000  2.4899474e+000
  8.5916262e+000  2.9407319e+000
  1.5776312e+000  7.7093304e+000
  1.6458770e+000  6.7176026e+000
  2.2799221e+000  5.1097887e+000
  8.4194889e+000  6.7074704e+000
  1.2418133e+000  1.8547694e+000
  8.2185233e+000  1.9421789e+000
  5.1388081e+000  1.9363125e+000
  1.1558461e+000  8.6108797e+000
  1.5468697e+000  1.5417654e+000
  3.0609976e+000  1.5727144e+000
  3.3313035e+000  9.0675090e+000
  8.6176451e+000  6.7876111e+000
  8.4423488e+000  3.2537381e+000
  3.5038580e+000  9.3130024e+000
  5.5634651e+000  7.7898868e+000
  5.2084732e+000  2.4529698e+000
  3.5276784e+000  1.3053862e+000
  4.9968476e+000  3.0435559e+000
  1.5157868e+000  4.2050276e+000
  5.7112471e+000  1.5107583e+000
  8.1911437e+000  5.4894705e+000
  8.5753570e+000  2.1490433e+000
  6.3106064e+000  1.7699545e+000
  6.1671537e+000  6.7920971e+000
  8.9778310e+000  8.4774862e+000
  7.7285196e+000  1.8466794e+000
  1.8952015e+000  7.0068392e+000
  1.6039240e+000  7.2750843e+000
  5.3863810e+000  5.3644935e+000
  7.0925204e+000  1.7974203e+000
  5.2240843e+000  2.9148844e+000
  4.8931208e+000  3.6283697e+000
  5.1459436e+000  2.9590581e+000
  1.4703562e+000  7.9329403e+000
  1.4027133e+000  3.7434441e+000
  5.2424660e+000  2.9738632e+000
  8.1351062e+000  2.3336197e+000
  5.5590293e+000  1.3660969e+000
  1.8372095e+000  7.3391917e+000
  8.7692509e+000  8.4825696e+000
  3.5214783e+000  8.3116581e+000
  3.0136360e+000  1.4357407e+000
  7.2401649e+000  5.6864730e+000
  8.2984831e+000  5.7290714e+000
  5.5201961e+000  8.9115385e+000
  7.4075269e+000  8.2992465e+000
  5.6310586e+000  3.1108102e+000
  8.6835457e+000  7.2492128e+000
  7.0863197e+000  4.1504337e+000
  1.5335449e+000  6.4932412e+000
  4.8457751e+000  4.1603437e+000
  8.7377860e+000  8.4702675e+000
  8.6257636e+000  7.6920185e+000
  8.4385491e+000  1.5710230e+000
  8.8909168e+000  5.3442729e+000
  1.6803635e+000  5.9174423e+000
  5.4042619e+000  3.3005217e+000
  6.6539915e+000  5.6701620e+000
  8.3836464e+000  1.9568767e+000
  8.5853122e+000  1.8586879e+000
  1.5341277e+000  6.9948759e+000
  3.8482808e+000  9.1075392e+000
  3.2818314e+000  8.3236566e+000
  1.6253013e+000  1.8051556e+000
  1.4303405e+000  7.2348914e+000
  7.0041285e+000  4.5737267e+000
  5.1407760e+000  3.3280294e+000
  1.2990235e+000  1.5911501e+000
  3.5949581e+000  9.2480203e+000
  5.3065373e+000  5.0396569e+000
  3.5222914e+000  5.4705519e+000
  1.5496240e+000  1.5187943e+000
  5.6472231e+000  8.0150605e+000
  5.2713346e+000  3.8863607e+000
  5.0528531e+000  3.9844174e+000
  3.5920513e+000  8.7837163e+000
  8.5943483e+000  6.4594225e+000
  4.6596649e+000  1.7242393e+000
  5.2018555e+000  8.5772841e+000
  6.9282830e+000  8.6917302e+000
  1.6054303e+000  1.6422188e+000
  1.3481493e+000  1.5186681e+000
  1.4311980e+000  1.3714366e+000
  1.5356082e+000  4.2186957e+000
  6.5006934e+000  6.6637959e+000
  5.0876380e+000  7.3934000e+000
  1.5928692e+000  1.8484384e+000
  9.1791308e+000  8.5613755e+000
  7.3104021e-001  3.0778324e+000
  4.8170818e+000  8.8568516e-001
  2.3235408e+000  8.6082484e+000
  5.3222196e+000  3.2244253e+000
  8.6403707e+000  5.6049918e+000
  6.6755029e+000  1.5062795e+000
  1.0042716e+000  6.8766231e+000
  5.3900391e+000  7.3848535e+000
  8.2928101e+000  2.1180360e+000
  1.8650169e+000  7.9190146e+000
  5.0311849e+000  2.1721360e+000
  6.7166689e+000  8.5913949e+000
  7.1145644e+000  6.5500357e+000
  8.3704191e+000  2.6227306e+000
  6.2553611e+000  6.5043317e+000
  7.5518002e+000  8.3218361e+000
  9.8228742e-001  7.2058203e+000
  4.7941064e+000  4.0474037e+000
  5.8429285e+000  3.5140395e+000
  3.5812962e+000  8.5861968e+000
  5.2624400e+000  3.1589823e+000
  7.5763129e+000  4.5030399e+000
  3.4065724e+000  1.4684733e+000
  1.6938183e+000  4.4570487e+000
  5.0052701e+000  2.8856727e+000
  3.9983627e+000  6.3863422e+000
  2.5866796e+000  5.6758091e+000
  5.6716055e+000  1.7572074e+000
  6.2708527e+000  6.4382891e+000
  8.9373246e+000  8.3916056e+000
  1.8391545e+000  5.2886522e+000
  8.4337058e+000  7.4450982e+000
  5.3580176e+000  3.1714434e+000
  6.6599412e+000  8.1269703e+000
  5.1437323e+000  3.2323991e+000
  2.6520798e+000  1.4116839e+000
  8.5890727e+000  2.9585200e+000
  2.1307366e+000  6.6039795e+000
  1.6307757e+000  1.5708836e+000
  3.0253612e+000  1.2514194e+000
  8.0678925e+000  1.5971744e+000
  1.4539016e+000  7.5698828e+000
  3.3459487e+000  8.2703334e+000
  2.2089754e+000  5.3930752e+000
  5.3085762e+000  2.9502331e+000
  6.4729889e+000  6.8028205e+000
  8.6432033e+000  2.0709036e+000
  6.3223166e+000  2.0882000e+000
  5.1604471e+000  3.0541342e+000
  6.2046665e+000  4.1221096e+000
  1.2110696e+000  6.2361228e+000
  7.9096310e+000  8.6553162e+000
  1.2925047e+000  2.2473060e+000
  8.5042500e+000  2.3085757e+000
  8.3172850e+000  5.1664144e+000
  8.5355655e+000  6.6332261e+000
  6.5040738e+000  8.3799678e+000
  1.6664496e+000  8.0955246e+000
  8.6047860e+000  8.1697508e+000
  3.1975395e+000  1.9045629e+000
  1.7685540e+000  6.9622123e+000
  1.8959532e+000  7.3674421e+000
  3.3656414e+000  8.7895918e+000
  8.0233291e+000  1.7025469e+000
  5.9956560e+000  5.8438050e+000
  4.9746750e+000  3.1984768e+000
  1.1223450e+000  6.7927777e+000
  3.4596892e+000  1.7041153e+000
  7.1382822e+000  6.8973747e+000
  9.0223415e+000  5.3783259e+000
  1.6755617e+000  7.6459690e+000
  6.8409616e+000  4.7986544e+000
  8.4367441e+000  1.8049671e+000
  1.3523668e+000  7.0394351e+000
  5.0720893e+000  4.3235000e+000
  6.9820686e+000  5.1862400e+000
  3.5263784e+000  8.6567102e+000
  1.6298825e+000  7.1938659e+000
  6.4024636e+000  4.1436595e+000
  4.9027950e+000  1.1832695e+000
  4.0554264e+000  1.8296008e+000
  5.1447049e+000  3.2370242e+000
  1.1784305e+000  8.3494997e+000
  3.4998327e+000  8.2842211e+000
  4.7247786e+000  6.9421706e+000
  8.4120040e+000  7.9190071e+000
  1.0851308e+000  8.6980139e+000
  5.1537438e+000  2.9927962e+000
  3.2440354e+000  1.8393063e+000
  1.1795552e+000  6.6871043e+000
  3.3550719e+000  8.7389034e+000
  1.3009860e+000  4.2635340e+000
  5.6903087e+000  5.8448004e+000
  8.3612673e+000  8.5742284e+000
  6.5686971e+000  2.1380822e+000
  3.2732436e+000  1.6200607e+000
  8.9334960e+000  8.6333454e+000
  8.4403842e+000  2.4295042e+000
  1.4438346e+000  7.0295850e+000
  1.3586065e+000  6.8722864e+000
  1.7180141e+000  7.1504048e+000
  8.1682880e+000  2.1813816e+000
  6.7711739e+000  6.4717245e+000
  7.1017032e+000  8.5858381e+000
  3.1948086e+000  6.1335376e+000
  8.9742766e+000  2.1031940e+000
  6.6282705e+000  6.6297531e+000
  8.4086494e+000  5.7324296e+000
  8.0756763e+000  1.5091017e+000
  5.9698617e+000  7.1015109e+000
  8.8892229e+000  2.2574225e+000
  6.8607500e+000  4.6670210e+000
  3.3911881e+000  8.6774783e+000
  4.3845452e+000  2.1480728e+000
  1.4836410e+000  7.0328240e+000
  6.6826996e+000  4.4740148e+000
  6.9322142e+000  8.7465285e+000
  7.7438684e+000  5.3632051e+000
  3.5789348e+000  5.8345954e+000
  1.8860827e+000  8.0970090e+000
  2.3006176e+000  1.4153952e+000
  6.3788119e+000  6.5473114e+000
  3.4519391e+000  9.2047914e+000
  6.4340150e+000  6.0229443e+000
  1.5978640e+000  7.2293825e+000
  9.4598272e-001  2.8733304e+000
  3.6183252e+000  5.9880660e+000
  1.1387889e+000  2.0494990e+000
  2.5092403e+000  5.4081691e+000
  3.1882119e+000  1.7092228e+000
  1.7253666e+000  4.7764137e+000
  8.1851642e+000  1.4171025e+000
  5.4860479e+000  2.7898042e+000
  1.7059939e+000  4.3059230e+000
  1.3634015e+000  1.7210650e+000
  4.3643490e+000  6.0523013e+000
  7.9142918e+000  6.2175265e+000
  8.2920451e+000  2.2659854e+000
  5.8725745e+000  7.1375050e+000
  3.5353635e+000  1.3379977e+000
  5.0078380e+000  3.1824200e+000
  5.2115751e+000  2.2368163e+000
  1.6577831e+000  3.9397733e+000
  1.3264901e+000  3.0273698e+000
  8.8770873e+000  6.2655974e+000
  6.0941963e+000  1.7858509e+000
  5.6762989e+000  3.1404252e+000
  1.4431603e+000  6.8581230e+000
  9.0141771e+000  2.3315325e+000
