  4.9895006e+000  4.8437691e+000
  5.8967845e+000  7.7321816e+000
  7.5158347e-001  6.9441912e+000
  8.2993186e+000  2.0009002e+000
  7.0277644e+000  6.1630312e+000
  6.0282144e+000  6.9081763e+000
  8.1544474e+000  1.7935883e+000
  1.7800191e+000  1.8095787e+000
  1.7353040e+000  4.2909925e+000
  1.1350608e+000  6.9597540e+000
  6.6686760e+000  8.4958388e+000
  3.2161619e+000  4.3668638e+000
  8.0783003e+000  5.7246815e+000
  2.5016369e+000  2.5037416e+000
  5.2793835e+000  1.8245289e+000
  8.8772059e+000  5.5009342e+000
  3.6083543e+000  8.8752247e+000
  8.0504110e+000  8.0947437e+000
  8.6394176e+000  2.3429857e+000
  5.1868385e+000  8.0909975e+000
  6.8076979e+000  8.4826169e+000
  3.0392742e+000  8.2333758e+000
  6.1496062e+000  1.5987520e+000
  5.0682637e+000  2.9798351e+000
  5.4110368e+000  5.4332034e+000
  6.9170192e+000  5.1337160e+000
  1.6115923e+000  6.9288815e+000
  8.2963054e+000  1.6813316e+000
  8.8329335e+000  5.2236189e+000
  4.9868967e+000  4.4411785e+000
  8.5631962e+000  5.4574262e+000
  7.8412918e+000  1.9665278e+000
  3.2391592e+000  2.0018540e+000
  2.5665543e+000  4.2096005e+000
  3.0941649e+000  1.3974899e+000
  8.4509271e+000  5.7872314e+000
  6.7271831e+000  8.4181352e+000
  1.5591655e+000  7.9612713e+000
  2.9453360e+000  9.1167186e+000
  8.1720260e+000  1.4907504e+000
  1.6471348e+000  1.8183612e+000
  6.4200553e+000  1.3727949e+000
  2.4759628e+000  1.4522838e+000
  7.9429171e+000  2.3944168e+000
  1.8000645e+000  3.8586434e+000
  2.3862301e+000  8.8173261e+000
  1.1257380e+000  3.2596469e+000
  5.3791547e+000  8.3752142e+000
  8.5291735e+000  1.8298993e+000
  1.3458242e+000  7.1239310e+000
  8.0789541e+000  1.7388299e+000
  2.9849905e+000  8.9792443e+000
  8.9192054e+000  5.3846965e+000
  6.0504809e+000  7.3188506e+000
  6.1716215e+000  6.6439422e+000
  6.9146010e+000  4.5968625e+000
  1.4006843e+000  4.2424386e+000
  7.0284017e+000  8.6804368e+000
  1.4489704e+000  4.3166802e+000
  8.7450906e+000  5.6924772e+000
  1.4102124e+000  4.2656015e+000
  2.1276789e+000  6.9530480e+000
  5.2042531e+000  2.9394291e+000
  8.6058947e+000  2.4360975e+000
  8.2168319e+000  6.6654455e+000
  1.3731663e+000  1.6724789e+000
  5.1905029e+000  6.6214763e+000
  5.3319006e+000  2.9765407e+000
  1.2360283e+000  7.0731838e+000
  6.6861069e+000  6.6519868e+000
  4.9293108e+000  3.1589910e+000
  1.4892422e+000  4.6584800e+000
  2.2444069e+000  6.8365848e+000
  1.8042920e+000  4.9336279e+000
  8.5756060e+000  5.3720764e+000
  4.8293334e+000  2.9278799e+000
  7.9756850e+000  2.0577209e+000
  3.5042110e+000  8.4858837e+000
  4.1260104e+000  2.6371865e+000
  3.4898038e+000  1.9302421e+000
  6.6598858e+000  7.2388077e+000
  7.3926858e+000  8.6700399e+000
  3.6862894e+000  8.2842437e+000
  8.5218267e+000  1.9269501e+000
  4.6162934e+000  1.4711989e+000
  5.6726386e+000  2.8523310e+000
  2.0982278e+000  1.7215756e+000
  3.3773934e+000  1.1775442e+000
  4.5706303e+000  2.0190043e+000
  8.7150346e+000  3.5871825e+000
  4.0646670e+000  7.0390821e+000
  2.7086810e+000  2.7063445e+000
  3.0860525e+000  1.7940879e+000
  8.3824984e+000  2.0805538e+000
  4.2143798e+000  1.9294288e+000
  6.8452669e+000  1.6089934e+000
  1.9522315e+000  4.2673316e+000
  1.5331153e+000  7.2544256e+000
  3.2662087e+000  1.3518666e+000
  3.4585968e+000  1.3089746e+000
  6.7379886e+000  6.0521833e+000
  1.3570505e+000  1.7335783e+000
  9.0786428e+000  3.0852486e+000
  6.1492324e+000  8.5567209e+000
  8.6639680e+000  1.8798298e+000
  1.4917429e+000  7.8536814e+000
  1.4008026e+000  1.6866366e+000
  1.2988789e+000  4.9885614e+000
  5.0370468e+000  3.1029736e+000
  1.9345526e+000  7.2354657e+000
  5.0391065e+000  3.0139621e+000
  8.3728994e+000  2.2348496e+000
  8.7223670e+000  2.0578992e+000
  2.0510433e+000  7.1624724e+000
  2.5402017e+000  4.8847944e+000
  8.6831675e+000  7.1365732e+000
  8.9536254e+000  6.6057658e+000
  5.2720706e+000  2.9901685e+000
  4.8786197e+000  2.3288979e+000
  8.7335938e-001  7.0287639e+000
  6.4199820e+000  7.2972659e+000
  3.4562331e+000  5.7193473e+000
  5.1563181e+000  3.3270627e+000
  9.1357213e+000  5.2535157e+000
  3.3720820e+000  1.3217292e+000
  2.2401160e+000  8.2340714e+000
  3.4527332e+000  6.4945972e+000
  1.8834283e+000  6.6934388e+000
  3.1252309e+000  1.7572480e+000
  6.9830701e+000  6.6782643e+000
  2.9931175e+000  1.5889588e+000
  5.6510818e+000  3.3698354e+000
  8.1216576e+000  6.6722918e+000
  3.4459449e+000  8.6792170e+000
  2.9575632e+000  1.4228615e+000
  1.8144951e+000  1.6516373e+000
  3.0206244e+000  1.7411735e+000
  1.3512515e+000  1.6004501e+000
  1.7607846e+000  5.1646240e+000
  5.1085752e+000  2.8543794e+000
  1.2654614e+000  7.6587317e+000
  2.8089420e+000  2.1463387e+000
  8.0635798e+000  5.3447049e+000
  8.4657905e+000  2.5056846e+000
  1.7102550e+000  8.2672439e+000
  5.0328067e+000  2.9589296e+000
  8.8053346e+000  5.7260721e+000
  1.6999310e+000  7.1791000e+000
  7.3063747e+000  6.9808346e+000
  8.7863318e+000  8.3445973e+000
  8.8178223e+000  8.3285843e+000
  9.0793230e+000  5.1761576e+000
  1.4760589e+000  5.4538878e+000
  5.4362770e+000  4.7466987e+000
  2.8141455e+000  1.4868421e+000
  4.3778429e+000  6.0409171e+000
  8.4063476e+000  8.0489577e+000
  1.1216084e+000  1.5056340e+000
  3.1931955e+000  1.3259214e+000
  7.1266138e+000  5.6312737e+000
  1.5066679e+000  7.1436072e+000
  3.2433418e+000  9.3822861e+000
  2.7161117e+000  1.7278475e+000
  8.1623671e+000  2.1582075e+000
  3.5352199e+000  1.2883502e+000
  1.0309175e+000  6.7949350e+000
  5.4148994e+000  3.6819051e+000
  7.9851023e+000  2.4663580e+000
  6.9570272e+000  3.5234199e+000
  4.0293258e+000  3.7510706e+000
  5.8851155e+000  7.2711591e+000
  2.4733544e+000  3.3965026e+000
  3.0093976e+000  1.4701106e+000
  1.2659655e+000  7.7184529e+000
  2.5931578e+000  8.1810466e+000
  1.6899569e+000  7.0775413e+000
  5.6876408e+000  5.9833706e+000
  1.2171279e+000  7.0181386e+000
  8.8846103e+000  1.9481638e+000
  3.4674260e+000  7.0060887e+000
  3.3717526e+000  2.0401775e+000
  1.3659086e+000  1.6037539e+000
  5.1011240e+000  3.1039411e+000
  7.9879438e+000  2.1205643e+000
  8.8023950e+000  8.5734342e+000
  3.1279829e+000  1.5511124e+000
  5.5790041e+000  3.1105341e+000
  5.7745375e+000  7.5666962e+000
  8.4962158e+000  5.2886420e+000
  7.1625367e+000  8.4356714e+000
  8.9301409e+000  5.3925762e+000
  3.3800494e+000  1.0088061e+000
  6.9036227e+000  8.2602530e+000
  8.4338620e+000  8.7265191e+000
  1.1741595e+000  7.0050883e+000
  5.2704267e+000  2.9896493e+000
  8.3587516e+000  1.9769152e+000
  8.7354362e+000  5.8523568e+000
  8.6613687e+000  5.9584315e+000
  7.7747409e+000  1.4941604e+000
  4.1354864e+000  8.4625998e+000
  9.0783094e+000  8.7994702e+000
  6.4412388e+000  7.8679175e+000
  3.4514535e+000  1.3830651e+000
  5.2214651e+000  4.9563289e+000
  7.9941048e+000  1.9125701e+000
  8.0951779e+000  2.4905111e+000
  6.2856425e+000  6.4464563e+000
  8.5229595e+000  5.0415570e+000
  6.2769438e+000  7.2666749e+000
  8.5777127e+000  2.1289155e+000
  1.2687833e+000  8.4388315e+000
  5.1858164e+000  2.9923873e+000
  5.4305225e+000  1.5498388e+000
  9.3662223e-001  6.9802654e+000
  8.8784797e+000  1.9042389e+000
  6.8106214e+000  8.3785034e+000
  5.5691616e+000  1.6009676e+000
  5.0339295e+000  3.5635149e+000
  8.3873629e+000  2.1935319e+000
  7.8869720e+000  2.2502337e+000
  1.3440669e+000  6.9526553e+000
  1.9203128e+000  5.4735381e+000
  6.5262947e+000  7.1254393e+000
  4.1934449e+000  6.1449340e+000
  3.2757343e+000  1.3772269e+000
  3.6291379e+000  1.6690498e+000
  8.3260105e+000  2.0972645e+000
  1.9243180e+000  7.8992993e+000
  3.1063789e+000  1.4163303e+000
  4.3883513e+000  4.5614088e+000
  6.4079597e+000  6.2173199e+000
  4.2653968e+000  8.2410505e+000
  9.0036967e+000  3.4610444e+000
  6.0495688e+000  8.0701269e+000
  5.4733083e+000  3.1451616e+000
  1.6401578e+000  1.6580809e+000
  3.4982144e+000  4.8447282e+000
  2.1559653e+000  1.8343266e+000
  8.9755564e+000  8.4342573e+000
  5.0155850e+000  2.9918508e+000
  2.3615463e+000  4.8778105e+000
  8.3997116e+000  6.1092895e+000
  1.0846369e+000  3.5479613e+000
  5.4309430e+000  3.3814207e+000
  5.9129216e+000  8.6055122e+000
  8.2486042e+000  2.1798759e+000
  8.2785602e+000  5.3130128e+000
  3.9112699e+000  8.6817419e+000
  1.3997118e+000  6.3982025e+000
  5.2569380e+000  2.8567276e+000
  8.5151588e+000  4.7013239e+000
  5.5996581e+000  3.1940747e+000
  7.0291448e+000  6.2389761e+000
  3.3292546e+000  3.4454553e+000
  7.2077066e+000  6.8559516e+000
  1.7425991e+000  1.6322324e+000
  8.8889823e+000  4.3527167e+000
  7.4419575e+000  5.6007579e+000
  1.2244374e+000  7.2655104e+000
  1.1854126e+000  7.1172209e+000
  2.9128993e+000  8.5016327e+000
  1.9418469e+000  7.2854888e+000
  4.1310231e+000  8.9602990e+000
  7.7518523e+000  1.5076841e+000
  6.1768186e+000  6.6541349e+000
  5.4452059e+000  6.9103377e+000
  6.1934384e+000  7.7090451e+000
  8.2400519e+000  1.6174678e+000
  8.3137337e+000  1.7829378e+000
  6.8864957e+000  5.9628997e+000
  1.4235221e+000  4.5939770e+000
  5.0795662e+000  4.3077687e+000
  8.1482075e+000  5.4957994e+000
  3.1526308e+000  2.1266578e+000
  5.4120519e+000  2.9052680e+000
  3.1724988e+000  8.8292467e+000
  1.6187779e+000  4.4003578e+000
  4.7062197e+000  8.5586680e+000
  2.2786033e+000  7.1900637e+000
  2.4424436e+000  4.8671079e+000
  9.0171516e+000  5.1268654e+000
  5.5052040e+000  2.5845904e+000
  8.5113192e+000  6.8198830e+000
  1.5491088e+000  4.4405760e+000
  8.4218836e+000  7.4282171e+000
  6.7531338e+000  1.4947066e+000
  9.2237105e+000  3.4691219e+000
  8.0274747e+000  1.8598073e+000
  5.7180653e+000  3.1581469e+000
  4.3367290e+000  8.5595733e+000
  2.5580517e+000  4.3337169e+000
  8.2405318e+000  5.3126141e+000
  8.8496995e+000  4.9962914e+000
  6.8478837e+000  8.6780851e+000
  5.8508187e+000  7.0077430e+000
  3.2599028e+000  4.0971166e+000
  8.3947811e+000  2.0722639e+000
  5.2920964e+000  2.7633914e+000
  1.3122911e+000  1.6764096e+000
  5.2125829e+000  8.3901240e+000
  5.2584490e+000  3.1513495e+000
  4.6011154e+000  5.7971026e+000
  5.2645853e+000  6.4950970e+000
  8.3456053e+000  7.4721983e+000
  8.9675365e+000  2.0964563e+000
  8.2583848e+000  2.4068765e+000
  1.7362633e+000  1.9750689e+000
  8.6949610e+000  7.9587429e+000
  1.3404603e+000  1.7835117e+000
  4.1723761e+000  1.8134442e+000
  1.5533568e+000  1.7697251e+000
  2.0027391e+000  6.9805530e+000
  7.9579424e+000  2.1733937e+000
  1.3890697e+000  4.0744585e+000
  6.5856824e+000  4.7404440e+000
  8.3408694e+000  2.0507495e+000
  4.8950834e+000  3.0786515e+000
  5.7266509e+000  4.8568558e+000
  1.5920159e+000  2.1171859e+000
  2.5895577e+000  2.0928629e+000
  7.1214342e+000  1.7539649e+000
  5.5203240e+000  3.2761692e+000
  1.6122506e+000  1.6849195e+000
  8.8930048e+000  8.0436351e+000
  3.5689029e+000  8.2173382e+000
  6.5344593e+000  7.2839966e+000
  8.8329202e+000  8.6276275e+000
  8.7777279e+000  1.8250969e+000
  8.2004584e+000  2.5956919e+000
  8.4084026e+000  1.9536554e+000
  8.7742104e+000  7.6827001e+000
  5.4149905e+000  3.0340323e+000
  8.2228832e+000  2.1971526e+000
  8.8232267e+000  5.3401839e+000
  8.7096986e+000  6.2717769e+000
  1.5278314e+000  7.1342975e+000
  8.5230878e+000  1.9716472e+000
  3.5756665e+000  8.4796789e+000
  1.9095275e+000  6.3790541e+000
  6.8466352e+000  5.9697849e+000
  2.1666273e+000  7.2378736e+000
  5.3637118e+000  2.8564733e+000
  3.3179383e+000  1.9844208e+000
  8.4592842e+000  6.4231148e+000
  3.2650950e+000  8.7656437e+000
  7.1036217e+000  6.0002493e+000
  5.6927028e+000  1.8898518e+000
  6.6250697e+000  4.2685531e+000
  3.9605885e+000  6.7892181e+000
  1.9066126e+000  4.2126383e+000
  1.3818563e+000  1.7398724e+000
  2.3210146e+000  8.5536408e+000
  7.9432627e+000  2.1924396e+000
  2.4740857e+000  4.3627243e+000
  8.1758439e+000  1.6687447e+000
  8.5535310e+000  5.5229247e+000
  2.1042139e+000  7.3135422e+000
  6.0334830e+000  7.7819473e+000
  1.8812866e+000  7.1497632e+000
  1.7671453e+000  4.0905932e+000
  8.5867110e+000  6.4021623e+000
  8.0990674e+000  2.0833085e+000
  1.1805615e+000  2.3839278e+000
  1.5903725e+000  8.3063052e+000
  7.0891842e+000  6.2280502e+000
  3.6653842e+000  1.6182586e+000
  5.4175674e+000  1.3932535e+000
  6.9614064e+000  4.6940046e+000
  1.1633124e+000  6.9181595e+000
  8.6515469e+000  5.7534675e+000
  8.7685898e+000  1.7762894e+000
  3.2820268e+000  9.1796817e+000
  8.1866290e+000  3.1554394e+000
  5.9538721e+000  8.1832978e+000
  3.1490677e+000  1.3164854e+000
  8.2324703e+000  5.4644199e+000
  4.3873521e+000  9.0486303e+000
  8.1617240e+000  2.2985911e+000
  8.3260282e+000  2.2592424e+000
  8.6184107e+000  8.0589601e+000
  3.7043464e+000  1.5078098e+000
  5.3268059e+000  3.9474093e+000
  9.2700740e-001  9.1880410e+000
  4.8421490e+000  2.7456898e+000
  8.6714991e+000  2.9242910e+000
  3.5970851e+000  1.5214887e+000
  1.6480595e+000  1.4524773e+000
  8.7950784e+000  8.3935743e+000
  1.2743302e+000  4.1188576e+000
  1.7259958e+000  4.4680831e+000
  7.9349401e+000  5.8401648e+000
  8.0508249e+000  6.1560628e+000
  8.6424720e+000  5.3250658e+000
  5.5646927e+000  2.6561784e+000
  1.1342756e+000  8.1010487e+000
  1.4713364e+000  4.3221404e+000
  1.1790676e+000  1.6988502e+000
  2.0738373e+000  6.7646939e+000
  7.0778116e+000  6.1823301e+000
  1.6887157e+000  4.3814536e+000
  4.2853894e+000  8.7622956e+000
  5.0096243e+000  3.2393546e+000
  1.8538857e+000  1.4471182e+000
  1.6954508e+000  1.9743031e+000
  4.7713251e+000  3.9938517e+000
  5.4145512e+000  5.3808317e+000
  8.2967039e+000  8.3605289e+000
  4.4200091e+000  9.0425268e+000
  6.0566406e+000  5.4532305e+000
  4.8065421e+000  8.3726174e+000
  1.1664274e+000  7.1833268e+000
  3.5849447e+000  1.6032887e+000
  1.4423560e+000  8.4500984e+000
  3.5275614e+000  8.6823723e+000
  3.1604868e+000  1.5236350e+000
  8.5820519e+000  1.4515908e+000
  2.6240248e+000  8.1817834e+000
  5.2473702e+000  3.0439363e+000
  8.8667209e+000  2.1527351e+000
  1.7238765e+000  4.3512040e+000
  1.5415072e+000  4.7891451e+000
  3.9942437e+000  5.0445864e+000
  6.7871722e+000  8.7775645e+000
  3.1890939e+000  1.4705037e+000
  4.0635520e+000  5.6212471e+000
  4.9566825e+000  3.3369186e+000
  7.1653603e+000  4.3113291e+000
  8.0713729e+000  2.6195241e+000
  1.3465766e+000  1.6710573e+000
  8.8192358e+000  4.0402252e+000
  2.0347555e+000  6.8547567e+000
  7.9467271e+000  2.0022933e+000
  3.7691809e+000  8.1434365e+000
  8.5934196e+000  8.7039763e+000
  8.5001863e+000  7.7014809e+000
  8.8502148e+000  6.5630661e+000
  7.0446538e+000  5.3389597e+000
  5.7905158e+000  5.5890067e+000
  8.8705200e+000  5.2471024e+000
  3.3577161e+000  1.4857342e+000
  7.0020217e+000  8.7399375e+000
  5.8550319e+000  7.0665504e+000
  3.3530782e+000  1.0616385e+000
  5.3859246e+000  3.9633108e+000
  7.5419112e-001  8.2901865e+000
  4.2305616e+000  1.6343278e+000
  3.1799564e+000  9.4279452e+000
  1.3094178e+000  6.8374980e+000
  3.9937491e+000  1.6464074e+000
  2.2802383e+000  7.2972270e+000
  6.2959467e+000  6.6438731e+000
  8.2470599e+000  6.2090792e+000
  3.6351500e+000  1.3720713e+000
  8.5619281e+000  7.5732194e+000
  3.7255476e+000  8.5820186e+000
  8.9015871e+000  5.0967339e+000
  7.8428355e+000  2.2871842e+000
  1.5535740e+000  1.7841907e+000
  9.1415310e+000  3.5950396e+000
  3.5584235e+000  1.7409338e+000
  9.0234598e+000  8.7338290e+000
  1.4798389e+000  1.8900438e+000
  3.1880668e+000  2.0231304e+000
  8.7159799e+000  1.6243162e+000
  8.4790163e+000  6.2938810e+000
  1.2057782e+000  2.2402429e+000
  1.6592212e+000  6.8764595e+000
  1.3115018e+000  8.5616076e+000
  2.0556621e+000  8.3298799e+000
  4.9275204e+000  3.0121491e+000
  8.3708139e+000  5.3520162e+000
  1.7776275e+000  4.8736564e+000
  8.4224362e+000  8.6496121e+000
  1.5151276e+000  7.1691462e+000
  1.6056697e+000  1.6539449e+000
  8.2214128e+000  2.0959952e+000
  5.7382196e+000  7.3836127e+000
  4.3682640e+000  5.9855864e+000
  8.1154098e+000  6.2937725e+000
  6.8061138e+000  8.6151937e+000
  5.0541642e+000  2.5662305e+000
  8.4361384e+000  1.9772895e+000
  2.0167947e+000  5.4933120e+000
  8.0875260e+000  6.1397639e+000
  8.1504760e+000  6.2076871e+000
  5.0950884e+000  3.0611953e+000
  8.4071978e+000  1.6322059e+000
  4.9049067e+000  3.3767227e+000
  5.1099759e+000  8.3074195e+000
  3.7280427e+000  9.0977020e+000
  8.8037964e+000  6.1158935e+000
  6.1428467e+000  8.3579887e+000
  3.6613029e+000  8.4614367e+000
  5.1178206e+000  8.7236035e+000
  5.7699707e+000  8.4025804e+000
  6.3838351e+000  6.9321355e+000
  8.3225149e+000  1.6014772e+000
  8.2095925e+000  5.9255882e+000
  3.0730372e+000  2.0295281e+000
  8.7639510e+000  5.2994447e+000
  8.5372726e+000  6.9301211e+000
  8.6334957e+000  8.2369257e+000
  5.0778517e+000  4.0659299e+000
  1.3845539e+000  4.4444137e+000
  1.9595846e+000  4.8105914e+000
  1.7248921e+000  2.7853381e+000
  3.1331407e+000  1.2712228e+000
  1.7170780e+000  6.7729653e+000
  1.4622601e+000  8.2473102e+000
  8.3917165e+000  6.1946257e+000
  1.7225831e+000  6.5991476e+000
  1.0352548e+000  6.9883288e+000
  5.7318229e+000  1.7130777e+000
  3.0649646e+000  8.6503780e+000
  5.7954888e+000  7.3257087e+000
  8.3842893e+000  1.7532615e+000
  8.6027330e+000  1.9400350e+000
  8.6893075e+000  2.4077182e+000
  1.2228783e+000  9.0567339e+000
  7.1766619e+000  1.5785579e+000
  4.5345167e+000  1.9575693e+000
  1.0138490e+000  7.1185091e+000
  8.8619811e+000  8.8460334e+000
  1.4000525e+000  6.8614932e+000
  4.7118889e+000  4.0016192e+000
  3.4846784e+000  1.5615822e+000
  5.1014845e+000  3.1944774e+000
  7.0659306e+000  8.3283039e+000
  1.0551961e+000  7.0907549e+000
  8.6424886e+000  2.2522468e+000
  6.9995639e+000  5.9392889e+000
  6.6994122e+000  6.8216836e+000
  1.3361898e+000  1.7160012e+000
  3.5998407e+000  8.1369086e+000
  3.4488850e+000  1.6438249e+000
  1.9480844e+000  6.5978983e+000
  7.4497852e+000  1.6790707e+000
  8.5064952e+000  5.5198478e+000
  8.6940291e+000  8.3420517e+000
  1.5915606e+000  1.6288059e+000
  5.4352638e+000  5.7644266e+000
  1.6182276e+000  5.7482534e+000
  8.1635341e+000  5.5453713e+000
  5.3009813e+000  2.8011435e+000
  1.8556085e+000  4.8607905e+000
  6.6131947e+000  4.4414256e+000
  1.7961281e+000  6.3464916e+000
  3.2553875e+000  8.9195709e+000
  8.4298101e+000  5.5146852e+000
  1.3825666e+000  4.0318326e+000
  8.7991532e+000  8.4045293e+000
  6.0108939e+000  6.8805687e+000
  5.1780278e+000  4.4065549e+000
  8.0955912e+000  5.5260785e+000
  3.7955093e+000  8.3581911e+000
  2.0281399e+000  3.7801374e+000
  3.2826879e+000  1.6535784e+000
  1.4439950e+000  2.3110440e+000
  1.9475765e+000  4.4129073e+000
  6.4027563e+000  3.4452977e+000
  1.9634207e+000  4.1051248e+000
  6.2466398e+000  7.9318760e+000
  6.3919251e+000  7.9206755e+000
  1.5777803e+000  4.3699989e+000
  5.0238666e+000  8.4340288e+000
  8.8325178e+000  2.8248668e+000
  3.2475613e+000  1.5640673e+000
  1.6686849e+000  7.8029590e+000
  1.5444531e+000  4.0284072e+000
  8.9365630e+000  8.2928522e+000
  2.8755445e+000  1.7332957e+000
  5.4580055e+000  7.9697999e+000
  1.6709959e+000  3.4867871e+000
  4.8242572e+000  2.4649085e+000
  8.7991009e+000  2.5795515e+000
  8.6670027e+000  6.1032850e+000
  9.4214041e-001  6.9351638e+000
  7.3394577e+000  1.6129985e+000
  9.0068878e+000  6.3894962e+000
  1.6996151e+000  8.0196280e+000
  5.1826317e+000  2.9263171e+000
  6.8827305e+000  3.8647147e+000
  6.3063716e+000  7.0384770e+000
  9.3106032e-001  7.2340029e+000
  3.1910607e+000  1.2020655e+000
  1.7486260e+000  4.5290951e+000
  8.7032736e+000  4.7523043e+000
  7.9705860e+000  1.9107426e+000
  1.6431682e+000  4.0458917e+000
  1.9114244e+000  7.0076749e+000
  8.5363487e+000  5.0519178e+000
  2.0123142e+000  7.0141235e+000
  1.4904655e+000  7.3786850e+000
  7.9883018e+000  4.7569388e+000
  3.3871540e+000  1.5688353e+000
  9.1457799e+000  5.1340604e+000
  5.3188794e+000  6.7804598e+000
  8.5051275e+000  7.7093032e+000
  6.9812166e+000  6.7958019e+000
  1.7640528e+000  1.7712647e+000
  1.5704149e+000  7.3420095e+000
  8.5903142e+000  8.7750399e+000
  1.6778653e+000  4.0336325e+000
  4.8924739e+000  3.4967335e+000
  1.4242940e+000  1.7213387e+000
  5.0202321e+000  1.1120570e+000
  1.4469734e+000  1.4878812e+000
  1.9154379e+000  6.2455760e+000
  1.7315231e+000  1.9134612e+000
  8.4150503e+000  1.9690267e+000
  1.8590729e+000  7.5799996e+000
  8.4743774e+000  1.8885637e+000
  8.0977237e+000  1.3334121e+000
  5.8244576e+000  7.8032970e+000
  2.0540986e+000  6.6869900e+000
  2.9492159e+000  9.1180112e+000
  6.6211130e+000  6.2297733e+000
  4.5047283e+000  8.9973631e+000
  8.2550829e+000  2.1446023e+000
  1.1331716e+000  8.5015223e+000
  7.9198151e+000  1.7830043e+000
  6.2270744e+000  6.7935502e+000
  1.5184352e+000  1.9573520e+000
  8.0883679e+000  8.3502490e+000
  5.4906690e+000  2.9319629e+000
  1.3165530e+000  7.1044766e+000
  3.8831000e+000  8.5806896e+000
  4.8453637e+000  4.5867326e+000
  6.6188564e+000  8.2482089e+000
  7.0056192e+000  1.6867588e+000
  6.6488613e+000  1.4037944e+000
  1.0052513e+000  8.6847578e+000
  1.7445055e+000  2.2417842e+000
  8.6902789e+000  4.5092686e+000
  6.4720644e+000  6.6528991e+000
  1.9210516e+000  6.3152208e+000
  5.2342922e+000  4.5943988e+000
  8.4875771e+000  5.5040555e+000
  3.3473582e+000  8.7687172e+000
  1.8248865e+000  4.2413979e+000
  8.1223673e+000  2.3497603e+000
  6.1189829e+000  8.5365408e+000
  6.5690439e+000  6.5741521e+000
  5.8756933e+000  8.7147679e+000
  4.2562832e+000  7.8184216e+000
  6.7370630e+000  5.7248542e+000
  5.6919068e+000  2.9367028e+000
  8.6693976e+000  3.3025217e+000
  6.6074612e+000  4.0501113e+000
  7.1874913e+000  5.2311784e+000
  1.3583086e+000  7.1777520e+000
  6.8595613e+000  8.2250048e+000
  3.2448745e+000  9.0672004e+000
  1.6690028e+000  1.8531083e+000
  5.3344036e+000  2.6243099e+000
  9.0581378e+000  8.5870546e+000
  9.0336110e+000  5.6224728e+000
  3.3240022e+000  1.3922025e+000
  8.8369869e+000  5.5420893e+000
  7.8850935e+000  1.7950988e+000
  4.0984980e+000  7.6902676e+000
  2.9344054e+000  5.1257625e+000
  2.0859646e+000  7.4686390e+000
  1.5522130e+000  1.7172911e+000
  8.8987725e+000  6.3504322e+000
  3.3067695e+000  1.4353669e+000
  6.5052607e+000  3.1471342e+000
  8.5652394e+000  8.4610837e+000
  2.9656581e+000  4.6162933e+000
  8.3386677e+000  5.6942705e+000
  1.1808019e+000  1.8893671e+000
  8.4007526e+000  8.6149319e+000
  1.9294436e+000  6.4699579e+000
  1.9321573e+000  7.4883252e+000
  5.8205540e+000  2.9858834e+000
  1.7287229e+000  1.7403237e+000
  7.1179209e+000  8.4517597e+000
  4.5454955e+000  8.6643224e+000
  5.2428708e+000  4.2489257e+000
  1.7522479e+000  7.1059916e+000
  8.8124581e+000  8.7316351e+000
  1.6607706e+000  4.2263752e+000
  5.0556446e+000  3.1064280e+000
  3.8012140e+000  9.2331257e+000
  8.7010158e+000  2.0089752e+000
  7.9515857e+000  1.8808910e+000
  1.8196907e+000  6.9488204e+000
  5.0439889e+000  4.0411664e+000
  8.0780070e+000  5.3575192e+000
  1.5194524e+000  8.1357786e+000
  8.1947871e+000  1.9800393e+000
  7.1623811e+000  1.6774776e+000
  3.2898914e+000  1.4327029e+000
  7.0611604e+000  6.1913315e+000
  7.7006755e+000  6.9673912e+000
  8.2752548e+000  2.1368061e+000
  1.7595649e+000  8.1300087e+000
  8.6225786e+000  6.4744372e+000
  6.3267148e+000  3.8092035e+000
  1.4272281e+000  1.4861036e+000
  1.5999371e+000  3.2372317e+000
  5.2563523e+000  3.0810650e+000
  4.9954632e+000  4.0010641e+000
  5.2797336e+000  1.8924733e+000
  8.4197544e+000  7.8279093e+000
  8.5247934e+000  6.8618883e+000
  8.6649722e+000  8.1509949e+000
  6.6476918e+000  7.9883124e+000
  5.7278694e+000  5.9988630e+000
  8.8062979e+000  5.8066159e+000
  8.0915938e+000  5.3195707e+000
  8.8221070e+000  8.5638314e+000
  6.7357960e+000  8.0741640e+000
  5.3926492e+000  3.0176240e+000
  8.8603158e+000  5.8604188e+000
  1.0446874e+000  7.9470055e+000
  3.5206367e+000  8.3141816e+000
  3.3795819e+000  8.8893864e+000
  2.9933724e+000  1.5503670e+000
  8.9415908e+000  4.8911650e+000
  6.8955358e+000  4.4190313e+000
  1.4442241e+000  1.4442932e+000
  8.5651261e+000  7.7399615e+000
  1.7429683e+000  4.3436054e+000
  5.2891709e+000  8.4806578e+000
  4.7839455e+000  2.0952099e+000
  1.1966779e+000  8.9267207e+000
  7.5323784e+000  1.8492961e+000
  1.4574651e+000  4.1729069e+000
  3.2491665e+000  1.4119139e+000
  8.4296652e+000  5.8636837e+000
  8.8688282e-001  6.8679497e+000
  6.9805472e+000  8.2480710e+000
  6.9789356e+000  1.8497565e+000
  8.4804111e+000  5.1055121e+000
  8.8201346e+000  2.2384240e+000
  3.4903290e+000  1.4994410e+000
  7.5204805e+000  8.3997714e+000
  1.5960432e+000  6.7313739e+000
  7.0759873e+000  1.6111139e+000
  4.8774988e+000  4.0505156e+000
  8.2921457e+000  5.5558021e+000
  1.8525981e+000  8.1390631e+000
  6.8371496e+000  4.3181717e+000
  3.3463299e+000  8.9914649e+000
  1.4561241e+000  1.6754187e+000
  3.3379724e+000  1.7296510e+000
  1.6503622e+000  5.0579352e+000
  7.1503424e+000  5.4420504e+000
  1.7710032e+000  1.7402383e+000
  8.1837702e+000  7.8983867e+000
  1.5435650e+000  7.7149636e+000
  8.3273315e+000  6.5736628e+000
  7.1133156e+000  8.0057421e+000
  3.5641038e+000  8.3603799e+000
  8.5072853e+000  8.7473719e+000
  7.8501154e+000  1.5906666e+000
  6.9305730e+000  8.6580834e+000
  8.5994270e+000  1.9207238e+000
  1.3444097e+000  4.1426473e+000
  2.8455807e+000  8.3785601e+000
  8.0213308e+000  2.3999623e+000
  8.7479755e+000  4.0704094e+000
  3.3012715e+000  1.1010268e+000
  5.1076645e+000  3.7118435e+000
  8.0006870e+000  4.8414958e+000
  3.4147708e+000  8.5113150e+000
  8.3900312e+000  6.8382571e+000
  3.0612463e+000  1.7179685e+000
  4.8433885e+000  2.6595939e+000
  6.2934301e+000  6.5169250e+000
  3.4476512e+000  9.2341413e+000
  8.7434785e+000  3.7975136e+000
  3.5114297e+000  8.6455688e+000
  5.4360524e+000  2.4565071e+000
  3.5586417e+000  8.3344903e+000
  1.7471851e+000  1.6100614e+000
  1.7741901e+000  4.5274588e+000
  5.4609493e+000  8.2349252e+000
  6.3957016e+000  5.7727804e+000
  5.2638755e+000  3.8350864e+000
  1.0884577e+000  3.0076994e+000
  6.8144505e+000  8.3326043e+000
  3.3440368e+000  9.2655610e+000
  8.5160028e+000  2.2517325e+000
  5.7458539e+000  3.2546410e+000
  8.6588377e+000  5.6541458e+000
  2.1139006e+000  7.3281898e+000
  1.9731567e+000  1.8245012e+000
  5.1459394e+000  3.1584015e+000
  8.6306519e+000  1.6196989e+000
  5.4255493e+000  2.8033035e+000
  1.9572446e+000  1.8397590e+000
  1.7075342e+000  7.8861381e+000
  1.3928597e+000  4.2476262e+000
  8.1845836e+000  1.5934793e+000
  4.0953855e+000  8.5466356e+000
  8.3430008e+000  1.8337987e+000
  6.4577955e+000  1.9471686e+000
  1.6893607e+000  4.3303094e+000
  1.4692054e+000  4.3113584e+000
  4.8829494e+000  1.7165866e+000
  3.1342144e+000  1.7236455e+000
  8.6978858e+000  5.5392320e+000
  3.0959302e+000  2.1175222e+000
  5.3595317e+000  3.6698732e+000
  8.4242964e+000  5.2981196e+000
  3.6024037e+000  8.4944055e+000
  6.7097376e+000  7.9997634e+000
  5.6786939e+000  1.1515727e+000
  5.7415428e+000  5.6720131e+000
  3.3263928e+000  1.5576135e+000
  7.6847212e+000  8.4919737e+000
  8.1507835e+000  6.6016665e+000
  7.9899761e+000  5.2668050e+000
  1.0293182e+000  6.9818443e+000
  6.0102633e+000  1.4567815e+000
  1.4307945e+000  8.2165716e+000
  9.4802790e-001  7.0350289e+000
  6.9216561e+000  6.8146764e+000
  1.4522957e+000  6.7521773e+000
  2.8748317e+000  1.9438718e+000
  6.4601231e+000  8.3151031e+000
  5.4978393e+000  2.9328436e+000
  1.8819652e+000  4.0654401e+000
  2.6976923e+000  4.1193368e+000
  5.3085849e+000  2.9940024e+000
  8.0199540e+000  1.8901728e+000
  7.9948522e+000  1.6217396e+000
  8.4937300e+000  5.2925396e+000
  5.9806706e+000  7.2503452e+000
  7.3832662e+000  1.7550543e+000
  6.7555133e+000  6.6899157e+000
  4.8618918e+000  3.0475300e+000
  8.9752580e+000  6.4179737e+000
  3.4559341e+000  1.7631345e+000
  4.0892528e+000  6.0918876e+000
  1.3807998e+000  3.3865300e+000
  1.6198129e+000  4.3932526e+000
  5.3157222e+000  3.1921726e+000
  6.7536284e+000  1.5138570e+000
  1.8172862e+000  1.7596626e+000
  7.3656647e+000  7.9137564e+000
  8.1451089e+000  1.6352539e+000
  5.2279610e+000  3.8164335e+000
  8.0458925e+000  2.0438241e+000
  1.5099435e+000  1.7126998e+000
  5.3311391e+000  8.1046732e+000
  5.2380041e+000  5.2771386e+000
  8.7118510e+000  8.3469588e+000
  6.9778325e+000  6.8928043e+000
  1.4588907e+000  4.2596527e+000
  5.1796837e+000  2.9270451e+000
  5.1169857e+000  3.0238368e+000
  6.8236119e+000  8.0600020e+000
  7.9152158e+000  2.0196298e+000
  3.5219083e+000  4.6356892e+000
  5.5619925e+000  3.5130787e+000
  8.9946185e+000  5.1093670e+000
  6.3950903e+000  4.0143211e+000
  8.7308589e+000  4.0336791e+000
  4.3557552e+000  4.2006334e+000
  3.4854739e+000  3.1624488e+000
  2.6248776e+000  3.4805655e+000
  8.4112615e+000  6.0494070e+000
  1.0208100e+000  6.7099724e+000
  8.2584317e+000  1.9586438e+000
  7.0255133e+000  8.5805565e+000
  8.5070331e+000  5.2897433e+000
  5.2074314e+000  3.6359129e+000
  6.8964271e+000  5.9909046e+000
  1.3157551e+000  4.2630104e+000
  2.9806013e+000  9.1642860e+000
  8.2536950e+000  1.7787273e+000
  8.2854065e+000  7.5420975e+000
  9.0722103e+000  5.1239100e+000
  2.1159986e+000  1.5642068e+000
  1.9542384e+000  4.1995270e+000
  5.2165882e+000  3.8589929e+000
  5.9825483e+000  7.1940150e+000
  7.9793762e+000  6.8564447e+000
  5.3700940e+000  6.7237333e+000
  1.6127350e+000  1.7939211e+000
  1.8440297e+000  7.1336226e+000
  3.5601099e+000  8.3751967e+000
  1.4533577e+000  4.4101018e+000
  5.0198188e+000  2.5972839e+000
  8.4897368e-001  8.1779053e+000
  2.4628176e+000  8.4229210e+000
  7.4791891e-001  8.9038398e+000
  6.5311769e+000  1.2871451e+000
  8.6949353e+000  6.2582425e+000
  1.4428622e+000  7.0245535e+000
  9.0062121e+000  8.4619819e+000
  6.4848553e+000  2.2118354e+000
  8.4235466e-001  6.9001774e+000
  1.3081624e+000  8.7925789e+000
  5.9737301e+000  5.6278856e+000
  3.0990604e+000  8.7840097e+000
  1.4635436e+000  1.3770086e+000
  6.7165053e+000  4.1306027e+000
  7.3673370e+000  5.3907440e+000
  8.5875760e+000  8.5503727e+000
  2.8329920e+000  8.9990482e+000
  2.2896498e+000  1.8177841e+000
  1.7931927e+000  7.1971773e+000
  1.0150343e+000  7.2347335e+000
  3.5246869e+000  2.0176928e+000
  6.5276981e+000  4.1430709e+000
  1.8251277e+000  4.2082448e+000
  5.3196279e+000  2.9266597e+000
  7.2038473e+000  4.5664076e+000
  6.1698664e+000  6.7112739e+000
  5.0958554e+000  4.3089547e+000
  1.4658835e+000  1.6553997e+000
  5.5292222e+000  3.2441910e+000
  1.4967307e+000  7.1528226e+000
  7.3841198e+000  1.7596615e+000
  1.1615626e+000  7.0714107e+000
  1.8663008e+000  7.4300498e+000
  9.1425771e+000  9.0485415e+000
  2.1993740e+000  4.1065659e+000
  3.4762081e+000  8.4030674e+000
  4.9129914e+000  4.5810491e+000
  1.4988462e+000  7.0431357e+000
  1.0290606e+000  6.9320840e+000
  1.5095230e+000  8.3374617e+000
  6.4894030e+000  1.8152095e+000
  3.1355362e+000  1.6813428e+000
  5.0141928e+000  3.7861729e+000
  5.4566314e+000  3.8524130e+000
  1.7489408e+000  1.7689358e+000
  1.2554035e+000  9.0692780e+000
  1.6159298e+000  4.5594223e+000
  1.7293694e+000  4.0838391e+000
  5.5258727e+000  2.9610138e+000
  1.4701184e+000  1.6571337e+000
  1.5548891e+000  8.0363303e+000
  4.1319169e+000  6.4966238e+000
  4.6304615e+000  6.3831698e+000
  7.1736182e+000  4.6117494e+000
  5.1998540e+000  4.4176380e+000
  8.2364389e+000  5.7281256e+000
  8.5747037e+000  1.8706157e+000
  1.9493798e+000  4.5877961e+000
  6.5024886e+000  8.4507928e+000
  6.4672910e+000  1.8292374e+000
  5.1566687e+000  4.0733391e+000
  1.5359177e+000  7.0025590e+000
  3.3903692e+000  8.7880405e+000
  4.8188995e+000  8.8248735e+000
  6.8454217e+000  5.9191610e+000
  8.3466336e+000  2.1950238e+000
  1.2986378e+000  1.6915237e+000
  5.1679656e+000  4.8626963e+000
  5.0674998e+000  3.0520512e+000
  5.1027650e+000  1.8580043e+000
  6.3639301e+000  6.2285589e+000
  6.8821496e+000  8.3381943e+000
  1.4534722e+000  1.4845551e+000
  5.9067177e+000  7.8714737e+000
  4.4725060e+000  8.5716513e+000
  1.4444511e+000  8.6557522e+000
  7.7003176e+000  6.7693439e+000
  6.4778412e+000  7.6257881e+000
  4.7134886e+000  5.4286159e+000
  1.3469175e+000  7.1316837e+000
  8.2490800e+000  2.8376872e+000
  8.1702177e+000  5.3152170e+000
  5.8272338e+000  8.0737561e+000
  1.3375647e+000  4.0307963e+000
  2.9495417e+000  2.2321460e+000
  3.2564013e+000  9.3623618e+000
  5.1254719e+000  2.9382634e+000
  9.6650239e-001  9.0070539e+000
  5.1334959e+000  2.9721491e+000
  3.3102634e+000  8.3933974e+000
  8.7010885e+000  8.2978421e+000
  8.3118395e+000  1.6833185e+000
  6.4375015e+000  2.3420399e+000
  8.1613066e+000  2.5281981e+000
  8.6938447e+000  8.0311111e+000
  2.5024117e+000  5.2932320e+000
  5.0139598e+000  3.2276822e+000
  6.3939188e+000  7.5191673e+000
  7.1562209e+000  7.7072149e+000
  5.3674533e+000  3.4446802e+000
  8.8994568e+000  8.4879130e+000
  6.9231002e+000  1.6519430e+000
  8.6764237e+000  6.6996242e+000
  6.9463717e+000  1.9916374e+000
  6.7408912e+000  4.7369483e+000
  6.8973952e+000  8.5015800e+000
  5.4705009e+000  5.3621955e+000
  1.8387422e+000  1.7728170e+000
  5.2392433e+000  2.9640796e+000
  8.1133206e+000  2.2456269e+000
  1.4462489e+000  8.0532980e+000
  5.7848692e+000  1.5339295e+000
  8.8219907e+000  5.9305705e+000
  3.3572351e+000  9.0545923e+000
  4.0171201e+000  6.6367752e+000
  1.5055289e+000  7.9049200e+000
  6.5134771e+000  4.5234052e+000
  1.9473577e+000  1.7930666e+000
  7.8413302e+000  1.9944878e+000
  1.3148974e+000  6.4717339e+000
  3.5183909e+000  8.8891529e+000
  5.7668336e+000  3.5540273e+000
  4.0369513e+000  8.7564405e+000
  6.6383042e+000  8.4771105e+000
  3.3513710e+000  4.0030892e+000
  2.6093099e+000  8.3258332e+000
  3.2436540e+000  6.5786710e+000
  3.7801437e+000  1.7056537e+000
  8.7277528e+000  5.7879248e+000
  4.7930900e+000  8.4642269e+000
  5.2699831e+000  3.1723149e+000
  1.9297650e+000  5.6546276e+000
  4.9437011e+000  8.9060794e+000
  5.0412621e+000  3.0002307e+000
  4.8358319e+000  5.4273630e+000
  1.6773489e+000  4.3741663e+000
  1.5677679e+000  4.1224284e+000
  3.9123430e+000  9.0748395e+000
  3.4990089e+000  9.0024608e+000
  8.5019338e+000  1.7146363e+000
  5.0860845e+000  2.9092030e+000
  4.5995977e+000  7.2856181e+000
  8.6345270e+000  7.6211525e+000
  7.3210927e+000  8.5805771e+000
  7.9125951e+000  1.8030302e+000
  8.2983170e+000  6.3345269e+000
  1.5893993e+000  4.0259383e+000
  8.3448212e+000  2.9870049e+000
  2.5919486e+000  8.2590469e+000
  5.1469137e+000  6.7804618e+000
  6.6192663e+000  7.7882897e+000
  5.5607105e+000  5.7689646e+000
  1.3013595e+000  8.7283859e+000
  1.3924315e+000  1.9656574e+000
  3.2820397e+000  2.1158860e+000
  6.6332676e+000  3.9796118e+000
  8.7631509e+000  2.4381148e+000
  1.6397762e+000  1.9576937e+000
  3.3006765e+000  1.4880676e+000
  6.8590400e+000  4.8157202e+000
  5.6372042e+000  2.9832907e+000
  6.9232946e+000  5.9135837e+000
  1.3833546e+000  6.9885665e+000
  6.2432454e+000  7.3394607e+000
  2.8765869e+000  2.1484321e+000
  3.4819670e+000  8.2245213e+000
  7.0763593e+000  6.1486854e+000
  3.4917712e+000  8.4299076e+000
  7.5292636e+000  8.4193680e+000
  1.7908029e+000  4.0628877e+000
  8.2579221e+000  8.5394816e+000
  5.1703155e+000  3.2666200e+000
  1.8994317e+000  6.4838389e+000
  1.3799024e+000  6.4456703e+000
  1.3833427e+000  1.6756244e+000
  5.1981964e+000  5.2391713e+000
  8.5655863e+000  2.2858269e+000
  2.0294382e+000  7.4460761e+000
  6.8200116e+000  1.7751597e+000
  1.8865277e+000  2.5259922e+000
  8.4510464e+000  2.1909574e+000
  8.3572594e+000  7.3702164e+000
  4.9825065e+000  2.7985313e+000
  5.4718021e+000  6.6664684e+000
  5.4548785e+000  2.0869947e+000
  8.2251994e+000  1.8422998e+000
  5.7111871e+000  7.5957940e+000
  1.0163717e+000  7.1512032e+000
  1.4712753e+000  3.9598352e+000
  3.2190799e+000  1.1026676e+000
  7.9835072e+000  2.0013126e+000
  3.3658559e+000  9.1171328e+000
  3.4362685e+000  1.9225899e+000
  6.8728594e+000  5.5017506e+000
  6.9667435e+000  6.3870412e+000
  5.1444111e+000  3.2050562e+000
  8.6960532e+000  5.0996400e+000
  5.0477297e+000  5.7550647e+000
  1.4214653e+000  4.2540823e+000
  1.5826030e+000  1.6778172e+000
  8.6744505e+000  8.3671042e+000
  7.6849889e+000  1.9736331e+000
  7.7579804e+000  1.8040470e+000
  8.0848024e+000  5.5910170e+000
  8.7143472e+000  6.5648175e+000
  5.1849059e+000  2.9133998e+000
  3.2418870e+000  1.4822611e+000
  8.5310846e+000  8.8920723e+000
  3.3609147e+000  1.6736335e+000
  5.5471023e+000  8.2461478e+000
  2.1712732e+000  4.5173310e+000
  5.9605259e+000  3.4853645e+000
  6.8411855e+000  8.2520763e+000
  8.9113852e+000  5.5434649e+000
  5.1847577e+000  3.5819617e+000
  5.5414053e+000  3.6285347e+000
  2.0170404e+000  2.1801545e+000
  1.4244152e+000  4.3278296e+000
  6.4367941e+000  1.7608928e+000
  1.7304512e+000  4.7374217e+000
  6.8432188e+000  6.4323563e+000
  1.9113977e+000  3.7577768e+000
  3.5981375e+000  1.9485959e+000
  5.4169824e+000  2.6802851e+000
  6.4440896e+000  8.0759705e+000
  3.4655722e+000  1.8916704e+000
  1.2021929e+000  7.9743280e+000
  7.4390233e+000  6.3557416e+000
  3.3463048e+000  9.2814595e+000
  2.1398785e+000  7.1304493e+000
  8.1105285e+000  3.2570234e+000
  1.5964277e+000  6.7321518e+000
  5.8161652e+000  7.9302812e+000
  5.9252470e+000  7.5954207e+000
  1.5137006e+000  4.7676684e+000
  5.2897821e+000  3.8413232e+000
  8.7344163e+000  6.4039375e+000
  1.5038951e+000  7.0902236e+000
  6.5002446e+000  7.0209956e+000
  9.8791115e-001  6.9717505e+000
  1.4705455e+000  7.3488809e+000
  8.4792439e+000  8.5637951e+000
  6.1173354e+000  6.9406578e+000
  8.8138497e+000  2.0549628e+000
  8.5576696e+000  6.1205131e+000
  1.5215413e+000  4.0960335e+000
  6.5520614e+000  6.4372939e+000
  3.8967359e+000  6.1879107e+000
  7.0243463e+000  8.4268734e+000
  3.7534734e+000  4.3523312e+000
  7.0323980e+000  1.4745501e+000
  5.1937114e+000  3.6127751e+000
  2.8413806e+000  4.4027471e+000
  9.0076453e+000  2.0649157e+000
  2.4951593e+000  8.6594172e+000
  1.5278214e+000  7.1499678e+000
  5.7032250e+000  3.0670599e+000
  2.2790318e+000  7.0458605e+000
  1.0523560e+000  6.8788474e+000
  6.4065843e+000  1.6975309e+000
  2.1828437e+000  6.8420753e+000
  8.5967570e+000  1.4396414e+000
  8.5184256e+000  5.9868648e+000
  1.6703375e+000  1.6825510e+000
  3.6722999e+000  8.2943565e+000
  8.1843950e+000  6.3594226e+000
  1.5779221e+000  1.6565055e+000
  5.5308809e+000  5.5190539e+000
  3.6600885e+000  8.3476640e+000
  5.4838977e+000  1.4620421e+000
  8.5141601e+000  5.4989775e+000
  1.4500773e+000  1.8333376e+000
  6.8470013e+000  8.4002455e+000
  8.8012640e+000  1.8192485e+000
  4.6165686e+000  8.5097227e+000
  1.8041686e+000  6.9989362e+000
  7.1143218e+000  6.3704746e+000
  2.3521996e+000  7.9761237e+000
  1.5272244e+000  3.8614032e+000
  5.2291809e+000  1.5187324e+000
  8.1350770e+000  3.9114085e+000
  6.1900743e+000  3.6542864e+000
  8.2319914e+000  5.5851852e+000
  6.6654028e+000  5.3564171e+000
  8.6804393e+000  2.1710098e+000
  8.6110413e+000  8.5783062e+000
  1.0635738e+000  8.7315961e+000
  7.8631500e+000  1.9227378e+000
  1.4391043e+000  3.9718396e+000
  2.9503921e+000  1.8364453e+000
  5.5291390e+000  3.0137609e+000
  8.6411054e+000  8.6827292e+000
  3.3540458e+000  9.1568593e+000
  7.2334642e+000  8.4941729e+000
  5.2904667e+000  3.5344024e+000
  6.8215695e+000  8.5416597e+000
  1.0469807e+000  7.3484667e+000
  8.1055477e+000  1.9363196e+000
  3.5508437e+000  1.8257637e+000
  6.8497837e+000  6.0550193e+000
  1.6578004e+000  7.0692410e+000
  1.7579026e+000  1.7232435e+000
  5.3326077e+000  8.5151394e+000
  8.9602561e+000  2.2170017e+000
  3.1471451e+000  4.5615114e+000
  3.3401235e+000  1.5960058e+000
  8.9435196e+000  8.4174620e+000
  9.0223493e+000  1.9876518e+000
  2.7086724e+000  5.0687405e+000
  1.6335808e+000  4.4638050e+000
  3.2717830e+000  4.9477062e+000
  5.0738738e+000  8.1363012e+000
  2.7071812e+000  4.6796045e+000
  5.2694892e+000  3.1868024e+000
  6.6099195e+000  6.2075113e+000
  5.9213058e+000  7.3125855e+000
  1.6550019e+000  4.2444760e+000
  1.4719975e+000  4.0346910e+000
  6.4751169e+000  6.1038576e+000
  3.2519677e+000  1.5298412e+000
  7.2471271e+000  1.6446274e+000
  7.4586112e+000  1.5199873e+000
  8.6502746e+000  7.2529081e+000
  1.8701990e+000  4.1111747e+000
  1.3902858e+000  3.9691974e+000
  7.6974673e+000  1.6135870e+000
  6.8001249e+000  6.6876925e+000
  3.0885898e+000  8.2701739e+000
  3.1890069e+000  1.2357310e+000
  8.2703423e+000  8.2688349e+000
  7.6017816e+000  6.9406089e+000
  8.5123866e+000  1.8131356e+000
  2.6259641e+000  8.3912252e+000
  3.2994771e+000  1.7999754e+000
  3.5329776e+000  8.1751377e+000
  6.5230375e+000  8.4941356e+000
  5.0185742e+000  3.1269448e+000
  6.8325921e+000  8.1202097e+000
  1.8566030e+000  4.4995813e+000
  8.2670067e+000  6.3303745e+000
  3.5697666e+000  9.2671158e+000
  2.2927582e+000  2.7280311e+000
  5.5091966e+000  5.3858037e+000
  7.7538035e+000  5.3601656e+000
  2.3983643e+000  4.5278493e+000
  8.7861254e+000  8.3842821e+000
  8.0236571e+000  2.5612004e+000
  7.1753369e+000  8.1170332e+000
  3.8935503e+000  1.8338103e+000
  6.4795071e+000  7.0476758e+000
  5.2786007e+000  3.7162357e+000
  9.1929801e+000  2.0467221e+000
  3.3383228e+000  1.9934170e+000
  7.0210251e+000  5.2020138e+000
  6.2914638e+000  7.3555317e+000
  5.5423804e+000  5.5829084e+000
  3.5465698e+000  8.6418513e+000
  3.4940793e+000  8.7809939e+000
  7.1464423e+000  4.7143342e+000
  8.4067440e+000  2.1501339e+000
  3.4977300e+000  9.1854757e+000
  1.5429559e+000  1.4396029e+000
  6.1748160e+000  8.3180915e+000
  4.9084171e+000  4.7186920e+000
  6.8044046e+000  8.7560800e+000
  5.2977114e+000  8.3739391e+000
  1.6738764e+000  6.6757028e+000
  8.6771927e+000  8.7059675e+000
  1.3473909e+000  7.2314894e+000
  5.1620145e+000  3.9668549e+000
  2.0779445e+000  7.1118310e+000
  1.6992545e+000  5.0012276e+000
  7.1158773e+000  2.7118482e+000
  4.0085727e+000  6.2950959e+000
  8.8018559e+000  2.2294060e+000
  3.1931488e+000  1.9381251e+000
  6.0504500e+000  7.8643392e+000
  8.7838786e+000  3.9147579e+000
  6.3525637e+000  6.4115899e+000
  2.7679911e+000  4.0605846e+000
  3.3206326e+000  7.9796728e+000
  5.7989357e+000  3.5655112e+000
  2.0076031e+000  7.2624585e+000
  1.5759997e+000  6.7941303e+000
  3.3486244e+000  1.6462073e+000
  5.6769083e+000  1.4104067e+000
  8.4952998e+000  2.3547466e+000
  4.0304046e+000  8.8614987e+000
  6.6158122e+000  1.8084536e+000
  2.1141202e+000  8.3976154e+000
  4.3049705e+000  9.0633274e+000
  8.3107059e-001  8.8421782e+000
  6.8660237e+000  5.9865809e+000
  8.5063000e+000  7.0984433e+000
  5.4833840e+000  6.5497492e+000
  6.4562114e+000  4.6389072e+000
  8.5132228e+000  5.0603274e+000
  8.4582288e+000  2.0125170e+000
  5.0828424e+000  2.7407501e+000
  8.4514882e+000  8.4651083e+000
  1.9198300e+000  1.5305715e+000
  8.4944421e-001  8.4272506e+000
  1.2420704e+000  4.5027583e+000
  6.7496788e+000  1.7279838e+000
  2.0016912e+000  6.8976730e+000
  6.7663901e+000  5.4958040e+000
  2.0874454e+000  7.0198988e+000
  1.4960264e+000  1.4023910e+000
  7.2162102e+000  8.3317318e+000
  9.1147407e+000  2.7803549e+000
  5.8031447e+000  1.2379947e+000
  5.0374409e+000  3.9666127e+000
  1.9257793e+000  4.1371963e+000
  6.7385739e+000  6.2546254e+000
  8.7241317e+000  8.3610015e+000
  6.8131396e+000  6.3157615e+000
  7.6135260e+000  8.6609863e+000
  8.7708422e+000  6.6055217e+000
  1.3304987e+000  1.7142098e+000
  7.2712940e+000  6.0951035e+000
  1.8442345e+000  3.7823205e+000
  5.9044217e+000  7.3834840e+000
  1.7961348e+000  4.0136418e+000
  4.8064145e+000  8.4367903e+000
  5.0844057e+000  5.1801061e+000
  3.1463517e+000  1.7915957e+000
  3.4032555e+000  8.9293015e+000
  1.3098368e+000  4.1345712e+000
  3.2987988e+000  8.6529532e+000
  1.8824316e+000  3.9552718e+000
  1.5648383e+000  4.2563150e+000
  8.0986429e+000  2.6994148e+000
  8.3123606e+000  2.2192492e+000
  9.0982816e+000  8.7121891e+000
  8.8393883e+000  5.6436594e+000
  3.3941748e+000  1.7642481e+000
  3.2778922e+000  8.8339844e+000
  9.0783225e+000  2.1780555e+000
  5.3857102e+000  3.6636860e+000
  4.1253224e+000  3.9410711e+000
  8.5658160e+000  1.7826678e+000
  1.6853647e+000  7.0534323e+000
  5.2108365e+000  3.2696690e+000
  8.1311992e+000  2.3678292e+000
  3.0838828e+000  9.2502281e+000
  9.1720560e+000  8.5312800e+000
  8.1906109e+000  5.9369806e+000
  6.8474982e+000  1.5392683e+000
  2.4272669e+000  1.5941547e+000
  5.4165129e+000  3.9836936e+000
  3.2974418e+000  1.2478458e+000
  1.4791484e+000  5.9407958e+000
  2.1815886e+000  7.1718269e+000
  6.8764470e+000  8.5771131e+000
  1.4600319e+000  6.7288696e+000
  7.4162730e+000  1.5002906e+000
  8.5596603e+000  7.1317428e+000
  6.0809787e+000  3.4911991e+000
  8.7541324e+000  5.3796730e+000
  4.2428153e+000  6.1028040e+000
  1.2175498e+000  1.1566743e+000
  1.7660214e+000  4.3795913e+000
  5.0228830e+000  3.0133202e+000
  1.1959040e+000  4.1430092e+000
  5.0453969e+000  3.1590534e+000
  1.4367296e+000  4.3437354e+000
  3.0851391e+000  8.0545588e+000
  7.3185813e+000  7.5264121e+000
  2.9150138e+000  5.0224057e+000
  3.0294959e+000  1.4975352e+000
  1.4363604e+000  1.9219140e+000
  7.3516834e+000  1.8158015e+000
  1.9306619e+000  7.5012330e+000
  8.1690939e+000  1.4885164e+000
  1.7192041e+000  4.4097977e+000
  5.2984488e+000  4.0883946e+000
  8.9031666e+000  8.4523952e+000
  8.1139227e+000  1.5459629e+000
  8.2817153e+000  1.9310612e+000
  6.7822343e+000  1.6228503e+000
  2.8184962e+000  9.1345812e+000
  8.9640125e+000  2.0926700e+000
  6.4591057e+000  6.1733811e+000
  1.5581481e+000  1.9407183e+000
  3.5981291e+000  8.3959778e+000
  5.4633126e+000  1.1379612e+000
  5.2773253e+000  7.8061066e+000
  1.4489605e+000  1.7290776e+000
  6.6929302e+000  8.6308294e+000
  2.6324660e+000  4.6092288e+000
  1.7210511e+000  3.9829160e+000
  8.2356761e+000  8.8007840e+000
  6.1935689e+000  1.6795648e+000
  3.1606041e+000  1.3493291e+000
  1.6456077e+000  8.0861295e+000
  1.0989984e+000  6.4915390e+000
  8.2296596e+000  1.8169526e+000
  5.0659186e+000  3.1627116e+000
  8.3876787e+000  3.6438131e+000
  6.5810755e+000  8.1469029e+000
  1.7350906e+000  1.8375426e+000
  8.5421040e+000  5.6359156e+000
  6.8397002e+000  8.2250636e+000
  5.0998881e+000  3.2835996e+000
  8.2668265e+000  5.6981917e+000
  6.5932817e+000  6.3031516e+000
  1.6651346e+000  8.0841406e+000
  8.6834102e+000  8.5346345e+000
  8.4939860e+000  8.5745837e+000
  3.4931439e+000  8.6663970e+000
  5.1277202e+000  3.1629276e+000
  1.8740785e+000  4.1646120e+000
  1.5745670e+000  3.8972152e+000
  7.1511972e+000  8.4485170e+000
  4.8578655e+000  5.1298121e+000
  6.0668637e+000  2.2262707e+000
  2.0105702e+000  6.4973652e+000
  6.4286393e+000  8.1631494e+000
  3.5122318e+000  1.9000730e+000
  5.2425422e+000  1.0064931e+000
  8.4494710e+000  2.4548902e+000
  5.1246318e+000  3.0467445e+000
  8.2828582e+000  1.8190442e+000
  7.5843349e+000  5.8303056e+000
  8.8957278e+000  5.3803677e+000
  6.9988921e+000  5.9163903e+000
  3.2621560e+000  2.5657921e+000
  2.4824472e+000  3.8872345e+000
  2.7576247e+000  1.5835062e+000
  1.1461821e+000  6.8363347e+000
  6.7189996e+000  4.1815060e+000
  3.1400890e+000  8.6268587e+000
  5.3808444e+000  3.2974442e+000
  1.8471238e+000  7.4345923e+000
  8.3439172e+000  2.2713104e+000
  7.8987513e+000  1.7654153e+000
  2.5254370e+000  8.9386044e+000
  1.4420707e+000  1.6835095e+000
  8.7022872e+000  8.6237243e+000
  3.2642286e+000  1.3753553e+000
  4.3678082e+000  3.2263238e+000
  8.0870550e+000  2.1826225e+000
  1.4639553e+000  4.3626637e+000
  8.8057979e+000  8.7340914e+000
  8.7973454e+000  1.7386362e+000
  3.5283721e+000  1.3983150e+000
  5.1544802e+000  2.5142669e+000
  5.5920795e+000  2.6685011e+000
  4.0419751e+000  8.7115267e+000
  8.4443691e+000  6.5746026e+000
  5.2985616e+000  3.7775576e+000
  1.3247837e+000  7.2532050e+000
  3.5815254e+000  8.1716472e+000
  7.9186150e+000  2.0962478e+000
  3.3756881e+000  9.2245882e+000
  8.6393338e+000  4.5898489e+000
  8.2155765e+000  5.8768950e+000
  1.8579210e+000  1.8215760e+000
  1.8060008e+000  7.1176726e+000
  6.7305363e+000  8.4981834e+000
  8.9666385e+000  4.6689671e+000
  1.5750664e+000  4.2941668e+000
  1.6591193e+000  1.6423318e+000
  1.9934609e+000  5.6022940e+000
  4.9856016e+000  3.0385004e+000
  4.8515957e+000  4.0404576e+000
  5.0202964e+000  7.5737561e+000
  7.0557776e+000  4.9440662e+000
  4.6365304e+000  8.5658135e+000
  6.5042240e+000  6.2139454e+000
  8.8954507e+000  4.1493849e+000
  8.8656631e+000  9.0928702e+000
  7.8904999e+000  1.9227824e+000
  6.7443058e+000  4.6910657e+000
  8.7099637e+000  5.2335045e+000
  3.8418906e+000  8.5702819e+000
  3.8128941e+000  8.2614145e+000
  8.5573406e+000  1.9443604e+000
  6.1033667e+000  6.1673397e+000
  6.7346464e+000  5.9764594e+000
  6.3010331e+000  8.5852533e+000
  8.7412339e+000  5.6330076e+000
  3.5250898e+000  1.6128870e+000
  7.0415932e+000  4.4575169e+000
  8.0000483e+000  4.7291218e+000
  8.3607827e+000  6.1848348e+000
  6.5432134e+000  1.4530130e+000
  1.6924696e+000  1.7756491e+000
  1.2275430e+000  1.5152573e+000
  7.1022436e+000  8.1517286e+000
  4.9352606e+000  4.1953322e+000
  7.0180671e+000  6.0652055e+000
  8.7792716e+000  8.7718603e+000
  8.7895938e+000  1.9007440e+000
  8.7432182e+000  5.6625136e+000
  5.6665053e+000  2.0204718e+000
  6.7601421e+000  1.8031879e+000
  5.1281990e+000  2.6207435e+000
  4.7654504e+000  3.1489995e+000
  6.8701615e+000  7.2510923e+000
  6.7408734e+000  1.6014083e+000
  1.3686065e+000  6.3408002e+000
  3.6606546e+000  8.1631242e+000
  5.3679423e+000  3.2446575e+000
  8.9914054e+000  2.4844164e+000
  8.8389792e+000  5.3809727e+000
  5.5056845e+000  3.0856186e+000
  3.6014624e+000  9.3308773e+000
  8.4296457e+000  7.4875867e+000
  1.7350826e+000  1.3236441e+000
  8.7875089e+000  2.1047062e+000
  8.1892928e+000  2.8583637e+000
  1.6406324e+000  7.1050845e+000
  3.7020306e+000  4.1054373e+000
  6.5683533e+000  6.9182138e+000
  6.1001585e+000  1.8360903e+000
  8.1808533e+000  1.6279713e+000
  6.5557403e+000  2.2748299e+000
  5.2674856e+000  3.1380196e+000
  7.4638617e+000  1.8506649e+000
  8.0763631e+000  6.0784225e+000
  3.1613917e+000  1.9595254e+000
  7.2267637e+000  6.0070954e+000
  8.8283617e+000  8.5963022e+000
  5.0702869e+000  3.7610971e+000
  3.4722967e+000  2.0867022e+000
  2.8969319e+000  8.4342781e+000
  2.0168677e+000  8.4894495e+000
  2.5274876e+000  1.5436968e+000
  1.1765967e+000  6.8455419e+000
  1.3801951e+000  1.5703955e+000
  1.2338809e+000  6.7774625e+000
  1.7637208e+000  4.1861266e+000
  9.1031088e+000  4.4950167e+000
  3.4608383e+000  8.2724903e+000
  8.8985625e+000  2.0747951e+000
  5.7317870e+000  6.3444200e+000
  2.0827726e+000  5.9925513e+000
  1.2898661e+000  1.5905917e+000
  2.1078318e+000  1.7338951e+000
  4.1993232e+000  1.9154707e+000
  6.5469921e+000  6.3983580e+000
  6.3807673e+000  5.6676805e+000
  2.1982590e+000  7.0715898e+000
  6.3509198e+000  7.6011112e+000
  6.7634468e+000  7.3160299e+000
  3.2573205e+000  1.7779175e+000
  1.4773908e+000  4.1793784e+000
  7.1576855e+000  1.4860531e+000
  5.3745336e+000  3.4759581e+000
  8.2991252e+000  5.5045889e+000
  1.7325344e+000  4.4730300e+000
  5.4119133e+000  3.2829216e+000
  3.2533883e+000  1.6146148e+000
  8.8720068e+000  2.1444622e+000
  4.7519835e+000  4.7401923e+000
  8.6317155e+000  6.7801096e+000
  1.5015185e+000  4.5624928e+000
  1.6765031e+000  4.4214033e+000
  7.8134620e+000  1.6848005e+000
  5.7216316e+000  6.2109057e+000
  3.2738474e+000  3.4779752e+000
  5.0957499e+000  4.0996239e+000
  2.8399479e+000  4.3215340e+000
  6.4201686e+000  6.1991911e+000
  3.3716010e+000  2.2196867e+000
  7.0792109e+000  5.5809187e+000
  1.3134263e+000  7.0360753e+000
  5.3418013e+000  2.7213854e+000
  6.0081575e+000  6.4473733e+000
  4.4876904e+000  5.0351563e+000
  8.3128565e+000  6.7006957e+000
  3.7745919e+000  2.9968315e+000
  7.0008461e+000  5.1822366e+000
  8.0430435e+000  4.9983211e+000
  1.6823467e+000  1.5011480e+000
  3.4673839e+000  8.4767109e+000
  6.5527729e+000  7.0289417e+000
  5.3575686e+000  4.9349040e+000
  1.2358733e+000  7.2409373e+000
  8.7697695e+000  8.2152010e+000
  8.0649563e+000  2.1591630e+000
  8.0830204e+000  5.6286961e+000
  1.2798197e+000  6.8769308e+000
  5.1590273e+000  2.5813563e+000
  3.4685303e+000  8.8384707e+000
  7.0326014e+000  1.6209521e+000
  2.9738692e+000  8.4617711e+000
  8.3508222e+000  1.9233035e+000
  7.1466529e+000  8.3165808e+000
  6.7653748e+000  7.5628166e+000
  5.0862331e+000  4.3907886e+000
  2.9147397e+000  2.6349729e+000
  8.2255830e+000  7.9908028e+000
  7.0587969e+000  2.8765788e+000
  6.8672248e+000  1.5700550e+000
  3.3420464e+000  2.2054257e+000
  6.3497516e+000  8.1292051e+000
  5.3452208e+000  7.7869476e+000
  5.1527387e+000  4.1676875e+000
  1.5457578e+000  1.9101584e+000
  8.3418552e+000  8.3178848e+000
  1.5186483e+000  4.2964859e+000
  1.5955914e+000  4.3717006e+000
  8.6225116e+000  1.5715837e+000
  8.1871701e+000  5.4785799e+000
  7.8681166e+000  6.0332538e+000
  6.8052886e+000  4.9613911e+000
  9.6533700e-001  9.0571469e+000
  4.9432302e+000  6.6531986e+000
  3.1175390e+000  8.7171343e+000
  7.2096633e+000  4.4524870e+000
  8.2476404e+000  6.3516534e+000
  7.5614472e+000  5.9731952e+000
  6.6601826e+000  7.8382450e+000
  5.0109712e+000  3.1163915e+000
  6.8561432e+000  6.4991495e+000
  5.4896268e+000  3.1390664e+000
  8.3003726e+000  5.6558651e+000
  1.3385623e+000  7.3021222e+000
  1.5000240e+000  1.9903178e+000
  9.1770195e-001  6.8090732e+000
  4.9668554e+000  5.0643920e+000
  7.0260159e+000  8.1661969e+000
  6.0689701e+000  7.4326542e+000
  1.8443119e+000  7.1178956e+000
  5.5260906e+000  3.8307866e+000
  7.6631614e-001  8.8043176e+000
  8.8670663e+000  6.7995420e+000
  5.6836228e+000  1.4720889e+000
  1.3586338e+000  1.9513786e+000
  6.7230902e+000  5.8358607e+000
  1.6776180e+000  4.1016741e+000
  1.6911651e+000  6.7853041e+000
  5.8083423e+000  6.0863144e+000
  3.5368240e+000  4.2218559e+000
  8.7033049e+000  4.8780836e+000
  1.1047705e+000  6.9893021e+000
  8.5321786e+000  6.4984586e+000
  6.5368453e+000  4.6948994e+000
  4.0420100e+000  8.7139635e+000
  2.8189176e+000  4.1707379e+000
  5.8391009e+000  7.0783219e+000
  3.5228588e+000  8.1998565e+000
  6.2944948e+000  1.7855749e+000
  1.5986405e+000  4.0265193e+000
  4.6227447e+000  2.5026774e+000
  8.6465579e+000  8.5309853e+000
  1.9674201e+000  6.8189468e+000
  8.6827836e+000  8.3529885e+000
  3.5801307e+000  9.1012771e+000
  5.4576856e+000  3.0710640e+000
  4.9628761e+000  8.5747286e+000
  7.0786055e+000  8.5518443e+000
  8.4575608e+000  2.0601421e+000
  6.5751654e+000  6.2511404e+000
  1.7093801e+000  7.0563936e+000
  6.4992470e+000  8.3247039e+000
  8.1889264e+000  6.1857653e+000
  7.0064756e+000  8.2822513e+000
  6.9656414e+000  5.6710252e+000
  4.4966119e+000  2.2032541e+000
  6.1237863e+000  8.6386579e+000
  8.2392294e+000  2.0682271e+000
  6.5004655e+000  5.1173044e+000
  6.7684344e+000  8.5619674e+000
  3.5168170e+000  1.4242587e+000
  6.7981136e+000  1.4857904e+000
  8.9482885e+000  1.8510738e+000
  5.9304599e+000  7.3468953e+000
  5.5254393e+000  2.9163505e+000
  1.9277652e+000  4.6684864e+000
  1.7441750e+000  6.4456366e+000
  3.5595710e+000  6.7719321e+000
  8.0351360e+000  5.1187957e+000
  5.0488352e+000  3.1991608e+000
  8.8131171e-001  2.2969485e+000
  8.3381095e+000  2.0486709e+000
  7.0167727e+000  8.1088349e+000
  5.1287407e+000  4.2234733e+000
  3.3070891e+000  1.3785269e+000
  7.1559910e+000  5.8179526e+000
  7.3526930e+000  5.8238670e+000
  9.1857134e-001  6.7780071e+000
  3.4950798e+000  1.9509873e+000
  8.4139249e+000  5.7408244e+000
  8.8287327e+000  5.1819554e+000
  1.4410406e+000  7.8804721e+000
  8.3065417e+000  2.0548471e+000
  7.6893165e+000  8.1893396e+000
  7.2761042e+000  8.7278957e+000
  5.2402516e+000  7.3907197e+000
  4.0044284e+000  5.6718993e+000
  3.7243397e+000  1.6751062e+000
  1.4106716e+000  6.0717586e+000
  1.9972450e+000  7.0447278e+000
  8.4626977e+000  1.9954605e+000
  5.0306299e+000  3.9334607e+000
  4.9675111e+000  3.0355087e+000
  7.6840130e+000  6.2465336e+000
  5.4913935e+000  3.2584640e+000
  3.2765371e+000  1.8423003e+000
  1.4351613e+000  7.9133293e+000
  3.2357260e+000  2.1033054e+000
  2.3326947e+000  5.6817173e+000
  4.5082760e+000  8.6944187e+000
  6.4106623e+000  6.0690259e+000
  1.7698337e+000  7.8212161e+000
  2.0838128e+000  6.9042394e+000
  5.3135715e+000  3.8520526e+000
  2.7999374e+000  2.0200756e+000
  1.1988193e+000  7.7940298e+000
  7.8522395e+000  1.9937297e+000
  7.3266911e+000  5.8528901e+000
  5.4576036e+000  3.8276866e+000
  3.9545490e+000  8.7183468e+000
  2.2323491e+000  7.1716806e+000
  1.8222061e+000  4.3540227e+000
  6.2980766e+000  5.9086285e+000
  2.4400985e+000  2.5327109e+000
  8.4756855e+000  3.3168824e+000
  3.3569940e+000  8.4967721e+000
  8.0881504e+000  2.0798136e+000
  3.5934451e+000  1.6632556e+000
  1.6543633e+000  4.1036766e+000
  3.7766854e+000  8.8184668e+000
  8.6320848e+000  7.5332718e+000
  1.3987353e+000  4.5671320e+000
  3.2669131e+000  2.0483594e+000
  1.2209032e+000  8.0432895e+000
  5.2473897e+000  3.0375540e+000
  1.6598133e+000  4.2939591e+000
  8.9802022e+000  3.0193952e+000
  1.3115681e+000  6.8948435e+000
  7.0514936e+000  6.2677708e+000
  1.7878331e+000  3.5227174e+000
  1.5467607e+000  3.3720275e+000
  5.2567410e+000  7.9888822e+000
  3.0264048e+000  5.1464061e+000
  1.5247620e+000  1.7392190e+000
  1.9039694e+000  5.9331200e+000
  8.1699730e+000  4.6339262e+000
  5.8841724e+000  1.1991843e+000
  3.2644181e+000  1.6783761e+000
  1.2569659e+000  7.0369879e+000
  1.4904494e+000  7.3264895e+000
  5.1125742e+000  3.1463369e+000
  1.8998572e+000  5.1848538e+000
  8.0506679e+000  8.3897598e+000
  4.3363325e+000  4.1901647e+000
  1.2850281e+000  4.1291991e+000
  4.8910383e+000  3.1042316e+000
  3.1101207e+000  1.8312286e+000
  5.2785240e+000  8.5056770e+000
  7.1635727e+000  5.8579183e+000
  7.3877738e+000  5.7423313e+000
  5.2227146e+000  3.1817147e+000
  5.5788840e+000  3.0509047e+000
  3.9771937e+000  1.6447190e+000
  1.5479083e+000  4.1031345e+000
  4.9268983e+000  4.9264858e+000
  7.0880154e+000  5.0743108e+000
  8.6512038e+000  8.2853237e+000
  1.6594883e+000  1.8845705e+000
  3.2706990e+000  1.9362764e+000
  8.7575740e+000  5.4489767e+000
  8.6088057e+000  5.3864281e+000
  1.7921493e+000  3.9507041e+000
  1.5412013e+000  7.5799062e+000
  5.2923140e+000  2.7939270e+000
  6.8766086e+000  8.2311673e+000
  1.1156181e+000  2.2273289e+000
  8.5165762e+000  2.1661691e+000
  2.4088356e+000  2.3960115e+000
  8.4115454e+000  2.8049230e+000
  1.7743680e+000  7.5557529e+000
  1.5504780e+000  6.9144839e+000
  2.1929942e+000  5.0572608e+000
  8.4764111e+000  6.6286128e+000
  1.2942834e+000  1.9500608e+000
  8.1957352e+000  2.0228492e+000
  5.1592633e+000  2.1518134e+000
  1.2784109e+000  8.5161418e+000
  1.6552012e+000  1.7584826e+000
  2.9462366e+000  1.6689644e+000
  3.3788151e+000  8.9880247e+000
  8.5367103e+000  6.7479886e+000
  8.2883409e+000  3.1335998e+000
  3.5065760e+000  9.3530077e+000
  5.5827177e+000  7.7296297e+000
  5.2929180e+000  2.5834788e+000
  3.6061375e+000  1.4023249e+000
  4.9916933e+000  2.9573983e+000
  1.6149342e+000  4.1900848e+000
  5.7574216e+000  1.6039757e+000
  8.2968937e+000  5.5805103e+000
  8.4441184e+000  2.2481891e+000
  6.3295248e+000  1.7922417e+000
  6.2309470e+000  6.7878239e+000
  8.9309466e+000  8.5148578e+000
  7.8658121e+000  1.7851268e+000
  2.0195160e+000  6.9373354e+000
  1.7492612e+000  7.0870673e+000
  5.3687392e+000  5.3610788e+000
  7.1249256e+000  1.9518907e+000
  5.0315104e+000  2.9884345e+000
  5.0059399e+000  3.5142199e+000
  5.0190156e+000  2.8125917e+000
  1.4075541e+000  7.8012247e+000
  1.5034782e+000  3.8904508e+000
  5.2824366e+000  3.1392123e+000
  8.0357695e+000  2.3378206e+000
  5.5430280e+000  1.5334605e+000
  1.9204910e+000  7.4551896e+000
  8.7379472e+000  8.4664746e+000
  3.4832431e+000  8.1501038e+000
  3.0032743e+000  1.5293720e+000
  7.2338091e+000  5.7648193e+000
  8.1409242e+000  5.7377334e+000
  5.4968200e+000  8.7326374e+000
  7.3508762e+000  8.3360755e+000
  5.6477758e+000  3.0653951e+000
  8.7034701e+000  7.2000049e+000
  7.0615520e+000  4.1772692e+000
  1.4401086e+000  6.6764016e+000
  5.0398577e+000  4.1627470e+000
  8.6735689e+000  8.3064199e+000
  8.5026633e+000  7.7135865e+000
  8.4141519e+000  1.8362220e+000
  8.8390722e+000  5.3469879e+000
  1.6375300e+000  6.0238518e+000
  5.5239840e+000  3.1858591e+000
  6.7178287e+000  5.7456667e+000
  8.3325369e+000  2.1795300e+000
  8.5435834e+000  1.9877857e+000
  1.5901759e+000  6.8986767e+000
  3.7475184e+000  9.0567731e+000
  3.4174161e+000  8.1665676e+000
  1.5773184e+000  1.7790238e+000
  1.5061718e+000  7.0612327e+000
  7.0336035e+000  4.6048377e+000
  5.1368449e+000  3.4412867e+000
  1.2805528e+000  1.5515989e+000
  3.5364587e+000  9.1741649e+000
  5.2823713e+000  4.9744412e+000
  3.5125029e+000  5.4423407e+000
  1.6015724e+000  1.5303449e+000
  5.7054267e+000  8.0128321e+000
  5.3218087e+000  3.7600945e+000
  5.0789966e+000  3.8306196e+000
  3.5740363e+000  8.6807781e+000
  8.4785559e+000  6.3906378e+000
  4.6209253e+000  1.8452958e+000
  5.1793449e+000  8.5126699e+000
  6.9167698e+000  8.4908577e+000
  1.6632869e+000  1.6534356e+000
  1.4416957e+000  1.4690542e+000
  1.4221083e+000  1.6256264e+000
  1.4899063e+000  4.2152897e+000
  6.4568949e+000  6.6107719e+000
  5.2235259e+000  7.4099267e+000
  1.7213459e+000  1.8562573e+000
  8.9823340e+000  8.6063480e+000
  8.8136122e-001  3.0830377e+000
  4.8020910e+000  1.0357913e+000
  2.3778287e+000  8.5822695e+000
  5.1168865e+000  3.1739820e+000
  8.7302146e+000  5.6346421e+000
  6.7116203e+000  1.5493147e+000
  8.6199579e-001  6.9843035e+000
  5.4506815e+000  7.3488861e+000
  8.2554151e+000  2.1855274e+000
  1.8106153e+000  7.7675993e+000
  5.0502513e+000  2.3638022e+000
  6.7919810e+000  8.5455688e+000
  7.0178594e+000  6.4988146e+000
  8.1919733e+000  2.5211782e+000
  6.2845689e+000  6.4979445e+000
  7.4985346e+000  8.2020964e+000
  9.6875963e-001  7.2137923e+000
  4.9804328e+000  4.0147572e+000
  5.6769412e+000  3.4357444e+000
  3.5832141e+000  8.4457478e+000
  5.0913355e+000  3.0693016e+000
  7.5530419e+000  4.6094875e+000
  3.3692138e+000  1.3895593e+000
  1.6231091e+000  4.5388828e+000
  4.9346527e+000  2.9019936e+000
  4.0283358e+000  6.3991744e+000
  2.5017326e+000  5.6439171e+000
  5.6444032e+000  1.8359909e+000
  6.3521126e+000  6.4149632e+000
  8.9749609e+000  8.3490827e+000
  1.7330788e+000  5.2542501e+000
  8.3068558e+000  7.4367578e+000
  5.1614860e+000  3.0759772e+000
  6.6551480e+000  8.0116144e+000
  5.1653925e+000  3.3008523e+000
  2.7434104e+000  1.5000065e+000
  8.4769305e+000  2.8051125e+000
  1.9047955e+000  6.6139537e+000
  1.6624717e+000  1.7700756e+000
  3.0835532e+000  1.1517203e+000
  7.9587509e+000  1.8191405e+000
  1.4162508e+000  7.3820365e+000
  3.4708128e+000  8.1600855e+000
  2.1167265e+000  5.3783824e+000
  5.2695404e+000  3.1286963e+000
  6.4460316e+000  6.7486568e+000
  8.5201087e+000  2.0010748e+000
  6.2755627e+000  2.0690651e+000
  5.1473607e+000  3.2148570e+000
  6.1155126e+000  4.1505463e+000
  1.1179256e+000  6.3765772e+000
  7.9084222e+000  8.6032893e+000
  1.4179492e+000  2.1233079e+000
  8.3816679e+000  2.2579645e+000
  8.2014873e+000  5.2733792e+000
  8.5995772e+000  6.5844169e+000
  6.5695743e+000  8.2362353e+000
  1.8065284e+000  7.9609131e+000
  8.5864603e+000  8.0612793e+000
  3.2352921e+000  2.1080716e+000
  1.8880161e+000  6.9613253e+000
  2.0798150e+000  7.4526496e+000
  3.4582922e+000  8.7511404e+000
  8.1502553e+000  1.7552252e+000
  6.0753580e+000  5.8592152e+000
  4.9784108e+000  3.3486766e+000
  9.7066828e-001  6.8666414e+000
  3.4437462e+000  1.8528000e+000
  7.0641073e+000  6.8360482e+000
  8.9650013e+000  5.3902273e+000
  1.4285332e+000  7.6290431e+000
  6.7988232e+000  4.8513995e+000
  8.5071912e+000  1.9097792e+000
  1.4538732e+000  7.0776912e+000
  5.0742877e+000  4.2177804e+000
  6.9620861e+000  5.2415772e+000
  3.4895837e+000  8.5856652e+000
  1.6542504e+000  7.3283643e+000
  6.3523160e+000  4.1614940e+000
  4.9039626e+000  1.3299532e+000
  3.9145985e+000  1.9771907e+000
  5.2246505e+000  3.4029967e+000
  1.2185696e+000  8.1667123e+000
  3.5128818e+000  8.1321185e+000
  4.8027650e+000  6.9360060e+000
  8.4665982e+000  7.9295111e+000
  1.1602584e+000  8.5584202e+000
  5.1302025e+000  3.1901110e+000
  3.3800366e+000  2.0482642e+000
  1.1022682e+000  6.7708473e+000
  3.3587040e+000  8.7323771e+000
  1.5520271e+000  4.2885784e+000
  5.7362512e+000  5.8700221e+000
  8.3803115e+000  8.4714405e+000
  6.5135305e+000  2.0577959e+000
  3.1598322e+000  1.7678209e+000
  8.9558036e+000  8.6294242e+000
  8.2993166e+000  2.3607306e+000
  1.5366004e+000  6.9334036e+000
  1.4223383e+000  6.8655357e+000
  1.8604386e+000  7.1422293e+000
  8.0272187e+000  2.1835765e+000
  6.7541549e+000  6.4404530e+000
  7.0252163e+000  8.4116024e+000
  3.1782265e+000  6.0719705e+000
  8.8768243e+000  1.9951412e+000
  6.6488779e+000  6.6862031e+000
  8.2557833e+000  5.7060935e+000
  8.1429890e+000  1.7253673e+000
  6.0588745e+000  7.0763991e+000
  8.7637508e+000  2.2314742e+000
  6.8370600e+000  4.7186836e+000
  3.4349208e+000  8.6337350e+000
  4.4208193e+000  2.1516378e+000
  1.5535209e+000  6.9693393e+000
  6.6947491e+000  4.5321263e+000
  6.8513100e+000  8.7176279e+000
  7.7916396e+000  5.4382993e+000
  3.5825343e+000  5.8041152e+000
  1.8261358e+000  8.0194099e+000
  2.3353686e+000  1.6526513e+000
  6.3781170e+000  6.4986953e+000
  3.4155163e+000  9.1741313e+000
  6.5338841e+000  6.0347993e+000
  1.7284894e+000  7.2718699e+000
  1.0396848e+000  2.8557925e+000
  3.6257041e+000  5.9473847e+000
  1.3109008e+000  1.9395957e+000
  2.4402429e+000  5.3723992e+000
  3.0266646e+000  1.8811121e+000
  1.7310721e+000  4.6797929e+000
  8.2893425e+000  1.4576583e+000
  5.5445585e+000  2.8645116e+000
  1.8672357e+000  4.2620575e+000
  1.2905848e+000  1.9239720e+000
  4.3863101e+000  6.0294439e+000
  7.9510834e+000  6.1791566e+000
  8.1080258e+000  2.0894953e+000
  5.9106514e+000  7.1170252e+000
  3.6393821e+000  1.3230803e+000
  4.9843544e+000  3.1547480e+000
  5.1914883e+000  2.4223433e+000
  1.5810095e+000  4.0410974e+000
  1.4990341e+000  3.0402821e+000
  8.7616091e+000  6.1980687e+000
  6.0923497e+000  1.8237861e+000
  5.7425089e+000  3.1308326e+000
  1.4541792e+000  7.0739963e+000
  8.9730122e+000  2.2083527e+000
