  7.6202103e+000 -5.9275313e-001
  4.9656900e+000  1.8884081e+000
  5.2984612e+000  9.4956684e+000
  5.8591999e+000  3.1944284e+000
  6.3392449e+000  7.1553649e+000
  6.5844627e+000  7.3388838e+000
  5.4856886e+000  2.5894393e+000
  3.1460720e+000  4.8991340e+000
  2.9391509e+000  4.6070639e+000
  3.4427323e+000  8.6701515e+000
  7.3517872e+000  7.0811818e+000
 -4.9491252e-001  4.3937068e+000
  7.2669890e+000  7.2597743e+000
  3.8654951e+000  1.9937075e+000
  7.6008228e+000  7.8023747e+000
  8.2410286e+000  7.4313941e+000
  1.3845027e+000  7.2539956e+000
  2.4520781e+000  3.9757530e+000
  5.7308064e+000  4.0723619e+000
  7.6171407e+000  6.5832073e-001
  9.5602661e+000  6.9770798e+000
  3.0119241e+000  7.9650285e+000
  2.1054724e+000  5.7648869e+000
  5.9107330e+000  3.0328054e+000
  9.0508470e+000  7.7822576e+000
  5.6653550e+000  5.4807474e+000
  3.8682520e+000  7.4942169e+000
  5.0492102e+000  3.0128422e+000
  3.6487817e+000  5.4058477e+000
  4.7563174e+000 -3.6282652e-001
  7.8312164e+000  7.0270699e+000
  8.2584377e+000  2.7045175e+000
  3.8078565e+000  4.4538099e+000
 -2.5145127e-001  4.6619791e+000
  1.4872512e+000  4.6907293e+000
  7.6935687e+000  7.9874553e+000
  7.6313742e+000  4.1598756e+000
  3.8556685e+000  2.4117646e+000
  2.7942917e+000  5.9643144e+000
  5.8757932e+000  7.2509851e+000
  5.3728116e+000  2.0588241e+000
  1.0813824e+001  4.6139624e+000
  2.6363612e+000  3.2712422e+000
  5.3467500e+000  4.0293200e+000
  4.1255468e+000  6.9307064e+000
  5.4265438e+000  4.8422949e+000
  3.9777040e+000  8.6127518e+000
  7.6900566e+000  7.0579651e-001
  3.3694474e+000  3.9840492e+000
  3.4734022e+000  7.7469400e+000
  5.5255159e+000  5.1500022e+000
  2.7121039e+000  6.7017177e+000
  2.6685530e+000  7.9232984e+000
  5.5095032e+000  2.4929918e+000
  5.6175303e+000  8.2665705e+000
  7.8629865e+000  9.5636272e+000
  3.0684417e+000  4.6359768e+000
  1.1638978e+001  3.8596040e+000
  2.9142753e+000  5.0331016e+000
  8.0876113e+000  8.0588385e+000
  3.7044937e+000  4.7884315e+000
  4.6691736e+000  7.5460385e+000
  5.9511950e+000  3.0219645e+000
  4.8503726e+000 -4.3243536e-001
  4.0113367e+000  2.6991895e+000
  7.1639170e+000  3.8300731e+000
  5.9187819e+000  6.2042344e+000
  6.2347404e+000  3.0853909e+000
  2.8999718e+000  8.1003370e+000
  7.8174237e+000  8.0182247e+000
  5.4912488e+000  3.5229185e+000
  4.0888729e+000  1.1090325e+000
  3.1580791e+000  6.6054413e+000
  4.7371781e+000  1.4841725e+000
  7.7246913e+000  6.7577935e+000
  5.6110465e+000  3.0732951e+000
  6.8241307e+000  2.7020845e+000
  1.7176565e+000  7.2454985e+000
  6.4472766e+000  6.5826523e+000
  2.6529722e+000  4.3266593e+000
  8.5587689e+000  4.7001079e+000
  9.6636977e+000  4.2764895e+000
  1.7434848e+000  6.3481997e+000
  5.9349569e+000  3.2205877e+000
  9.1601355e+000  8.0435991e+000
  6.6468824e+000  2.8809711e+000
  4.3976565e+000  1.8486232e+000
  3.4060606e+000  5.5483811e+000
  6.8288798e+000  8.4522732e+000
  6.6026669e+000  2.6002432e+000
  3.0247935e+000  8.1997648e+000
  3.4920215e+000  4.3395435e-001
  3.4384063e+000  4.2586299e+000
  5.8606936e+000  3.2659839e+000
  1.9003309e+000  2.9452104e+000
  1.0616897e+001  4.0423303e+000
  3.7565411e+000  4.5941438e+000
  3.7996442e+000  8.3077250e+000
  4.1051704e+000  3.7594325e+000
  3.0652617e+000  4.6507583e+000
  5.7501170e+000  6.6748082e+000
  6.6093193e+000  4.8680806e+000
  2.6239758e+000  4.8392196e-001
  6.1761249e+000  8.1412205e+000
  5.0446765e+000  3.7906134e+000
  3.9166686e+000  2.3249034e+000
  5.8732432e+000  4.4182414e+000
  5.1090690e+000  9.0895039e-001
  5.9973158e+000  3.1173667e+000
  4.4024734e+000  8.3198135e+000
  5.8616606e+000  3.3003678e+000
  5.5522455e+000  2.9371726e+000
  5.6411010e+000  2.7915536e+000
  3.0365595e+000  8.5686939e+000
  4.8993562e-001  2.0621945e+000
  2.6070216e+000  7.4100619e+000
  2.3843878e+000  5.4760323e+000
  6.4104060e+000  2.9643228e+000
  6.2158853e+000  6.1700657e+000
  3.6973732e+000  7.8957980e+000
  7.5548182e+000  3.8224834e+000
  2.0765479e+000  3.6908668e+000
  7.1959744e+000  4.5840242e+000
  4.3013382e+000  7.4053818e+000
  3.7399360e+000  4.9321318e+000
  2.0842362e+000  3.2684732e+000
  2.7781606e+000  7.3073198e+000
  4.2993991e+000  7.3957755e+000
  3.4902603e+000  4.1958582e+000
  9.2379865e+000  8.8605230e+000
  3.8071406e+000  3.4626935e+000
  6.3226360e+000  3.2358703e+000
  4.8554461e+000  2.4372674e+000
  1.6093616e+000  6.7396998e+000
  2.3193367e+000  4.4244283e+000
  2.5939912e+000  3.7402315e+000
  3.4296712e+000  4.1907334e+000
  6.7896404e+000  3.5000347e+000
  5.3823702e+000  1.4252876e+000
  6.1544420e+000  2.6411069e+000
  3.2644474e+000  3.2245394e+000
  3.2750501e+000  1.9993870e+000
  6.9377998e+000  6.1406711e+000
  5.8584844e+000  4.0928094e+000
  4.3760460e+000  2.1152813e+000
  5.7726974e+000  2.9990755e+000
  7.9132648e+000  9.0877843e+000
  4.6189605e+000  7.7180519e+000
  8.9671931e+000  9.7798121e+000
  5.7662319e+000  9.8162314e-001
  5.2775841e+000  1.4312645e+000
  2.8179057e+000  5.9854148e+000
  4.6924061e+000  1.9314334e-001
  7.9611726e+000  2.2972061e-001
  2.3308391e+000  6.0817316e+000
  7.0352132e+000  5.1753119e+000
  5.9304611e+000  6.4789179e+000
  6.8366675e+000  3.6503214e+000
  2.5908267e+000  3.9351918e+000
  6.2843204e+000  6.2397722e+000
  3.6155423e+000  7.7508241e+000
  1.5199898e+000  5.3569404e+000
  2.7551757e+000  5.8474097e+000
  5.3092746e+000  3.6953304e+000
  3.8558889e+000  5.5380675e+000
  3.8211085e+000  7.8444742e+000
  6.3948390e+000  4.2702467e+000
  5.4505009e+000  4.0482588e+000
  8.0941361e-001  1.4605007e+000
  9.6702283e+000  5.3918929e-001
  5.3258524e+000  5.2655334e+000
  2.5919487e+000  8.4909258e+000
  1.5299360e+000  3.4872813e+000
  5.7299976e+000  3.3491650e+000
  1.6328860e+000  6.9479386e+000
  4.2201304e+000  8.7316657e+000
  4.6854150e+000  6.5714845e+000
  3.4300772e+000  8.9448162e+000
  3.3652247e+000  4.1078487e+000
  1.6743369e+000  7.6219560e+000
  2.0085080e+000  1.6061459e+000
  7.1625064e+000  3.6305926e+000
  6.0499066e+000  4.2218097e+000
  5.5544885e+000  3.8073264e+000
  3.3958202e+000  3.2414760e+000
  3.9131586e+000  3.4204244e+000
  6.7608494e+000  3.2222838e+000
  5.1020519e+000  2.2109424e+000
  1.4280414e+000  7.2616478e+000
  1.0237452e+001  7.3228967e+000
  7.8158404e+000  7.2157325e+000
  2.7047837e+000  4.3689121e+000
  9.1713594e+000  2.8464054e+000
  5.6252755e+000  1.9337977e+000
  3.6998132e+000  7.3797295e+000
  6.1342295e+000  3.0904123e+000
  6.2274156e+000  2.1304461e+000
  7.7215663e+000  1.0093496e+001
  4.2559170e+000  1.0453709e+001
  7.6090178e+000  5.0053561e+000
  2.6406821e+000  6.5812110e+000
  3.9542225e+000  7.5463437e-001
  7.9141544e+000  4.0789340e+000
  2.9950074e+000  6.1754476e+000
  7.9859511e+000  6.7559789e-001
  6.1445999e+000  2.3714964e+000
  5.6382322e+000  4.0489787e+000
  5.9858382e+000  7.0295633e+000
  7.3658600e+000  5.8553143e+000
  6.4296147e+000  5.0639362e+000
  5.6059721e+000  3.9304727e+000
  3.4809376e+000  1.9192875e+000
  6.0074209e+000  3.1383895e+000
  5.4012980e+000  7.7280023e+000
  5.8869176e+000  7.7364904e+000
  2.7878665e+000  4.2898824e+000
  7.5449430e+000  8.7704443e+000
  5.4772769e+000  7.5326977e+000
  5.7624813e+000  4.1897211e+000
  5.4705603e+000  3.9296544e+000
  5.2400779e+000  3.8391657e+000
  3.6117157e+000  7.2605545e+000
  5.0309326e+000  1.1108460e+000
  6.9614486e+000  5.9377168e+000
  6.3531316e+000  5.4679560e+000
  4.0189301e+000  3.2221114e+000
  4.0701253e+000  5.0562644e+000
  5.9414638e+000  2.6753864e+000
  4.6926897e+000  2.7595261e+000
  2.4073407e+000  5.4252627e+000
  7.2982013e+000 -1.0936494e+000
  5.5853179e+000  6.8584998e+000
  2.5405760e+000  6.1284557e+000
  2.9873477e+000  9.6933090e-001
  6.0444952e+000  7.5551311e+000
  6.5570927e+000  3.3295473e+000
  6.3433626e+000  3.1596104e+000
  1.0485756e+000  3.4100421e+000
  4.4454971e+000  5.7816636e+000
  5.6031924e+000  5.1186391e-001
  5.7995859e+000  4.3420430e+000
  1.6284467e+000  2.1279920e+000
  7.8134934e+000  1.0632481e+001
  3.4185339e+000  8.6438383e+000
  6.9919174e+000  5.4535706e+000
  6.0660614e+000  7.5728431e+000
  5.5382841e+000  3.6531546e+000
  7.4521776e+000  6.6519666e+000
  2.6144902e+000  7.2771574e+000
  4.0452323e+000  6.8961473e+000
  6.3711711e+000  2.8515107e+000
  7.0056942e+000  5.3429521e+000
  6.8865263e+000  3.7158995e+000
  6.3778992e+000  7.1527867e+000
  2.6916741e+000  1.5717014e+000
  9.4959668e+000  9.9687113e+000
  2.8056223e+000  4.0810474e+000
  1.7807028e+000  7.8538414e+000
  6.2247344e+000  6.9441339e+000
  3.5164052e+000  9.5199155e+000
  3.0704322e+000  7.8827971e+000
  2.5392200e+000  7.1250701e+000
  1.4623273e+000  6.6056389e+000
  1.9761904e+000  7.0493190e+000
  6.8635019e+000  6.4455662e+000
  5.4158524e+000  7.1891653e+000
  4.5051571e+000  5.5309676e+000
  6.3717281e+000  4.0252539e+000
  4.8732450e+000  3.2156860e+000
  5.4365062e+000  3.0413189e+000
  7.7877548e+000  3.3347897e+000
  3.3662731e+000  3.0281224e+000
  7.5080705e+000  1.3046275e+000
  6.9172782e+000  6.6175694e+000
  8.1505733e+000  4.5646161e+000
  6.4426456e+000  2.9667745e+000
  6.3607026e-001  7.1711095e+000
  2.4252242e+000  9.1249162e-001
  4.2640470e-001  4.9126393e+000
  4.2134868e+000  7.6552941e+000
  7.9622087e-001  2.3164399e+000
  5.0743646e+000  7.6697624e+000
  2.3713372e+000  4.1682665e+000
  2.9509743e+000  2.6100607e+000
  3.3447871e+000  4.6195724e+000
  8.2537592e+000  3.8221769e+000
  1.0214561e+001  5.1247100e+000
  2.9879062e+000  1.7150014e+000
  7.3159383e+000  2.8894815e+000
  6.9728145e+000  3.4072222e+000
  2.0701860e+000  6.6077454e+000
 -1.0586841e-001  5.0628426e+000
  7.6357961e+000  6.9504229e+000
  7.5223767e+000  6.4315668e+000
  1.0546057e+001  3.1968713e+000
  5.3420634e+000  6.2470361e+000
 -5.7224565e-002  5.4455731e+000
  6.2583138e+000  2.8333158e+000
  6.4299542e+000  2.4410623e+000
  6.9333241e+000  3.7557594e+000
  8.3933446e+000  3.2578341e+000
  6.4757480e+000  4.6421668e+000
  6.1577293e+000  2.3663843e+000
  6.1691353e+000  6.6464602e+000
  7.9900163e+000  3.5420257e+000
  2.3385893e+000  4.6398112e+000
  5.4566422e+000  4.3281068e+000
  3.4013594e+000  4.9479338e+000
  5.6192637e+000  4.1463183e+000
  5.3193681e+000  4.1880841e+000
  8.4160459e-001  4.7028624e+000
  3.2031423e+000  4.0036888e+000
  4.4945911e+000  7.7330068e+000
  5.3806691e+000  4.0070269e+000
  2.9170530e+000  4.2801474e+000
  5.7722928e+000  1.0533520e+001
  5.7063214e+000  3.3015687e+000
  6.7538883e+000  4.0373569e+000
  6.4469566e+000  1.1227198e+000
  6.3689913e+000  3.6083503e+000
  3.1499829e+000  4.8703361e+000
  8.9737663e+000  5.8530809e+000
  7.2239566e+000  4.7611029e+000
  3.1754495e+000  4.0427150e+000
  2.9354110e+000  2.7583330e+000
  1.5767454e+000  6.3855588e+000
  7.2810473e+000  5.6795266e+000
  3.3392978e+000  1.7412686e+000
  4.0279793e+000  4.0348297e+000
  5.4383321e+000  3.1906600e+000
  6.0348571e+000  2.6575730e+000
  5.8499355e+000  5.4715883e+000
  6.4682544e+000  3.2993126e+000
  5.2561543e+000  3.9470980e+000
  7.0221041e+000  7.1388666e+000
  3.0686129e+000  7.9500049e+000
  3.8342462e+000  9.2787480e+000
  5.8837746e+000  3.3028907e+000
  1.7658396e+000  6.8926186e+000
  2.9268119e+000  9.0722248e+000
  7.9202673e+000  5.4342005e+000
  4.2313285e+000  7.5457343e+000
  6.1062665e+000  2.9764141e+000
  4.0626026e+000  2.9509846e+000
  7.6130602e+000  9.6923996e+000
  1.5575395e+000  7.1453312e+000
  6.3145015e+000  6.6170699e+000
  5.2914463e+000  6.9713131e+000
  6.0722071e+000  5.4863428e+000
  6.2766190e+000  4.9443445e+000
  4.2254823e+000  4.8188119e+000
  6.7597874e+000  3.8202991e+000
  2.6259215e+000  7.2783071e+000
  5.6816798e+000  3.6869623e+000
  3.4491502e-001  4.7936243e+000
  6.5085233e+000  2.2914037e+000
  7.3941907e+000  7.2093486e+000
  2.1492913e+000  6.9785087e+000
  5.3506589e+000  2.1726930e+000
  4.3891563e+000  7.9806267e+000
  3.7573605e+000  4.2513392e+000
  6.2510941e+000  8.6672029e+000
  5.2868828e+000  2.8475810e+000
  8.0163401e+000  3.4524514e+000
  1.7001421e+000  4.8767852e+000
  6.6497879e+000  7.7708026e+000
  4.1297472e+000  4.8560451e+000
  6.3072565e+000  8.1533412e+000
  6.1200182e+000  6.7242188e+000
  3.5628481e+000  7.2024055e+000
  7.9708930e+000  8.2938432e+000
  2.7596683e+000  4.4309024e+000
  8.3717311e-001  7.6550126e+000
  6.1028858e+000 -2.1559687e+000
  5.5165028e+000  8.0335614e+000
  2.8331835e+000  4.0400050e+000
  6.0113349e+000  7.2753464e+000
  9.6431802e-001  4.5860147e+000
  5.4979195e+000  3.9333249e+000
  5.8978723e+000  2.3184391e+000
  5.3622657e+000  3.7660616e+000
  4.1336540e+000  4.8761918e+000
  6.0111239e+000  3.5334058e+000
  3.2872509e+000  1.1918198e+000
  5.7688882e+000  3.6736486e+000
  4.6228736e+000 -2.0826613e+000
  3.2196439e+000  3.3629899e+000
  2.6802403e+000  7.2233981e+000
  5.9541841e+000  1.4213503e+000
  3.7133506e+000  5.0781350e+000
  4.4831752e+000  4.4591936e+000
  2.9360716e+000  9.6182063e+000
  7.5567519e+000  9.8321959e+000
  8.3540570e+000  6.6137270e+000
  6.5846604e+000  2.6991838e+000
  2.9457222e+000  2.5154342e+000
  3.2020478e+000  4.1714155e+000
  7.0273963e+000  5.0079252e+000
  4.5924957e+000  7.3120549e+000
  6.4712415e+000  6.9289508e+000
  3.1768698e+000  4.6322088e+000
  2.0228829e+000  6.6115373e+000
  5.6796033e+000  3.3542142e+000
  7.0722859e+000  3.3140941e+000
  5.0017668e+000  5.2217216e+000
  7.2931288e+000  2.6813227e+000
  6.0128676e+000  2.3813105e+000
  4.3832180e+000  4.8438341e+000
  7.1244203e-001  5.2940611e+000
  5.2117082e+000  6.0575094e+000
 -8.7123500e-002  8.1336469e+000
  3.4211018e+000  9.5661213e+000
  3.7552048e+000  3.4524125e+000
  3.7178197e+000  1.7274111e+000
  1.7246891e+000  7.4000148e+000
  3.8676972e+000  4.0513357e+000
  2.8512897e+000  6.4449599e+000
  2.0911275e+000  7.4796436e+000
  6.4544161e+000  3.4020312e+000
  4.0443909e+000  4.3102672e+000
  3.9843560e+000  4.2300162e+000
  5.7056145e+000  1.3591638e+000
  7.5880111e+000  1.3730776e+000
  7.5188299e+000  4.6439964e+000
  2.8388276e+000  3.4934904e+000
  6.7690114e+000  5.6026951e+000
  6.0225387e+000  5.1010467e+000
  8.8515982e+000  8.9791315e+000
  6.2739546e+000  1.8358957e+000
  5.7759100e+000  2.7953290e+000
  5.6479694e+000  8.0773947e+000
  4.5966943e+000  7.3314629e+000
  8.2829422e+000  4.2444808e+000
  2.5043813e+000  6.2358477e+000
  7.3730693e+000  1.0745432e+000
  6.7403760e+000  3.4254289e+000
  4.5454938e+000  6.9169124e+000
  6.1405727e+000  6.0053440e+000
  6.0908628e+000  7.7437221e+000
  8.0597906e+000  6.7534653e+000
  3.0287972e+000  5.4633228e+000
  1.0096813e+001  4.8643863e+000
  5.3816383e+000  7.1559682e+000
  3.4452010e+000  5.5606975e+000
  6.3728326e+000  3.8012782e+000
  2.8763948e+000  2.0524680e+000
  1.4852392e+000  5.4207975e+000
  1.5566004e+000  5.7933142e+000
  4.0024929e+000  6.5361802e+000
 -1.3515494e-001  3.3298221e+000
  4.3241733e+000  7.7490658e+000
  6.0556344e+000  7.1397066e+000
  8.5772136e+000  1.0481853e+001
  3.3222171e+000  5.3531091e+000
  5.6109160e+000  4.8821784e+000
  2.9919808e+000  7.3148669e+000
  8.2208534e+000  6.6394461e+000
  5.5536461e+000  3.8700890e+000
  3.5788915e+000  4.3438671e+000
  4.8086793e+000  3.2832346e+000
  1.5205438e+000  3.0865608e+000
  6.9033386e+000  4.2098461e+000
  7.0442573e+000  4.0390083e+000
  4.0038934e+000  3.3928367e+000
  3.7099415e+000  6.6724374e+000
  6.9027366e+000  1.0265538e+001
  7.6492509e+000  4.2648170e+000
  4.1149621e+000  8.1049800e+000
  3.4943847e+000  1.9349310e+000
  4.6354100e+000  2.2439701e+000
  5.5514220e+000  3.1932068e+000
  1.7254932e+000  7.1195597e+000
  4.2274589e+000  1.6482772e+000
  6.5163820e+000  4.1099890e+000
  3.6447461e+000  8.1501627e+000
  3.5013919e+000  2.8842723e+000
  6.6566069e+000  1.7378073e+000
  4.8502606e+000  2.0439330e+000
  6.8170955e+000  5.0901386e+000
  8.6509507e+000  1.0518439e+001
  9.0846385e+000  6.8064702e+000
  6.1327681e+000  2.4877785e+000
  6.1033184e+000  2.7567180e+000
  2.8753921e+000  4.6172043e-001
  7.9316682e+000  9.8168767e+000
  7.4921481e+000  1.0620691e+001
  6.2044398e+000  5.4019961e+000
  4.4465659e+000  3.3032066e+000
  5.1080380e+000  3.9748078e+000
  6.7428016e+000  2.8550356e+000
  1.8776664e+000  7.3768549e+000
  8.7882485e+000  1.0240198e+001
  6.2640890e+000  5.2022641e+000
  3.2698581e+000  7.4997077e+000
  6.9504760e+000  8.3945795e+000
  6.0594930e+000  5.7072041e+000
  5.6287619e+000  7.5536031e+000
  2.6601160e+000  4.6320807e+000
  3.4759630e+000  9.7549146e+000
  3.4291338e+000  4.2289073e+000
  8.0596830e+000  7.0052292e+000
  2.7652200e+000  2.6210245e+000
  4.5719060e+000  4.6379583e+000
  8.1219404e+000  2.7992459e+000
  3.0446562e+000  4.6365327e+000
  3.5881947e+000  1.5914501e+000
  6.7124236e+000  3.5380213e+000
  2.8200557e+000  4.9814119e+000
  4.0275083e+000  7.2831185e+000
  3.7551317e+000  2.6948003e+000
  7.0407718e+000  1.1026699e+001
  4.2373968e+000  6.3943339e+000
  3.2284911e+000  8.0261490e+000
  4.2426014e+000  7.3195056e+000
  1.6004031e+000  7.2519746e+000
  5.1731447e+000  4.8557607e+000
  6.4106439e+000  2.0575192e+000
  5.7426355e+000  3.5596680e+000
  3.8728780e+000  4.4920351e+000
  3.1814637e+000  3.0524608e+000
  9.3871688e+000  4.7598024e+000
  6.3995034e+000  5.0081033e+000
  2.6519177e+000  7.7836823e+000
  2.0674981e+000  6.4664243e+000
  3.3775372e+000  7.2589303e+000
  8.4741521e+000  2.6431104e+000
  3.5390851e+000  3.5537903e+000
  5.9838043e+000  4.3661944e+000
  8.3670287e+000  7.8560482e+000
  2.8302168e+000  8.0034832e+000
  5.6624700e+000  4.3249311e+000
  6.3569964e+000  6.8559583e+000
  6.5095641e+000  8.3618406e+000
  6.3056749e+000  4.8140459e+000
  1.7127358e+000  5.9689059e+000
  3.1182662e+000  3.4035610e+000
  3.7355145e+000  8.6849426e+000
  8.0516002e+000  6.2444852e+000
  1.6768149e+000  8.5682559e+000
  5.7087719e+000  1.1286737e+000
  6.9653457e+000  4.0661006e+000
  1.1779319e+001  7.8903897e+000
  4.3062091e+000  8.4413986e+000
  5.7606507e+000  7.6782984e+000
  6.3852091e+000  2.8767700e+000
  4.2536863e+000  1.4709334e+000
  7.9172845e+000  1.1176146e+001
  3.4473394e+000  8.2324390e+000
  8.5853323e-001  7.5358879e+000
  8.0321668e+000  7.2196101e+000
  3.1088395e+000  3.4666584e+000
  2.5186133e+000  3.7872337e+000
  5.8037351e+000  7.3708577e+000
  7.0870230e+000  5.6890955e-001
  8.0921092e+000  5.8942726e+000
  2.8745661e+000  7.1518931e+000
  3.7363912e+000  7.5489795e+000
  2.9028699e+000  4.8442392e+000
  6.9679893e+000  2.8517495e+000
  4.3525912e+000  5.3842145e+000
  1.8886966e-001  1.5131022e+000
  4.5100430e+000  4.5841354e+000
  6.0327413e+000  8.4051998e+000
  7.4893878e+000  4.2885086e+000
  3.2133520e+000  5.2498809e+000
  2.9525000e+000  3.6043506e+000
  3.5142086e+000  8.9042131e-001
  4.2744811e+000  3.2869503e+000
  4.3334713e+000  2.5334898e+000
  3.4956265e+000  3.4024383e+000
  5.7305666e+000  1.3159462e+000
  3.2319681e+000  4.1642423e+000
  5.1928292e+000  2.4468218e+000
  3.9986960e+000  9.7362247e+000
  5.8515982e+000  4.8085971e+000
  4.1063432e+000  2.9259081e+000
  7.4261752e+000  1.0761253e+001
  5.1102000e+000  7.7803163e+000
  8.8336313e+000  4.9992566e+000
  5.4428254e+000  7.8380296e+000
  5.1519189e-001  4.3352672e+000
  7.3030136e+000  5.1288257e+000
  3.3868026e+000  2.7122356e+000
  6.0939190e+000  7.1992231e+000
  2.6152555e+000  7.9261896e+000
  2.0069839e+000  2.8397522e+000
  4.0704786e+000  5.0875063e+000
  5.6710553e+000  5.5248185e+000
  5.1215420e+000  3.0318438e+000
  3.1212270e+000  4.5389783e+000
  4.3797059e+000  7.6188830e+000
  6.1344382e+000  5.3860211e+000
  4.4477231e+000  7.5063154e+000
  3.4128826e+000  8.7105667e+000
  2.8398458e+000  5.5273446e+000
  3.3762367e+000  3.5754872e+000
  4.4648649e+000  6.8629739e+000
  4.6496963e+000  4.9402655e+000
  6.1707422e+000  6.9990491e+000
  8.4928141e+000  1.0191822e+001
  3.0327404e+000  4.5646093e+000
  3.8136622e+000  8.2927324e+000
  7.9533817e+000  4.1829416e-001
  3.0531796e+000  3.6910506e+000
  5.3960133e+000  4.0252101e+000
  4.9619732e+000  3.9299479e+000
  7.9860369e+000  8.9708373e+000
  7.2254862e+000  3.4271133e+000
  3.0048860e+000  1.1621176e+001
  4.3493954e+000  3.6321152e+000
  5.4609133e+000  2.9579341e+000
  3.7322829e+000  8.6999370e+000
  5.8885040e+000  2.8170052e+000
  5.0681002e+000  9.4159138e+000
  5.3601380e+000  4.6773336e+000
  4.2456720e+000  6.4287855e+000
  3.1982398e+000  5.0660899e+000
  5.9399936e+000  6.7251874e+000
  1.0453243e+000  4.0675054e+000
  6.3290289e+000  1.9948841e+000
  3.0923562e+000  1.5432127e+000
  7.5079207e+000  6.0823364e+000
  6.3485635e+000  7.1766719e+000
  4.6885050e+000  2.3218120e+000
  3.1760965e+000  4.4471049e+000
  8.2070294e+000  3.3678564e+000
  3.2154289e+000  7.6827783e+000
  2.7386809e+000  7.3283872e+000
  5.7548560e+000 -9.0503276e-001
  6.9669008e+000  8.0226844e+000
  9.6337921e+000  5.0783322e+000
  1.0854411e+001  4.1217047e+000
  2.9106262e+000  1.3703587e+000
  5.6363072e+000  4.7451198e+000
  6.2505154e+000  5.9175008e+000
  5.7083720e+000  6.9917344e+000
  5.1613814e-001  1.2313647e+001
  5.5191410e+000 -5.2909220e-001
  6.3076421e+000  7.8183992e+000
  1.3231211e+000  7.5644376e+000
  3.4774857e+000  5.0735018e+000
  5.3641989e+000  4.1070784e+000
  6.1168735e+000  8.0852806e+000
  7.2088188e+000  7.8598909e+000
  6.7847020e+000  6.9402507e+000
  1.2297776e+000  6.8595076e+000
  5.7705414e+000  5.9295569e+000
  6.1754128e+000  2.8857903e+000
  5.6616521e+000 -2.6626776e+000
  4.0446916e+000  1.0753798e+000
  6.2450172e+000  5.4684516e+000
  3.2658556e+000  8.2321257e+000
  1.0052659e+001  6.4558435e+000
  3.2304797e+000  7.1622508e+000
  4.8819342e+000  5.2437617e+000
  5.2159936e+000  2.4789146e+000
  5.6539260e+000  1.6605824e+000
  7.4826504e+000  9.1633772e+000
  1.2586081e+000  3.9741162e+000
  8.1190799e+000  7.2999785e+000
  8.2752424e+000  2.7412491e+000
  1.3229620e+000  7.0065988e+000
 -5.4474637e-001  1.5921913e+000
  3.9372395e+000  8.1620885e+000
  5.9436938e+000  5.2712025e+000
  6.5094274e+000  8.5009215e+000
  2.3775945e+000  3.4430949e+000
  4.0188030e-001  1.1157128e+000
  4.5252956e+000  4.1706081e+000
 -1.1856361e+000  3.8194255e+000
  7.9452626e+000  7.7529540e+000
  3.1385186e+000  6.2857788e+000
  7.6352531e+000  5.4808355e-001
  3.5434310e+000  7.6297957e+000
  3.9563557e+000  8.8374623e+000
  1.3314304e+000  1.8292514e+000
  3.2952802e+000  4.2684284e+000
  1.0816539e+001  5.2594909e+000
  1.3107694e+000  5.9650032e+000
  6.4121247e+000  1.3471456e+000
  3.9045788e+000  8.2586594e+000
  5.3772095e+000  1.7065161e+000
  3.2366329e+000  4.4015383e+000
  5.7735173e+000  3.3075916e+000
  1.6836975e+000  6.3594661e+000
  5.4440759e+000  3.9529145e+000
  5.5322204e+000  2.9119063e+000
  4.2705559e+000  7.5167293e+000
  7.6050583e+000  3.0550373e+000
  8.3202682e+000  5.2926254e+000
  3.6866344e+000  3.8103612e+000
  5.9485809e+000  3.1486753e+000
  8.9436210e+000  5.7195922e+000
  1.0936209e+000  2.9414741e+000
  7.4896110e+000  7.6458601e+000
  4.9275449e+000  5.0297325e+000
  5.6536321e+000  2.9102750e+000
  3.9654580e+000  2.5523404e+000
  5.2979099e+000  7.8719671e+000
  1.5984335e-001  2.6531244e+000
  5.8245662e+000  5.4271587e+000
  3.5488028e+000  9.6521352e+000
  3.8742070e+000  2.5773630e+000
  6.8371744e+000  3.0985608e+000
  6.8807201e+000  7.3453993e+000
  5.7359818e+000  5.4335266e+000
  3.0672685e+000  3.6953885e+000
  5.8490269e+000  8.9376115e-001
  1.0508817e+001  1.6007532e+000
  4.5775812e+000  6.5607114e+000
  7.1026388e+000  1.0216522e+001
  7.3594383e+000  6.5803709e+000
  7.9977390e+000  3.0807443e+000
  1.1268648e+001  2.1575488e+000
  6.1543265e+000  3.1327029e+000
  8.0019897e+000  9.6923822e+000
  2.6407363e+000  2.5715115e+000
  1.8654074e+000  6.6895236e+000
  1.5071522e+000  7.6377782e+000
  2.1876753e+000  5.7281242e+000
  7.0534729e+000  6.4265833e+000
  6.3865023e+000  1.1346291e+001
  7.2788845e+000  3.5778880e+000
  6.2770890e+000  2.9908097e+000
  4.1863683e+000  4.6893421e+000
  8.2268857e+000  3.3144425e+000
  8.3991582e+000  8.8618704e+000
  3.2311539e+000  1.2995400e+000
  8.2794623e+000  4.6134792e+000
  3.1448023e+000  4.0964571e+000
  2.4773700e+000  6.1546986e+000
  7.7435214e+000  8.6448520e+000
  4.6911787e+000  7.4779499e+000
  1.0930604e+001  2.0298870e+000
  1.0022385e+001  4.4508483e+000
  8.0946738e+000  6.1827030e+000
  4.4305692e+000  4.3776078e+000
  3.7511214e+000  3.9576201e+000
  1.0247193e+001  5.4991861e+000
  3.9956967e+000  7.5430561e+000
  9.3226284e+000  5.4513181e+000
  7.4357623e+000  2.7605874e+000
  7.3557916e+000  6.8023923e+000
  3.1330832e+000  2.5026442e+000
  8.3162882e+000  9.7251204e+000
  1.2819258e+000  7.5917626e+000
  3.8932467e+000  1.5477932e+000
  3.9404846e+000  3.4739306e+000
  5.4126848e+000  1.1172463e+000
  6.6142692e+000  6.2468114e+000
  3.0038715e+000  4.6738574e+000
  6.7830241e+000  7.0755963e+000
  3.8069905e+000  2.6672600e+000
  7.3570290e+000  8.5847547e+000
  1.0603669e+001  7.0464815e+000
  1.6847257e+000  6.7612090e+000
  5.6483168e+000  2.0777997e+000
  6.6366472e+000  5.6901750e+000
  9.9949986e+000  4.3282769e+000
  5.6470654e+000  3.5202360e+000
  2.8078874e+000  4.3778682e+000
  3.1875369e+000  7.8711690e+000
  5.5534686e+000  4.1643204e+000
  4.3248242e+000  1.0517551e+001
  2.7308694e+000  3.1380555e+000
  6.0317236e+000  3.9676986e+000
  2.9045339e+000  5.2694650e+000
  1.0789161e+000  6.5803203e+000
  5.0070287e+000  5.5463318e+000
  3.6580147e+000  4.0069292e+000
  3.8493087e+000  4.2395887e+000
  6.1436205e+000  7.1323658e+000
  1.8868201e+000  8.2191783e+000
  5.5978329e+000  2.2721986e+000
  1.8318340e+000  6.6531420e+000
  7.1816856e+000  3.3119600e+000
  1.6207747e+000  6.2455233e+000
  3.3842789e+000  4.2408387e+000
  4.1181560e+000  5.0457770e+000
  5.2659291e+000  2.0675756e+000
  5.5557479e+000  6.3248714e+000
  6.3788573e+000  3.9928346e+000
  4.8543076e+000  2.3790714e+000
  9.3916853e+000  5.1299613e+000
  1.6222047e+000  6.0888144e+000
  5.9469936e+000  3.3646729e+000
  7.4289625e+000  4.1368733e+000
  3.1595440e+000  1.0217776e+001
  4.3018757e+000  7.9764962e+000
  2.3795643e+000  4.4031814e+000
  7.2636161e+000  4.3725230e+000
  3.3938511e+000  4.2526888e+000
  6.4223629e+000  2.8378607e+000
  3.1630836e+000  4.3286687e+000
  4.2013935e+000  2.8541999e+000
  2.8474019e+000  4.7552329e+000
  4.9463977e+000  4.4748013e+000
  2.5640106e+000  6.8211838e+000
  5.8354789e+000  2.6383403e+000
  8.4773553e+000  2.3887829e+000
  4.3836289e+000  4.6931274e+000
  3.0412081e+000  4.7636800e+000
  9.2083462e+000  9.1911214e+000
  3.4050878e+000  4.1732951e+000
  4.3232146e+000  9.0249517e+000
  2.5706481e+000  1.2192612e+000
  6.6805407e+000  3.9528035e+000
  7.8155747e+000  6.8509717e+000
  1.3481573e+000  6.4499794e+000
  9.8935177e+000  2.2881800e+000
  4.7164515e+000  8.3675506e+000
  5.7217664e+000  7.0568827e+000
  3.4861538e+000  3.6447720e+000
  6.1595011e+000  2.2304307e+000
  7.4944661e+000  9.1746317e+000
  2.1706310e+000  6.4463983e+000
  3.2421905e+000  8.4007571e+000
  2.7143496e+000  6.7976503e+000
  3.8049519e+000  2.4849971e+000
  2.9788678e+000  7.8842155e+000
  9.9414712e+000  9.1741488e+000
  3.8506107e+000  7.2536300e+000
  1.7024270e+000  4.1556381e+000
  7.1308020e+000  4.1384844e+000
  6.5980428e+000  3.0386801e+000
  4.5378700e+000  4.3811718e+000
 -6.5854086e-001  4.8288253e+000
  6.3601163e+000  3.2687553e+000
  7.0836890e+000  2.4406833e+000
  7.3373659e+000  6.0058737e+000
  7.1909312e+000  6.8345462e+000
  5.6252599e+000  7.1846745e+000
  9.0121609e+000  4.3095579e+000
  9.0654746e+000  8.6689553e+000
  4.8609088e+000  3.2911704e+000
  3.7596112e+000  7.4895458e+000
  3.2215348e+000  3.7806200e+000
  6.8917156e+000  4.0963586e+000
  3.2280196e+000  9.5991106e+000
  3.3520778e+000  4.8637410e+000
  6.1587931e+000  3.4973206e+000
  7.5510646e+000  4.6660002e+000
  4.5988455e+000  5.4338481e+000
  9.7748425e+000  2.0211322e+000
  6.0481891e+000  5.0094794e+000
  6.1914303e+000  4.1018980e+000
  6.9550911e+000  2.3423814e+000
  7.0620857e+000  3.6733782e+000
  7.2243993e+000  1.0163398e+000
  4.5103888e+000  8.4158999e-001
  6.5844328e+000  1.3833795e+000
  1.0185571e+001  7.8301213e+000
  3.0964450e+000  4.4588865e+000
  6.1939409e+000  3.0134535e+000
  5.6560205e+000  3.0708026e+000
  1.0085021e+001  6.5567949e+000
  5.7790760e+000  3.0236657e+000
  1.8573674e+000  4.9189039e+000
  6.8112819e+000  4.5619810e+000
  6.0885905e+000  6.6723347e+000
  1.7808064e+000  1.9374510e+000
  5.5456655e+000  9.7636085e+000
  7.2808555e+000 -1.0048599e+000
  1.3958275e+000  3.4072103e+000
  1.6236398e+000  8.1561662e+000
  3.2363044e+000  9.0874547e+000
  5.7176441e+000  6.0229397e+000
  5.8969041e+000  3.0958152e+000
  7.6807042e+000  5.7545314e+000
  7.7072037e+000  6.8026356e+000
  6.1787575e+000  4.5165307e+000
  6.5241584e+000  6.0551721e+000
  2.6476500e+000  4.7527243e+000
  3.5775714e+000  5.0961206e+000
  5.8239128e+000  2.3554625e+000
  6.6703886e+000  7.9386472e+000
  7.1890150e+000  7.0040014e+000
  5.0222048e+000  3.6752613e+000
  4.4824639e+000  4.5151552e+000
  4.9712681e+000  2.8203994e+000
  5.6898818e+000  4.7358730e+000
  4.5768990e+000  2.3528522e+000
  4.4716411e+000  6.4399693e+000
  5.2756627e+000  3.6016128e+000
  4.3235489e+000  7.9307572e+000
  1.2577006e+000  6.2436170e+000
  2.9992220e+000  5.1660846e+000
  6.0580867e+000  2.4591241e+000
  2.4793707e+000  2.2222640e+000
  2.0817789e+000  7.6011040e+000
  4.5126323e+000  6.2342442e+000
  1.0517201e+001  4.7745005e+000
  3.5932191e+000  8.3513478e+000
  3.9636755e+000  7.4750488e+000
  3.3706121e+000  6.2935220e+000
  5.7283182e+000  3.9455630e+000
  3.1062279e+000  7.7780767e+000
  3.4244825e+000  1.4114269e+000
  5.1790870e+000  6.0894397e+000
  4.7297348e+000  9.3143138e+000
  6.7154823e+000  3.3525830e+000
  5.4696666e+000  5.1145688e+000
  4.6703814e+000  6.6791388e+000
  2.9834923e+000  3.3824448e+000
  4.5198439e+000  4.9425903e+000
  3.5850108e+000  4.0057727e+000
  4.0795461e+000  8.2088429e+000
  4.2950621e+000  8.0747935e+000
  1.7317595e+000  3.3640023e+000
  2.6842463e+000  1.7018934e+000
  2.8092611e+000  5.0168495e+000
  6.3717729e+000  3.1943760e+000
  8.0893681e+000  7.9505137e+000
  6.0486067e+000  6.9208520e+000
  6.1448019e+000  6.4454204e-001
  4.6799124e+000  4.2562258e+000
  2.3507012e+000  2.5845074e+000
  3.5214406e+000  8.0788863e+000
  8.9246660e+000  4.3557409e+000
  3.3441901e+000  7.9597814e+000
  1.5157357e+000  5.6628059e+000
  5.8053787e+000  2.4157102e+000
  2.7568483e+000  5.0258680e+000
  1.4209757e+000  6.3628695e+000
  7.7040550e+000 -3.7551122e-001
  3.9443721e+000  8.4968139e+000
  3.8974865e+000  7.2566552e+000
  4.0063095e+000  2.0239794e+000
  1.0258607e+001  3.3429668e+000
  3.4772829e+000  3.7694294e+000
  6.1789700e+000  3.9049296e+000
  6.1952787e+000  4.1957830e+000
  2.5151571e+000  4.1379669e+000
  3.2643244e+000  6.5425435e+000
  3.4293977e+000  4.5750699e+000
  3.7382491e+000  3.6493696e+000
  6.6281088e+000  3.1212907e+000
  3.8172774e+000  2.0222302e+000
  3.9710052e+000  2.6377673e+000
  6.3175827e+000  4.8168380e+000
  6.6841288e+000  4.3495144e+000
  6.4372390e+000  6.7400058e+000
  6.9515513e+000  5.4549536e-001
  2.3499342e+000  9.4336938e+000
  5.9586912e+000  3.1506552e+000
  4.4475381e+000  4.2630657e+000
  8.9170541e+000  3.8661104e+000
  8.5159704e+000  4.3244452e+000
  6.4021804e+000  2.2865562e+000
  3.5505362e+000  7.7923077e+000
  1.6280162e+000  7.3736633e+000
 -3.9091782e-001  6.2118032e+000
  6.1219765e+000  6.6355350e+000
  5.6518543e+000  2.8246635e+000
  5.1499510e+000  3.8884032e+000
  5.2782009e+000 -9.5404189e-001
  5.9212804e+000  3.3034411e+000
  8.0709806e+000  8.1700197e+000
  5.7250292e+000  6.8569286e+000
  8.3399368e+000  5.7217840e+000
  3.9951813e+000  2.9344384e+000
  5.5025553e+000  2.5459686e+000
  1.7827353e+000  6.2198092e+000
  2.2694275e+000  8.6938653e+000
  5.1940808e+000  5.2259036e+000
  9.4066828e+000  1.9400892e+000
  5.9041510e+000  2.3745451e+000
  3.9235390e+000  7.7704765e+000
  6.7825410e+000 -7.0046720e-001
  7.5951635e+000  6.9855255e+000
  4.8769023e+000  2.4738552e+000
  2.8156583e+000  4.0900961e+000
  3.9085647e+000  4.8029276e+000
  1.2582205e+000  6.0227296e+000
  6.8002963e+000  4.4952676e+000
  3.1419080e+000  1.1354392e+000
  5.7749491e+000  3.1362248e+000
  8.8082089e-001  6.7453755e+000
  5.4048492e+000  9.1504601e-001
  5.7129544e+000  2.3484776e+000
  5.1328687e+000  5.5436549e+000
  6.4810571e+000  2.5352562e+000
  6.0615986e+000  3.4572907e+000
  1.3567124e+000  7.1191092e-001
  5.9126121e+000  3.5829957e+000
  8.8353913e+000  2.4564755e+000
  1.0119035e+001  3.9374606e+000
  6.7595178e+000  5.2905100e+000
  8.7094963e+000  3.8373203e+000
  8.7168244e+000  5.9221387e+000
  2.7116583e+000  2.9406285e+000
  9.1809271e+000  5.5246690e+000
  1.0979633e+001  8.8752080e+000
  8.4158436e+000  6.9819733e+000
  5.8595624e+000  2.4568522e+000
  6.6903570e+000  3.4001352e+000
  2.7247269e+000  3.5185508e+000
  5.3348743e+000  3.4570134e+000
  3.9573257e+000  2.6048059e+000
  3.7606929e+000  7.5279534e+000
  8.5507807e+000  9.4452258e+000
  1.4472928e+000  7.9450463e+000
  6.6855471e+000  4.3573909e+000
  3.7968947e+000  2.6607259e+000
  8.6173329e+000  1.1154317e+001
  2.2501044e+000  4.4235855e+000
  7.5477626e+000  2.9925423e+000
  4.6043492e+000  6.8807010e+000
  2.5574944e+000  7.8657186e+000
  6.8960275e-001  3.6133322e+000
  2.2948657e+000  6.9282906e+000
  8.2958323e+000  6.1752081e+000
  1.1202495e+000  5.7981585e+000
  2.7728954e+000  8.2953001e+000
  5.6327987e-001  9.7860835e+000
  3.8000745e+000  4.5321235e+000
  7.9307461e+000  9.0304123e+000
  4.4933522e-002  6.8308244e+000
  6.5147329e+000  3.7762880e+000
  2.4600922e+000  7.4030330e+000
  2.1688034e+000  6.9629544e+000
  5.8407367e+000  3.2831138e+000
  5.8179637e+000  2.4504865e+000
  3.4318446e+000  4.8765789e+000
  3.6238049e+000  3.5596635e+000
  1.8572928e+000  7.0663740e+000
  1.1556671e+000  7.5533661e+000
  4.1080997e+000  3.5104533e+000
  5.8351787e+000  3.1091661e+000
  1.0335121e+001  5.1168196e+000
  5.8516980e+000  6.7284355e+000
  1.0237874e+001  6.2839506e+000
  6.2114193e+000  3.1963748e+000
  7.5061131e+000  1.0778189e+001
  3.3189228e+000  4.2346943e+000
  6.3576502e+000 -1.5517525e+000
  2.8012785e+000  5.8268025e+000
  6.2016610e+000  4.8195778e+000
  1.0144116e+001  1.7856118e+000
  8.9451845e+000  8.4130052e+000
  3.4421932e+000  1.3841170e+000
  6.4025692e+000  4.9966714e+000
  4.0820385e+000  4.3414288e+000
  3.6107817e+000  1.0662979e+000
  4.1697778e+000  4.4555605e+000
  4.2623967e+000  4.5064675e+000
  2.6759256e+000  5.8597964e+000
  5.3544913e+000  7.3841350e+000
  7.2695810e+000  3.7984082e+000
  5.9362333e+000  7.4449133e+000
  5.6359180e-002  8.5799915e+000
  6.7203457e+000  3.1331940e+000
  2.9773557e+000  4.5885427e+000
  3.3266891e+000  7.1277765e+000
  7.1526376e+000  6.1408456e+000
  9.5826605e-001  6.3432085e+000
  1.0053187e+001  4.6603442e+000
  2.8719764e+000  4.5194414e+000
  2.8375296e+000  3.5808947e+000
  5.7553561e+000  4.7627625e+000
  3.8810873e+000  6.8502636e+000
  4.0320149e+000  6.6530278e+000
  6.6886536e+000  3.7252768e+000
  4.7036667e+000  8.7478601e-001
  5.5019369e+000  4.4303627e+000
  4.1375514e+000  8.6372393e+000
  7.8480050e+000  4.6037795e+000
  4.5176070e+000 -2.8281614e-001
  5.6829127e+000  3.8015233e+000
  5.5378153e+000  6.6255998e+000
  5.7536497e+000  2.8650962e+000
  4.3183789e+000  6.2944770e+000
  7.5036456e+000  6.9182576e+000
  6.0888949e+000  2.6554051e+000
  5.1391578e+000  5.0305876e+000
  2.9267481e+000  7.7578127e+000
  2.7973063e+000  4.0203889e+000
  2.5917131e+000  3.5816666e+000
  5.5574812e+000  3.2890897e+000
  1.0863208e+000  7.7929852e+000
  2.4762663e+000  4.1101483e+000
  6.0350917e+000  6.3565005e+000
  7.4952163e+000  8.1330813e+000
  6.0250284e+000  3.6034401e+000
  8.1131950e+000  6.5131109e+000
  9.3493451e+000  8.3619472e+000
  3.3105643e+000  4.5407196e+000
  6.3547765e+000  3.7119526e+000
  7.5655144e+000  2.3310124e+000
  7.9589133e+000  3.5942506e+000
  7.8248693e+000  3.3807811e+000
  6.9644519e+000  6.6371160e+000
  4.9821786e+000  7.3119039e+000
  6.2422159e+000  3.6545402e+000
  4.1759214e+000  3.3569661e+000
  6.5793857e+000  6.7678244e-001
  1.3391659e+000  3.1469302e+000
  5.3323152e+000  2.5140298e+000
  2.9535517e+000  4.0408858e+000
  5.5294784e-001  3.0033839e+000
  7.9979766e+000  7.7283351e+000
  6.3179519e+000  8.7384962e+000
  6.0500284e+000  4.1813974e+000
  6.1577813e+000  3.7348000e+000
  4.3726882e+000  3.6226843e+000
  3.0984015e+000  4.5831575e+000
  7.2409014e+000  3.7378368e+000
  4.7508227e+000  1.8673443e+000
  6.4486374e+000  7.4435137e+000
  3.7584727e+000  8.7506035e+000
  1.7661301e+000  2.8955266e+000
  6.8988242e+000  2.3343271e+000
  8.9986058e+000  2.6627789e+000
  1.6912197e+000  2.4774061e+000
  3.4305553e+000  2.2143996e+000
  6.6244762e+000  1.0204779e+001
  1.5752333e+000  5.6787094e+000
  2.2752214e+000  8.7400964e+000
  5.1564383e+000 -2.4978344e+000
  4.0306905e+000  7.4531912e+000
  4.8451082e+000  2.1404016e+000
  5.4768300e+000  3.8712898e+000
  3.8730663e+000  1.2388275e+000
  4.0667155e+000  2.0553184e+000
  3.5790983e+000  7.6139187e+000
  3.7059122e+000  7.7780236e+000
  5.9013654e+000  7.1680107e+000
  2.8553223e+000  7.6836729e+000
  3.5799824e+000  8.6353924e+000
  5.3748856e+000  5.3973759e-001
  5.3143968e+000  7.3755697e+000
  2.8445652e+000  4.2795551e+000
  4.4278476e+000  9.8052182e+000
  2.1616695e+000  3.9584720e+000
  6.7453624e+000  4.8275031e+000
  6.6905378e+000  5.1350738e+000
  9.9945477e+000  5.8120193e+000
  8.9620712e+000  2.2780946e+000
  9.7298300e+000  4.8666368e+000
  7.1612390e+000  3.9920610e+000
 -1.0520255e+000  4.6263365e+000
  2.3145520e+000  4.3796092e+000
  5.6586290e+000  6.3984220e+000
  3.8323698e+000  7.8580075e+000
  6.3196256e+000  3.1333802e+000
  4.4752298e+000  7.5239580e+000
  5.6818483e+000  6.6480388e+000
  9.9185663e+000  3.3601942e+000
  4.6002562e+000  7.5688689e+000
  1.2625177e+000  5.0416438e+000
  7.6951836e+000  9.9585941e+000
  4.2729538e+000  4.0869015e+000
  2.1040102e+000  6.7513461e+000
  8.4974999e+000  1.0579955e+001
  3.8870659e+000  3.7841347e+000
  6.5612733e+000  1.0933140e+001
  2.1055170e+000  6.9047460e+000
  4.1103651e+000  7.8251596e+000
  7.5168698e+000  6.5710889e+000
  6.5785355e+000  3.2498413e+000
  9.2950455e+000  3.8836939e+000
  2.7499500e+000  4.2745650e+000
  9.0434304e-001  6.4072152e+000
  4.7880636e+000  6.8893342e+000
  6.7320415e+000  8.1066258e+000
  1.8517495e+000  4.8078679e+000
  2.8561034e+000  3.8960497e+000
  6.5385970e+000  7.8376823e+000
  3.3682375e+000  3.0298247e+000
  2.0459614e-001  2.7074776e+000
  8.6752524e+000  7.1506020e+000
  5.2339596e+000  5.7885987e+000
  5.7957636e+000  3.9767608e+000
  1.8523556e+000  4.5470876e+000
  2.8708661e+000  1.3341022e+000
  6.1102720e+000  2.9213446e+000
  2.7336596e+000  4.5901252e+000
  3.7327105e+000  4.3398103e+000
  6.5786770e+000  3.1762437e+000
  7.0559281e+000  1.1610166e+000
  1.6791786e+000  8.1552322e+000
  7.5586479e+000  7.3884700e+000
  6.1900314e+000  4.5437790e+000
  9.2530633e+000  7.7314831e+000
  4.1046551e+000  9.4173062e+000
  5.9232266e+000  2.9796829e+000
  2.7548083e+000  4.0975734e+000
  5.9902553e+000  6.6713565e+000
  3.7173303e+000  8.1099672e+000
  3.3492822e+000  3.6017478e+000
  1.0959470e+001  1.9285979e+000
  2.3604527e+000  4.6233820e+000
 -4.7550843e-001  3.5430771e+000
  3.2849770e+000  3.6487178e+000
  3.9141250e+000  1.4403575e+000
  2.6513179e+000  4.4740060e+000
  1.2830714e-001  1.3310880e+000
  2.4199991e+000  1.1251222e+000
  1.0051623e+000  2.8576796e+000
  6.3123043e+000  3.2114044e+000
 -5.1552785e-001  3.2994077e+000
  6.0316855e+000  3.4345817e+000
  6.6530350e+000  5.3681416e+000
  5.3582495e+000  3.0792419e+000
  2.3318643e+000  4.8347560e+000
  3.0364411e+000  4.1960819e+000
  6.0898578e+000  7.1426110e+000
  3.6810266e+000  3.6417624e+000
  9.0862047e+000  4.8641882e+000
  9.4158022e+000  4.2002838e+000
  6.2639718e+000  6.8838322e+000
  3.6864562e+000  4.3763908e+000
  2.9690597e+000  3.8775772e+000
  8.3128465e+000  4.1123022e+000
  9.2560415e+000  1.0002553e+001
  1.4920234e+000  6.9029349e+000
  2.2909522e+000  5.2687880e+000
  3.7553990e+000  4.6852420e+000
  7.1540615e+000  8.8453067e+000
  3.6172499e+000  4.3172934e+000
  4.8814874e+000  7.1046226e+000
  3.2743754e+000  4.0601817e+000
  1.4172333e+000  6.0654099e+000
  7.1629367e+000  5.0372907e+000
  5.7276794e+000  3.3846776e+000
  1.0706416e+001  1.9748235e+000
  3.3093624e+000  1.3359777e+000
  8.0448439e+000  1.0649682e+001
  1.6158205e+000  8.0119548e+000
  4.6605513e+000  1.0686201e+000
  5.9888128e+000  2.3663658e+000
  2.3958160e+000  7.4586130e+000
  6.6883375e-001  3.6934229e+000
  5.5065429e+000  1.8477486e+000
  5.7156619e+000  3.2775200e+000
  1.1022962e+001  7.1064418e+000
  1.5350531e+000  3.2692228e+000
  5.8654040e+000  7.6021503e+000
  6.2077004e+000  4.3222167e+000
  2.2067456e+000  4.6841845e+000
  4.0594141e+000  4.3786173e+000
  5.9991850e+000  5.6858468e+000
  6.8869025e+000  3.6622544e+000
  9.5499184e+000  1.0280797e+001
  1.3841400e+000  6.8115386e+000
  1.3697443e+000  7.2160721e+000
  6.4071968e+000  5.9961600e+000
  5.2322362e+000  4.2716866e+000
  1.5303241e+000  7.9055574e+000
  2.3206763e+000  5.4378063e+000
  6.0584325e+000  8.2248150e+000
  5.6121064e+000 -1.0383662e+000
  7.8016718e+000  6.0861944e+000
  1.1221360e+001  2.9464655e+000
  3.8547811e+000  5.9808154e+000
  8.3167605e+000  2.7052621e+000
  3.3886247e+000  8.0839408e+000
  5.4104497e+000  2.0682838e+000
  4.5724392e+000  8.2578313e+000
  5.0644135e+000  1.4544275e+000
  1.0230899e+001 -2.0535439e-001
  6.1658141e+000  5.2837065e+000
  4.5320025e+000  4.3098553e+000
  1.1864058e+000  3.4261462e+000
  5.8445741e+000  3.9653876e+000
  5.7557186e+000  1.7550644e+000
  5.9662398e+000  7.2676711e+000
 -9.1578116e-001  4.9269541e+000
  3.8016129e+000  9.0639425e+000
  6.0623379e-001  2.7082692e+000
  2.6864072e+000  8.1483980e+000
  3.9908033e+000  7.2606835e+000
  3.4591457e+000  3.9055372e+000
  5.5630256e+000  7.9839521e+000
  5.8147813e+000  4.1783045e+000
  2.1646779e+000  7.0445535e+000
  8.9292536e+000  4.7860885e+000
  3.7348154e+000  2.1626302e+000
  2.0346064e+000  4.1106811e+000
  2.8397374e+000  1.3032288e+000
  6.4209880e+000  6.8635933e+000
  4.8662021e+000  7.4164940e+000
  4.1664601e+000  7.0533596e+000
  7.6210148e+000  1.1229768e+001
  7.7376277e+000  6.4320046e+000
  5.8278301e+000  3.4316344e+000
  5.3726919e+000  2.3356393e+000
  6.1403861e+000  8.8400849e-001
  2.5172373e+000  1.9305396e+000
  2.6846839e+000  1.8389278e+000
  2.7774135e+000  4.5899730e+000
  1.0616588e+001  4.0646823e+000
  4.5612014e+000  7.4534492e+000
  5.4615471e+000  6.2491354e+000
  2.4502980e+000  7.5171439e+000
  2.1129467e+000  6.0892562e+000
  9.7199854e+000  6.5847635e+000
  2.0501046e+000  1.6087135e+000
  4.0223327e+000  8.1994789e+000
  5.6951469e+000  1.7894171e+000
  3.0096573e+000  5.4609351e+000
  5.9169350e+000  6.7316081e+000
  5.5014720e+000  1.3596970e+000
  7.3936343e+000  7.1449287e+000
  6.0833201e+000  2.2213264e+000
  2.6794316e+000  4.6736832e+000
  6.2497920e+000  3.8340388e+000
  6.7216333e+000  7.1624782e+000
  2.5735344e+000  5.1530668e+000
  5.3360174e+000  3.9822120e+000
  2.9159764e+000  4.7074999e+000
  1.1049082e-001  7.4924777e+000
  4.9058201e+000  3.4199839e-001
  4.1893530e+000  3.6935655e+000
  1.1297737e+000  7.5605429e+000
  2.9522533e+000  3.9442486e+000
  9.1751771e-001  6.8343258e+000
  3.4823267e+000  4.5890297e+000
  3.2326937e+000  4.9995549e+000
  6.6284602e+000  7.4409295e-001
  5.6194744e+000  3.8122021e+000
  5.3756255e+000  3.1890587e+000
  6.1891570e+000  9.3585289e+000
  3.4924625e+000  4.1124594e+000
  5.6057592e-001  7.3631089e+000
  2.7531332e+000  4.7211083e+000
  6.3724608e+000  4.5385234e+000
  8.6881332e+000 -2.4978409e-001
  5.7529090e+000  3.0966268e+000
  4.1831652e+000  8.7122480e+000
  6.3320440e+000  5.1337285e+000
  5.8442659e+000  4.0791777e+000
  1.5791587e+000  6.4021436e+000
  5.8309387e+000  1.5174393e+000
  7.6936696e+000  8.3606832e+000
  9.7800376e+000  5.5640074e+000
  2.7792573e+000  5.1794595e+000
  5.6504025e+000  3.3700989e+000
  3.0466376e+000  3.7376157e+000
  4.9995936e+000  1.0121834e+001
  2.7100465e+000  6.8063382e+000
  7.9415582e+000  7.1085632e+000
 -9.2128420e-001  1.0175141e+001
  7.8703853e+000  6.6520071e+000
  3.1683262e+000  7.0905880e+000
  4.8338181e-001  2.4967366e+000
  2.1459776e+000  8.1934755e+000
  6.0863207e+000  6.4455757e+000
  7.6148976e+000  3.0302647e+000
  3.7483592e+000  4.6695825e+000
  6.2268813e+000  3.2857002e+000
  2.4007975e+000  4.4502085e+000
  6.0540862e+000  5.1485116e+000
  3.0168269e+000  4.8936942e+000
  1.9213500e+000  7.1350376e+000
  1.0595981e+001  3.8785637e+000
 -6.3954262e-001  1.7603358e+000
  3.3544425e+000  3.4919319e+000
  5.1884446e+000  1.8517122e+000
  9.2072427e+000  4.1014723e+000
  3.9314256e+000  8.7761670e+000
  5.2409590e+000  5.1471231e+000
  3.6196396e+000  4.9422407e+000
  4.5845606e+000  1.4475082e+000
  5.9838788e+000  4.7294657e+000
  5.6975092e+000  8.5022632e+000
  5.7630494e+000  2.4800283e+000
  9.7444123e+000  5.5512173e+000
  4.3018522e+000  4.9172504e+000
  2.8863609e+000  4.7621180e+000
  6.5570019e+000  6.7066003e+000
  5.2397167e+000  4.7031219e+000
  1.3493031e+000  6.3030138e+000
  4.2830152e+000  8.3069819e+000
  5.9103414e+000  1.5521021e+000
  3.9646817e+000  2.6574696e+000
  8.6770063e+000  6.6672007e+000
 -3.2081773e-001  3.8215347e+000
  2.6757014e+000  4.6187221e+000
  3.1132737e+000  2.7823448e+000
  8.9406119e+000  3.1460492e+000
  2.8456721e+000  6.3565388e+000
  4.1547945e+000  2.3372658e+000
  5.8482181e+000  6.3703676e+000
  5.6381560e+000  5.0438870e+000
  5.9996474e+000  3.2882974e+000
  5.2609693e+000  3.0411228e+000
  8.4185411e+000  3.7678515e+000
  3.8593504e+000  5.1174620e+000
  7.7028207e+000  7.4397945e+000
  1.0516440e+001  7.8927937e+000
  6.0708517e+000  3.4866822e+000
  6.9475103e+000  7.9489254e+000
  6.1356869e+000  7.0260472e+000
  5.0519598e+000  1.9036327e+000
  4.6572305e+000  5.7348430e+000
  8.1451156e+000  2.2652900e+000
  9.0513942e-001  6.8342012e+000
  5.8469376e+000  3.2520832e+000
  3.8495035e+000  4.8468922e+000
  1.6163539e+000  4.8304271e+000
  1.0968463e+001  4.0552207e+000
  6.0188435e+000 -6.2934399e-001
  6.9604832e+000  7.1924510e+000
  3.4315232e+000  9.1666779e+000
  9.7766669e+000  2.3338547e+000
  3.4703503e+000  3.3183967e+000
  5.8971063e+000  8.6853807e+000
  5.8089969e+000  4.2592998e+000
  6.5020118e+000  4.3217659e+000
  5.7140992e+000  2.5803219e+000
  5.2637797e+000  9.2704412e+000
  2.7566059e+000  8.2860695e+000
  6.5592547e+000  6.9207901e+000
  1.5958656e+000 -3.2868550e-001
  7.3876718e-001  6.5314856e+000
  2.2100047e+000  5.8580524e+000
  2.7555533e+000  7.0636000e+000
  4.3255242e+000  3.0465258e+000
  8.2617657e-001  6.9542851e+000
  6.3132157e+000  3.5783454e+000
  3.9430191e+000  8.8563065e+000
  5.5866794e+000  3.9348693e+000
  7.1582697e+000  6.0659361e+000
  5.0941421e+000  7.3710695e+000
  7.0745391e+000  3.9570416e+000
  4.7749218e+000  5.7251164e-001
  3.7975011e+000  4.3373531e+000
  9.7844167e+000  1.8684528e+000
  5.5806752e+000  4.0474253e+000
  3.0602196e+000  4.8408813e+000
  7.8006188e+000  5.5358069e-001
  3.3443871e+000  3.8754940e+000
  3.5253219e+000  5.8795095e+000
  6.0541237e+000  2.5207571e+000
  7.4739608e+000  4.5055255e+000
  2.5705941e+000  7.1245049e+000
  5.3378862e+000  7.7412456e+000
  5.8406800e+000  3.9128906e+000
  4.4180723e+000  9.4450548e+000
  2.7130436e+000  6.5788518e+000
  6.7473918e+000  3.2355991e+000
  1.4191618e+000  8.1781745e+000
  5.7636338e+000  5.7242954e+000
  8.0065770e+000  8.7922656e+000
  2.4950404e+000  4.5884779e+000
  4.0979441e+000  8.1065940e+000
  9.3121125e+000  4.1956990e+000
  1.2344409e+000  6.5918791e+000
  3.4112080e+000  4.7048315e+000
  3.8084939e+000  3.8778754e+000
  3.8042422e+000  2.4597362e+000
  5.6052195e+000  3.2375323e+000
  7.1929291e+000  2.5869249e+000
  8.7071449e+000  1.3493405e+000
  6.3021038e+000  6.1284396e+000
  3.8834098e-001  6.7663789e+000
  6.2220373e+000  7.0176651e+000
  5.2878862e+000  7.8502534e+000
  5.7405069e+000  2.1340688e+000
  7.5196380e+000  2.7158734e+000
  9.4313435e+000  8.4596637e+000
  7.8561682e+000  6.9594660e+000
  2.4046385e+000  7.1470014e+000
  1.9715760e+000  6.0654395e+000
  5.5625911e+000  3.5291580e+000
  5.1384441e+000  6.8435943e+000
  6.3291091e+000  5.2129756e+000
  6.5660649e+000  6.6761528e+000
  2.5400714e+000  9.1768713e+000
  3.4720630e+000  3.5786497e+000
  9.8812104e+000  9.0906291e+000
  2.8877813e+000  5.5605084e+000
  9.4306420e+000  1.0184471e+001
  1.0428210e+001  4.3527279e+000
  7.0584484e+000  3.7292513e+000
  6.7756222e+000  3.5954036e+000
  1.0900415e+001  6.9959817e+000
  6.9415063e+000  1.7903042e+000
  6.5735737e+000  7.1356484e+000
  8.2482559e+000  1.4580858e+000
  4.6443708e+000  4.4454089e+000
  7.6485306e+000  8.5320770e+000
  6.8112564e+000  6.9583163e+000
  1.0445735e+001  4.4042971e+000
  6.1658169e+000  2.4465956e+000
  5.0690859e+000  3.3771273e+000
  1.1040040e+001  5.2986648e+000
  1.0056023e+001  5.1635285e+000
  4.9578537e+000  8.9913539e+000
  1.7877802e+000  6.0294725e+000
  6.2958012e+000  3.5636392e+000
  2.9537741e+000  4.1532987e+000
  7.9917906e+000  6.9190794e+000
  6.5977152e+000  3.3990441e+000
  1.7476091e+000  4.6322355e+000
  5.7361334e+000  1.5679999e+000
  2.8537877e+000  3.6708841e+000
  4.6216066e+000  4.4753918e+000
  6.4225080e+000 -6.3822970e-001
  3.6601284e+000  8.3526419e+000
  8.9288962e+000  2.3915125e+000
  5.9754465e+000  7.3167096e+000
  3.5295980e+000  7.0677345e+000
  5.0307092e+000  3.0481587e+000
  5.7458561e+000  4.4027070e+000
  6.5074277e+000  3.3975195e+000
  8.4360867e+000  4.7963249e+000
  7.6131064e+000  1.0559161e+001
  4.3148214e+000  3.0852475e+000
  6.3210083e+000  6.9176355e+000
  3.1022246e+000  1.9609902e+000
  6.4730324e+000  3.6627439e+000
  2.7577223e+000  4.1235933e+000
  2.5048394e+000  7.1893134e+000
  4.5441118e+000  1.8720191e+000
  2.6784422e+000  3.9366344e+000
  3.4004314e+000  7.3239559e+000
  5.0603578e+000  3.8183121e+000
  3.5341650e+000  7.4382724e+000
  3.7150427e+000  4.4041017e+000
  1.6224481e+000  7.7981933e+000
  1.2655993e+000  6.3134226e+000
  2.9350435e+000  4.4712051e+000
  4.4260236e+000  6.6124824e+000
  2.8900296e+000  1.1006204e+001
  7.1839032e+000  3.6419751e+000
  4.0188395e+000  5.5485076e+000
  1.9007721e+000  3.1075539e+000
  6.8058366e+000  6.2569273e+000
  5.4103536e+000  5.9336621e+000
  1.8028845e+000  9.1982175e+000
  7.1909939e+000  4.4553543e+000
  1.0272295e+001  3.4079783e+000
  2.3979754e+000  2.2864520e+000
  3.1417088e+000  4.4489031e+000
  9.2468112e+000  5.3983413e+000
  4.4853095e+000  4.0753681e+000
  7.4929777e+000  6.9519630e+000
  3.0092999e+000  1.4456535e+000
  6.8153302e+000  4.5435693e+000
  3.5143728e+000  3.7681456e+000
  3.3103419e+000  2.7329319e+000
  6.2137555e+000 -1.0924550e+000
  2.7883971e+000  2.6060906e+000
  4.3571416e+000  3.3453373e+000
  3.5091127e+000  5.0430696e+000
  6.8260242e+000  4.2725316e+000
  4.2263485e+000  6.5680301e+000
  2.5601910e+000  4.9114474e+000
  5.9061750e+000  1.5442779e+000
 -1.0550630e+000  3.9828333e+000
  5.5181770e+000  6.6912134e+000
  3.3036898e+000  4.4656216e+000
  6.3437651e+000  6.4285515e+000
  2.9653715e+000  8.0125923e+000
  7.2576135e+000  2.4966276e+000
  5.1377681e+000  7.2029809e+000
  6.8414402e+000 -3.8454217e-001
  4.1617260e+000  2.4591240e+000
  8.5856026e+000  3.6842284e+000
  6.0374224e+000  5.0690176e+000
  7.3926426e+000  5.1826406e+000
  3.1268622e+000  4.2633922e+000
  2.1305915e+000  6.6996298e+000
  6.0919999e+000  7.6278623e+000
  7.2058783e+000 -3.5827902e-002
  3.3868687e+000  9.4446147e+000
  2.4472798e+000  5.8135812e+000
  6.0592339e+000  2.7140187e+000
  6.9834885e+000  6.7244118e+000
  3.1401454e+000  7.1402933e+000
  5.5905007e+000  2.4821604e+000
  1.5347144e+000  7.4696434e+000
  1.0306598e+001  3.8858408e+000
  6.4195707e+000  6.9875190e+000
  5.4001532e+000  2.6045399e+000
  9.5112799e+000  5.7603097e+000
  9.9721694e+000  2.7861993e+000
  6.7497783e+000  5.0817943e-001
  2.2010026e+000  2.8272658e-001
  6.0891027e+000  6.4963087e+000
  9.3647774e+000 -3.0166345e-001
  9.8693872e+000  5.3419562e+000
  1.2676900e+000  3.1684202e+000
  9.5331321e+000  2.1436718e+000
  5.2823003e+000  2.1465756e+000
  6.8473711e+000  2.1462780e+000
  5.1919728e+000  1.7392093e+000
  6.7062551e+000  4.6637067e-001
  3.4602099e+000  1.8926444e+000
  3.7026942e+000  4.6067018e+000
  3.4002011e+000  3.9541658e+000
  8.6111038e+000  5.7377244e+000
  4.0145990e+000  9.4772472e+000
  6.0493106e+000  6.0354137e+000
  3.1341715e+000  1.1343866e+000
  9.6901951e+000  8.4377873e+000
  1.2491722e+000  7.0048322e+000
  7.6012968e+000  9.1098369e+000
  7.3709930e+000  1.0741460e+001
  3.8576169e+000  9.9058903e+000
  1.0564916e+001  1.9933300e+000
  6.1115857e+000  5.3035193e+000
  7.6428113e+000  9.7356582e+000
  6.5611141e+000  3.3592099e+000
  7.6094519e+000  7.5591758e+000
  3.4617534e+000  9.3154392e+000
  6.7280050e+000  3.5664230e+000
  6.5019876e+000  7.4159791e+000
  7.8766270e+000  5.2028475e-001
  1.0528957e+001  6.3988650e+000
  5.6971392e+000  7.3045572e+000
  4.2951415e+000  7.9271832e+000
  5.8580545e+000  4.2584197e+000
  3.5300191e+000  1.3072821e+000
  2.4121497e+000  4.0064887e+000
  4.1220770e+000  7.9701850e+000
  6.2743499e+000  3.5512722e+000
  5.8571402e+000  5.6568715e+000
  3.5484373e+000  4.3419036e+000
  4.0725376e+000  7.1937165e+000
  4.5284162e+000  6.4342641e+000
  1.5308550e+000  5.2582670e+000
  7.7069344e+000  5.9375280e+000
  2.4115605e+000  7.4482331e+000
  5.1140554e+000  7.7798643e+000
  6.5538012e+000  1.1140877e+001
  2.4436913e+000  7.0635753e+000
 -1.0738084e+000  4.5161825e+000
  5.2318014e+000  2.8419409e+000
  2.1581966e+000  6.8215556e+000
  5.8947679e+000  4.2397275e+000
  2.4987260e+000  4.3792202e+000
  5.6092685e+000  6.1228803e+000
  2.0785098e+000  7.2558881e+000
  4.5395831e+000  7.2960973e+000
  4.3485487e+000  3.8798927e+000
  1.7506277e+000  7.7177446e+000
  6.4836950e+000  3.2993139e+000
  3.4125912e-001  6.3469665e+000
  9.3422094e+000  5.9671019e+000
  5.6047937e+000  3.8260670e+000
  6.0132066e+000  6.9453731e+000
  4.6667571e+000  6.9515813e+000
  6.9851641e+000  7.5518056e+000
  8.1625322e+000  1.0451093e+001
  1.0904563e+001  4.7106255e+000
  6.4925748e+000  5.6435429e+000
  7.3401691e+000  8.0802371e+000
  6.3368375e+000  7.5865406e+000
  5.7719062e+000  3.3745758e+000
  5.5857174e+000  5.9132825e+000
  8.3951793e+000  6.6248594e+000
  1.4702059e+000  2.9380509e+000
  1.0888413e+001  3.6149855e+000
  2.9954223e+000  4.5085581e+000
  5.3983387e+000  3.2810974e+000
  6.5434793e+000  2.8689294e+000
  4.2229085e+000  2.6514900e+000
  4.1088288e+000  7.3477817e+000
  2.4358081e+000  8.7869716e+000
  7.4057470e+000  6.0690300e+000
  5.8399160e+000  3.3746766e+000
  8.8004226e+000  3.9097510e+000
  5.5734420e+000  3.4044049e+000
  1.0403064e+001  6.1003691e+000
  8.4185747e+000  1.6252914e+000
  2.8390445e+000  3.3863792e+000
  6.1347313e+000  6.5596474e+000
  6.6535691e+000  6.8046746e+000
  5.4847031e+000  7.0820632e+000
  2.8375975e+000  3.6643933e+000
  2.6657249e+000  9.9990552e+000
  3.3179815e+000  6.2322708e+000
  3.7029254e+000  2.6345909e+000
  5.6085446e+000  3.4755564e+000
  8.9659812e+000  5.7351825e+000
  1.0686181e+001  3.1418613e+000
  4.8746719e+000  3.6000836e+000
  6.8525312e+000  5.5391324e+000
  1.3611419e+000  3.2174279e+000
  5.6647598e+000  1.0074329e+001
  4.6022175e+000  7.8773316e+000
  6.0084678e+000  2.8560675e+000
  7.5602328e+000  3.2214790e+000
  5.7191871e+000  3.1861600e+000
  5.6923447e+000  1.0486349e+001
  7.2029791e+000  5.3384095e+000
  4.1230739e+000  3.9151758e+000
  3.6850894e+000  3.0402321e+000
  2.9265854e+000  3.7347549e+000
  1.7203733e+000  9.9560669e-001
  1.0848076e+000  4.3894684e+000
  6.1758282e+000  3.4090346e+000
  4.9965506e+000  3.0597939e+000
  3.5179539e+000  7.4135239e+000
  4.1621045e+000  2.3513970e+000
  1.4966248e+000  3.6843269e+000
  3.1281585e+000  2.5604609e+000
  7.0220649e+000  3.4554421e+000
  6.4641014e+000  6.7112264e+000
  3.5656095e+000  4.1819996e+000
  2.6477131e+000  7.2138350e+000
  4.6455493e+000  7.9852603e+000
  4.9360012e+000  5.1291923e+000
  5.4049907e+000  6.4155917e+000
  4.0238591e+000  1.6754969e+000
  6.5966432e+000 -2.8681964e+000
  1.1166069e+000  7.0230546e+000
  5.6632042e+000  3.4803481e+000
  4.1739332e+000  4.8022800e+000
  3.4950354e+000  4.6487236e+000
  1.7858159e+000  6.9268411e+000
  5.5639955e+000  3.2651767e+000
  3.0947995e+000  4.4450384e+000
  4.1115057e+000  4.5559101e+000
  3.1932629e+000  2.7249602e+000
  6.2796114e+000  3.2316536e+000
  4.1049790e+000  4.7512016e+000
  3.3418350e+000 -1.0662727e+000
  4.1707064e+000  6.6763795e+000
  6.3929327e+000  7.3542338e+000
  4.1852589e+000  9.7572627e+000
  3.1525307e+000  9.6758541e+000
  9.2703948e+000  1.4447196e+000
  9.1887009e-002  1.4165223e+000
  4.6168160e+000  3.9030218e+000
  4.2340074e+000  1.0176166e+001
  7.0329082e+000  5.1190243e+000
  3.6241750e+000  8.1779945e+000
  3.6405981e+000  3.9456758e+000
  3.4984263e+000  8.4979585e+000
  3.3808208e+000  8.6347838e+000
  7.7615798e+000  3.7335652e+000
  3.0576165e+000  4.5687786e-001
  2.3777582e+000  3.8864064e+000
  8.2184166e+000 -9.5642476e-001
  3.2062665e+000  4.6083017e+000
  5.7425112e+000  3.3928746e+000
  1.3283520e+000  3.1698965e+000
  1.1855069e+001  6.0768494e+000
  6.1339760e+000  6.6642928e+000
  6.9673583e+000  7.1163418e+000
  6.3921558e+000  4.0279436e+000
  6.5473812e+000  3.2669706e+000
  4.3340039e-001  3.4068882e+000
  2.9399162e+000  3.7714351e+000
  5.7026988e+000 -1.0144452e+000
  4.4723080e+000  5.5961218e+000
  5.5975162e+000  1.7615326e+000
  3.0159255e+000  4.4822938e+000
  1.5775836e+000  4.8032758e+000
  7.6829076e+000  7.1631736e+000
  7.7649484e+000  7.1021031e+000
  4.0851375e+000  3.5721337e+000
  3.2791130e+000  3.9733021e+000
  7.7587599e+000  2.7527969e+000
  1.0573528e+001  2.5234150e+000
  7.6375894e+000  3.5557992e+000
  5.6027538e+000  3.9363846e+000
  4.0067866e+000  2.6766857e+000
  6.0813636e+000 -2.1693692e-001
  1.8620341e+000  5.4598963e+000
  4.8866980e+000  6.2422421e+000
  4.1657114e+000  2.0182291e+000
  3.2859242e+000  2.8510941e+000
  6.3646326e+000  4.1845726e+000
  5.4712592e+000  3.4200342e+000
  7.9854589e+000  7.8652028e+000
  3.5152242e+000  1.6716012e+000
  3.3372525e+000  2.1873330e+000
  4.3223794e+000  3.6864207e+000
  1.2823672e+000  7.5092648e+000
  4.1641244e+000  6.0951646e+000
  6.3861558e+000 -2.1637333e+000
  1.1736574e+000  7.5045847e+000
  5.7915531e+000  4.4059452e+000
  6.5081624e+000  2.6010377e+000
  2.4054567e+000  2.6303732e+000
  5.8090152e+000  3.7918204e+000
  3.4239910e+000  4.5536473e+000
  3.4758725e+000  7.3471800e+000
  1.5792822e+000  8.2450085e+000
  5.9216819e+000  3.5855240e+000
  8.4452175e+000  3.2836014e+000
  5.9837992e+000  7.2239991e+000
  5.1120286e+000  5.3338099e-001
  6.6458981e+000  5.7346239e+000
  4.6084532e+000  7.5027653e+000
  4.1800152e+000  8.8729141e+000
  6.3719314e+000  2.2113689e+000
  9.6577300e+000  4.4660158e+000
  5.9111417e+000  2.9280193e+000
  5.4360964e+000  4.0781870e+000
  7.0090163e+000  6.8583515e+000
  3.5391820e+000  2.5217525e+000
  3.1179747e+000  3.4472213e+000
  6.2632404e+000  3.4788085e+000
  5.2969512e+000  4.0061207e+000
  6.1932688e+000  7.6299502e+000
  3.9648063e+000  8.8246160e+000
  4.5015654e+000  8.4665438e-001
  2.2772637e+000  6.3329643e+000
  3.2596012e+000  3.5566143e+000
  6.7732816e+000  7.0144945e+000
  7.1984561e+000  7.0356596e+000
  1.1430119e+001  6.8003051e+000
  1.0916027e+001  2.1196570e+000
  7.4223334e+000  4.0210643e+000
  2.2987458e+000  7.8961347e+000
  8.3957831e+000  1.0501345e+001
  4.3688392e+000  5.9171133e+000
  4.9939074e+000 -4.6164568e-002
  5.0953275e+000  3.3345702e+000
  6.1534281e+000  3.0016134e+000
  5.9002110e+000  2.2016840e+000
  7.6977416e+000  6.9022115e+000
  4.7009304e+000  1.0271664e+001
  7.0317408e+000  5.1195328e+000
  6.4417069e+000  6.7144277e+000
  5.8293156e+000  3.0397282e+000
  6.0685282e+000  3.0247414e+000
  3.8633635e+000  7.3933558e+000
  2.2874818e+000  7.7288346e+000
  1.0685534e+000  6.5711737e+000
  7.2718802e+000  4.0680255e+000
  3.9529041e+000  8.4823890e+000
  5.7399503e+000  9.1397787e+000
  6.1044276e+000  3.7912193e+000
  7.2443999e+000  3.8272066e+000
  2.0756555e+000  8.0879725e+000
  7.2004373e+000 -6.2946062e-002
  1.9525815e+000  4.0005476e+000
  6.0289186e+000  3.4861371e+000
  5.2905686e+000  2.9226636e+000
  6.2275638e+000  4.1773418e+000
  6.4381499e+000  3.7465268e+000
  1.8824361e+000  6.9150381e+000
  7.5728719e+000  1.0096502e+001
  9.0947777e+000  7.3106034e+000
  5.9700559e+000  5.7614395e+000
  8.6724642e+000  8.1634516e+000
  5.6578617e+000  3.6710527e+000
  5.9646200e+000  3.5179523e+000
  3.5365114e+000  7.7428021e+000
  3.1108625e+000  4.5848342e+000
  5.8610800e+000  7.4138355e+000
  5.0449863e+000  2.5966505e+000
  3.2956450e+000  4.3660110e+000
  6.9721458e+000  7.0434125e-001
  5.4549111e+000  1.8131556e+000
  8.7155403e+000  9.1109361e+000
  3.6380805e+000  7.2963310e+000
  7.0357524e+000  4.9353898e+000
  2.7635019e+000  9.4757506e+000
  1.0161347e+001  5.2180287e+000
  6.1374720e+000  6.7794828e+000
  5.0305846e+000  4.9315989e+000
  5.5338414e+000  3.8245891e+000
  4.6869856e+000  2.6310646e+000
  6.9740654e+000  6.0163610e+000
  7.1911736e+000  4.8400024e+000
  9.2067872e+000  9.2283159e+000
  5.8336125e+000  3.8542784e+000
  5.6754411e+000  6.9728478e+000
  1.0714723e+001  4.7464169e+000
  2.7876640e+000  8.1023987e+000
  5.3331559e+000  6.6212458e-001
  9.3308857e-001  3.3049427e+000
  1.8700231e+000  6.4354774e+000
  6.7385025e+000  5.3651494e+000
  6.3965718e+000  5.0448319e+000
  3.6170975e+000  4.7376556e+000
  3.9205673e+000  3.9132440e+000
  5.6012287e+000  3.0102188e+000
  6.0482634e+000  6.1252801e+000
  1.5483713e+000  1.0843690e+000
  6.6837377e+000  7.3955859e+000
  5.7227263e+000  7.4124279e+000
  3.7576209e+000  1.5073518e+000
  5.3709952e+000  1.2297257e+000
  6.8440817e+000  1.4765339e+000
  7.5323547e+000  5.4512181e+000
  8.1302753e+000  6.5538344e+000
  6.0859269e+000  3.5819747e+000
  1.8782648e+000  3.1218535e+000
  5.3217280e+000  2.2172946e-001
 -1.0678205e+000  1.0931848e+001
  4.8340524e+000  2.0916500e+000
  2.3747548e+000  4.7842398e+000
  7.8539897e+000  2.3605805e+000
  3.4503651e+000  9.3114223e+000
  1.1222373e+000  6.0738703e+000
  4.3744476e+000  1.0551315e+000
  6.2430822e+000  3.3383431e+000
  5.7525910e+000  7.4080097e+000
  5.7700795e+000  3.4226738e+000
  5.9673048e+000  7.4010899e+000
  6.0442842e+000  3.6115168e+000
  3.0024912e+000  1.2389196e+000
  5.8629824e+000  6.6520592e+000
  3.2126985e+000  2.3415803e+000
  6.7680045e+000  5.0046195e+000
  5.6409184e+000  3.8871308e+000
  7.5619522e+000  6.8302932e+000
  2.7634115e+000  3.7476727e+000
  6.8783486e+000  7.9567691e+000
  4.0747942e+000  3.0697786e+000
  3.9225105e+000  1.8563921e+000
  2.2648223e+000  3.7844091e+000
  4.3794200e+000  7.6184268e+000
  3.9713987e+000  7.8400558e+000
  1.1362752e+000  7.0483285e+000
  4.9358785e+000  3.0762066e+000
  4.7323303e+000  6.3258234e+000
  5.4910915e+000  3.7259021e+000
  6.1116282e+000  6.8536117e+000
  3.6334582e+000  4.1296323e+000
  9.6276587e+000  9.4919817e+000
  7.9555280e+000  7.0611205e+000
  2.4145047e+000  4.9694066e+000
  7.1475002e+000  7.2331062e+000
  5.4674723e+000  3.4428224e+000
  3.6706200e+000  7.7256472e+000
  7.2342480e+000  1.8610468e+000
  5.9870432e+000  5.5272857e+000
  1.5509578e+000  7.0158666e+000
  3.6678630e+000  8.8212682e+000
  2.5139780e+000  1.9431972e+000
  8.3552073e+000  9.0325959e+000
  1.8847535e+000  2.9411606e+000
  5.7366333e+000  3.6826463e+000
  3.1473494e+000  2.6566753e+000
  1.8452998e+000  6.0862119e+000
  1.1115598e+001  4.5557734e+000
  5.6910104e+000  6.1656457e+000
  3.1853146e+000  1.8528862e+000
  6.0349355e+000  3.5017414e+000
  8.4980246e+000  5.3671108e+000
  3.9997341e+000  7.1021507e+000
  1.1080258e+000  7.3267254e+000
  1.8669822e+000  4.8195546e+000
  4.9702072e+000  6.4288437e+000
  2.3285907e+000  3.6070371e+000
  6.0832507e+000  4.1556605e+000
  4.0343556e+000  3.9360660e+000
  3.7280326e+000  1.0750394e+000
  5.6027715e+000  4.0785207e+000
  3.9532741e+000  7.3829677e+000
  3.3948303e+000  7.3326381e+000
  4.4405906e+000  7.9065728e+000
  5.3240888e+000  3.6246087e+000
  6.0559239e+000  7.3076165e+000
  1.0426841e+001  7.3164228e+000
  2.9302592e+000  3.2206859e+000
  3.8364300e+000  4.4239382e+000
  7.5000886e+000  4.9179370e+000
  7.2669161e+000  6.9889368e+000
  5.8799182e+000  2.2917497e+000
  6.0218772e+000  7.3094011e+000
  5.4460312e+000  4.0096386e+000
  7.3055626e+000  8.0494267e+000
  1.2341905e+000  6.9297784e+000
  7.3814350e+000  8.4066822e+000
  3.8345321e+000  7.4672577e+000
  7.2309841e+000  9.9099313e+000
  1.0610500e+001  4.5765432e+000
  1.9961999e+000  7.8185653e+000
  2.2514806e+000  3.7489420e+000
  4.7378651e+000  2.2681574e+000
  3.2618937e+000  1.7441610e+000
  5.5090422e+000  7.0220559e+000
  1.6047565e+000  8.1050840e+000
  5.6213456e+000  7.3102332e+000
  4.2085059e+000  8.2763054e+000
  7.4696598e+000  3.5112386e+000
  3.1344375e+000  4.1032388e+000
  6.5671786e+000  4.9096587e+000
  2.2952856e+000  6.1702329e-001
  4.4846695e+000  3.8761359e+000
  4.1867285e+000  1.7840129e+000
  4.8836284e+000  4.5001225e+000
  6.7076562e+000  2.9021609e+000
  3.7616979e+000  4.9946974e+000
  5.5023735e+000  3.6578335e+000
  6.6328977e+000  4.6393242e+000
  4.7277136e+000  8.7959367e+000
  5.6421931e+000  4.0056281e+000
  5.2980834e+000  6.5254473e+000
  2.1491647e+000  3.6255989e+000
  5.7755368e+000  3.3545274e+000
  6.4268412e+000  3.2794931e+000
  3.5882995e+000  3.7267078e+000
  2.9444437e+000  1.6718578e+000
  8.4116808e+000  1.0396018e+001
  4.2851175e+000  7.5194330e+000
  6.9578869e+000  3.2925550e+000
  3.5398919e+000  7.6960044e+000
  3.2052350e+000  4.6317579e+000
