  6.6427671e+000  5.9141555e-001
  6.6536294e+000  4.4740555e+000
  4.3786738e+000  8.6185280e+000
  7.2981529e+000  2.4299815e+000
  6.9954643e+000  7.7108588e+000
  8.2670830e+000  7.1016494e+000
  7.2571513e+000  2.8516694e+000
  3.8179369e+000  3.4839688e+000
  2.2302466e+000  4.7028810e+000
  3.3502250e+000  8.8095528e+000
  7.4439962e+000  5.9017963e+000
  5.0297675e-001  4.4385276e+000
  6.7587200e+000  7.8356042e+000
  3.3712996e+000  1.0644175e+000
  6.1328498e+000  6.2575132e+000
  7.0057490e+000  7.6067437e+000
  1.8161558e+000  7.2473608e+000
  5.2205448e+000  5.6436997e+000
  5.9868539e+000  2.1258305e+000
  8.2644777e+000  4.0825131e+000
  8.8489668e+000  6.3095661e+000
  4.3335617e+000  8.2491893e+000
  3.9244564e+000  5.1905772e+000
  5.4784189e+000  3.8474002e+000
  7.8340078e+000  6.0291247e+000
  6.0691312e+000  6.6212839e+000
  3.0446153e+000  7.8838645e+000
  6.6608754e+000  3.3689434e+000
  4.8075843e+000  6.3466977e+000
  5.2341454e+000  9.0119505e-001
  7.4146508e+000  7.2793768e+000
  8.5499181e+000  2.5754947e+000
  2.8694212e+000  2.6585128e+000
  9.6783107e-002  4.7140145e+000
  2.1746591e+000  3.5288712e+000
  7.0455292e+000  8.1839287e+000
  7.5355492e+000  4.8682921e+000
  3.2790880e+000  4.2752166e+000
  3.7388414e+000  6.5300139e+000
  6.5185777e+000  5.3631905e+000
  4.0722787e+000  2.3053568e+000
  9.7082486e+000  3.7436028e+000
  2.7634292e+000  2.8599410e+000
  7.1579465e+000  2.2611867e+000
  2.9063062e+000  6.1834158e+000
  4.6292089e+000  6.6900818e+000
  3.6262931e+000  6.6821585e+000
  8.1532496e+000  3.8244428e+000
  5.4952004e+000  3.5762543e+000
  2.7785002e+000  7.9702026e+000
  7.4351661e+000  4.2173857e+000
  3.8358171e+000  6.8107902e+000
  4.6158036e+000  7.3096966e+000
  6.9513181e+000  4.7618876e+000
  6.0828995e+000  7.5447950e+000
  7.8129200e+000  8.8754524e+000
  3.3814821e+000  4.9469337e+000
  9.2185515e+000  4.9623077e+000
  2.6892559e+000  5.0550771e+000
  6.9795876e+000  8.1294391e+000
  3.6174495e+000  4.9260781e+000
  2.4009309e+000  7.7901035e+000
  5.7986482e+000  3.7357844e+000
  6.5197025e+000 -8.4207754e-002
  6.1325465e+000  3.6930369e+000
  5.0009759e+000  3.3920189e+000
  8.0350593e+000  6.4132720e+000
  5.8920131e+000  3.8880986e+000
  3.3554516e+000  7.5659453e+000
  8.4577864e+000  7.4536751e+000
  5.3804110e+000  3.3308579e+000
  3.4753212e+000  2.2084533e+000
  1.9516424e+000  8.1593615e+000
  3.3759472e+000  1.9174344e+000
  7.1077720e+000  7.2372758e+000
  6.3618552e+000  3.6378683e+000
  8.0815515e+000  2.3958417e+000
  2.5228547e+000  7.0195918e+000
  6.7702256e+000  4.8765987e+000
  1.8878798e+000  3.0495169e+000
  8.5158644e+000  5.7480835e+000
  8.1974837e+000  4.8408730e+000
  2.3253638e+000  7.1322317e+000
  6.7873492e+000  2.4670949e+000
  7.0735899e+000  5.9572381e+000
  4.9698881e+000  3.4899511e+000
  3.5588349e+000  2.3671061e+000
  2.5316867e+000  4.1447474e+000
  6.0862073e+000  6.1087184e+000
  8.4825089e+000  2.2355910e+000
  4.1841101e+000  7.4612509e+000
  3.0255796e+000  4.3201895e-001
  2.7398494e+000  2.8191645e+000
  6.8847089e+000  2.1047858e+000
  1.2363249e+000  2.4369694e+000
  9.7830317e+000  3.4107695e+000
  2.2853736e+000  4.7492970e+000
  2.7616377e+000  7.8570462e+000
  2.9546772e+000  3.5252066e+000
  2.0552936e+000  3.7294488e+000
  7.2298854e+000  7.0641595e+000
  4.7184091e+000  3.8097773e+000
  5.1432505e+000  4.9022239e-001
  7.5137373e+000  6.4621390e+000
  5.7732577e+000  2.7687610e+000
  3.5385956e+000  4.6046201e+000
  4.4833958e+000  3.7553227e+000
  4.0231297e+000  1.6822333e+000
  6.2773935e+000  2.9873033e+000
  2.7737272e+000  7.8107369e+000
  5.8778328e+000  3.0491330e+000
  6.7857818e+000  2.2422028e+000
  6.0147595e+000  1.8896097e+000
  1.5109539e+000  7.7428495e+000
  4.5697735e-001  2.8637480e+000
  4.7255402e+000  6.1891542e+000
  4.5196605e+000  5.2849379e+000
  6.0411628e+000  2.7783043e+000
  5.8042764e+000  5.4674101e+000
  4.1436044e+000  7.9402715e+000
  7.8723097e+000  5.1539027e+000
  3.2241578e+000  4.9017937e+000
  6.9060484e+000  3.8601420e+000
  5.0258623e+000  7.2871936e+000
  2.9158673e+000  3.9517842e+000
  1.2844189e+000  4.7103593e+000
  3.3737990e+000  6.3638130e+000
  2.9896954e+000  8.4511472e+000
  2.7467753e+000  2.9108662e+000
  8.7434010e+000  7.6850017e+000
  3.0834070e+000  2.5947093e+000
  4.7923480e+000  3.6941166e+000
  6.6605862e+000  3.3410376e+000
  2.2245677e+000  7.7021238e+000
  2.2035226e+000  3.5890653e+000
  3.4831677e+000  2.6272644e+000
  2.8687532e+000  3.0431698e+000
  4.7657655e+000  2.6022821e+000
  3.6163446e+000  1.7475322e+000
  6.6760776e+000  3.3558960e+000
  3.0763419e+000  5.2923391e+000
  2.9632852e+000  9.9573510e-001
  7.1351079e+000  6.9239171e+000
  6.3260156e+000  1.7439048e+000
  3.3157537e+000  3.9042990e+000
  6.3873571e+000  3.4263503e+000
  6.8315875e+000  8.5671681e+000
  3.5116768e+000  7.1773967e+000
  8.3732976e+000  7.7998596e+000
  6.3654330e+000  3.9888292e+000
  5.6840483e+000  4.4755439e+000
  4.4685074e+000  6.5583943e+000
  3.4241129e+000  1.6909485e+000
  6.4636635e+000  1.1336574e+000
  2.9476219e+000  3.6428186e+000
  5.7970436e+000  5.6545976e+000
  7.9381317e+000  7.8045671e+000
  5.1364040e+000  3.2252213e+000
  2.0624976e+000  3.4882900e+000
  7.1323673e+000  6.5340401e+000
  3.3139962e+000  7.0023149e+000
  2.8989054e+000  6.2401104e+000
  3.2328630e+000  3.1553264e+000
  6.7319069e+000  3.0639685e+000
  2.6958972e+000  4.1469736e+000
  4.0466494e+000  8.3575317e+000
  5.6019999e+000  3.6103623e+000
  7.0353101e+000  1.9625704e+000
  2.7366555e+000  2.5481240e+000
  8.3959223e+000  1.3896899e+000
  6.8312727e+000  5.6627148e+000
  1.3650090e+000  6.8818054e+000
  2.0231665e+000  3.1592609e+000
  3.9150866e+000  5.3121823e+000
  2.9812975e+000  8.1920577e+000
  2.6334568e+000  8.5277635e+000
  6.6069377e+000  7.1830703e+000
  3.1100315e+000  8.8122894e+000
  4.9367907e+000  2.8063035e+000
  2.1390963e+000  8.7042954e+000
  2.1563697e+000  2.5791429e+000
  5.0070383e+000  3.1325359e+000
  5.4496805e+000  4.4954950e+000
  7.3017459e+000  3.0484335e+000
  6.0860994e+000  5.7241602e+000
  3.0448297e+000  2.7314093e+000
  6.1087183e+000  3.1390518e+000
  6.9385315e+000  4.6278178e+000
  4.4563736e+000  7.0295020e+000
  8.6655679e+000  6.2522295e+000
  6.4848819e+000  7.8228421e+000
  1.9879851e+000  3.7439321e+000
  8.0851777e+000  4.3708519e+000
  6.2976580e+000  4.2679608e+000
  3.7752893e+000  7.1930825e+000
  5.7874701e+000  3.6713058e+000
  7.3140289e+000  2.1746936e+000
  6.7757335e+000  8.8527265e+000
  5.4630110e+000  7.9089484e+000
  8.3124935e+000  4.4135043e+000
  1.8242925e+000  6.7365868e+000
  5.4114091e+000  4.2469131e+000
  7.9263495e+000  5.0601986e+000
  2.3423689e+000  3.9407947e+000
  6.5281010e+000  1.4593216e+000
  7.9507768e+000  2.8962873e+000
  6.8826004e+000  1.7404187e+000
  6.6416098e+000  6.7283356e+000
  6.4619202e+000  6.1978317e+000
  7.4529940e+000  5.6100655e+000
  6.1623280e+000  2.7471822e+000
  2.8188915e+000  3.6335153e+000
  5.0535105e+000  3.0313236e+000
  4.9887323e+000  6.1473073e+000
  4.5264980e+000  7.9558528e+000
  4.7340336e+000  3.2678888e+000
  7.9089624e+000  6.9773580e+000
  4.8835816e+000  6.3559341e+000
  5.3912495e+000  3.6608268e+000
  6.3622988e+000  2.8544356e+000
  7.2404519e+000  2.8533151e+000
  2.7996276e+000  8.2050540e+000
  2.8034532e+000  1.6851758e+000
  8.0773703e+000  6.1832200e+000
  5.0632737e+000  5.8216827e+000
  2.8520431e+000  3.0891865e+000
  2.2571031e+000  3.6212377e+000
  7.1676749e+000  2.0772565e+000
  2.7379626e+000  4.7094327e+000
  3.1805038e+000  2.7167125e+000
  6.8582598e+000  3.3985835e-001
  7.2659834e+000  7.3833439e+000
  1.5989606e+000  7.0998687e+000
  5.2020005e+000  9.6260333e-001
  6.9560981e+000  6.2486220e+000
  5.7817028e+000  3.6355296e+000
  4.3969138e+000  2.4786143e+000
  1.2496848e+000  3.8451142e+000
  3.8066340e+000  3.6670478e+000
  6.3007780e+000  4.1854902e+000
  5.2439909e+000  4.5835967e+000
  9.1965116e-001  2.8508896e+000
  7.1256625e+000  8.8235333e+000
  3.6155345e+000  6.7146962e+000
  6.0964317e+000  4.5534123e+000
  7.5753541e+000  6.1237983e+000
  7.0102445e+000  2.6702894e+000
  6.9357217e+000  6.9630293e+000
  1.7456189e+000  6.8113624e+000
  3.6399634e+000  8.6037693e+000
  5.5790958e+000  3.7440749e+000
  6.2026458e+000  6.4666793e+000
  6.2748437e+000  3.7305433e+000
  7.7712628e+000  7.3040163e+000
  2.2634443e+000  1.7946231e+000
  8.5540175e+000  7.8273821e+000
  3.4445229e+000  3.3398453e+000
  5.4230334e+000  7.9564789e+000
  6.0182069e+000  7.4277853e+000
  3.5750120e+000  8.1117890e+000
  3.2271913e+000  8.2187993e+000
  3.9820115e+000  7.5899716e+000
  1.4443797e+000  6.0955629e+000
  1.3084820e+000  6.9078117e+000
  8.0439649e+000  4.8390864e+000
  6.4751037e+000  7.2756088e+000
  6.5771953e+000  5.8994086e+000
  7.2420931e+000  5.1182640e+000
  6.7752929e+000  3.7920604e+000
  6.7076665e+000  2.9065283e+000
  8.0913735e+000  5.4606699e+000
  3.1910711e+000  3.4740419e+000
  6.7068294e+000  1.0146124e+000
  6.3235350e+000  7.6069126e+000
  6.6894479e+000  3.8421508e+000
  5.8875378e+000  3.6615300e+000
  2.8971618e+000  6.9379696e+000
  2.9062356e+000  1.8778469e+000
  1.0290104e+000  6.5442049e+000
  2.3516219e+000  7.4192101e+000
  5.6216655e-001  2.9339837e+000
  5.3339995e+000  7.7907908e+000
  3.9113513e+000  4.2911825e+000
  5.2011300e+000  3.8248220e+000
  2.8256390e+000  4.2734231e+000
  6.8294823e+000  5.5832607e+000
  9.5647313e+000  3.9253484e+000
  5.3659014e+000  1.5094184e+000
  8.1596651e+000  2.7698047e+000
  5.8532791e+000  3.7833767e+000
  1.1197700e+000  7.1355802e+000
  2.1113546e-001  4.7094077e+000
  7.0700302e+000  6.7471340e+000
  6.2364354e+000  7.2010441e+000
  8.8649032e+000  4.5104310e+000
  6.2788644e+000  6.0468208e+000
  6.7595985e-001  4.9739343e+000
  7.2605557e+000  1.9879881e+000
  6.2648301e+000  3.1025790e+000
  4.9740583e+000  2.9209652e+000
  6.9265388e+000  4.8084731e+000
  5.6902255e+000  4.5760449e+000
  6.4687034e+000  3.9668008e+000
  8.1928881e+000  6.7352085e+000
  6.7659109e+000  5.5572716e+000
  4.4948280e+000  2.8504977e+000
  6.3047161e+000  2.3920179e+000
  3.8538341e+000  3.4050079e+000
  6.7408528e+000  6.7589298e+000
  4.3930785e+000  3.3288736e+000
  1.0933915e+000  2.6924985e+000
  3.6630165e+000  2.5795766e+000
  2.6843808e+000  7.6413084e+000
  7.1118584e+000  2.9575901e+000
  2.9786078e+000  5.1654202e+000
  6.6991912e+000  9.1518396e+000
  6.6693292e+000  2.2846071e+000
  6.9849902e+000  3.9103998e+000
  5.5819272e+000  1.9027149e+000
  4.3727180e+000  2.3656798e+000
  3.3510999e+000  2.1925614e+000
  9.2704601e+000  4.4581925e+000
  5.9155681e+000  4.4170004e+000
  3.6856779e+000  3.2562507e+000
  5.3437655e+000  5.4663630e+000
  2.5796106e+000  7.1644842e+000
  8.1408967e+000  6.0558462e+000
  5.1522870e+000  4.6659107e+000
  5.2303868e+000  3.3194090e+000
  6.4389681e+000  1.4101726e+000
  7.0072183e+000  2.1855096e+000
  6.7585866e+000  7.6945531e+000
  5.4899790e+000  2.9828428e+000
  6.4339335e+000  3.0152153e+000
  5.8764104e+000  7.3428673e+000
  5.0396199e+000  6.3499344e+000
  2.6583129e+000  8.2492069e+000
  6.8471982e+000  2.6127962e+000
  2.3405662e+000  7.2333519e+000
  1.9060527e+000  9.2990388e+000
  8.4383573e+000  6.4581162e+000
  2.0428172e+000  7.7650784e+000
  6.1185958e+000  3.8936380e+000
  2.4619469e+000  2.3373107e+000
  6.6156899e+000  7.5754539e+000
  2.4891518e+000  7.7495119e+000
  7.6809559e+000  6.8232525e+000
  4.6462351e+000  5.7635347e+000
  5.5128054e+000  5.4242249e+000
  4.8953217e+000  5.6683366e+000
  2.9453056e+000  5.2527254e+000
  4.7833491e+000  2.7599143e+000
  3.5545817e+000  6.9231278e+000
  7.5841882e+000  2.6586610e+000
  4.8445886e-001  4.5635923e+000
  7.7736499e+000  3.2840010e+000
  6.7760459e+000  8.1033711e+000
  2.7847007e+000  7.0988860e+000
  7.0519289e+000  4.4104717e+000
  2.8360232e+000  7.9727290e+000
  2.5790209e+000  4.9819038e+000
  5.9759713e+000  6.9145097e+000
  7.3766219e+000  2.6969601e+000
  5.9241473e+000  1.6891161e+000
  7.7576601e-001  5.9853807e+000
  7.6358750e+000  7.8544311e+000
  2.2926763e+000  3.6821147e+000
  5.4252702e+000  6.3445633e+000
  6.5502893e+000  8.0948091e+000
  3.7396041e+000  7.1785825e+000
  6.9879282e+000  8.2393920e+000
  5.1901150e+000  3.6350800e+000
  2.5811313e+000  6.8310295e+000
  6.8804937e+000 -9.7793192e-001
  7.1503919e+000  6.9206332e+000
  2.1806878e+000  3.5433765e+000
  5.9613995e+000  7.9937377e+000
  1.2736848e+000  5.9520679e+000
  7.0158237e+000  2.5519581e+000
  7.2237222e+000  2.0376051e+000
  6.7272154e+000  6.3858422e+000
  2.2721926e+000  3.7973663e+000
  5.2453048e+000  1.9196289e+000
  3.3433025e+000  3.9298020e+000
  6.1271580e+000  4.3489407e+000
  6.3717891e+000 -8.8802163e-001
  1.9542375e+000  2.7825445e+000
  2.9601710e+000  5.9128691e+000
  6.5397793e+000  4.1204159e+000
  4.0767606e+000  5.1554591e+000
  3.3948264e+000  4.3535677e+000
  5.3190602e+000  7.9266373e+000
  7.1718568e+000  8.5783056e+000
  7.7202514e+000  6.8672067e+000
  4.9012355e+000  3.6976416e+000
  2.9222870e+000  3.9848211e+000
  2.8864250e+000  4.4824530e+000
  5.0357247e+000  3.8071272e+000
  2.4698633e+000  8.2430391e+000
  7.8408503e+000  7.0457821e+000
  2.3170362e+000  4.4776638e+000
  1.2333021e+000  6.7701163e+000
  6.2422896e+000  3.5286745e+000
  4.5064491e+000  3.1969002e+000
  4.3326417e+000  3.2975899e+000
  7.0414391e+000  1.6051785e+000
  5.9225678e+000  3.4331146e+000
  7.0130793e+000  6.3819513e+000
  1.0608973e+000  6.2006043e+000
  6.9812223e+000  6.9040998e+000
  9.5204509e-001  8.0810373e+000
  3.4942101e+000  8.2870267e+000
  1.7064357e+000  3.0514256e+000
  2.3211560e+000  3.8516607e+000
  2.3702576e+000  7.2153333e+000
  3.2104880e+000  3.5223759e+000
  4.4214928e+000  5.4063936e+000
  3.3841858e+000  8.4176095e+000
  5.5461615e+000  4.2093363e+000
  5.1114998e+000  2.5944707e+000
  3.2709770e+000  4.4117804e+000
  3.8786206e+000  2.2476601e+000
  6.6320568e+000  2.6442338e+000
  7.4987945e+000  4.9339013e+000
  2.1273343e+000  3.0848778e+000
  5.3268359e+000  5.7202507e+000
  6.3881426e+000  4.2801327e+000
  8.2573974e+000  8.6515994e+000
  7.1416928e+000  9.3021027e-001
  4.4082426e+000  2.3101989e+000
  7.1221201e+000  5.8015626e+000
  2.7772618e+000  8.1019297e+000
  8.9680789e+000  2.7063304e+000
  2.0626673e+000  7.4758240e+000
  7.3169921e+000  3.7690802e+000
  6.1677227e+000  5.9206847e+000
  5.2653122e+000  5.8488044e+000
  6.2679729e+000  6.6845102e+000
  7.5993914e+000  8.0831294e+000
  6.9975885e+000  7.2159269e+000
  2.4058300e+000  2.6581159e+000
  8.7876892e+000  5.1862751e+000
  6.3595817e+000  6.5968508e+000
  2.6474737e+000  4.2333994e+000
  5.4595070e+000  2.0762863e+000
  3.5047198e+000  3.9841189e+000
  1.2343292e+000  3.2980374e+000
  3.0006722e+000  6.2750276e+000
  3.6862368e+000  7.0375226e+000
  3.5372126e-001  3.0060331e+000
  2.0771965e+000  7.6167706e+000
  6.8378889e+000  6.6768134e+000
  7.7335705e+000  8.5836716e+000
  1.9467214e+000  2.9210520e+000
  6.7193165e+000  7.1944121e+000
  1.9435852e+000  7.3425178e+000
  7.0336339e+000  6.8447206e+000
  7.5275657e+000  2.5025182e+000
  3.9234570e+000  3.3899959e+000
  6.8028310e+000  2.2377772e+000
  1.8387221e+000  2.6761164e+000
  6.5487404e+000  5.1830945e+000
  4.9081504e+000  3.1726246e+000
  2.7712842e+000  2.2855048e+000
  5.2060416e+000  5.3335356e+000
  6.3335450e+000  7.7864439e+000
  5.7998170e+000  2.1204377e+000
  3.2671172e+000  8.6333991e+000
  2.9656172e+000  3.4804529e+000
  2.4857738e+000  4.1321718e+000
  5.2140103e+000  3.5813336e+000
  4.5367958e+000  6.9221637e+000
  3.1810337e+000  1.7747620e+000
  6.5255542e+000  5.1960580e+000
  3.0426062e+000  7.9805144e+000
  3.6779198e+000  2.2287390e+000
  7.7280900e+000  2.2117038e+000
  6.5383266e+000  4.7760547e+000
  5.5834323e+000  5.6239392e+000
  7.8374834e+000  8.4454265e+000
  8.6036799e+000  6.1095012e+000
  5.3456006e+000  3.7158898e+000
  7.0110967e+000  2.1195832e+000
  2.4068424e+000  2.0861532e+000
  7.5498385e+000  8.5944898e+000
  7.0639403e+000  8.7619690e+000
  6.0317320e+000  4.7992726e+000
  6.2560014e+000  3.7077921e+000
  5.0430448e+000  3.8393562e+000
  5.9213807e+000  5.0633455e+000
  1.4524944e+000  6.7462490e+000
  7.3668916e+000  8.5148467e+000
  7.1364839e+000  5.2990982e+000
  1.9382932e+000  7.2181219e+000
  6.1135448e+000  9.0204177e+000
  7.4130644e+000  5.4866467e+000
  7.1504976e+000  7.5482165e+000
  4.5364167e+000  4.7113553e+000
  5.5912761e+000  7.6074346e+000
  2.7530134e+000  2.4198800e+000
  7.0435218e+000  7.1097273e+000
  5.1428395e+000  3.9499245e+000
  6.7388590e+000  6.5898046e+000
  7.2240162e+000  1.7003436e+000
  3.3557098e+000  4.4553197e+000
  2.8070941e+000  1.5412725e+000
  4.6257281e+000  1.6235286e+000
  2.2727489e+000  3.8395974e+000
  3.2663495e+000  7.5801768e+000
  3.1714430e+000  3.6958051e+000
  6.5536870e+000  8.5270345e+000
  2.7487665e+000  8.1970994e+000
  3.4495257e+000  8.5960488e+000
  4.4102434e+000  5.6900043e+000
  3.6544170e+000  7.4219315e+000
  6.7441132e+000  5.5433075e+000
  7.3708278e+000  2.6941213e+000
  6.1923773e+000  2.4529607e+000
  5.2571581e+000  2.1260467e+000
  3.0747516e+000  5.4123119e+000
  9.5142484e+000  4.1307355e+000
  6.6686112e+000  3.7913470e+000
  3.1953439e+000  8.0912735e+000
  5.1847943e+000  5.8954824e+000
  2.9936904e+000  7.8347493e+000
  7.7601541e+000  1.7782634e+000
  2.2004906e+000  2.7611670e+000
  6.3639937e+000  4.2030351e+000
  8.0763411e+000  6.6399993e+000
  3.5471393e+000  7.5778984e+000
  5.9205155e+000  2.5605855e+000
  6.9641144e+000  7.0891744e+000
  7.7347221e+000  7.7916755e+000
  4.2520742e+000  2.3053415e+000
  2.3449654e+000  7.5692265e+000
  2.1454221e+000  2.4947712e+000
  3.3792743e+000  9.4755795e+000
  8.6939911e+000  4.6704587e+000
  4.5014241e+000  7.7696782e+000
  6.3448418e+000  4.0390645e+000
  4.2038540e+000  3.4151751e+000
  9.7301561e+000  7.3885125e+000
  1.6024250e+000  8.1365122e+000
  5.7566016e+000  7.8235545e+000
  5.1858542e+000  3.1208598e+000
  3.0022657e+000  2.0250045e+000
  7.6009676e+000  8.4417024e+000
  2.6222415e+000  9.3210522e+000
  2.4654576e+000  7.4177398e+000
  7.6989111e+000  7.1232867e+000
  3.1284280e+000  4.8356033e+000
  4.8120256e+000  5.4370682e+000
  6.3442452e+000  6.9663527e+000
  6.2846744e+000  7.2024536e-001
  8.0730332e+000  6.6330697e+000
  2.1647179e+000  6.9345563e+000
  2.4162588e+000  6.2037378e+000
  2.4306018e+000  2.0795519e+000
  4.9050441e+000  1.3216197e+000
  2.8876144e+000  4.9083015e+000
  1.5678614e+000  1.7696758e+000
  2.2942404e+000  5.1585600e+000
  7.0831770e+000  7.3788039e+000
  7.6830783e+000  5.1070902e+000
  2.6492700e+000  4.9387643e+000
  3.8881374e+000  5.4074616e+000
  4.9279167e+000  4.6602852e-001
  2.8604149e+000  2.8202794e+000
  3.2479345e+000  4.4717699e+000
  3.2452644e+000  4.8900633e+000
  6.0883298e+000  4.2421212e+000
  2.7797655e+000  2.8466734e+000
  7.2937290e+000  4.5206635e+000
  3.1549962e+000  7.3474838e+000
  5.6128109e+000  5.0062028e+000
  5.1816593e+000  1.4159181e+000
  6.4643370e+000  8.6462016e+000
  2.2187687e+000  7.7923575e+000
  9.1325548e+000  4.3247451e+000
  5.3861808e+000  6.7647869e+000
  2.7448454e-001  5.6217602e+000
  6.8163768e+000  4.5019687e+000
  4.2351860e+000  4.0622634e+000
  7.1462518e+000  6.5061645e+000
  2.8979025e+000  8.3463656e+000
  1.9147257e+000  3.0060130e+000
  3.3113268e+000  4.5179173e+000
  5.4502236e+000  6.6554602e+000
  7.4417664e+000  3.3385011e+000
  2.3776877e+000  5.2674201e+000
  3.1399064e+000  8.0974230e+000
  5.7379920e+000  6.2692659e+000
  2.1275501e+000  7.9942622e+000
  3.2428283e+000  7.4329602e+000
  5.0550867e+000  7.0392981e+000
  2.2242130e+000  2.7637116e+000
  5.0151907e+000  7.0367013e+000
  6.9389234e+000  5.7959452e+000
  7.6619030e+000  8.3525917e+000
  8.3464090e+000  8.1678203e+000
  3.6184612e+000  3.5140236e+000
  2.5753381e+000  7.7696600e+000
  7.4006918e+000  3.7108746e+000
  2.2911245e+000  4.8740736e+000
  5.4508071e+000  3.4774650e+000
  4.2266805e+000  3.0376624e+000
  6.3069540e+000  6.7529382e+000
  4.8801124e+000  2.9576622e+000
  2.0413383e+000  1.0304558e+001
  3.1712725e+000  1.6211673e+000
  6.5179201e+000  3.1587468e+000
  2.2876329e+000  7.0095939e+000
  6.7014148e+000  2.3424181e+000
  7.1807970e+000  7.1627231e+000
  6.7542769e+000  5.3679527e+000
  2.1127593e+000  7.8090091e+000
  3.9273455e+000  6.4434046e+000
  7.1495625e+000  6.5858560e+000
  1.4349946e+000  6.0487414e+000
  7.5661284e+000  2.1047074e+000
  2.4794658e+000  3.6748512e+000
  8.4301478e+000  4.1463122e+000
  6.8654374e+000  6.4316359e+000
  4.0060948e+000  2.1248902e+000
  6.0949292e+000  5.9396894e+000
  6.6197993e+000  3.7982780e+000
  2.7631766e+000  7.8567879e+000
  2.0018331e+000  6.8143591e+000
  5.7246202e+000  1.9918654e-001
  7.8661230e+000  6.8242277e+000
  9.6017077e+000  4.0327435e+000
  9.7776191e+000  3.6174197e+000
  2.8153155e+000  3.7247111e+000
  4.4770877e+000  2.3354487e+000
  5.7430886e+000  7.2829542e+000
  7.2656782e+000  6.8104878e+000
  4.8700138e-001  1.0449031e+001
  5.2458616e+000  4.4774757e-001
  5.9938865e+000  8.1331630e+000
  2.6790817e+000  7.1863782e+000
  2.3541622e+000  5.1168284e+000
  6.6457271e+000  2.5768463e+000
  7.5656553e+000  6.4624879e+000
  8.2992746e+000  7.4713660e+000
  8.0437326e+000  5.8813117e+000
  1.9513625e+000  8.7857990e+000
  7.3861415e+000  6.5331873e+000
  4.6475388e+000  3.3288155e+000
  6.2232517e+000 -1.1106282e+000
  4.3198195e+000  2.4503801e+000
  6.9343536e+000  6.3832744e+000
  3.3907405e+000  7.3029566e+000
  9.0236082e+000  6.2152895e+000
  3.6751701e+000  8.9775941e+000
  4.2855120e+000  3.5623989e+000
  4.5180314e+000  3.6976413e+000
  5.7881735e+000  4.3601836e+000
  6.2833541e+000  8.4506385e+000
  1.9251021e+000  3.3660909e+000
  7.1148860e+000  7.7904036e+000
  8.5685549e+000  2.8137417e+000
  1.8327854e+000  8.7842653e+000
  1.6796800e-001  2.5861836e+000
  2.4739400e+000  7.4590821e+000
  3.9705544e+000  3.3337453e+000
  5.8120372e+000  7.0921234e+000
  1.9101881e+000  3.1420522e+000
  1.6527368e+000  2.2497574e+000
  6.8361373e+000  6.2597696e+000
 -1.6660039e-001  3.8926293e+000
  7.6652697e+000  7.5216790e+000
  3.5359816e+000  5.3273041e+000
  7.3941520e+000  3.6925584e+000
  2.5946265e+000  9.1409390e+000
  2.8235902e+000  7.0318163e+000
  2.1397766e+000  2.8679752e+000
  3.7108321e+000  3.4353713e+000
  9.0993066e+000  5.5443839e+000
  9.6926503e-001  6.7642116e+000
  5.7145774e+000  1.0757050e+000
  3.3367424e+000  7.7676695e+000
  5.7238660e+000  4.3405693e+000
  2.3526806e+000  4.6995989e+000
  5.4596570e+000  2.7740331e+000
  1.8823020e+000  6.2391557e+000
  5.8786597e+000  2.7765114e+000
  7.7479612e+000  3.2932774e+000
  2.9346682e+000  7.9390578e+000
  6.9840538e+000  1.8045701e+000
  7.9211794e+000  6.2525161e+000
  1.6415488e+000  5.3347659e+000
  7.5458698e+000  2.7599518e+000
  9.1554361e+000  4.4921106e+000
  2.0425234e+000  2.9726354e+000
  8.2602000e+000  7.5011657e+000
  6.1259276e+000  4.9781060e+000
  7.0277648e+000  2.2156273e+000
  2.0138643e+000  4.2493206e+000
  5.6348993e+000  6.4421582e+000
  2.0335267e+000  1.9138515e+000
  3.9631091e+000  3.4331982e+000
  3.1343268e+000  7.2293190e+000
  4.2933168e+000  3.1630318e+000
  6.3634837e+000  1.7513957e+000
  5.6458215e+000  6.2806054e+000
  7.2725088e+000  7.4261897e+000
  5.0345833e+000  4.5916533e+000
  6.4656569e+000  4.1667633e+000
  8.6855158e+000  4.2794558e+000
  6.4495892e+000  7.1227434e+000
  6.2834690e+000  8.7670973e+000
  7.2008344e+000  6.7016794e+000
  7.2265650e+000  4.6464362e+000
  8.9658718e+000  4.6935199e+000
  6.1861562e+000  3.3612513e+000
  6.7145548e+000  8.5992845e+000
  2.7462151e+000  4.0664276e+000
  2.4188824e+000  7.2780032e+000
  2.4857817e+000  7.4185975e+000
  2.9496486e+000  3.1317201e+000
  5.9162958e+000  7.2040326e+000
  6.9053427e+000  9.1734536e+000
  4.8637897e+000  3.5348756e+000
  6.3179258e+000  5.9483266e+000
  3.4160172e+000  4.6730744e+000
  8.0165476e+000  6.3073557e+000
  7.4396272e+000  6.6205324e+000
  2.9316128e+000  4.0447374e+000
  8.8637377e+000  3.7718063e+000
  3.1487029e+000  4.6585559e+000
  2.5511447e+000  3.5340068e+000
  7.1386490e+000  8.4078912e+000
  4.3720056e+000  7.9016737e+000
  8.6665473e+000  4.2913385e+000
  9.8745468e+000  3.4309955e+000
  7.1416556e+000  6.2970036e+000
  5.2669047e+000  2.5080538e+000
  2.3856282e+000  3.4171930e+000
  8.5392480e+000  5.6257654e+000
  2.9387192e+000  8.5737380e+000
  9.3189505e+000  4.3693551e+000
  7.0234765e+000  1.6459515e+000
  7.1026245e+000  7.4411090e+000
  1.7161937e+000  4.3341298e+000
  7.2613129e+000  7.4303089e+000
  2.3588161e+000  7.5917012e+000
  3.7820441e+000  2.4735951e+000
  2.6410815e+000  2.4353951e+000
  3.7265155e+000  1.8925685e+000
  6.7934610e+000  6.3834631e+000
  3.7507943e+000  3.4376937e+000
  8.2721635e+000  8.1072938e+000
  2.9837614e+000  4.8703066e+000
  6.6578657e+000  6.6400613e+000
  9.0198826e+000  6.5316790e+000
  2.4615833e+000  7.1550789e+000
  6.0967916e+000  4.4904036e+000
  7.9335999e+000  4.5350034e+000
  8.6837920e+000  4.9633724e+000
  6.4561418e+000  2.9517625e+000
  3.0624164e+000  4.9606719e+000
  4.4117277e+000  8.2375541e+000
  7.0902732e+000  2.0976425e+000
  6.1128635e+000  7.9365279e+000
  1.9950573e+000  3.2573208e+000
  6.1016526e+000  3.1299443e+000
  5.0708424e+000  6.8597577e+000
  2.2236081e+000  7.3526996e+000
  5.7531728e+000  5.1853175e+000
  3.0034370e+000  2.7734180e+000
  4.8239206e+000  4.6620631e+000
  6.7095233e+000  6.7207151e+000
  2.2380196e+000  7.2383692e+000
  7.8484499e+000  2.2877158e+000
  2.1131036e+000  7.8030134e+000
  6.4795679e+000  4.3827686e+000
  2.2462479e+000  7.4922939e+000
  3.7563328e+000  3.5920171e+000
  3.2665733e+000  4.4714697e+000
  7.3709254e+000  4.1820095e+000
  6.1219300e+000  6.6022297e+000
  5.8652930e+000  2.4864619e+000
  4.2184411e+000  1.8409990e+000
  8.5511979e+000  5.4549269e+000
  2.7239391e+000  6.3143204e+000
  6.5965716e+000  1.7691816e+000
  5.9237034e+000  4.1275634e+000
  4.9399749e+000  8.5351050e+000
  2.2776531e+000  7.5899135e+000
  2.9848860e+000  2.8910716e+000
  6.9540934e+000  3.9387069e+000
  5.7783849e+000  4.0559880e+000
  4.9344893e+000  3.3101968e+000
  3.4716484e+000  3.0314778e+000
  2.2537096e+000  4.4182796e+000
  3.0304893e+000  5.1250202e+000
  5.9668005e+000  4.5510102e+000
  1.8537936e+000  6.7500087e+000
  6.9173793e+000  2.9503248e+000
  8.1296169e+000  2.8647544e+000
  3.4895195e+000  4.7216345e+000
  3.2345862e+000  4.8886965e+000
  7.6420501e+000  6.9297134e+000
  2.5552448e+000  3.1329293e+000
  5.2276077e+000  8.0984164e+000
  2.6207990e+000  6.5325281e-001
  5.7884519e+000  2.4444530e+000
  7.2862304e+000  6.7982399e+000
  1.9637418e+000  7.3053666e+000
  8.4742234e+000  4.3158875e+000
  4.8653689e+000  6.1328777e+000
  7.5334109e+000  7.7098535e+000
  2.3587054e+000  2.8693512e+000
  7.0122659e+000  4.3058534e+000
  6.9594741e+000  7.0780234e+000
  4.8290003e+000  6.7905968e+000
  3.2476445e+000  8.7808434e+000
  4.0577524e+000  5.4898547e+000
  3.2832821e+000  3.4696113e+000
  3.6298649e+000  8.1631049e+000
  8.9483957e+000  7.7009206e+000
  2.4975432e+000  8.4649716e+000
  2.2572294e+000  2.7284957e+000
  7.4649048e+000  4.8902605e+000
  5.8849301e+000  3.3420945e+000
  2.4151762e+000  5.2621725e+000
 -5.3859188e-002  4.8666043e+000
  5.4985211e+000  2.9031346e+000
  8.1380290e+000  2.5551555e+000
  7.6515392e+000  4.7861019e+000
  6.0879066e+000  7.2684540e+000
  6.6737530e+000  6.4502419e+000
  9.4022402e+000  3.6854571e+000
  8.7736572e+000  7.6280163e+000
  4.9476713e+000  3.3114868e+000
  4.9382617e+000  6.2421615e+000
  2.1598582e+000  2.6042554e+000
  5.4579083e+000  5.1126612e+000
  3.1993921e+000  7.3879601e+000
  3.1664573e+000  4.7201833e+000
  5.9099084e+000  3.8279699e+000
  8.0030490e+000  2.7090935e+000
  3.5746665e+000  3.1443324e+000
  7.7419792e+000  4.8480654e+000
  7.0328287e+000  4.4941155e+000
  5.5521800e+000  2.6351060e+000
  8.0444761e+000  2.3022133e+000
  4.7951193e+000  2.8024113e+000
  8.1028764e+000  3.9856557e+000
  5.1178822e+000  1.7461484e+000
  6.9397797e+000  4.1322673e+000
  9.0716959e+000  7.1909629e+000
  3.1831654e+000  4.5928094e+000
  5.5332382e+000  3.6058765e+000
  5.1148849e+000  2.8862219e+000
  9.0801230e+000  6.3541969e+000
  7.9579468e+000  3.1629587e+000
  1.6009174e+000  4.7245113e+000
  5.5001580e+000  4.0891616e+000
  5.4884420e+000  7.0172884e+000
  3.2897781e+000  1.9255982e+000
  6.4095571e+000  7.1682727e+000
  7.0288434e+000  4.4300047e-001
  2.2675763e+000  1.7789205e+000
  8.5781893e-001  6.6600517e+000
  5.3239173e+000  7.1852678e+000
  4.3931741e+000  7.3574309e+000
  7.4194106e+000  2.7995532e+000
  7.3486288e+000  5.4638569e+000
  6.7851297e+000  7.0953903e+000
  6.2721041e+000  3.6667278e+000
  7.4761673e+000  6.2706558e+000
  2.7958136e+000  4.9643273e+000
  4.1101039e+000  6.9819162e+000
  7.2743591e+000  2.6330293e+000
  8.0337318e+000  8.5347704e+000
  6.0429929e+000  7.7735975e+000
  3.9849432e+000  3.4481114e+000
  2.1622297e+000  4.8979055e+000
  4.9633239e+000  1.8122883e+000
  6.5268543e+000  5.5236490e+000
  6.3795189e+000  3.2581865e+000
  6.6978350e+000  6.3511549e+000
  4.1749569e+000  2.4730523e+000
  2.8826366e+000  7.9977087e+000
  2.1124294e+000  7.2700485e+000
  3.2754088e+000  4.6802493e+000
  5.2743240e+000  3.8435507e+000
  3.1098723e+000  3.9846680e+000
  3.5871884e+000  7.9177010e+000
  3.7954800e+000  6.3277110e+000
  9.3067049e+000  3.7360329e+000
  5.1839760e+000  6.7640292e+000
  2.5744816e+000  8.2977643e+000
  4.7654977e+000  6.1711462e+000
  5.8970764e+000  2.8469468e+000
  3.6687793e+000  8.4710508e+000
  2.5978642e+000  3.4808579e+000
  7.2324051e+000  6.7127646e+000
  4.3935715e+000  9.7024400e+000
  4.6180136e+000  3.4730741e+000
  5.3364663e+000  5.1431870e+000
  5.4878188e+000  7.0882661e+000
  5.9757345e+000  5.6557006e+000
  4.4674802e+000  6.7403437e+000
  3.4450947e+000  2.5597382e+000
  3.3166584e+000  8.1341596e+000
  1.8508631e+000  7.0606085e+000
  1.9974914e+000  2.4283088e+000
  3.9271208e+000  2.7012830e+000
  2.1538068e+000  5.0272644e+000
  5.6930959e+000  3.0878337e+000
  8.0758795e+000  8.2821795e+000
  6.7491882e+000  6.3254468e+000
  5.7237755e+000  8.0744176e-001
  4.2113022e+000  3.6353128e+000
  3.4048702e+000  2.3368160e+000
  3.2275066e+000  8.0908053e+000
  9.2698996e+000  3.6594217e+000
  2.8894708e+000  8.6192036e+000
  1.4883904e+000  5.8247605e+000
  5.7756226e+000  4.6455611e+000
  1.3311857e+000  5.0669446e+000
  2.2804669e+000  7.4831285e+000
  6.8450429e+000  4.5265485e-001
  2.5209393e+000  8.6512653e+000
  4.0303829e+000  7.4047408e+000
  2.4073100e+000  3.8703407e+000
  9.1132137e+000  3.0389145e+000
  2.6764911e+000  2.5063314e+000
  5.8200875e+000  2.4738745e+000
  5.2579911e+000  2.5237492e+000
  3.2113442e+000  2.7013833e+000
  3.3393295e+000  6.3340541e+000
  3.0667833e+000  4.1975572e+000
  2.7150624e+000  4.7623724e+000
  5.7444952e+000  3.1393837e+000
  3.6891586e+000  2.8734475e+000
  3.0600081e+000  4.1543204e+000
  4.9351971e+000  5.5112862e+000
  5.5539098e+000  5.3840122e+000
  6.7119797e+000  8.1267737e+000
  6.1735250e+000  6.7304117e-001
  4.9759442e+000  8.0296592e+000
  6.7918603e+000  2.5887323e+000
  2.8446515e+000  4.0087702e+000
  8.3099627e+000  4.7499905e+000
  8.3212016e+000  2.8623044e+000
  5.7040461e+000  1.4904469e+000
  3.5131531e+000  7.9964150e+000
  2.4221598e+000  7.5039587e+000
  6.5026933e-001  7.0038114e+000
  7.0568285e+000  6.6544086e+000
  6.8970328e+000  2.1801984e+000
  4.3295544e+000  2.7620435e+000
  5.2126766e+000  3.2459369e-001
  5.6616693e+000  2.8184463e+000
  6.4783466e+000  6.5713764e+000
  6.4277266e+000  7.0898380e+000
  7.7396979e+000  5.5606681e+000
  3.7981169e+000  3.4562630e+000
  7.3009441e+000  4.5224871e+000
  1.1035503e+000  6.9148350e+000
  3.1649655e+000  7.1444042e+000
  6.5123860e+000  4.9430072e+000
  8.5712505e+000  4.4205241e+000
  6.2960610e+000  3.1424300e+000
  3.7717607e+000  7.2905667e+000
  7.0502459e+000 -2.1553998e-001
  6.8991803e+000  6.6320505e+000
  6.4517866e+000  4.6876373e+000
  2.7940910e+000  4.9720386e+000
  3.1405386e+000  2.5812259e+000
  2.8323991e+000  6.3154293e+000
  6.7940551e+000  4.2514405e+000
  3.2041763e+000  3.4387367e+000
  5.9917816e+000  3.4843305e+000
  2.8926606e+000  8.0031194e+000
  6.4165756e+000  4.7369265e+000
  7.2290978e+000  2.9571353e+000
  4.5671658e+000  4.4962879e+000
  7.0843878e+000  1.1460842e+000
  6.1229965e+000  5.2691448e+000
  9.5310661e-001  1.8867619e+000
  5.7149069e+000  2.8371630e+000
  8.4988525e+000  4.6530369e+000
  7.8340893e+000  5.6629056e+000
  5.9184687e+000  4.4436040e+000
  7.3591132e+000  4.9574651e+000
  8.5654064e+000  3.8728127e+000
  5.0023962e+000  4.1540852e+000
  9.0285732e+000  3.4803170e+000
  9.2140843e+000  8.1697773e+000
  8.1073902e+000  6.0995247e+000
  6.1788776e+000  3.9045466e+000
  4.3413452e+000  2.5698560e+000
  4.1614817e+000  3.8041181e+000
  6.9728886e+000  2.3748403e+000
  2.6804387e+000  4.0731515e+000
  4.1824662e+000  5.9614860e+000
  7.3123495e+000  8.5296766e+000
  2.5293400e+000  7.3404104e+000
  5.3019986e+000  5.3983452e+000
  3.0874175e+000  4.2541528e+000
  7.9965084e+000  8.8372572e+000
  3.0531534e+000  3.1181134e+000
  8.3679162e+000  2.6556808e+000
  3.8481318e+000  8.5587847e+000
  2.0650719e+000  7.4017540e+000
  1.9460341e+000  2.3279471e+000
  1.8264957e+000  6.5715521e+000
  8.2095202e+000  5.7710230e+000
  1.1590369e+000  5.2116161e+000
  4.0309329e+000  8.0214464e+000
  9.3895830e-001  8.4975137e+000
  1.7779349e+000  3.4377265e+000
  6.8406186e+000  8.4849399e+000
  8.0743894e-001  7.5846866e+000
  5.2005705e+000  4.2378948e+000
  1.2946101e+000  6.3680710e+000
  3.5507767e+000  8.6704297e+000
  5.5788051e+000  4.1733464e+000
  6.2120622e+000  3.0735548e+000
  2.7851296e+000  4.2769721e+000
  3.3314248e+000  4.7779826e+000
  1.6129982e+000  6.5193202e+000
  2.0453378e+000  7.0714421e+000
  5.8791370e+000  3.4899121e+000
  5.2466360e+000  3.0077053e+000
  8.1932342e+000  6.5789925e+000
  7.3669929e+000  8.2501353e+000
  8.7148252e+000  5.8712571e+000
  7.9624458e+000  3.4929380e+000
  6.8629445e+000  8.2494915e+000
  2.6278565e+000  5.2454022e+000
  6.7676782e+000 -7.1307679e-001
  3.4531018e+000  7.6086657e+000
  8.0597857e+000  5.8976358e+000
  8.6797727e+000  4.3546315e+000
  8.9050686e+000  7.7650554e+000
  2.7846535e+000  3.7034494e+000
  4.8841213e+000  3.2800162e+000
  2.7593491e+000  2.4503482e+000
  4.1284815e+000  2.3766732e+000
  5.2316011e+000  2.2132860e+000
  4.0432026e+000  3.2462732e+000
  2.5327989e+000  3.1016096e+000
  6.2346237e+000  8.2656115e+000
  5.9371482e+000  4.2708230e+000
  6.0860200e+000  7.6209368e+000
  1.3405736e-003  8.1067623e+000
  7.7469689e+000  4.8874076e+000
  2.5930129e+000  2.5262615e+000
  1.8909215e+000  7.5150355e+000
  8.0486086e+000  6.5267864e+000
  2.1774696e+000  7.4009545e+000
  8.3433646e+000  5.2160140e+000
  2.1524701e+000  5.0995223e+000
  5.9348315e+000  5.6031188e+000
  4.9360106e+000  4.3545263e+000
  2.1726112e+000  8.6278687e+000
  3.6753370e+000  8.3849406e+000
  4.7471956e+000  3.1730093e+000
  5.2229049e+000  1.8169724e+000
  5.9749064e+000  2.6322876e+000
  2.4410723e+000  7.2790792e+000
  8.2304323e+000  2.7517372e+000
  3.2400780e+000  1.2543910e-001
  6.5511426e+000  2.5628791e+000
  7.4841925e+000  7.9277167e+000
  6.4652147e+000  3.5621217e+000
  6.3411039e+000  6.2821151e+000
  6.1627816e+000  5.7316641e+000
  7.5384304e+000  2.5755990e+000
  6.7530911e+000  5.5308463e+000
  2.8455765e+000  8.4358031e+000
  2.3963394e+000  5.0889713e+000
  2.0349133e+000  3.4732155e+000
  7.5319584e+000  3.1016138e+000
  2.3760594e+000  7.0061360e+000
  1.9219380e+000  2.9229748e+000
  6.1339359e+000  6.7164209e+000
  8.2311009e+000  7.6574132e+000
  5.5808271e+000  2.9920666e+000
  7.1367376e+000  6.6372069e+000
  8.3425301e+000  6.4354142e+000
  3.4993252e+000  4.8155089e+000
  4.4623386e+000  2.8154274e+000
  7.1666864e+000  4.4660254e+000
  8.7919028e+000  3.2531162e+000
  8.5777450e+000  3.4133768e+000
  7.4869668e+000  7.1921002e+000
  5.5292930e+000  6.0097758e+000
  5.6340961e+000  4.4375499e+000
  2.9950566e+000  3.0634688e+000
  7.0364192e+000  3.5415385e+000
  1.9224615e+000  2.7754373e+000
  7.3248070e+000  4.3814453e+000
  1.3898688e+000  4.0847020e+000
  1.7052291e+000  2.3273637e+000
  8.1257631e+000  6.6334308e+000
  5.7632470e+000  8.1155863e+000
  5.2547704e+000  3.7406967e+000
  4.9469595e+000  3.5314048e+000
  3.4061785e+000  1.6470634e+000
  3.3492592e+000  4.6083732e+000
  7.5843249e+000  3.8162943e+000
  3.4424405e+000  2.7633375e+000
  7.8691241e+000  7.4443857e+000
  2.2066310e+000  6.6022726e+000
  2.0205060e+000  2.2641428e+000
  6.6667942e+000  3.6001075e+000
  8.3270443e+000  4.4098383e+000
  2.9437295e+000  2.5018510e+000
  2.5269269e+000  4.1345033e+000
  6.8400095e+000  8.6129194e+000
  3.2022487e+000  7.4184235e+000
  1.4539365e+000  8.3543363e+000
  6.6609485e+000 -9.6017656e-001
  2.8149899e+000  8.5294892e+000
  6.5387172e+000  4.5742408e+000
  6.7980982e+000  5.2030144e+000
  3.3434554e+000  1.7631258e+000
  4.6923123e+000  1.6294424e+000
  5.1125894e+000  6.1528221e+000
  3.0404654e+000  8.0693756e+000
  7.5994000e+000  6.8741716e+000
  3.6772736e+000  7.5900352e+000
  3.5563112e+000  7.5136224e+000
  6.4333117e+000  3.8375534e+000
  6.6132205e+000  7.3070258e+000
  4.8101118e+000  2.8472543e+000
  5.4884590e+000  7.5145834e+000
  2.4119899e+000  4.8801951e+000
  7.5957938e+000  5.7534380e+000
  5.2154507e+000  5.6302456e+000
  8.8043457e+000  5.7623046e+000
  7.1418836e+000  2.7281443e+000
  9.6925156e+000  4.2391399e+000
  6.7657065e+000  3.2071497e+000
 -3.1137839e-001  4.4557771e+000
  4.4059563e+000  2.8837130e+000
  4.9488910e+000  7.3506012e+000
  2.9967149e+000  8.2301344e+000
  4.7351131e+000  3.9990541e+000
  1.9824981e+000  7.7988158e+000
  4.3839913e+000  7.4597776e+000
  8.7611652e+000  3.1161450e+000
  2.1779466e+000  8.2817713e+000
  3.7344006e+000  4.9709664e+000
  6.8534496e+000  8.7055852e+000
  4.0201029e+000  3.5211680e+000
  2.3794923e+000  6.9989055e+000
  7.6675640e+000  8.2694750e+000
  3.9260071e+000  2.9721914e+000
  7.6757291e+000  8.6880698e+000
  2.3565813e+000  7.0071843e+000
  4.5261252e+000  6.0274340e+000
  7.6219712e+000  7.5516140e+000
  4.5369339e+000  2.3958689e+000
  8.2233970e+000  4.7502482e+000
  4.8916909e+000  3.5323811e+000
  8.1371133e-001  7.2638237e+000
  3.0791546e+000  7.1200920e+000
  7.3537696e+000  7.9021136e+000
  1.2331566e+000  5.5656402e+000
  2.3718229e+000  5.2099193e+000
  5.5250447e+000  6.4156580e+000
  4.8672306e+000  4.0280252e+000
  1.6669872e+000  1.9267689e+000
  8.3056295e+000  7.6037042e+000
  5.9199742e+000  6.6280815e+000
  6.0212175e+000  2.3824146e+000
  4.9329242e+000  5.7685044e+000
  2.6224566e+000  3.7948908e+000
  7.9574180e+000  2.9056104e+000
  2.5575891e+000  5.4156082e+000
  3.2158963e+000  2.9799595e+000
  5.6304070e+000  3.2300764e+000
  7.2085703e+000  3.8086744e+000
  2.4517425e+000  7.4785979e+000
  7.2575419e+000  6.0990221e+000
  5.3667675e+000  3.8643049e+000
  8.7140213e+000  6.5389721e+000
  3.9899129e+000  7.8769954e+000
  7.6618967e+000  2.6423397e+000
  1.8619446e+000  3.0578547e+000
  7.2826165e+000  6.7404690e+000
  3.4151360e+000  7.8330981e+000
  3.5747560e+000  2.3971829e+000
  8.7190650e+000  5.0266318e+000
  4.6399861e+000  2.3575928e+000
  4.9150582e-001  4.0071608e+000
  2.2211570e+000  2.7994958e+000
  5.6902717e+000  5.0230545e+000
  4.4914729e+000  3.1276616e+000
  4.2050994e-001  2.4582477e+000
  2.9381966e+000  1.6149763e+000
  1.1283373e+000  3.6516431e+000
  5.1862198e+000  5.2352049e+000
 -3.3425495e-002  3.5893020e+000
  5.8945447e+000  3.4402231e+000
  7.4029186e+000  5.9095700e+000
  6.4994257e+000  5.0991634e+000
  2.2333020e+000  4.8756395e+000
  2.5353376e+000  5.1088069e+000
  6.1993808e+000  7.2117277e+000
  2.8146489e+000  3.0758811e+000
  9.3838237e+000  4.1851832e+000
  9.6076439e+000  4.1558793e+000
  5.8087373e+000  6.4496233e+000
  2.3430034e+000  4.9811417e+000
  2.8056684e+000  4.9683294e+000
  8.6812696e+000  3.9350695e+000
  8.6853240e+000  8.0952543e+000
  3.2836125e+000  8.2352120e+000
  2.1461819e+000  3.8434514e+000
  6.3788125e+000  6.1894657e+000
  6.8030542e+000  6.8825310e+000
  6.0219223e+000  3.7499456e+000
  4.5110128e+000  8.5971732e+000
  2.2968650e+000  2.7160088e+000
  2.4807564e+000  7.3402770e+000
  7.3845913e+000  5.1909109e+000
  5.5321815e+000  4.0499246e+000
  8.6914731e+000  4.2869298e+000
  2.6838185e+000  2.0461347e+000
  7.2633923e+000  8.1387594e+000
  2.0298839e+000  7.1938227e+000
  3.6010870e+000  7.5911474e-001
  6.0669158e+000  3.8780049e+000
  4.8862229e+000  7.2232322e+000
  6.0169383e-001  3.9317145e+000
  5.7318658e+000  4.6499475e+000
  6.9940879e+000  1.4428509e+000
  9.0971878e+000  6.4777515e+000
  9.6480213e-001  2.6016571e+000
  7.2844142e+000  7.4631451e+000
  5.7637148e+000  3.4552078e+000
  4.6021637e+000  2.3953315e+000
  2.7580328e+000  2.6274177e+000
  6.2531240e+000  6.7733241e+000
  7.7741393e+000  5.1076647e+000
  8.8942199e+000  8.4884981e+000
  1.9883599e+000  7.2909407e+000
  2.0934657e+000  7.2817393e+000
  7.1069125e+000  7.5614956e+000
  6.1468867e+000  3.0309680e+000
  2.3233793e+000  6.9305206e+000
  3.1532573e+000  4.8583477e+000
  7.1940701e+000  6.9316154e+000
  5.5939743e+000  1.6124745e-001
  7.5920473e+000  5.4748691e+000
  8.6803653e+000  5.4607794e+000
  2.9038696e+000  7.7013699e+000
  7.4565562e+000  4.3350799e+000
  2.7394539e+000  7.9089856e+000
  5.2460375e+000  1.4904396e+000
  2.1626222e+000  8.2748345e+000
  3.6609257e+000  1.7911928e+000
  9.4212165e+000  4.8851974e-001
  4.8063388e+000  5.6761139e+000
  5.3243446e+000  2.4773339e+000
  2.3412824e+000  2.5737668e+000
  7.0399127e+000  5.1089281e+000
  7.0952636e+000  2.6748447e+000
  6.3713440e+000  7.3547950e+000
 -1.8645812e-001  4.9647913e+000
  3.7781057e+000  9.6338118e+000
  1.8670128e+000  1.8075128e+000
  1.5519755e+000  7.0413954e+000
  2.8420007e+000  8.3348337e+000
  2.2797708e+000  3.0424772e+000
  5.0123194e+000  6.2111756e+000
  6.4491277e+000  2.3134531e+000
  1.6999643e+000  6.6042902e+000
  8.6501467e+000  3.0161834e+000
  1.8037878e+000  3.8129801e+000
  1.7979928e+000  6.2810690e+000
  3.1584717e+000  3.4936207e+000
  7.1532885e+000  6.6535376e+000
  5.4188004e+000  6.3785328e+000
  6.3654581e+000  6.9526389e+000
  7.5994653e+000  8.5975095e+000
  6.7422647e+000  6.5571376e+000
  6.6373579e+000  2.3643185e+000
  4.7694944e+000  3.5092519e+000
  6.8151942e+000  3.7807603e+000
  3.1364390e+000  2.1173879e+000
  3.1817398e+000  3.7244170e+000
  3.2108517e+000  4.2959291e+000
  9.9357040e+000  3.3486995e+000
  2.6243911e+000  7.8033912e+000
  5.9008042e+000  6.8054468e+000
  2.7858713e+000  8.8593723e+000
  3.0512120e+000  5.4271830e+000
  8.5031720e+000  6.1355974e+000
  4.2080123e+000  8.4558728e-001
  4.5287880e+000  6.0113811e+000
  5.5779075e+000  1.3536668e+000
  2.2123005e+000  5.1905095e+000
  7.5389263e+000  6.8075132e+000
  5.9799257e+000  4.2787754e+000
  8.3438511e+000  7.1742481e+000
  7.0499263e+000  4.1956283e+000
  4.8513191e+000  4.9034025e+000
  4.5677468e+000  3.3455780e+000
  7.6893034e+000  7.1298603e+000
  2.1301219e+000  5.7629716e+000
  6.4061468e+000  5.3280460e+000
  2.1879514e+000  5.2693298e+000
  9.9355699e-001  7.8844837e+000
  5.2440409e+000  1.4978893e+000
  3.0170095e+000  2.5689534e+000
  2.2259711e+000  7.1842753e+000
  3.2251745e+000  4.7104515e+000
  2.3742373e+000  7.5705973e+000
  2.3419509e+000  5.4060595e+000
  2.9117698e+000  5.2401598e+000
  7.2279755e+000  5.5358318e-001
  6.8870034e+000  2.7162550e+000
  5.4797912e+000  5.0928812e+000
  5.7795129e+000  8.3140536e+000
  2.2595728e+000  2.9469899e+000
  2.5387281e+000  7.2843386e+000
  4.4460492e+000  2.8273201e+000
  5.6667513e+000  3.6551288e+000
  7.8451672e+000  9.5013872e-001
  6.4663863e+000  2.5821344e+000
  2.9402801e+000  8.5877305e+000
  5.6387592e+000  4.6278603e+000
  7.1830677e+000  2.1441267e+000
  3.2663723e+000  6.4627173e+000
  6.0493418e+000  4.1716459e+000
  7.4101968e+000  8.1669040e+000
  9.2622263e+000  4.0914773e+000
  3.1236327e+000  3.8687030e+000
  5.0121422e+000  1.8890387e+000
  2.1294494e+000  3.4627317e+000
  2.9320960e+000  9.6274143e+000
  2.6826461e+000  7.0820912e+000
  7.7802904e+000  5.9997533e+000
 -5.1467731e-001  9.1007132e+000
  8.5809621e+000  4.9163121e+000
  4.8779653e+000  6.0351830e+000
  1.6679479e+000  1.9326511e+000
  4.4917961e+000  7.5115462e+000
  4.9837376e+000  6.4663435e+000
  5.6451734e+000  3.8192971e+000
  2.4929841e+000  4.4573241e+000
  6.8358530e+000  3.7108291e+000
  2.8632886e+000  4.9535579e+000
  6.1085451e+000  4.6139554e+000
  3.2965367e+000  4.9386048e+000
  3.2564173e+000  8.5608190e+000
  8.0823476e+000  5.5945026e+000
  7.3201324e-002  2.7497368e+000
  2.7180361e+000  2.7668096e+000
  4.1163748e+000  2.2423411e+000
  9.5451115e+000  3.4705574e+000
  2.5498530e+000  7.1677201e+000
  7.0436965e+000  4.4975647e+000
  2.4817877e+000  4.6788474e+000
  4.7606754e+000  1.2896765e+000
  5.9017144e+000  5.5442572e+000
  7.5840618e+000  6.2656989e+000
  7.1540712e+000  2.4051886e+000
  9.5632823e+000  4.2166516e+000
  4.3560642e+000  6.3545614e+000
  4.6710764e+000  2.9583045e+000
  6.8343331e+000  6.2545345e+000
  4.5239811e+000  2.9413828e+000
  2.0735385e+000  7.1943672e+000
  4.7792301e+000  6.2257787e+000
  7.9035054e+000  4.4407950e+000
  3.9068566e+000  2.1670604e+000
  8.4883133e+000  6.0125093e+000
  1.6154034e-001  3.8838910e+000
  2.1795470e+000  5.2707770e+000
  6.1577088e+000  5.3039672e+000
  8.2149352e+000  3.0975923e+000
  2.7388149e+000  3.7716611e+000
  3.3481518e+000  4.1147066e+000
  4.2356739e+000  8.1022647e+000
  7.7143269e+000  3.6934905e+000
  5.3451597e+000  3.7778985e+000
  7.5918771e+000  1.9970244e+000
  7.9804058e+000  4.7783811e+000
  3.4720369e+000  4.4107072e+000
  6.8117325e+000  7.9422413e+000
  9.1076677e+000  6.7246921e+000
  6.0265590e+000  2.8170076e+000
  6.5607903e+000  8.3019499e+000
  6.9618651e+000  6.9069623e+000
  3.5236932e+000  4.2330433e+000
  5.3383946e+000  5.8956290e+000
  7.4581566e+000  4.2235498e+000
  2.2375352e+000  6.8552584e+000
  5.3737799e+000  2.7034958e+000
  2.5554882e+000  5.2821583e+000
  2.4883133e+000  5.3677027e+000
  9.0531204e+000  5.0548934e+000
  5.7730317e+000  9.2471873e-001
  5.3207984e+000  5.6533878e+000
  3.0066983e+000  9.6226591e+000
  8.6605371e+000  4.3281923e+000
  1.6151298e+000  2.5607874e+000
  5.4041557e+000  6.4254207e+000
  6.4050472e+000  2.0323691e+000
  6.7325297e+000  4.1403240e+000
  7.0875270e+000  2.5898449e+000
  5.7681463e+000  8.0028291e+000
  4.7183821e+000  7.6874519e+000
  6.7206048e+000  7.2692206e+000
  2.0867555e+000  1.0568353e-002
  5.4555306e-001  5.8151933e+000
  2.7745229e+000  3.6806202e+000
  3.0900036e+000  7.9864257e+000
  4.9882821e+000  4.2988765e+000
  3.2653496e+000  7.2591330e+000
  5.6356962e+000  3.2075647e+000
  3.0736583e+000  7.1970805e+000
  6.6537950e+000  2.6303662e+000
  8.2546800e+000  4.3258987e+000
  4.5798866e+000  8.7712299e+000
  4.8584233e+000  3.5898140e+000
  6.1209667e+000  4.2001666e+000
  3.0662017e+000  3.7265147e+000
  8.7626248e+000  2.3323470e+000
  7.0769875e+000  2.8424200e+000
  2.8531953e+000  4.6892993e+000
  7.3213070e+000  3.7128534e+000
  5.0916681e+000  3.2996879e+000
  2.3537115e+000  3.6176834e+000
  4.9086076e+000  4.0438050e+000
  5.4619528e+000  4.7403187e+000
  1.6452287e+000  7.0374856e+000
  5.8379174e+000  6.1053886e+000
  5.1896561e+000  2.1762771e+000
  3.6422756e+000  7.5905870e+000
  2.0737222e+000  7.4488682e+000
  8.0434178e+000  2.4721502e+000
  2.3708547e+000  7.5523389e+000
  5.5330408e+000  7.0048600e+000
  7.6479354e+000  8.4273246e+000
  3.2998668e+000  3.1932277e+000
  3.1342216e+000  7.8715890e+000
  8.3828557e+000  4.8893747e+000
  4.2675126e+000  7.0298696e+000
  3.3807155e+000  4.8482035e+000
  3.8864368e+000  3.3184157e+000
  1.7647269e+000  3.6296846e+000
  5.8263633e+000  3.8654778e+000
  6.8119740e+000  1.5517469e+000
  8.8323679e+000  4.6749343e+000
  7.5109577e+000  7.3484843e+000
  6.8122214e-001  7.4123839e+000
  6.6204964e+000  7.0027113e+000
  7.9520367e+000  6.7411880e+000
  6.1802995e+000  4.3015889e+000
  8.3484658e+000  2.6669405e+000
  8.7314452e+000  8.1946658e+000
  6.6212121e+000  6.7451376e+000
  2.2210084e+000  6.7086330e+000
  1.9601392e+000  7.5098772e+000
  6.4193729e+000  2.9653455e+000
  5.9593293e+000  6.8286822e+000
  7.3902515e+000  5.9880004e+000
  7.1256163e+000  5.6472976e+000
  4.6900409e+000  8.1079780e+000
  2.1430663e+000  2.6852090e+000
  8.7207425e+000  8.5225190e+000
  5.1353314e+000  7.1280191e+000
  8.0823629e+000  8.3042106e+000
  9.1640102e+000  3.4759925e+000
  4.6533263e+000  2.8570471e+000
  4.8908657e+000  2.7076710e+000
  9.1334288e+000  6.4401820e+000
  6.4496039e+000  1.1654645e+000
  7.2207379e+000  7.0858222e+000
  7.4965204e+000  3.8636419e+000
  6.1875983e+000  2.1415586e+000
  6.3282047e+000  8.0505140e+000
  5.4636910e+000  5.8255428e+000
  9.8959635e+000  3.3935777e+000
  5.5388112e+000  3.7181636e+000
  5.2725200e+000  3.7968597e+000
  9.4125807e+000  6.0899479e+000
  9.2741686e+000  3.6802603e+000
  3.6553285e+000  9.4567255e+000
  2.1337544e+000  7.8664918e+000
  5.3325644e+000  2.8994154e+000
  4.5816071e+000  2.0202914e+000
  6.8973058e+000  7.5215560e+000
  6.5923991e+000  3.6834272e+000
  2.4354850e+000  6.2075153e+000
  6.3208544e+000  5.0888572e+000
  3.2187085e+000  3.7484190e+000
  5.3695613e+000  2.9019295e+000
  7.0131643e+000 -2.1747419e-001
  3.2017898e+000  7.5406955e+000
  7.2138227e+000  2.8842392e+000
  7.4839740e+000  7.1543641e+000
  4.2678213e+000  5.2868367e+000
  7.0014032e+000  3.6766076e+000
  5.4383044e+000  2.8053231e+000
  5.5008668e+000  4.0646593e+000
  8.9337291e+000  3.8363604e+000
  7.2449766e+000  8.8744492e+000
  2.6309219e+000  2.4810946e+000
  7.5937371e+000  7.2370031e+000
  5.1022559e+000  4.7738356e+000
  6.5113195e+000  2.6612546e+000
  2.0726035e+000  2.5809636e+000
  3.9830423e+000  7.7505355e+000
  2.6903077e+000  3.9894346e+000
  2.7126976e+000  3.3916407e+000
  2.8254575e+000  8.5136373e+000
  4.2676487e+000  3.4383704e+000
  2.9067590e+000  8.5868420e+000
  2.5018801e+000  4.7840632e+000
  4.2804098e+000  7.9306156e+000
  2.3724625e+000  8.0627128e+000
  4.7257402e+000  2.9368530e+000
  6.1053742e+000  6.6443079e+000
  1.6500243e+000  9.5664091e+000
  5.0793806e+000  3.1328628e+000
  3.3433452e+000  3.1817746e+000
  1.2174823e+000  2.5059257e+000
  7.3677909e+000  6.0996340e+000
  6.1101922e+000  6.4026611e+000
  1.2991714e+000  8.2934889e+000
  7.7585855e+000  5.3222989e+000
  9.1472597e+000  5.3150564e+000
  2.6568366e+000  1.0939559e+000
  2.7890199e+000  4.8013829e+000
  9.2368622e+000  4.5051703e+000
  4.5466513e+000  3.5271561e+000
  7.4953646e+000  7.1552732e+000
  2.8935811e+000  1.6421166e+000
  5.9716184e+000  4.3370458e+000
  2.5170118e+000  2.7526778e+000
  5.5562700e+000  1.3777774e+000
  6.0041180e+000  2.0457404e-001
  5.0606310e+000  3.8402734e+000
  3.6336198e+000  3.6534135e+000
  2.5058036e+000  4.7335183e+000
  8.0231306e+000  3.9478322e+000
  6.0224592e+000  6.6971837e+000
  1.6473242e+000  4.3144170e+000
  5.5399025e+000  1.2613145e+000
 -2.5762996e-001  4.2236104e+000
  6.8183580e+000  7.1666734e+000
  2.3324742e+000  2.4342859e+000
  6.6769652e+000  6.8120771e+000
  3.2018921e+000  7.6544326e+000
  6.8401076e+000  3.6592831e+000
  6.0046281e+000  7.0317857e+000
  6.3382118e+000  1.0965842e+000
  6.2381317e+000  3.3267830e+000
  7.2710666e+000  3.1171630e+000
  7.0251637e+000  6.2698573e+000
  7.1986094e+000  6.2252814e+000
  3.6950217e+000  3.6267393e+000
  2.2027271e+000  7.6092058e+000
  7.7200355e+000  7.3914357e+000
  6.1019560e+000  1.1253002e+000
  3.3846036e+000  8.4911241e+000
  4.6421678e+000  6.1484623e+000
  7.7388277e+000  2.2349354e+000
  7.5058441e+000  7.2714991e+000
  2.9590840e+000  7.9582916e+000
  4.7187276e+000  3.8903275e+000
  2.3146092e+000  7.3566632e+000
  1.0026521e+001  3.5139418e+000
  5.2957439e+000  7.5512128e+000
  6.9646528e+000  2.7243736e+000
  8.3032094e+000  5.7204772e+000
  8.5512074e+000  4.7272933e+000
  6.1380143e+000  7.0387259e-001
  2.6261689e+000  3.9215719e-001
  8.0322305e+000  7.7562552e+000
  8.6877813e+000  4.9138492e-001
  9.4821215e+000  4.0900694e+000
  2.3687142e+000  2.2484636e+000
  8.5836256e+000  4.2607920e+000
  7.5375473e+000  4.4800093e+000
  6.0749589e+000  1.3460138e+000
  4.0067709e+000  2.3990069e+000
  6.9620182e+000  4.2782216e+000
  3.6779645e+000  2.9172555e+000
  3.4666486e+000  4.5790800e+000
  5.5098488e+000  4.0063367e+000
  8.3387545e+000  6.8308094e+000
  5.8039797e+000  7.4021538e+000
  7.3171591e+000  7.2913573e+000
  3.2037322e+000  3.6042771e+000
  9.2575229e+000  7.4898403e+000
  3.4885331e+000  7.1633581e+000
  7.5649776e+000  8.8136312e+000
  6.7714819e+000  8.2435519e+000
  5.5798668e+000  8.0144707e+000
  8.9019995e+000  4.5223914e+000
  6.1726286e+000  4.6712230e+000
  8.0854144e+000  8.3271474e+000
  5.8770035e+000  3.6152117e+000
  6.7571137e+000  7.8293097e+000
  2.6619961e+000  8.2664255e+000
  4.5498617e+000  2.4303705e+000
  4.5280854e+000  7.9820425e+000
  6.5880679e+000  1.4462254e+000
  9.0733294e+000  6.1897106e+000
  6.8967699e+000  6.4871939e+000
  2.9204540e+000  7.9614062e+000
  4.9610700e+000  2.6746776e+000
  3.6379419e+000  3.6834964e+000
  4.5604831e+000  4.6837909e+000
  4.5738857e+000  5.7931249e+000
  4.5105839e+000  2.3439210e+000
  7.3966574e+000  6.3184254e+000
  2.8593422e+000  5.2275645e+000
  2.9611779e+000  8.1685553e+000
  6.1794682e+000  6.7273551e+000
  1.5936759e+000  4.9996361e+000
  6.5405449e+000  6.3936394e+000
  3.1004684e+000  7.8205228e+000
  5.7967201e+000  6.0819201e+000
  7.1154178e+000  9.1497111e+000
  1.7105864e+000  6.7177280e+000
 -2.9433623e-001  4.6459437e+000
  6.8949637e+000  5.0496439e+000
  2.4762916e+000  6.9806771e+000
  6.0549517e+000  2.9458629e+000
  2.2272437e+000  5.1165861e+000
  5.7280064e+000  5.3012124e+000
  4.9010402e+000  6.3682719e+000
  3.0192814e+000  7.7248782e+000
  6.4645753e+000  6.1326165e+000
  1.9027861e+000  7.6394997e+000
  5.3886214e+000  3.1329603e+000
  1.2020584e+000  7.2505230e+000
  8.3303413e+000  5.6864362e+000
  6.5620193e+000  2.9985137e+000
  6.6140774e+000  7.3169562e+000
  3.2903510e+000  7.0014133e+000
  7.5033133e+000  6.2068448e+000
  7.5526138e+000  8.7019872e+000
  9.1864537e+000  5.4346285e+000
  7.2018164e+000  6.1389506e+000
  6.8406929e+000  5.7774391e+000
  7.3431454e+000  6.0171933e+000
  7.3662161e+000  2.6468231e+000
  6.3698052e+000  7.4449836e+000
  8.1825263e+000  5.9224738e+000
  1.7363874e+000  2.9233745e+000
  9.9777390e+000  3.5253061e+000
  4.7392815e+000  3.4616799e+000
  6.5415333e+000  5.1400686e+000
  4.9112741e+000  3.7625006e+000
  2.9337161e+000  3.0881881e+000
  2.5300242e+000  8.9607844e+000
  3.6289476e+000  7.5240317e+000
  6.9145854e+000  6.3452994e+000
  6.0805768e+000  3.1380304e+000
  6.4760859e+000  2.1562759e+000
  6.9201801e+000  2.9215849e+000
  9.0203627e+000  6.0787115e+000
  7.2173210e+000  1.2105929e+000
  2.0305075e+000  3.1423775e+000
  7.1563405e+000  7.2329191e+000
  6.6797474e+000  7.5322465e+000
  3.3949821e+000  7.9375517e+000
  2.1457940e+000  2.3683527e+000
  5.0660787e+000  8.1796369e+000
  4.6888801e+000  6.6564122e+000
  2.9411981e+000  4.2739399e+000
  6.8324354e+000  2.6061261e+000
  7.7270658e+000  5.6959286e+000
  8.6706083e+000  4.4007754e+000
  7.0316634e+000  5.2887757e+000
  5.4081936e+000  5.7078099e+000
  8.7834974e-001  2.9848457e+000
  3.8566901e+000  9.7612868e+000
  2.4314068e+000  8.3042471e+000
  6.8021474e+000  2.1109930e+000
  7.0083738e+000  2.0821819e+000
  5.2174065e+000  3.6213872e+000
  6.1455934e+000  8.1224031e+000
  5.8996411e+000  4.6528773e+000
  2.8673354e+000  2.5828899e+000
  2.9209279e+000  4.0385240e+000
  2.3965901e+000  2.1991466e+000
  1.0572513e+000  2.5769989e+000
  1.2949325e+000  6.1587853e+000
  7.1646798e+000  5.3331792e+000
  3.0896788e+000  4.1976238e+000
  3.8160326e+000  8.8782832e+000
  4.6917052e+000  1.7013362e+000
  2.5009854e+000  2.3726303e+000
  2.7235066e+000  4.2604570e+000
  8.1594716e+000  2.8928541e+000
  7.0019466e+000  7.4162306e+000
  4.3454022e+000  2.5414662e+000
  1.5632769e+000  7.1182674e+000
  2.2266540e+000  7.5879569e+000
  3.1306992e+000  4.8703988e+000
  6.3334710e+000  6.8572712e+000
  3.4457965e+000  9.2776133e-001
  6.8225174e+000 -1.2450239e+000
  2.7427535e+000  7.1108887e+000
  7.4244342e+000  2.9884480e+000
  2.3837793e+000  3.6150637e+000
  2.9338066e+000  5.3873597e+000
  1.6435474e+000  7.5468522e+000
  6.2425879e+000  6.0867236e+000
  3.2601573e+000  4.1694052e+000
  2.7388618e+000  2.6491616e+000
  2.8236434e+000  3.9647228e+000
  5.7458426e+000  2.7638081e+000
  3.5043358e+000  4.8409555e+000
  5.5295914e+000 -3.2577112e-001
  3.7405171e+000  7.0504253e+000
  7.3841437e+000  7.6132848e+000
  2.8578498e+000  7.4852580e+000
  2.5263705e+000  7.6200251e+000
  8.8353652e+000  4.2531588e+000
  6.0360521e-001  2.7477934e+000
  4.3787166e+000  2.5757582e+000
  2.3102608e+000  9.4672165e+000
  6.5070507e+000  6.5290058e+000
  4.2825598e+000  6.1090767e+000
  2.6627768e+000  2.8125673e+000
  2.7673102e+000  8.7549766e+000
  3.2069674e+000  7.4553576e+000
  7.0588349e+000  3.6881273e+000
  2.6977204e+000  1.1663907e+000
  5.2418835e+000  5.5490943e+000
  7.5442009e+000  3.3990758e-001
  3.9405120e+000  5.0962180e+000
  6.5802272e+000  3.7712540e+000
  2.6773145e+000  2.5807808e+000
  9.2188374e+000  5.7317558e+000
  7.4288953e+000  7.2322401e+000
  6.5630664e+000  7.4533078e+000
  5.5938641e+000  4.3462742e+000
  5.2742155e+000  3.0758741e+000
  5.8365980e-001  2.9626350e+000
  2.4039801e+000  4.7390126e+000
  5.5931574e+000  3.8095930e-001
  5.5567019e+000  6.8313537e+000
  5.8917005e+000  4.6106051e+000
  3.5823550e+000  3.0549805e+000
  2.0036327e+000  3.1707836e+000
  6.5153170e+000  7.8344767e+000
  6.4895432e+000  7.3694467e+000
  3.1069155e+000  5.2825732e+000
  2.2989670e+000  5.5432388e+000
  6.9400491e+000  3.6850228e+000
  8.7241485e+000  4.3754338e+000
  5.8950554e+000  1.8670072e+000
  6.3068693e+000  2.7901588e+000
  3.4975126e+000  1.3184817e+000
  6.5485676e+000 -1.5900146e-002
  1.5904409e+000  5.7832781e+000
  3.5245974e+000  7.1735407e+000
  2.0593691e+000  2.1867375e+000
  5.5561540e+000  4.0011164e+000
  4.6727234e+000  2.7347913e+000
  6.8100283e+000  2.6947378e+000
  6.4148194e+000  6.4404378e+000
  2.5533013e+000  3.6439322e+000
  3.4886095e+000  2.0498756e+000
  3.3946874e+000  2.8535336e+000
  2.2540949e+000  7.6917525e+000
  5.3559739e+000  5.3869707e+000
  6.8884241e+000 -1.0240178e+000
  2.2227204e+000  6.6278712e+000
  7.5813596e+000  5.3866929e+000
  5.4196871e+000  3.4264457e+000
  1.8135804e+000  2.5988078e+000
  5.2435976e+000  4.4416572e+000
  2.6637164e+000  5.0886325e+000
  4.2666065e+000  5.5863274e+000
  4.7369257e+000  7.3602674e+000
  6.8548749e+000  1.9008816e+000
  8.0776226e+000  2.8670454e+000
  6.7611817e+000  6.8104479e+000
  6.1122772e+000  4.2470734e+000
  7.9769968e+000  4.3115871e+000
  2.6023601e+000  8.1452116e+000
  2.2305737e+000  8.3424881e+000
  5.7807331e+000  3.6286172e+000
  9.6938458e+000  3.3189484e+000
  6.6428042e+000  3.4602799e+000
  5.1652852e+000  3.4595614e+000
  6.4806166e+000  5.1928840e+000
  3.3750143e+000  4.7622451e+000
  2.5781531e+000  5.1031577e+000
  5.5842175e+000  2.9501687e+000
  6.7908553e+000  2.4873680e+000
  5.2007629e+000  6.4852697e+000
  2.7025259e+000  7.2133050e+000
  5.7301600e+000  4.3575496e+000
  2.2290187e+000  7.6498300e+000
  2.6441613e+000  2.6841781e+000
  7.0031990e+000  7.0141733e+000
  7.2386601e+000  7.7083571e+000
  9.7138003e+000  6.2196432e+000
  8.4777507e+000  4.2815031e+000
  6.2788673e+000  4.1832929e+000
  4.6496055e+000  6.8662753e+000
  7.3283322e+000  7.9103835e+000
  3.5787075e+000  7.5784205e+000
  5.2707327e+000  7.0413144e-001
  5.5353530e+000  5.2459355e+000
  6.4152733e+000  5.9841965e+000
  7.1342782e+000  2.8037565e+000
  6.5270553e+000  7.7532796e+000
  3.2661111e+000  9.8733433e+000
  5.4879177e+000  4.6040691e+000
  6.5348819e+000  6.5289829e+000
  6.9991808e+000  1.9832807e+000
  6.6819534e+000  2.0996386e+000
  3.1410132e+000  8.2165456e+000
  1.7571974e+000  7.1806333e+000
  2.7861182e+000  8.2182073e+000
  4.6968012e+000  3.4555093e+000
  2.7215722e+000  8.6585876e+000
  6.4639452e+000  8.8191017e+000
  5.6492673e+000  2.7966310e+000
  5.0690735e+000  3.5197877e+000
  1.9865569e+000  7.6215727e+000
  6.1384494e+000  1.1236171e+000
  1.8911077e+000  4.4300566e+000
  4.3393869e+000  2.9774516e+000
  7.0366289e+000  4.7552908e+000
  5.7427605e+000  3.1857006e+000
  6.2538846e+000  2.3901992e+000
  2.1259851e+000  7.4839002e+000
  6.6405971e+000  7.7545016e+000
  7.3951907e+000  5.5886682e+000
  5.1146554e+000  6.6193038e+000
  8.3978021e+000  6.6869870e+000
  4.2438636e+000  3.0602192e+000
  4.3710556e+000  3.3883778e+000
  3.2993331e+000  6.0300499e+000
  3.2240130e+000  5.0426127e+000
  7.5628827e+000  7.5297834e+000
  7.3368839e+000  5.0393597e+000
  3.6870070e+000  3.2072170e+000
  6.7609036e+000  4.1201988e+000
  4.4229609e+000  2.3144596e+000
  6.8781719e+000  6.4020017e+000
  4.3466716e+000  7.5241747e+000
  6.8498112e+000  4.1650783e+000
  4.7618831e+000  8.2476768e+000
  9.5560681e+000  3.9063089e+000
  4.5286137e+000  7.4975493e+000
  7.0777053e+000  5.6205176e+000
  6.4762359e+000  2.4634843e+000
  3.0462339e+000  4.7402257e+000
  6.2868911e+000  5.4206700e+000
  7.2572001e+000  5.1512820e+000
  8.6995185e+000  7.9166265e+000
  6.9505241e+000  1.6661988e+000
  6.6755721e+000  6.9045851e+000
  8.7574880e+000  5.4343987e+000
  3.1675510e+000  8.3293249e+000
  5.5035690e+000  9.6327966e-001
  2.4676845e+000  2.3781116e+000
  2.1753264e+000  7.5590752e+000
  6.6271809e+000  4.5519887e+000
  6.3332918e+000  6.7408495e+000
  2.6633416e+000  3.8150901e+000
  3.3844397e+000  3.9827829e+000
  5.4959166e+000  3.8016209e+000
  4.8822752e+000  6.2832321e+000
  1.0365142e+000  2.7053737e+000
  5.4431843e+000  5.9977747e+000
  6.2792192e+000  7.4999023e+000
  5.5454345e+000  5.0030340e+000
  3.4163070e+000  1.7940137e+000
  6.8582082e+000  4.7893350e+000
  6.8133771e+000  4.4338315e+000
  8.3610999e+000  6.2323322e+000
  5.4787273e+000  3.4116191e+000
  2.2846937e+000  2.5892678e+000
  6.1416859e+000  1.6238340e-001
 -5.2124616e-001  9.5685845e+000
  3.9730278e+000  2.2245116e+000
  2.1668728e+000  3.7859302e+000
  8.3970048e+000  2.6905076e+000
  3.1512970e+000  7.2514514e+000
  2.4547452e+000  7.9523722e+000
  2.2688708e+000  1.7852088e+000
  5.9625690e+000  2.8828735e+000
  7.4304805e+000  7.4902144e+000
  6.7865882e+000  2.7984316e+000
  4.9665676e+000  5.1044363e+000
  5.5552171e+000  2.9256425e+000
  3.8508401e+000  1.3658612e+000
  4.3885249e+000  8.2749826e+000
  5.4254393e+000  4.8780422e+000
  5.1295401e+000  2.7137116e+000
  6.6750312e+000  2.5493546e+000
  6.9789692e+000  6.7082199e+000
  5.1416836e+000  4.5739451e+000
  7.7210377e+000  6.7376554e+000
  2.0571717e+000  4.6134954e+000
  5.5772659e+000  5.1047384e+000
  2.2175885e+000  2.3225952e+000
  2.8325289e+000  7.8069168e+000
  2.3138220e+000  7.6072252e+000
  2.0405504e+000  7.3625374e+000
  6.8871882e+000  3.5353132e+000
  6.0152587e+000  6.7799123e+000
  5.2168026e+000  2.7103563e+000
  4.5245043e+000  7.6411213e+000
  2.3787708e+000  2.6405099e+000
  8.7671180e+000  7.8071218e+000
  6.7491427e+000  7.8227430e+000
  1.1444047e+000  5.7081226e+000
  7.9495660e+000  7.9493409e+000
  6.1592099e+000  2.5863654e+000
  2.7859429e+000  7.8711192e+000
  6.5100985e+000  1.2271653e+000
  6.8151174e+000  6.4822034e+000
  2.3827777e+000  7.3128593e+000
  3.1705845e+000  7.5400913e+000
  3.7092677e+000  2.0122958e+000
  6.8062436e+000  6.7470339e+000
  1.1681097e+000  2.2832740e+000
  5.0429524e+000  2.7357431e+000
  2.9545820e+000  3.8381287e+000
  2.3514443e+000  7.8940788e+000
  9.7692781e+000  5.8295611e+000
  7.5580010e+000  7.7663117e+000
  2.8981132e+000  3.4546725e+000
  5.5658106e+000  2.7781607e+000
  7.0389631e+000  4.3423424e+000
  4.0734176e+000  7.5816738e+000
  2.4691037e+000  7.1789496e+000
  2.5392987e+000  4.7517561e+000
  7.0239516e+000  6.9552858e+000
  5.4124824e+000  5.5448265e+000
  6.2921826e+000  2.4644914e+000
  3.0628758e+000  2.7034860e+000
  5.5497468e+000  4.6672123e+000
  6.7081506e+000  2.3994351e+000
  2.8507850e+000  8.2612522e+000
  3.0400646e+000  7.8007067e+000
  2.6037110e+000  7.9145444e+000
  7.2192418e+000  2.8340960e+000
  7.4423515e+000  7.5521704e+000
  8.9929957e+000  6.4267669e+000
  1.9336699e+000  4.3353396e+000
  4.9950027e+000  3.1472244e+000
  7.9819526e+000  5.8203203e+000
  7.0968275e+000  7.8392132e+000
  7.6432006e+000  3.1541845e+000
  6.6228300e+000  6.6195803e+000
  5.6463942e+000  2.2272870e+000
  7.7207374e+000  8.3977482e+000
  2.2186232e+000  7.2850024e+000
  6.6688832e+000  5.8313654e+000
  3.0332374e+000  8.1024171e+000
  7.4443488e+000  9.0439629e+000
  9.1366609e+000  5.1712799e+000
  4.8724350e+000  7.2717805e+000
  3.3445719e+000  5.0419686e+000
  3.2706520e+000  4.2882198e+000
  2.9591781e+000  2.1999225e+000
  6.8484153e+000  7.4356678e+000
  2.3541394e+000  7.4105920e+000
  5.9896696e+000  7.3894698e+000
  2.6030688e+000  7.8195328e+000
  5.4129615e+000  1.7728398e+000
  3.9207624e+000  5.1568597e+000
  5.1392204e+000  3.2111299e+000
  1.3662377e+000  1.7523705e+000
  3.1234321e+000  2.6384208e+000
  3.2619828e+000  2.6835523e+000
  6.6467324e+000  4.3731402e+000
  5.9592742e+000  3.4269921e+000
  2.4330866e+000  5.0993879e+000
  3.9498267e+000  3.9283751e+000
  5.2962919e+000  5.3551299e+000
  6.0604796e+000  6.8088714e+000
  7.0801696e+000  3.0118040e+000
  6.7127255e+000  6.1139338e+000
  1.6876243e+000  3.3236766e+000
  5.2837200e+000  4.0025170e+000
  6.0856706e+000  4.5827812e+000
  3.3755152e+000  4.8754606e+000
  3.3393925e+000  1.8221335e+000
  7.0608271e+000  8.4328643e+000
  4.5202124e+000  5.3236828e+000
  5.7231682e+000  3.8306975e+000
  3.3578632e+000  7.0386334e+000
  4.7107918e+000  2.7436403e+000
