  5.5269497e+000  2.3926549e+000
  7.6443862e+000  7.2924105e+000
  2.4040561e+000  7.2026814e+000
  7.5364132e+000  2.4650580e+000
  7.2559503e+000  6.3711249e+000
  7.4192446e+000  6.5234825e+000
  8.1170083e+000  3.2652259e+000
  3.7683892e+000  1.7444878e+000
  2.8945440e+000  4.6782333e+000
  2.4671435e+000  7.1457466e+000
  7.0432468e+000  6.3176962e+000
  1.7504763e+000  4.5210828e+000
  7.0967422e+000  6.3904233e+000
  2.8026124e+000  9.0514548e-001
  5.3724939e+000  4.8526643e+000
  6.5535737e+000  6.4997088e+000
  3.4141377e+000  7.8938519e+000
  8.1069259e+000  7.0949067e+000
  6.8542462e+000  1.6644706e+000
  7.3043084e+000  7.7171408e+000
  6.7315758e+000  6.1516791e+000
  4.5386539e+000  7.7333788e+000
  5.7496505e+000  3.8431231e+000
  5.6452701e+000  3.6600915e+000
  6.1946129e+000  5.2127742e+000
  7.5686924e+000  7.0844924e+000
  1.9727136e+000  7.6449870e+000
  7.9105873e+000  3.3311072e+000
  7.2652876e+000  7.0027485e+000
  6.0620331e+000  2.6821675e+000
  6.7069558e+000  6.6233862e+000
  7.9863124e+000  2.9484600e+000
  2.1742484e+000  2.1153818e+000
  6.2249728e-001  4.6602966e+000
  3.7041958e+000  1.9151182e+000
  6.9230054e+000  6.3249518e+000
  7.0457640e+000  6.7165175e+000
  1.9747577e+000  5.7775648e+000
  4.2563980e+000  7.8443295e+000
  7.0013291e+000  3.9854332e+000
  2.5538137e+000  3.0504343e+000
  7.9197882e+000  2.8947134e+000
  3.0790051e+000  2.5435381e+000
  7.8372908e+000  1.5263069e+000
  1.7472900e+000  5.6582457e+000
  3.7583784e+000  8.5807970e+000
  2.4128040e+000  5.2782136e+000
  7.1827995e+000  7.5543141e+000
  7.5208265e+000  2.6876413e+000
  2.3671138e+000  7.4534682e+000
  8.6903040e+000  2.9324495e+000
  4.4324457e+000  7.8789295e+000
  7.2179195e+000  6.6484744e+000
  7.4172432e+000  7.1450257e+000
  7.6032868e+000  6.2192006e+000
  7.1281504e+000  6.5293599e+000
  2.3194667e+000  4.5363648e+000
  6.1972402e+000  6.7572525e+000
  2.6752863e+000  4.2815123e+000
  6.7241649e+000  6.3583955e+000
  2.0300042e+000  4.5235495e+000
  1.4281248e+000  7.6038278e+000
  5.5101621e+000  3.7231396e+000
  8.0913510e+000  5.0866807e-001
  7.9394965e+000  4.7733137e+000
  2.7751198e+000  2.2053631e+000
  7.9252573e+000  6.8453822e+000
  5.2542478e+000  3.6738760e+000
  2.5315478e+000  7.6986376e+000
  7.0205707e+000  6.4273255e+000
  5.8298078e+000  3.3519314e+000
  2.5236932e+000  3.4844252e+000
  2.4522031e+000  7.9607018e+000
  2.0527041e+000  3.2549700e+000
  6.7578682e+000  6.7268717e+000
  5.9349312e+000  3.7037795e+000
  7.9636754e+000  2.7776727e+000
  2.9973150e+000  8.1837129e+000
  6.2177142e+000  3.1499206e+000
  2.9583866e+000  2.0243030e+000
  6.8928805e+000  6.7933746e+000
  6.7046709e+000  6.5996345e+000
  3.1130006e+000  8.4516019e+000
  7.1792126e+000  2.5878283e+000
  4.7799417e+000  4.3094178e+000
  4.6736400e+000  3.7841373e+000
  2.4129631e+000  3.1024782e+000
  2.6685625e+000  2.1409367e+000
  5.7816535e+000  3.7215901e+000
  9.3461509e+000  2.7037781e+000
  4.4157641e+000  6.9913444e+000
  2.6054319e+000  8.4213599e-001
  2.5693162e+000  2.2258109e+000
  7.4678834e+000  2.4341717e+000
  1.9158866e+000  2.4742820e+000
  8.2652750e+000  3.0881945e+000
  2.3929433e+000  4.6218134e+000
  2.1157720e+000  7.2757265e+000
  1.9595450e+000  2.7226810e+000
  2.8514696e+000  2.1469135e+000
  7.3258742e+000  6.7024632e+000
  3.3316907e+000  1.7305015e+000
  7.7695309e+000  1.1674926e+000
  7.4454464e+000  5.6690687e+000
  7.0119553e+000  2.6933327e+000
  1.9633734e+000  5.9891015e+000
  3.4926193e+000  1.9143920e+000
  2.5424597e+000  3.3310449e+000
  5.6583873e+000  3.6487971e+000
  1.5448445e+000  7.1929419e+000
  5.7152150e+000  3.7182172e+000
  7.9536169e+000  2.8825135e+000
  6.8699601e+000  2.4209656e+000
  1.8764597e+000  6.4991985e+000
  8.6034163e-001  3.7049122e+000
  7.6301181e+000  5.6451862e+000
  7.0901963e+000  5.0238668e+000
  5.3229065e+000  3.9693782e+000
  5.8543338e+000  4.7672557e+000
  2.7693645e+000  7.6277936e+000
  7.0809121e+000  6.9627259e+000
  3.7250470e+000  5.3978104e+000
  5.2058407e+000  2.9612417e+000
  6.7973863e+000  6.7442074e+000
  2.2445297e+000  2.3663409e+000
  1.6153463e+000  6.0113636e+000
  3.6107939e+000  6.3092847e+000
  1.7101181e+000  7.5263298e+000
  2.5370394e+000  2.2162327e+000
  6.7500425e+000  6.2542749e+000
  2.3509656e+000  2.5987439e+000
  4.7100047e+000  3.0479714e+000
  8.0680043e+000  4.6668055e+000
  3.4372590e+000  7.8957595e+000
  3.3217926e+000  2.0822171e+000
  3.8619291e+000  2.4748453e+000
  2.5972227e+000  2.1882400e+000
  2.8529713e+000  2.7841676e+000
  1.8723417e+000  3.2127539e+000
  5.4491868e+000  3.9931414e+000
  2.4140616e+000  6.0401075e+000
  2.8070994e+000  6.4413661e-001
  6.9964705e+000  6.9263916e+000
  6.9370274e+000  1.0523603e+000
  1.8057778e+000  5.8984452e+000
  5.6906968e+000  3.7376284e+000
  6.7577433e+000  6.3057088e+000
  1.5986614e+000  7.8613467e+000
  6.6324464e+000  5.8865703e+000
  7.2234176e+000  7.4941330e+000
  7.4234154e+000  7.2714628e+000
  7.2811084e+000  6.9978850e+000
  2.1194766e+000  3.8692002e+000
  5.0535315e+000  2.7572901e+000
  3.4947731e+000  1.3485051e+000
  5.0180629e+000  5.9735691e+000
  8.7251847e+000  8.3391884e+000
  3.3603590e+000  2.4987909e+000
  3.0999313e+000  2.2556023e+000
  7.2002636e+000  6.8828414e+000
  2.1673936e+000  8.0044874e+000
  3.6354478e+000  8.0991709e+000
  3.3240276e+000  1.1134889e+000
  7.6127110e+000  2.0366633e+000
  2.2033984e+000  2.1613863e+000
  2.5815908e+000  7.6786441e+000
  5.0816865e+000  2.5415006e+000
  7.8075637e+000  1.3844371e+000
  4.6990378e+000  3.6784787e+000
  6.6963391e+000  2.7437407e+000
  7.5995939e+000  6.8161431e+000
  1.4216937e+000  5.2589301e+000
  3.5530267e+000  2.2855412e+000
  1.7196315e+000  6.2611992e+000
  3.6015855e+000  7.8304110e+000
  1.9421922e+000  6.7563774e+000
  7.9849689e+000  6.7886298e+000
  2.4036129e+000  6.9645854e+000
  6.6235779e+000  2.4933425e+000
  3.3171169e+000  7.7011188e+000
  3.0848023e+000  3.4650235e+000
  2.6647799e+000  2.4355218e+000
  5.5751407e+000  3.4987122e+000
  7.6134279e+000  1.8727155e+000
  8.4404721e+000  7.8234317e+000
  2.2382567e+000  2.5802158e+000
  4.8564599e+000  3.5064284e+000
  7.6369485e+000  7.2092681e+000
  8.0282463e+000  6.7557825e+000
  6.4019571e+000  5.8389678e+000
  6.6114400e+000  6.6381980e+000
  2.9949014e+000  2.3649012e+000
  6.8488729e+000  7.0604825e+000
  7.1660775e+000  6.9488415e+000
  2.4808467e+000  7.9897242e+000
  5.3391827e+000  3.6363812e+000
  7.6271722e+000  3.1032765e+000
  6.8642005e+000  6.0740977e+000
  7.6544654e+000  5.4613111e+000
  8.7464096e+000  3.6848562e+000
  2.1553682e+000  8.0836950e+000
  7.8064193e+000  7.5391239e+000
  7.0487164e+000  6.8736672e+000
  2.9402353e+000  1.4760879e+000
  5.1180706e+000  3.2141111e+000
  8.5576727e+000  3.3783189e+000
  7.5826002e+000  1.0430336e+000
  7.4466523e+000  6.6361136e+000
  6.8556516e+000  7.0791201e+000
  7.2607849e+000  6.8156755e+000
  6.9705411e+000  2.0481397e+000
  2.3448293e+000  5.8505470e+000
  5.3438214e+000  3.8165671e+000
  5.4480817e+000  4.2284816e+000
  2.2565029e+000  7.6283060e+000
  6.8818131e+000  2.4175425e+000
  6.8595061e+000  5.7527759e+000
  5.1317450e+000  4.8011789e+000
  5.6848010e+000  2.6054687e+000
  7.2557015e+000  1.9110399e+000
  7.8995033e+000  1.7893376e+000
  2.3302782e+000  7.5579836e+000
  1.3888072e+000  3.4448169e+000
  7.1060268e+000  6.6860665e+000
  4.5745214e+000  6.0528735e+000
  2.0188375e+000  2.7772996e+000
  1.9236235e+000  1.7424241e+000
  7.6797784e+000  2.8081239e+000
  1.4523754e+000  5.8994075e+000
  3.8072418e+000  1.1014033e+000
  6.1574810e+000  2.3405435e+000
  7.4781445e+000  6.6250693e+000
  2.3516033e+000  8.2594190e+000
  7.4798828e+000  1.7916233e+000
  7.4319424e+000  6.3924063e+000
  4.9398771e+000  3.3938418e+000
  2.6479108e+000  2.8104821e+000
  2.5387547e+000  4.1426916e+000
  2.5677761e+000  1.4066121e+000
  7.3494627e+000  7.8958926e+000
  5.6591727e+000  3.6256748e+000
  9.1863593e-001  3.6237454e+000
  6.9688033e+000  5.7159815e+000
  3.1693841e+000  5.5929951e+000
  5.1241946e+000  3.0277122e+000
  7.5656845e+000  5.9249545e+000
  7.4947458e+000  2.0146904e+000
  6.9310561e+000  6.8197907e+000
  2.0459412e+000  7.6459269e+000
  2.1745412e+000  8.8957918e+000
  5.2395013e+000  3.8267616e+000
  6.8461394e+000  7.3866910e+000
  4.8772442e+000  3.3383763e+000
  7.0712284e+000  6.5235934e+000
  2.7509139e+000  3.1632550e+000
  6.5425743e+000  5.8127253e+000
  3.5587415e+000  2.2100452e+000
  8.5775291e+000  6.4942831e+000
  7.4236577e+000  6.5482163e+000
  2.2055749e+000  6.5296100e+000
  2.5531259e+000  7.3809315e+000
  4.4218680e+000  8.3474597e+000
  2.1668179e+000  6.1095215e+000
  2.3164281e+000  7.5675665e+000
  8.7463495e+000  3.2947558e+000
  7.6022112e+000  6.4349960e+000
  7.9524880e+000  6.8753893e+000
  7.2859123e+000  6.8905732e+000
  8.0984584e+000  3.4227768e+000
  7.7361961e+000  3.1006249e+000
  6.9989415e+000  7.1346278e+000
  2.4846150e+000  4.1171318e+000
  5.6861204e+000  1.6586829e+000
  7.1594090e+000  6.6631095e+000
  4.5226849e+000  3.0620525e+000
  5.0583985e+000  3.7513739e+000
  4.1230646e+000  8.1721179e+000
  3.2017170e+000  3.4484455e+000
  2.7967988e+000  8.3057573e+000
  1.7884145e+000  7.7662725e+000
  8.1007769e-001  3.5610038e+000
  6.7560893e+000  6.7985784e+000
  5.5315488e+000  3.7399870e+000
  7.5914692e+000  4.8098682e+000
  2.4507134e+000  4.2748051e+000
  6.2329631e+000  7.5609456e+000
  8.2168153e+000  2.7009433e+000
  7.7186170e+000  2.1725082e+000
  7.9051041e+000  2.8112761e+000
  4.6531538e+000  3.3881187e+000
  2.0546465e+000  7.8226590e+000
  7.0499205e-001  4.2719231e+000
  6.8868768e+000  6.7790096e+000
  6.6649700e+000  7.0437014e+000
  6.6087900e+000  6.8680207e+000
  7.6152352e+000  6.7526569e+000
  1.8559938e+000  4.5021084e+000
  7.3491424e+000  2.5275331e+000
  5.2670520e+000  4.3547053e+000
  2.9089163e+000  2.4995860e+000
  5.4223542e+000  6.3225528e+000
  5.3527765e+000  3.4270533e+000
  5.5598912e+000  5.1571815e+000
  7.8491334e+000  6.7999331e+000
  6.3300973e+000  7.6761509e+000
  6.9234259e+000  1.7764119e+000
  7.4450376e+000  1.4214705e+000
  3.5570711e+000  1.7051168e+000
  7.8390031e+000  8.4201290e+000
  3.7319470e+000  2.0649530e+000
  2.4629550e+000  1.1997524e+000
  3.4157899e+000  2.3744669e+000
  1.5412346e+000  7.6370890e+000
  7.6385233e+000  1.6345673e+000
  2.5573164e+000  4.7271295e+000
  7.4966594e+000  6.1726452e+000
  7.6208981e+000  2.6060723e+000
  5.5390925e+000  3.4082573e+000
  5.1762413e+000  3.9318619e+000
  2.6102490e+000  2.6311231e+000
  3.1868509e+000  9.6347059e-001
  8.9942665e+000  2.7017018e+000
  4.9414344e+000  3.2197080e+000
  3.5417654e+000  2.2141731e+000
  8.0709617e+000  7.5174924e+000
  3.1525461e+000  8.5161325e+000
  7.0669605e+000  6.6882277e+000
  7.8302096e+000  7.2819966e+000
  6.5997791e+000  2.7157988e+000
  7.5577563e+000  1.1848123e+000
  7.5153364e+000  2.8572390e+000
  8.0070422e+000  8.4299749e+000
  5.0282959e+000  3.7125582e+000
  7.5194852e+000  1.8957641e+000
  6.7874112e+000  6.6495503e+000
  7.5341311e+000  5.2319361e+000
  2.1070043e+000  6.4791195e+000
  7.1174304e+000  2.4475314e+000
  3.1042691e+000  8.1704885e+000
  1.4619927e+000  8.8330340e+000
  7.0597247e+000  6.9335821e+000
  1.8414223e+000  7.5189042e+000
  5.2938993e+000  3.8592082e+000
  1.9433737e+000  2.8487597e+000
  6.9253671e+000  5.3632520e+000
  3.4147394e+000  7.7517335e+000
  7.0754433e+000  6.7098900e+000
  4.9281594e+000  4.6515391e+000
  5.7424174e+000  5.1992547e+000
  4.3530681e+000  6.2437960e+000
  1.8761937e+000  4.4830671e+000
  2.9472856e+000  2.5111088e+000
  3.3302105e+000  8.0229349e+000
  7.7725780e+000  1.9400236e+000
  7.8001108e-001  4.3087115e+000
  8.0189029e+000  3.7531915e+000
  6.9114328e+000  6.6130336e+000
  2.7156765e+000  8.2833741e+000
  7.4377874e+000  7.2122198e+000
  1.6115439e+000  7.2777740e+000
  2.2794222e+000  4.7955816e+000
  7.0892388e+000  5.1512991e+000
  8.4431728e+000  3.0708697e+000
  3.9175981e+000  1.1549694e+000
  4.4994265e-001  7.2414054e+000
  7.1145896e+000  6.3652590e+000
  1.8677185e+000  1.9455965e+000
  5.4544284e+000  3.9675685e+000
  7.4856271e+000  6.9926399e+000
  2.5864087e+000  8.0813691e+000
  6.8081429e+000  6.3094460e+000
  7.6315427e+000  2.3221551e+000
  3.8940788e+000  7.7757288e+000
  7.5629197e+000  3.8689831e-001
  7.6175864e+000  5.9613156e+000
  3.0361551e+000  2.2693573e+000
  7.2200198e+000  6.6287367e+000
  2.3073098e+000  7.9101188e+000
  7.5045500e+000  1.6774560e+000
  7.8408677e+000  3.0058983e+000
  7.9121961e+000  8.3205144e+000
  1.8337165e+000  2.1056171e+000
  5.2604083e+000  1.9046727e+000
  2.3235662e+000  6.6323297e+000
  5.9189168e+000  3.9084203e+000
  8.1301791e+000  4.9600469e-001
  2.5118923e+000  2.5336130e+000
  2.6070175e+000  4.0875736e+000
  7.0481624e+000  7.2539639e+000
  3.6800447e+000  4.7867242e+000
  1.6325209e+000  4.3509468e+000
  8.0232842e+000  5.8992193e+000
  7.0369807e+000  5.9146235e+000
  6.5657892e+000  6.7959851e+000
  4.8243975e+000  4.0483317e+000
  2.5934094e+000  5.6347342e+000
  2.4760708e+000  4.8753738e+000
  3.3623359e+000  1.7558246e+000
  1.5235007e+000  7.6094432e+000
  7.0277532e+000  6.5954309e+000
  2.7922774e+000  4.5459573e+000
  2.0343701e+000  7.7016345e+000
  5.8207121e+000  3.2614079e+000
  2.3971318e+000  2.5548857e+000
  3.6597262e+000  1.4210512e+000
  6.1917360e+000  1.9202671e+000
  5.6930216e+000  4.9318538e+000
  8.5882459e+000  7.8899622e+000
  2.2418692e+000  7.7142567e+000
  7.7383236e+000  7.0925477e+000
  3.0572881e+000  7.4977984e+000
  2.2765368e+000  6.5526525e+000
  1.4246450e+000  2.6032988e+000
  2.3857573e+000  6.0524512e+000
  3.1255699e+000  7.9909407e+000
  2.2890548e+000  2.3372320e+000
  6.4038914e+000  4.2223395e+000
  3.8606513e+000  7.8426190e+000
  5.2709133e+000  3.5730210e+000
  6.5074497e+000  1.9996811e+000
  1.8783542e+000  4.6977548e+000
  1.9640311e+000  3.4110867e+000
  5.0267879e+000  4.4894420e+000
  7.0421219e+000  6.4467518e+000
  2.9397645e+000  2.3799830e+000
  4.5832883e+000  5.7260918e+000
  5.7392450e+000  2.9417354e+000
  6.9868280e+000  6.8097244e+000
  7.5595395e+000  7.9642623e-001
  2.9922937e+000  2.9081643e+000
  8.2754578e+000  4.6445195e+000
  1.4769781e+000  7.5927434e+000
  9.1333746e+000  1.7554110e+000
  2.8003357e+000  8.2276708e+000
  6.7894040e+000  7.1908101e+000
  6.5165592e+000  8.0630987e+000
  6.7006723e+000  5.0956514e+000
  7.4512764e+000  6.9485571e+000
  7.7214381e+000  6.7185520e+000
  6.5414768e+000  6.8151781e+000
  2.7479999e+000  9.3001386e-001
  6.6402433e+000  6.4125383e+000
  7.6712741e+000  6.5739732e+000
  2.5786470e+000  2.3118121e+000
  5.1339098e+000  2.0164552e+000
  2.8393425e+000  5.9332805e+000
  2.4120095e+000  1.3879656e+000
  3.7600025e+000  7.8375617e+000
  2.3160952e+000  8.2662930e+000
  1.2884770e+000  2.7045292e+000
  1.6742269e+000  7.4698461e+000
  7.3734073e+000  6.6103569e+000
  6.7302613e+000  5.7147184e+000
  2.3064877e+000  1.0655060e+000
  7.9770716e+000  8.2104579e+000
  2.4832749e+000  7.7795784e+000
  6.4615072e+000  6.9750440e+000
  7.8188759e+000  1.6840997e+000
  3.5990436e+000  2.0331678e+000
  8.6921872e+000  2.7606716e+000
  3.3808070e+000  2.5366001e+000
  6.5876781e+000  6.3709478e+000
  2.7502614e+000  2.1585044e+000
  2.0856212e+000  2.6645210e+000
  6.9368719e+000  4.1743954e+000
  7.2073502e+000  5.2717622e+000
  3.7483904e+000  1.1463098e+000
  1.9014423e+000  7.1785067e+000
  2.2812171e+000  5.7094204e+000
  1.6067851e+000  6.0439008e+000
  5.7986069e+000  3.5901373e+000
  8.0037557e+000  6.7455172e+000
  2.2780107e+000  3.1532770e+000
  6.9634929e+000  6.5880479e+000
  2.1052801e+000  7.3199102e+000
  3.1618482e+000  2.7780729e+000
  7.7453182e+000  3.2985704e+000
  7.7527917e+000  7.2682259e+000
  4.9198222e+000  5.9264779e+000
  6.6885423e+000  5.6778204e+000
  6.8010375e+000  6.1075646e+000
  5.6037752e+000  4.5181956e+000
  7.4148934e+000  2.7266503e+000
  2.6126944e+000  4.0991699e+000
  6.9142836e+000  5.9546887e+000
  7.0656329e+000  5.6933395e+000
  5.6241220e+000  3.4762548e+000
  7.8132186e+000  3.3125912e+000
  5.8763286e+000  2.8745346e+000
  5.1705252e+000  6.5485422e+000
  2.3424245e+000  7.2363245e+000
  6.5677284e+000  5.7342674e+000
  7.3584207e+000  6.5382433e+000
  2.1861061e+000  7.7190522e+000
  5.6602371e+000  9.0510003e+000
  7.5615796e+000  6.4055730e+000
  7.4075173e+000  6.3023747e+000
  6.4665802e+000  3.9459660e+000
  8.1046063e+000  5.6265779e+000
  2.5291548e+000  2.3104362e+000
  6.6070598e+000  6.7351234e+000
  7.7259520e+000  4.9931442e+000
  8.4464302e+000  8.0980124e+000
  5.6808469e+000  1.8698454e+000
  2.4070089e+000  4.2990761e+000
  2.5049776e+000  3.0071541e+000
  2.6432229e+000  1.3864418e+000
  3.1006850e+000  2.0920928e+000
  1.8337311e+000  7.9212498e+000
  2.1358758e+000  5.3244690e+000
  7.2180843e+000  5.4660011e+000
  1.6099861e+000  8.7430848e+000
  2.6448495e+000  7.3808831e+000
  5.3153188e+000  4.1150077e+000
  4.4738361e+000  8.1676498e+000
  7.6555761e+000  6.8474418e+000
  7.3621708e+000  3.3887860e+000
  7.0835687e+000  2.5915362e+000
  6.8858610e+000  1.1078331e+000
  2.5707125e+000  7.0894366e+000
  8.9963551e+000  3.1963514e+000
  5.7707964e+000  2.1846653e+000
  2.8075766e+000  7.4804014e+000
  8.3820546e+000  6.2323435e+000
  2.2838946e+000  7.7903537e+000
  6.2254154e+000  2.0499496e+000
  2.4322952e+000  2.4875698e+000
  5.6441729e+000  3.3062654e+000
  6.7409786e+000  6.1587494e+000
  2.7673631e+000  7.7335367e+000
  6.6281469e+000  1.5845556e+000
  7.2336014e+000  6.6026360e+000
  7.1449933e+000  6.2319886e+000
  2.5404039e+000  1.0233214e+000
  3.3247821e+000  8.5142814e+000
  2.6650370e+000  2.5910933e+000
  2.8280763e+000  9.1346463e+000
  8.9353615e+000  2.8368909e+000
  7.8032286e+000  6.3618616e+000
  7.2466028e+000  7.4390214e+000
  1.9650544e+000  1.9452670e+000
  6.6169622e+000  6.5289569e+000
  7.2412678e-001  6.7512033e+000
  7.2943825e+000  6.4839539e+000
  5.1723280e+000  4.1019861e+000
  2.0943027e+000  3.3458535e+000
  6.8403852e+000  5.2841701e+000
  2.2907483e+000  9.0084388e+000
  3.8921157e+000  7.7839341e+000
  6.6835133e+000  6.5811717e+000
  2.4101258e+000  5.2402126e+000
  7.8025358e+000  6.9512691e+000
  7.5800173e+000  6.4736407e+000
  5.5112481e+000  1.5943723e+000
  6.7417934e+000  6.8241003e+000
  2.3297181e+000  8.0716222e+000
  1.3686615e+000  5.4555125e+000
  2.7383566e+000  8.1932023e-001
  2.9660592e+000  9.0004577e-001
  1.7911729e+000  3.9942597e+000
  3.5973208e+000  3.0231037e+000
  1.0616544e+000  4.8017808e+000
  7.3497640e+000  6.0158925e+000
  7.1139272e+000  6.8353096e+000
  2.5689372e+000  4.0889586e+000
  4.4625742e+000  6.6692766e+000
  6.6035175e+000  7.0112840e-001
  1.8446804e+000  2.6620841e+000
  1.7432748e+000  5.7506879e+000
  2.1294121e+000  5.2522448e+000
  7.1961647e+000  7.3341996e+000
  2.7479917e+000  2.2707083e+000
  7.7091610e+000  7.0969588e+000
  1.5999201e+000  5.6234966e+000
  5.9521245e+000  4.6184841e+000
  6.4661810e+000  9.1896602e-001
  6.9830218e+000  5.6833910e+000
  6.0160308e-001  7.3564374e+000
  9.0406764e+000  3.2406672e+000
  6.6063769e+000  5.3676238e+000
  3.0067290e-001  6.8571744e+000
  5.2439178e+000  3.5667463e+000
  5.4139156e+000  4.7843871e+000
  7.2800037e+000  6.5938780e+000
  2.9027009e+000  7.2721373e+000
  3.1869415e+000  2.6446057e+000
  1.7938991e+000  3.9136643e+000
  6.9124496e+000  7.2793595e+000
  8.5983478e+000  3.0097013e+000
  2.6111256e+000  4.7035908e+000
  1.5740438e+000  7.4231608e+000
  7.0474116e+000  7.0638933e+000
  1.7006705e+000  7.4782614e+000
  2.1406608e+000  7.4210401e+000
  7.9080939e+000  7.2970454e+000
  2.5800521e+000  2.4677858e+000
  6.7816743e+000  6.8803690e+000
  8.0178265e+000  6.9861636e+000
  8.5601773e+000  8.4103806e+000
  6.7787544e+000  5.8767587e+000
  3.4836762e+000  1.9838908e+000
  2.1891548e+000  7.3056753e+000
  6.6859263e+000  7.5412942e+000
  2.7898945e+000  5.2079856e+000
  5.9518441e+000  2.6623448e+000
  3.4292882e+000  2.2996668e+000
  5.4711041e+000  4.0750512e+000
  2.5077817e+000  2.6721570e+000
  1.1923535e+000  8.7900688e+000
  1.9343628e+000  1.0381446e+000
  7.1172360e+000  3.6285083e+000
  1.6682915e+000  6.7235230e+000
  7.4571251e+000  2.9740337e+000
  8.3156287e+000  4.7241240e+000
  7.5991527e+000  6.7730394e+000
  1.4450589e+000  8.5487494e+000
  4.3192203e+000  8.1268735e+000
  7.2748609e+000  6.7252078e+000
  2.7042200e+000  8.4932004e+000
  7.7710266e+000  3.1391326e+000
  2.6521709e+000  6.0416017e+000
  9.0360521e+000  2.3527931e+000
  7.3267800e+000  6.6484176e+000
  2.8422551e+000  2.9183519e+000
  8.4750532e+000  7.3878638e+000
  4.4576662e+000  3.7394813e+000
  2.4700294e+000  7.5563148e+000
  2.1863446e+000  7.8566786e+000
  5.8747427e+000  1.9845979e+000
  6.9763907e+000  6.1309035e+000
  8.8355584e+000  2.8523575e+000
  8.0416010e+000  3.1601591e+000
  2.5942739e+000  6.2637804e+000
  3.6924299e+000  1.2215974e+000
  6.8022593e+000  7.4315961e+000
  7.3070578e+000  6.5931727e+000
  4.8222858e-001  8.5513291e+000
  5.4225364e+000  2.0304486e+000
  7.0794036e+000  6.5510532e+000
  3.3915808e+000  7.9695175e+000
  2.4774072e+000  4.3591248e+000
  7.6425499e+000  1.6029260e+000
  7.4818541e+000  5.6770533e+000
  7.1373432e+000  6.4685827e+000
  7.6070911e+000  5.7808989e+000
  3.5011239e+000  9.1801347e+000
  7.3316074e+000  6.9821266e+000
  4.6701291e+000  3.6836418e+000
  6.9476552e+000  6.4573995e-001
  5.0320304e+000  4.2046349e+000
  7.2637792e+000  7.1295380e+000
  2.3217581e+000  7.7563701e+000
  6.6313667e+000  6.3766125e+000
  3.5037567e+000  9.6379110e+000
  3.5719065e+000  1.4870546e+000
  5.2368902e+000  4.2680131e+000
  7.1550575e+000  7.0429728e+000
  6.6181270e+000  6.3508317e+000
  3.6502672e+000  2.1186763e+000
  6.6063704e+000  6.5302428e+000
  8.1675257e+000  3.1614131e+000
  3.2020062e+000  9.1277001e+000
  1.2700000e+000  3.6795544e+000
  2.0265378e+000  7.5449820e+000
  2.1193297e+000  1.4921697e+000
  6.6896025e+000  5.2895711e+000
  3.0766978e+000  2.3616680e+000
  3.6873237e+000  3.3530813e+000
  8.4229544e+000  8.1295500e+000
  1.1203362e+000  4.0412628e+000
  6.7454476e+000  6.3922137e+000
  2.6432021e+000  3.8230889e+000
  6.8278069e+000  7.4719592e+000
  2.3085489e+000  9.0212962e+000
  1.5884288e+000  7.0792842e+000
  3.5252914e+000  3.5693396e+000
  3.3883506e+000  2.0982027e+000
  6.4303195e+000  6.5091989e+000
  2.1146566e+000  7.8907958e+000
  5.3776533e+000  1.6131913e+000
  1.7646037e+000  7.4390806e+000
  7.3011179e+000  7.0121032e+000
  2.7396038e+000  4.7750133e+000
  5.6464499e+000  3.7877166e+000
  2.5625690e+000  7.6420879e+000
  6.8027181e+000  2.3196904e+000
  8.7100897e+000  3.1797824e+000
  1.7050538e+000  7.5670246e+000
  5.7805873e+000  1.8600788e+000
  6.7510184e+000  6.9603711e+000
  7.0016456e-001  6.6747828e+000
  7.6404375e+000  2.4537009e+000
  8.8856122e+000  2.8459837e+000
  3.7335566e+000  2.5138132e+000
  6.9874487e+000  6.5185052e+000
  7.3900726e+000  4.9745351e+000
  7.8864463e+000  2.8351495e+000
  2.0145824e+000  5.8239808e+000
  7.0288004e+000  5.1622838e+000
  4.0771988e+000  2.7204160e+000
  2.1498820e+000  1.4367725e+000
  2.0731723e+000  5.4276960e+000
  5.3854529e+000  3.7597211e+000
  5.8073109e+000  1.9138068e+000
  5.3236250e+000  5.0622533e+000
  8.1001445e+000  8.4130456e+000
  7.2662631e+000  4.9692776e+000
  7.2290334e+000  7.6205706e+000
  6.5391973e+000  7.4971515e+000
  7.9842622e+000  6.7757884e+000
  6.8736917e+000  6.0989457e+000
  6.9300010e+000  6.8582606e+000
  6.6241766e+000  6.7731149e+000
  6.2683405e+000  7.3882275e+000
  5.2212455e+000  3.6168174e+000
  6.7170552e+000  6.1015270e+000
  2.8308734e+000  5.6143811e+000
  3.0352787e+000  8.2448989e+000
  3.3651255e+000  7.7829326e+000
  3.7242160e+000  1.2542538e+000
  6.6292028e+000  7.1067453e+000
  7.2979004e+000  5.6747016e+000
  2.5734709e+000  2.2414964e+000
  7.0144557e+000  8.2376359e+000
  1.7543939e+000  4.4723781e+000
  6.6598936e+000  8.4568378e+000
  5.9832331e+000  4.9267290e+000
  2.4027532e+000  6.5997154e+000
  9.1696260e+000  3.0140980e+000
  2.3356881e+000  4.8869704e+000
  3.2910263e+000  1.2288146e+000
  6.9332371e+000  6.2426919e+000
  2.6883913e+000  7.7969546e+000
  6.4599824e+000  7.3920926e+000
  8.9528800e+000  2.8283402e+000
  6.7273033e+000  7.0221428e+000
  6.5627459e+000  1.8107336e+000
  2.3712704e+000  2.2936864e+000
  6.5322416e+000  6.5012225e+000
  2.0430280e+000  7.4324388e+000
  8.7633904e+000  2.8737351e+000
  6.0244653e+000  1.9011320e+000
  6.9287518e+000  6.5922269e+000
  2.1524439e+000  5.9219326e+000
  6.4001646e+000  5.2036737e+000
  3.6098911e+000  7.6617897e+000
  3.2124914e+000  3.3755927e+000
  2.1084173e+000  2.6283604e+000
  1.9516304e+000  3.4016514e+000
  7.2447361e+000  6.9273244e+000
  3.8517838e+000  1.8830738e+000
  8.6681721e+000  8.4093241e+000
  2.0245820e+000  5.9031986e+000
  6.7104068e+000  5.1529463e+000
  6.4424275e+000  6.3120384e+000
  3.0900339e+000  8.3064571e+000
  7.1861286e+000  6.8588223e+000
  8.7799494e+000  3.3056571e+000
  6.6941052e+000  6.5705382e+000
  6.8780214e+000  2.4344293e+000
  2.5772737e+000  4.6800332e+000
  4.5151391e+000  7.8590388e+000
  7.5493286e+000  1.1746404e+000
  8.0873891e+000  5.2599977e+000
  2.8790923e+000  2.6543703e+000
  5.6602763e+000  2.3219098e+000
  7.9420137e+000  7.2670657e+000
  3.7142136e+000  8.2483000e+000
  6.8896785e+000  4.9141777e+000
  2.4060395e+000  2.3523443e+000
  6.2023026e+000  4.1565263e+000
  7.3992199e+000  6.6144188e+000
  3.0960260e+000  7.4348335e+000
  8.8789495e+000  3.3388994e+000
  3.3343789e+000  7.8404377e+000
  5.0685663e+000  4.6589693e+000
  3.3760294e+000  8.3141094e+000
  3.3480112e+000  2.1520729e+000
  1.7685760e+000  3.8799726e+000
  7.6269049e+000  7.1881560e+000
  7.6071814e+000  6.8236865e+000
  5.3817660e+000  2.0447048e+000
  3.1603125e+000  2.7035353e+000
  6.7712198e+000  6.5676212e+000
  3.2066299e+000  8.0529973e+000
  7.1735247e+000  1.9941256e+000
  4.6177215e+000  3.2411996e+000
  7.4689596e+000  6.0750970e+000
  1.7721589e+000  7.4359033e+000
  3.4407440e+000  2.1291048e+000
  5.1762276e+000  3.2870681e+000
  7.8718972e+000  2.8427916e+000
  4.9814410e+000  3.9752949e+000
  3.1521151e+000  2.1401072e+000
  2.0164249e+000  5.7237649e+000
  2.5530144e+000  4.4293095e+000
  6.8670294e+000  3.7989912e+000
  2.2255160e+000  8.0111197e+000
  7.0952788e+000  3.4505725e+000
  7.0879063e+000  3.0870707e+000
  1.6869569e+000  4.5024661e+000
  2.3535235e+000  4.4324607e+000
  5.6761413e+000  4.9653625e+000
  2.6831329e+000  2.1479035e+000
  7.1024213e+000  6.3674548e+000
  2.8728107e+000  5.0294256e-001
  4.7897969e+000  2.1404560e+000
  6.7642338e+000  6.7922750e+000
  3.5481119e+000  8.2329217e+000
  6.7356257e+000  7.2602518e+000
  5.6281304e+000  3.5489987e+000
  7.7818563e+000  6.8234444e+000
  2.5483268e+000  2.4229762e+000
  7.0624780e+000  7.0095306e+000
  6.8339566e+000  5.2157840e+000
  8.0953980e+000  6.8284699e+000
  2.6292492e+000  7.2317732e+000
  5.7328391e+000  3.8603125e+000
  2.1487141e+000  5.1392639e+000
  2.8195356e+000  7.5449954e+000
  6.6238022e+000  6.1530486e+000
  2.2924415e+000  7.5854619e+000
  3.5302622e+000  2.2039202e+000
  7.1478911e+000  6.7399270e+000
  4.9158858e+000  3.7283848e+000
  1.0904739e+000  5.0315056e+000
  7.6592869e-001  4.7524264e+000
  5.2107886e+000  3.8406038e+000
  8.0106779e+000  3.0388167e+000
  7.3963444e+000  3.9710527e+000
  6.9857563e+000  6.7369932e+000
  7.5537731e+000  6.5840117e+000
  9.2538082e+000  3.2268093e+000
  6.8524451e+000  6.3193144e+000
  5.8510840e+000  3.5753788e+000
  6.8541885e+000  5.1573180e+000
  2.6491134e+000  2.4177074e+000
  4.6338870e+000  5.5993922e+000
  2.3921854e+000  5.7217791e+000
  2.2042030e+000  4.3264303e+000
  5.3099264e+000  3.3410523e+000
  7.2992150e+000  1.2721839e+000
  2.1001419e+000  1.3667951e+000
  6.3591347e+000  7.7122033e+000
  7.1687198e+000  3.8661044e+000
  5.3782341e+000  2.1892081e+000
  7.8628979e+000  2.9572985e+000
  2.5421135e+000  2.5722824e+000
  7.3363974e+000  7.4953985e+000
  5.7573889e+000  3.7089553e+000
  6.9047029e+000  7.2561291e+000
  6.6131974e+000  6.3740771e+000
  2.3522175e+000  4.6361954e+000
  5.3983717e+000  3.7279127e+000
  5.5310206e+000  3.8959168e+000
  6.6443219e+000  6.4095687e+000
  8.8587277e+000  3.0620739e+000
  2.9079813e+000  4.6715037e+000
  4.8814591e+000  2.7147169e+000
  6.7207586e+000  6.8988695e+000
  4.5212550e+000  3.1933204e+000
  7.8588801e+000  4.8937386e+000
  6.4544057e+000  2.4471807e+000
  3.4912482e+000  2.0241177e+000
  1.1746262e+000  5.1274575e+000
  7.8976545e+000  5.5448977e+000
  2.3525075e+000  8.2874049e+000
  7.5565592e+000  2.4968895e+000
  6.9868277e+000  6.4457031e+000
  6.8393489e+000  6.7782322e+000
  5.4858644e+000  2.4637827e+000
  7.1105142e+000  6.8258592e+000
  2.7774827e+000  4.4574096e+000
  4.0168119e+000  8.9142506e+000
  7.8551587e+000  3.2649069e+000
  8.7029716e+000  8.2040273e+000
  6.5613805e+000  6.8693157e+000
  2.8054713e+000  2.3106590e+000
  1.0165416e+000  4.7058061e+000
  5.5010408e+000  2.0551707e+000
  7.4682320e+000  6.8775155e+000
  7.9423503e+000  4.8135456e+000
  8.0318285e+000  6.7788315e+000
  2.9463927e+000  2.5668714e+000
  1.6560693e+000  7.2993710e+000
  3.5840562e+000  8.4094894e+000
  2.4194918e+000  3.9228301e+000
  5.6817672e+000  4.5519927e+000
  2.8753145e+000  5.8128032e+000
  3.7760953e+000  7.8183216e+000
  2.7537167e+000  7.4472279e+000
  7.6285678e+000  2.7294061e+000
  7.3761499e+000  5.2701507e+000
  2.2137571e+000  7.3917197e+000
  7.3526733e+000  6.3797843e+000
  6.2808041e+000  2.2896376e+000
  2.9094228e+000  7.6386168e+000
  2.4291569e+000  6.0310380e+000
  7.7243942e+000  7.1002215e+000
  3.8268010e+000  9.8024262e+000
  3.1274600e+000  2.4557251e+000
  6.0559104e+000  4.8672845e+000
  7.6167130e+000  6.7088196e+000
  8.4833705e+000  7.6094265e+000
  4.2105860e+000  8.6321112e+000
  2.7581771e+000  2.4295210e+000
  1.7132796e+000  7.1947442e+000
  5.8841351e-001  6.9159424e+000
  3.3126782e+000  2.5557237e+000
  5.5264881e+000  3.9997115e+000
  2.8438756e+000  4.4926662e+000
  5.1853560e+000  3.8170978e+000
  7.0749458e+000  6.9515284e+000
  7.4093568e+000  6.7052913e+000
  5.5595594e+000  1.6665927e+000
  3.5685814e+000  2.0564839e+000
  4.0246388e+000  2.9986658e+000
  2.1403936e+000  7.3168882e+000
  9.1500110e+000  3.1553143e+000
  2.5438209e+000  7.2342583e+000
  2.1511676e+000  6.0832578e+000
  6.7911238e+000  6.4054115e+000
  9.1994082e-001  4.9144063e+000
  3.4999675e+000  8.2766033e+000
  5.7577537e+000  1.9005625e+000
  2.1905782e+000  6.9510125e+000
  2.6518619e+000  7.9467610e+000
  2.2094760e+000  5.8979429e+000
  7.5740144e+000  3.0786086e+000
  2.5154874e+000  2.5187893e+000
  5.7046267e+000  2.2927231e+000
  5.0374570e+000  2.0633813e+000
  3.5067153e+000  2.2834177e+000
  2.9261145e+000  7.3034183e+000
  2.2754482e+000  4.0667316e+000
  2.2703028e+000  5.1381832e+000
  4.8695418e+000  3.7386104e+000
  3.0602325e+000  3.4617116e+000
  2.0231827e+000  5.6553914e+000
  4.4441583e+000  6.0241870e+000
  5.0026904e+000  5.9843250e+000
  7.3698983e+000  7.0308662e+000
  5.4788401e+000  1.5104805e+000
  7.9688419e+000  6.0125584e+000
  7.0446816e+000  2.6789549e+000
  1.5803756e+000  3.7671826e+000
  6.9534144e+000  6.7533917e+000
  7.2385710e+000  1.8378783e+000
  5.4760141e+000  1.8585171e+000
  2.0932640e+000  7.5386177e+000
  3.3026876e+000  7.8270658e+000
  2.7764810e+000  7.8592875e+000
  7.2564592e+000  6.7646866e+000
  7.8861190e+000  2.8825146e+000
  3.5222519e+000  2.4221292e+000
  5.5820525e+000  2.2055383e+000
  5.6383396e+000  3.8209544e+000
  5.5608610e+000  5.0547994e+000
  7.5498170e+000  6.5907078e+000
  6.9231225e+000  6.5428978e+000
  2.9625215e+000  3.5046250e+000
  7.4581637e+000  7.1020264e+000
  2.1640180e+000  7.9523593e+000
  3.2155727e+000  7.0847399e+000
  7.6259939e+000  4.8971169e+000
  6.7983164e+000  7.3235424e+000
  5.9323958e+000  4.7332611e+000
  2.1472288e+000  7.8115477e+000
  7.1557818e+000  4.8930938e-001
  6.9445486e+000  6.7851927e+000
  7.6991620e+000  7.0145907e+000
  2.7200908e+000  4.8687784e+000
  2.1450026e+000  1.7678561e+000
  3.7084962e+000  7.9945362e+000
  5.3900719e+000  3.6188085e+000
  2.4083390e+000  6.2030433e+000
  5.6434344e+000  3.6800664e+000
  4.2527519e+000  8.0348061e+000
  7.5224654e+000  8.0554150e+000
  7.7769808e+000  3.5400991e+000
  4.8757838e+000  2.6262248e+000
  7.1550442e+000  8.5156879e-001
  7.0827613e+000  6.8479628e+000
  1.0817147e+000  3.4891896e+000
  5.7242349e+000  3.3730225e+000
  6.9355922e+000  7.1801293e+000
  6.0255160e+000  7.5546246e+000
  5.2066192e+000  2.9352189e+000
  6.4825825e+000  6.6686745e+000
  8.1661670e+000  2.0211142e+000
  7.5930789e+000  4.8456770e+000
  8.4923284e+000  1.9678199e+000
  6.6188746e+000  6.5187836e+000
  6.8318698e+000  6.2434371e+000
  5.8529740e+000  4.9714083e+000
  2.3334155e+000  2.7109528e+000
  5.9921398e+000  3.4598832e+000
  8.1011770e+000  2.5566353e+000
  2.2199047e+000  5.6523124e+000
  5.1884259e+000  4.5139567e+000
  6.6464475e+000  6.0824538e+000
  3.4236753e+000  7.6632148e+000
  4.6190542e+000  6.0556272e+000
  2.0817623e+000  5.6445490e+000
  6.7570551e+000  5.6092608e+000
  3.6363349e+000  2.0451483e+000
  8.1662592e+000  2.7931252e+000
  2.0410779e+000  8.8480755e+000
  2.7760115e+000  7.5768954e+000
  3.8130177e+000  2.3988534e+000
  2.2181026e+000  7.8272265e+000
  6.9540634e+000  6.3391644e+000
  2.1770472e+000  4.6593558e+000
  4.0098443e+000  7.2312283e+000
  2.2171455e+000  6.9879322e+000
  1.6458857e+000  1.9768701e+000
  6.8001324e+000  6.2413827e+000
  2.8561791e+000  7.8420797e+000
  5.1765965e+000  3.3240926e+000
  9.1778796e-001  5.9651342e+000
  4.5304283e+000  9.1783272e+000
  5.7139130e+000  3.6440651e+000
  6.0188055e+000  4.6594550e+000
  2.4179043e+000  3.8005522e+000
  2.0271380e+000  5.1320891e+000
  2.3481679e+000  7.4847406e+000
  3.5280157e+000  7.8664555e+000
  7.5649233e+000  3.0885101e+000
  5.5632990e+000  3.9507863e+000
  5.6984769e+000  7.4292763e+000
  8.5483168e+000  8.2722665e+000
  6.5017328e+000  6.2367951e+000
  8.7928009e+000  3.3077890e+000
  7.0781393e+000  5.3755998e+000
  2.4648758e+000  4.7953652e+000
  7.1516362e+000  3.2371886e-001
  2.8948976e+000  9.0968178e+000
  7.9267501e+000  6.9497643e+000
  6.6288317e+000  7.4086000e+000
  7.3462607e+000  6.6710292e+000
  2.3528103e+000  6.2687807e+000
  3.7793070e+000  1.5014587e+000
  1.8769597e+000  2.1187652e+000
  4.9304263e+000  4.0906445e+000
  6.6567226e+000  1.3159007e+000
  3.3158522e+000  1.9473586e+000
  3.1144204e+000  1.0573624e+000
  7.6052004e+000  6.8555154e+000
  4.7950475e+000  3.6229476e+000
  7.5039825e+000  6.3750220e+000
  9.3352645e-002  7.6009944e+000
  7.2332564e+000  7.0648026e+000
  2.8765741e+000  2.0501757e+000
  2.3180114e+000  7.7647372e+000
  6.9545546e+000  6.7364096e+000
  3.8427469e+000  8.3343381e+000
  6.6155017e+000  6.6458045e+000
  2.7895836e+000  4.7993226e+000
  8.4563627e+000  7.3964778e+000
  5.4926428e+000  2.9655752e+000
  1.7328552e+000  8.8361980e+000
  2.1901820e+000  8.8707624e+000
  3.1762985e+000  2.3394383e+000
  5.7310304e+000  3.8313513e+000
  6.8699797e+000  1.4721420e+000
  1.5864814e+000  7.1091266e+000
  7.5608926e+000  1.4262543e+000
  2.0197496e+000  8.0984679e-001
  7.1843337e+000  1.9864515e+000
  8.6873601e+000  7.8560839e+000
  5.7114521e+000  3.9683510e+000
  7.9941044e+000  6.8049528e+000
  5.1469320e+000  4.8593749e+000
  7.7257090e+000  2.8761196e+000
  7.6944354e+000  6.7768876e+000
  2.7642054e+000  7.3113110e+000
  2.8429481e+000  5.0117229e+000
  3.0394914e+000  2.4818374e+000
  7.9807187e+000  2.4617007e+000
  3.6281061e+000  7.7585824e+000
  3.0558150e+000  2.1422781e+000
  7.4971498e+000  6.8274138e+000
  6.9897623e+000  6.4046365e+000
  5.5076128e+000  3.3514195e+000
  6.6032743e+000  6.9951755e+000
  6.4601925e+000  5.2112588e+000
  2.1664600e+000  4.5944235e+000
  2.9595539e+000  2.4994267e+000
  6.7751239e+000  7.0314370e+000
  9.1312325e+000  3.1858810e+000
  8.9612283e+000  3.3966108e+000
  6.9165317e+000  6.6819548e+000
  6.8339892e+000  5.0817188e+000
  5.4624785e+000  3.7688347e+000
  1.9557458e+000  2.6387308e+000
  6.9592853e+000  7.3051248e+000
  3.5320482e+000  2.4828805e+000
  7.6006513e+000  7.0151407e+000
  9.7345433e-001  4.0446414e+000
  3.7084057e+000  2.6152460e+000
  6.8145313e+000  6.2055510e+000
  6.7738176e+000  6.3955234e+000
  5.4076365e+000  2.5915275e+000
  4.8678195e+000  2.6286123e+000
  2.2152563e+000  1.0524735e+000
  2.3118164e+000  4.4999469e+000
  7.0303941e+000  3.5078514e+000
  1.9459627e+000  3.5758220e+000
  7.1094182e+000  6.4647223e+000
  1.1353777e+000  5.5079531e+000
  3.2395380e+000  2.7389941e+000
  4.9894536e+000  4.3491527e+000
  6.9206849e+000  7.1150238e+000
  3.8452369e+000  2.9605297e+000
  2.5621639e+000  5.8506756e+000
  7.2719450e+000  5.7955903e+000
  3.4944485e+000  9.2637755e+000
  2.2157238e+000  7.1291824e+000
  8.0874279e+000  7.5267133e-001
  2.0549126e+000  7.4744667e+000
  7.7146022e+000  7.1606784e+000
  7.5253887e+000  6.8983709e+000
  2.6196134e+000  3.2814859e+000
  5.6223187e+000  2.1764861e+000
  7.2115780e+000  5.1032653e+000
  2.1088842e+000  7.4045160e+000
  7.2119831e+000  6.5012911e+000
  2.9516065e+000  7.8931360e+000
  2.0581519e+000  7.3879524e+000
  7.4391389e+000  7.7220343e+000
  7.6034378e+000  6.3610555e+000
  6.9095837e+000  2.2525123e+000
  7.5591421e+000  5.3911067e+000
  3.1947754e+000  5.0286780e+000
  7.1435614e+000  6.9059147e+000
  4.4794880e+000  5.9423885e+000
  6.6105392e+000  6.4161113e+000
  4.6313026e+000  3.6119287e+000
  8.8954151e+000  3.1950128e+000
  5.2686347e+000  2.3522771e+000
  7.1328741e-001  4.2592883e+000
  6.7782057e+000  2.0924341e+000
  4.3693054e+000  7.9975844e+000
  2.0682948e+000  7.2623392e+000
  4.7051922e+000  3.4035176e+000
  1.4520855e+000  7.5228439e+000
  2.2527245e+000  7.9904834e+000
  7.2921214e+000  2.9637438e+000
  1.4725074e+000  7.4398307e+000
  6.1366360e+000  4.0599209e+000
  6.9724883e+000  5.9761315e+000
  3.2732606e+000  2.1432240e+000
  2.7950721e+000  8.3164368e+000
  6.6824661e+000  5.5549316e+000
  3.3318740e+000  2.3851628e+000
  7.3588803e+000  5.6340422e+000
  2.7934015e+000  8.2539104e+000
  5.5924275e+000  4.1872878e+000
  6.7651483e+000  6.7631623e+000
  2.6185624e+000  2.8243256e+000
  6.8381273e+000  6.7942326e+000
  7.1916221e+000  2.5103046e+000
  2.2719602e+000  7.9129378e+000
  1.4555341e+000  8.2453239e+000
  7.1020338e+000  6.2075348e+000
  1.3656820e+000  6.3670450e+000
  2.7732851e+000  5.1996267e+000
  5.4865909e+000  4.4876315e+000
  6.6957940e+000  4.1253249e+000
  3.7253660e+000  2.6081299e+000
  6.7199405e+000  6.7125073e+000
  7.6617630e+000  6.9596874e+000
  6.7400485e+000  1.9761035e+000
  8.2612272e+000  6.9202649e+000
  2.7074500e+000  6.2938021e+000
  8.3933541e+000  2.9046942e+000
  2.7292920e+000  4.6910195e+000
  2.4269736e+000  2.1500772e+000
  4.8496443e+000  3.6238931e+000
  6.8177444e+000  7.1632054e+000
  3.3243845e+000  7.4848316e+000
  6.9344272e+000  6.3219896e+000
  5.3580672e+000  2.4892017e+000
  6.7474077e+000  5.8898147e+000
  2.2700887e+000  6.5716716e+000
  7.8720613e+000  2.6678219e+000
  2.8726581e+000  2.1160417e+000
  7.2145401e+000  6.7235888e+000
  1.9084598e+000  7.4813586e+000
  3.1089993e+000  2.5756648e+000
  6.1367193e+000  7.6933011e+000
  7.1199931e+000  1.3320937e+000
  1.6767281e+000  4.5190815e+000
  2.6604708e+000  2.4204940e+000
  8.0061159e+000  7.7797716e+000
  6.5973929e+000  2.1147874e+000
  1.1299790e+000  3.7381582e+000
  3.2515065e+000  3.2356084e+000
  2.2160874e+000  4.2659562e+000
  4.9648320e+000  6.5819141e+000
  7.4652216e-001  3.9428689e+000
  5.3910864e+000  3.3189786e+000
  7.1591514e+000  6.8885456e+000
  7.5421260e+000  7.0255691e+000
  3.1104893e+000  4.5702986e+000
  2.6862557e+000  4.8321750e+000
  7.5188637e+000  6.5025142e+000
  2.3781178e+000  2.4221272e+000
  9.1242768e+000  3.1823568e+000
  9.1584316e+000  3.7496764e+000
  7.1093160e+000  6.4834801e+000
  2.3808393e+000  4.7905010e+000
  2.6372638e+000  4.9941668e+000
  8.9423523e+000  3.5743274e+000
  6.7163257e+000  5.9821227e+000
  4.2316172e+000  8.2374670e+000
  3.3264531e+000  1.9244686e+000
  8.5068110e+000  7.6158037e+000
  7.0392184e+000  5.3415627e+000
  8.1016762e+000  2.3366202e+000
  3.4921138e+000  9.3288153e+000
  2.6878407e+000  2.2888728e+000
  3.3904305e+000  8.6201615e+000
  7.1408628e+000  6.5234201e+000
  5.7529559e+000  3.4544262e+000
  6.5268677e+000  7.3892275e+000
  2.5739511e+000  3.4007817e+000
  6.8065671e+000  5.3743331e+000
  3.2111130e+000  7.4901971e+000
  2.4453584e+000  1.0779476e+000
  5.7149363e+000  5.0354502e+000
  7.8943118e+000  6.6343359e+000
  7.4282978e-001  4.1137898e+000
  7.3157208e+000  7.0871630e+000
  7.7777299e+000  1.2338372e+000
  6.3310689e+000  6.2391299e+000
  1.3902731e+000  2.1984037e+000
  7.2828037e+000  6.2893042e+000
  5.3248945e+000  2.4026247e+000
  7.2198345e+000  1.3098631e+000
  1.9233576e+000  2.1125708e+000
  7.4919971e+000  7.0359690e+000
  7.2111066e+000  6.9704052e+000
  6.9041788e+000  6.1350413e+000
  3.4915205e+000  8.0962951e+000
  3.4632676e+000  7.9687840e+000
  7.3129323e+000  7.1691580e+000
  7.2076934e+000  1.7172931e+000
  3.2025111e+000  7.6679077e+000
  3.0055706e+000  3.7335265e+000
  7.3806815e+000  5.9645395e+000
  5.8110993e+000  2.0322035e+000
  6.9978914e+000  6.2521758e+000
  5.9418024e+000  7.5423737e+000
  1.9153979e+000  8.7750871e+000
  6.6058637e+000  6.7832970e+000
  2.4107197e+000  7.3720365e+000
  5.5608675e+000  1.8866788e+000
  1.5641357e+000  6.9097806e+000
  2.1436800e+000  3.1970897e+000
  8.5408373e+000  1.2109469e+000
  4.2977308e+000  6.0028213e+000
  6.6048018e+000  1.8487966e+000
  3.7621455e+000  2.5087545e+000
  7.4155193e+000  6.8459223e+000
  7.8597595e+000  3.9050821e+000
  7.5111420e+000  6.4149625e+000
  7.8678115e-001  4.8307818e+000
  3.5086446e+000  9.5693342e+000
  3.6013234e+000  2.5522454e+000
  1.8102657e+000  6.2605317e+000
  2.0528609e+000  7.5784501e+000
  2.6031282e+000  2.2552353e+000
  5.3667835e+000  3.9957701e+000
  6.8878048e+000  1.4279392e+000
  2.2461705e+000  7.6960883e+000
  7.6898042e+000  1.8152458e+000
  1.5973791e+000  5.5414764e+000
  2.7192689e+000  8.8084186e+000
  2.5805981e+000  6.1346140e+000
  7.1787098e+000  6.7039225e+000
  7.0577747e+000  5.5826301e+000
  8.0991326e+000  6.5614985e+000
  6.9343789e+000  5.3575784e+000
  6.8038206e+000  7.0320579e+000
  7.2963519e+000  2.4507515e+000
  5.6048453e+000  4.3347347e+000
  7.1112746e+000  7.4453529e+000
  3.3483704e+000  3.0946043e+000
  2.7079935e+000  5.9306964e+000
  2.7487595e+000  4.1495916e+000
  8.5081551e+000  3.0123879e+000
  1.5381145e+000  7.6730019e+000
  7.6119378e+000  6.8173950e+000
  3.3483424e+000  8.0652272e+000
  3.0116354e+000  3.8994645e+000
  6.6110417e+000  6.3461186e+000
  6.6588962e+000  8.5289318e-001
  5.6230433e+000  3.7342615e+000
  5.8008163e+000  1.8243222e+000
  2.6696880e+000  4.2776779e+000
  7.2135328e+000  6.6935339e+000
  7.3456930e+000  7.3100299e+000
  7.0484714e+000  6.6109781e+000
  7.0507886e+000  6.9401637e+000
  7.2366215e+000  4.8439553e+000
  3.4634053e+000  2.2012244e+000
  6.9583601e+000  6.5055560e+000
  2.3531694e+000  5.5444663e+000
  7.5522604e+000  6.9244298e+000
  2.6833350e+000  4.7247056e+000
  3.1654624e+000  7.6445923e+000
  5.7490078e+000  3.4476011e+000
  2.0021519e+000  2.5103961e+000
  3.6078634e+000  7.8791183e+000
  2.4404626e+000  4.9741605e+000
  3.8811761e+000  8.0141482e+000
  2.2827555e+000  4.8309276e+000
  2.4062765e+000  4.2992409e+000
  7.4694736e+000  7.1283832e-001
  7.2790744e+000  1.8015253e+000
  7.0300838e+000  6.6138462e+000
  6.8546324e+000  6.2740634e+000
  2.5579882e+000  2.1824286e+000
  4.1220711e+000  7.9459044e+000
  6.3773430e+000  1.6785349e+000
  5.1657006e+000  2.4063120e+000
  6.5878638e+000  2.6726706e+000
  7.2450669e+000  3.0876788e+000
  1.8886962e+000  6.8186638e+000
  5.4421433e+000  3.2209575e+000
  7.2509014e+000  1.2842849e+000
  4.1169730e+000  7.7930891e+000
  7.0106442e+000  7.1190927e+000
  6.9289809e+000  6.2133249e+000
  8.2518821e+000  2.5188989e+000
  3.1228492e+000  1.9543058e+000
  5.1091800e+000  1.9017041e+000
  2.8560998e+000  2.4047243e+000
  1.1208821e+000  8.1984784e+000
  2.4896755e+000  8.3078263e+000
  6.9081646e+000  6.2320061e+000
 -8.7629134e-002  8.0323414e+000
  8.7917318e+000  2.9702894e+000
  7.3651064e+000  5.5390288e+000
  3.5641576e+000  2.7282723e+000
  7.4226996e+000  6.5883265e+000
  4.6094126e+000  6.3960421e+000
  3.6481554e+000  3.5257790e+000
  2.3686397e+000  4.4013912e+000
  5.5144017e+000  3.6130311e+000
  2.9294088e+000  4.6673474e+000
  5.6904251e+000  3.3270973e+000
  2.3633943e+000  4.3541324e+000
  4.1136365e+000  8.3030478e+000
  6.0560211e+000  7.3859042e+000
  1.1572715e+000  3.8098925e+000
  2.6358038e+000  2.5337892e+000
  2.7171276e+000  3.1213472e+000
  9.2670794e+000  3.2008592e+000
  1.6963750e+000  7.0693719e+000
  8.3058644e+000  3.5629959e+000
  2.4464747e+000  4.2498316e+000
  5.3279278e+000  1.9367518e+000
  6.9665573e+000  6.5579005e+000
  8.3651996e+000  4.5212561e+000
  7.8869298e+000  3.1331312e+000
  8.6517496e+000  2.6450114e+000
  4.3889931e+000  8.0216923e+000
  6.6662495e+000  1.7009179e+000
  7.2877681e+000  6.7794747e+000
  4.0764344e+000  1.7339282e+000
  3.4873225e+000  8.3933236e+000
  5.7542486e+000  3.8145816e+000
  7.7950107e+000  7.5510579e+000
  3.1894598e+000  2.8174637e+000
  6.8992983e+000  6.1308271e+000
  8.4638978e-001  3.9896559e+000
  2.7953211e+000  4.7894590e+000
  8.5054235e+000  7.4514402e+000
  6.9848930e+000  2.7370221e+000
  3.0086760e+000  1.2458269e+000
  1.8599873e+000  5.7980245e+000
  1.9261757e+000  8.5781693e+000
  8.8307246e+000  2.1107233e+000
  5.5741387e+000  3.3703636e+000
  8.8265706e+000  2.6209780e+000
  6.9773430e+000  6.8912009e+000
  1.9759898e+000  3.4550164e+000
  6.8813562e+000  6.4366674e+000
  6.4935194e+000  5.9952663e+000
  5.6332657e+000  3.2672694e+000
  7.1171923e+000  6.4189514e+000
  7.2904682e+000  6.5933370e+000
  1.4971546e+000  6.1399496e+000
  7.2698434e+000  6.4847658e+000
  6.7272708e+000  6.9779674e+000
  3.6212826e+000  8.3585101e+000
  5.5422531e+000  3.7991451e+000
  2.1631824e+000  4.4888963e+000
  3.3433201e+000  4.6672348e+000
  6.4058166e+000  6.7458851e+000
  5.7008833e+000  2.9977555e+000
  4.5844340e+000  4.1907337e+000
  2.6571568e+000  9.1241773e+000
  6.7838044e+000  7.1858913e+000
  1.3674719e+000  2.5154021e+000
  5.6503892e+000  3.5779077e+000
  6.9792615e+000  1.1890816e+000
  5.4523215e+000  3.4873445e+000
  7.8170567e+000  3.1650292e+000
  7.5116610e+000  6.1081547e+000
  7.1394548e+000  6.5628497e+000
  7.2923266e+000  6.5289639e+000
  2.7032432e+000  5.1058743e-001
  8.3278005e-001  5.1044537e+000
  3.5476382e+000  1.5102984e+000
  2.6510724e+000  7.8532834e+000
  6.3419591e+000  4.4320459e+000
  4.3198188e+000  8.3606117e+000
  5.0928395e+000  3.1692721e+000
  1.6461632e+000  7.2120267e+000
  7.2799964e+000  1.7474052e+000
  8.9991509e+000  2.6066909e+000
  3.5699975e+000  9.4779532e+000
  2.8695562e+000  2.0671457e+000
  7.7084791e+000  7.8204207e+000
  2.2359113e+000  2.4505272e+000
  7.1448683e+000  3.1014369e+000
  7.3895101e+000  1.5545265e+000
  2.5512058e+000  4.3559412e+000
  6.6204330e+000  7.4212048e+000
  6.8743210e+000  2.9436601e+000
  2.4838479e+000  1.2808536e+000
  5.4333542e+000  4.5483624e+000
  4.1986237e+000  4.2104935e+000
  2.2747897e+000  7.7536112e+000
  7.1229972e+000  5.0425118e+000
  5.4486696e+000  1.9736975e+000
  1.5354022e+000  6.5477256e+000
  2.6832162e+000  8.0667736e+000
  7.8430505e+000  2.3609022e+000
  3.5404590e+000  7.4019384e+000
  6.8991571e+000  7.3826680e+000
  6.8859127e+000  6.2641739e+000
  3.7110767e+000  1.9646075e+000
  1.6958071e+000  7.3751517e+000
  6.8495628e+000  6.6740259e+000
  7.7980219e+000  7.1974474e+000
  2.1067580e+000  4.4934946e+000
  3.3287974e+000  2.2709661e+000
  1.1716275e+000  4.8023714e+000
  5.8338139e+000  3.5580575e+000
  6.0357257e+000  1.9110466e+000
  7.4402470e+000  7.7473011e+000
  7.2744238e+000  7.1334557e+000
  2.2686922e+000  7.7945305e+000
  7.4003035e+000  6.5799231e+000
  9.0075032e+000  5.3973837e+000
  6.8880158e+000  6.5468027e+000
  8.1946245e+000  2.9952292e+000
  7.0063291e+000  6.8072097e+000
  6.7126964e+000  6.8212533e+000
  2.4497443e+000  8.0821680e+000
  3.1860241e+000  8.2937975e+000
  7.0670614e+000  2.4631105e+000
  7.7040197e+000  6.6512206e+000
  7.1982977e+000  6.9425503e+000
  7.2740972e+000  6.2786574e+000
  7.4061365e+000  6.2282188e+000
  2.4517728e+000  2.4876880e+000
  6.8284431e+000  6.6371727e+000
  7.9591359e+000  7.3390817e+000
  6.4848702e+000  5.7904370e+000
  7.5270243e+000  2.8011529e+000
  2.4191819e+000  2.4764424e+000
  3.1139372e+000  2.7669567e+000
  6.3879085e+000  6.2723773e+000
  5.8865096e+000  1.6491179e+000
  7.1139365e+000  6.5298586e+000
  6.5505722e+000  7.0244309e+000
  8.1904358e+000  1.3057963e+000
  6.7959426e+000  6.2731214e+000
  4.8946362e+000  4.7605282e+000
  8.5735253e+000  2.8171235e+000
  5.5668744e+000  4.6491029e+000
  6.0331330e+000  3.3833665e+000
  6.4677026e+000  6.7278543e+000
  7.9665060e+000  2.4707885e+000
  2.0888982e+000  9.0450113e+000
  3.4101580e+000  8.2728475e+000
  5.1133405e+000  3.3998626e+000
  6.4214812e+000  1.2293849e+000
  6.6080076e+000  6.6752183e+000
  5.0556025e+000  3.5316606e+000
  3.0643064e+000  8.6092647e+000
  7.3214372e+000  7.8443079e+000
  3.0839888e+000  3.5522447e+000
  6.5662445e+000  1.9267993e+000
  7.4248241e+000  4.1667281e-001
  1.9618035e+000  7.5781887e+000
  4.6686768e+000  3.5795793e+000
  7.1853638e+000  6.4171994e+000
  5.5225445e+000  3.4264248e+000
  8.1680257e+000  3.4627093e+000
  5.7996005e+000  1.8288444e+000
  5.1962215e+000  3.4216924e+000
  9.1405417e+000  2.9467902e+000
  7.0188776e+000  5.7723924e+000
  1.7516886e+000  2.7925869e+000
  7.0740280e+000  6.5837150e+000
  7.8692588e+000  7.2692877e+000
  5.7454739e+000  2.1565333e+000
  2.8959169e+000  2.2357859e+000
  4.4025766e+000  8.3795269e+000
  1.7316980e+000  6.2158236e+000
  3.1771259e+000  2.2367847e+000
  2.5486497e+000  7.5631884e+000
  3.6331645e+000  2.2883794e+000
  2.4590508e+000  7.5413250e+000
  2.3859007e+000  4.7213459e+000
  7.1013696e+000  7.0432071e+000
  3.8243673e+000  8.0809210e+000
  6.6963543e+000  2.0489980e+000
  7.9076348e+000  6.7386173e+000
  8.1614283e-001  7.7949680e+000
  2.6948896e+000  2.4475701e+000
  2.1477742e+000  1.3125727e+000
  1.9025879e+000  2.3904147e+000
  7.1336966e+000  6.7849231e+000
  7.6197797e+000  6.9160216e+000
  2.1751768e+000  6.9241880e+000
  7.1500049e+000  6.8385455e+000
  6.5821500e+000  6.9948997e+000
  3.1576593e+000  5.8476874e-001
  2.5451375e+000  4.6634471e+000
  8.7362714e+000  3.0730110e+000
  5.3185676e+000  2.5365329e+000
  6.8093972e+000  6.6312487e+000
  2.8869134e+000  3.1495221e+000
  5.1274052e+000  3.2419764e+000
  2.5224721e+000  2.4243924e+000
  7.7175183e+000  9.1130783e-001
  5.8810792e+000  2.1648595e+000
  7.5553300e+000  4.7597684e+000
  2.1879279e+000  3.7275304e+000
  2.4997546e+000  4.1825104e+000
  8.7480756e+000  3.3296205e+000
  7.9586119e+000  6.7549781e+000
  2.4852276e+000  3.8075169e+000
  5.5741882e+000  1.7962839e+000
  8.1071280e-001  4.4890868e+000
  7.5203433e+000  6.6437122e+000
  2.5534413e+000  2.0244800e+000
  7.3291728e+000  6.8258407e+000
  2.4450277e+000  7.6660795e+000
  4.9539838e+000  4.2554131e+000
  7.7171822e+000  6.5229862e+000
  5.7661850e+000  3.1704294e+000
  8.0744660e+000  4.7532824e+000
  5.1424412e+000  2.4337730e+000
  7.3110846e+000  7.2195569e+000
  6.9173192e+000  7.2411238e+000
  3.5407840e+000  2.1968864e+000
  3.0675324e+000  7.9511312e+000
  7.1993485e+000  6.3402778e+000
  5.2355866e+000  2.9118088e+000
  2.3124375e+000  6.6886287e+000
  7.8330368e+000  6.6600022e+000
  7.9802826e+000  2.8148177e+000
  6.9144266e+000  6.6403119e+000
  2.4480429e+000  7.7675324e+000
  5.4629776e+000  4.4490827e+000
  3.3421607e+000  7.8631717e+000
  8.9523686e+000  3.3156599e+000
  4.7054368e+000  7.4452113e+000
  8.1136601e+000  3.3389980e+000
  6.7039245e+000  6.5052825e+000
  6.6853239e+000  7.1671844e+000
  5.6061906e+000  1.6099462e+000
  3.1327806e+000  8.1748987e-001
  8.6309536e+000  8.3142280e+000
  7.8446844e+000  1.4044372e+000
  8.4366014e+000  2.6833703e+000
  3.6392394e+000  2.6820022e+000
  6.8310868e+000  7.2273126e+000
  7.7567012e+000  7.2641240e+000
  5.5364560e+000  1.7055846e+000
  2.5639624e+000  3.1972033e+000
  6.9692503e+000  7.9538478e+000
  3.4979308e+000  3.7662784e+000
  1.9680812e+000  4.4616137e+000
  7.4495646e+000  3.0737112e+000
  6.6955490e+000  6.9250091e+000
  8.0682621e+000  5.6080081e+000
  7.3969483e+000  7.1429698e+000
  2.3918434e+000  6.3732783e+000
  7.3811508e+000  6.4490768e+000
  4.4038943e+000  8.2875869e+000
  7.1388619e+000  6.7212874e+000
  7.1365647e+000  5.4094655e+000
  7.8677023e+000  5.8542318e+000
  6.5087570e+000  7.3532287e+000
  5.7030635e+000  3.3585959e+000
  7.0105549e+000  6.0877805e+000
  4.9383731e+000  3.4030972e+000
  6.9971638e+000  6.3612605e+000
  2.3466428e+000  6.5390369e+000
  2.5341107e+000  2.6958711e+000
  1.8533864e+000  7.6860334e+000
  5.2477694e+000  3.3090413e+000
  6.4940161e+000  6.4038398e+000
  7.4829469e+000  6.5313379e+000
  1.6541912e+000  7.3358233e+000
  4.9106291e+000  2.1353883e+000
  2.4663497e+000  6.2068936e+000
  7.0181288e+000  4.9467721e+000
  5.6846551e+000  3.6132325e+000
  2.9035783e+000  2.6497536e+000
  7.2988200e+000  6.9729224e+000
  2.2460149e+000  4.6855031e+000
  1.8972514e+000  7.6702207e+000
  7.9079654e+000  6.8114162e+000
  2.9862054e+000  4.6680317e+000
  6.6672921e+000  7.2226273e+000
  2.7842266e+000  7.7431240e+000
  7.1641027e+000  4.9374768e+000
  7.2795779e+000  5.7585033e+000
  2.1115136e+000  7.7440149e+000
  7.5557137e-001  4.6792841e+000
  7.6221415e+000  7.0997531e+000
  2.7386679e+000  8.3183806e+000
  6.0591086e+000  1.7552931e+000
  2.9628916e+000  4.8580947e+000
  6.1963062e+000  4.4060831e+000
  8.1980134e+000  6.3157554e+000
  1.4855901e+000  7.8144015e+000
  8.3513511e+000  8.0461393e+000
  3.2686920e+000  7.5217040e+000
  4.9347399e+000  3.5720478e+000
  3.5849942e+000  8.0607870e+000
  6.7323284e+000  6.3516276e+000
  6.9950770e+000  1.9020887e+000
  7.4295869e+000  6.4890634e+000
  1.6453850e+000  8.2043722e+000
  7.0865317e+000  6.3099833e+000
  6.8550906e+000  5.7525563e+000
  6.4300573e+000  6.6797065e+000
  7.1854074e+000  6.9466867e+000
  5.9939592e+000  4.2819946e+000
  7.3834572e+000  6.0469694e+000
  7.5313086e+000  2.2489704e+000
  7.7162617e+000  6.9953431e+000
  6.8918731e+000  6.2368288e+000
  3.3565436e+000  2.5288393e+000
  8.3690259e+000  3.4693257e+000
  6.7080874e+000  2.2261848e+000
  7.5290581e+000  6.9971718e+000
  4.8449941e+000  3.6628877e+000
  1.7912806e+000  3.5693862e+000
  1.6323719e+000  8.8614685e+000
  3.8622365e+000  6.7291619e+000
  6.9904773e+000  7.0494817e+000
  5.7463595e+000  3.3398729e+000
  3.9659156e+000  1.3432217e+000
  7.3793997e+000  2.2801736e+000
  6.5180186e+000  6.4727172e+000
  5.5521059e+000  1.7870040e+000
  2.8840099e+000  2.4338536e+000
  7.2318473e+000  6.6827481e+000
  7.2748243e+000  6.4860481e+000
  9.8287548e-001  7.7655839e+000
  2.8091093e+000  2.5042387e+000
  7.9456478e+000  5.8766596e+000
  7.2648958e+000  6.9394720e+000
  2.2033357e+000  5.6662808e+000
  7.5071598e+000  2.3535750e+000
  6.7611040e+000  6.6005640e+000
  6.5376742e+000  6.8736962e+000
  8.0040691e+000  6.9822290e+000
  4.6103505e+000  5.7485031e+000
  1.2738011e+000  2.6740097e+000
  1.9598794e+000  8.8635635e+000
  1.5934799e+000  7.1514157e+000
  7.4033214e+000  2.7055755e+000
  5.8029339e+000  1.9909540e+000
  5.7261622e+000  3.5549265e+000
  7.5769829e+000  5.5933114e+000
  5.0117530e+000  3.1941816e+000
  1.9652785e+000  2.4079718e+000
  2.2452095e+000  5.3806697e+000
  2.8009426e+000  2.5153746e+000
  1.0800114e+000  4.3447054e+000
  2.4859172e+000  8.3415401e+000
  7.2863669e+000  7.1219954e+000
  1.5347248e+000  5.4090167e+000
  3.1542642e+000  9.0112599e+000
  5.5294891e+000  2.0971043e+000
  3.6434898e+000  2.4812719e+000
  2.6239747e+000  5.6818076e+000
  8.1185208e+000  2.5255553e+000
  7.2032715e+000  6.5491445e+000
  5.0638542e+000  2.1864216e+000
  2.1549120e+000  7.6108453e+000
  1.2647705e+000  7.3400139e+000
  1.4020557e+000  4.2209214e+000
  7.6558069e+000  6.7912582e+000
  2.7645680e+000  8.8042129e-001
  7.0352071e+000  5.8730560e-001
  3.4704274e+000  8.2910424e+000
  7.6640005e+000  2.1668112e+000
  1.8505500e+000  1.9055093e+000
  2.2561526e+000  4.5479065e+000
  3.2101847e+000  7.7840282e+000
  7.6518015e+000  8.0486374e+000
  2.5145590e+000  4.0457156e+000
  1.8305558e+000  1.9473149e+000
  2.5289870e+000  5.5080159e+000
  5.3587099e+000  3.8755385e+000
  1.8083657e+000  4.5123645e+000
  7.8332997e+000  7.5518712e-001
  2.2508790e+000  8.1944737e+000
  7.1294193e+000  6.3763477e+000
  1.4297480e+000  5.6731922e+000
  2.4703788e+000  5.7687342e+000
  6.9802759e+000  7.3770117e+000
  1.6246329e+000  4.0857922e+000
  4.0382878e+000  2.4461742e+000
  9.5808111e-001  7.8590242e+000
  6.9653865e+000  7.4655538e+000
  5.4998663e+000  4.0848179e+000
  2.4084467e+000  2.3423111e+000
  2.4327191e+000  7.0432778e+000
  2.1669879e+000  7.4765184e+000
  4.9947349e+000  3.4040409e+000
  2.7141933e+000  3.1021812e+000
  8.1401025e+000  7.0788802e+000
  6.5383515e+000  2.0658117e+000
  3.6298493e+000  4.9460728e+000
  5.8507121e+000  3.4300071e+000
  3.8707072e+000  2.6362320e+000
  5.9872702e+000  6.1152138e+000
  7.1747646e+000  6.6865127e+000
  7.2625032e+000  6.4566722e+000
  5.3621478e+000  3.3897732e+000
  4.7869269e+000  3.6096175e+000
  1.3212343e+000  2.5230993e+000
  2.8572124e+000  5.1165998e+000
  5.7524187e+000  2.4123549e+000
  7.7263691e+000  7.0358326e+000
  7.3202316e+000  7.1471721e+000
  3.5272946e+000  2.0250379e+000
  3.5636088e+000  1.8400429e+000
  6.7547993e+000  6.6048103e+000
  6.8336070e+000  6.6112663e+000
  1.7793980e+000  5.4093414e+000
  2.1461881e+000  6.0273606e+000
  4.8342680e+000  4.0916742e+000
  6.5872851e+000  7.1905582e+000
  4.2045660e+000  1.5313859e+000
  7.0237358e+000  1.9117575e+000
  2.8018535e+000  9.0240506e-001
  7.0038562e+000  5.0387672e-001
  2.0656278e+000  6.0885866e+000
  1.6449585e+000  8.3592608e+000
  1.2314192e+000  3.3192464e+000
  7.7788053e+000  4.7555078e+000
  3.3124804e+000  2.2028224e+000
  7.7308875e+000  2.4915000e+000
  5.5264034e+000  5.2908754e+000
  2.4329929e+000  5.9781264e+000
  3.0833217e+000  2.9780364e+000
  2.2297023e+000  2.4284597e+000
  3.6381268e+000  7.6212567e+000
  7.0173040e+000  5.0440682e+000
  7.3194496e+000  3.0706322e-001
  3.3753337e+000  7.7057163e+000
  7.6622016e+000  6.7579954e+000
  5.2004590e+000  4.4017841e+000
  2.8046771e+000  2.8039343e+000
  5.6849184e+000  3.6913571e+000
  2.4349319e+000  4.5702425e+000
  5.6436690e+000  3.8081234e+000
  8.1783810e+000  6.3829992e+000
  7.2397230e+000  1.9410068e+000
  6.9520836e+000  2.3882320e+000
  7.4171328e+000  6.5487692e+000
  7.5758629e+000  7.8722763e+000
  8.8711414e+000  2.8147600e+000
  1.5245715e+000  7.4453218e+000
  1.9777099e+000  6.6388022e+000
  5.3381180e+000  5.0592242e+000
  9.0595747e+000  2.7340694e+000
  5.5985974e+000  3.7107860e+000
  5.7560650e+000  2.5847948e+000
  5.4614372e+000  3.5057963e+000
  2.1532878e+000  5.9709402e+000
  2.6474971e+000  5.4328051e+000
  5.2637204e+000  3.5357557e+000
  7.8290434e+000  1.7538590e+000
  5.1750333e+000  4.7907147e+000
  1.6749631e+000  7.1336283e+000
  7.7446172e+000  7.5971777e+000
  2.9878413e+000  8.1370951e+000
  2.7007331e+000  2.5312286e+000
  7.1521509e+000  6.6125364e+000
  6.9754112e+000  6.4634936e+000
  6.6696479e+000  6.1500236e+000
  6.4259610e+000  7.3687186e+000
  4.8132636e+000  3.5458596e+000
  7.8192335e+000  6.3949198e+000
  6.5394482e+000  5.2075906e+000
  1.8894806e+000  8.6489524e+000
  5.9236440e+000  2.0967449e+000
  7.3364310e+000  6.8629477e+000
  7.1810342e+000  8.2450801e+000
  7.5561822e+000  3.5878340e+000
  6.6852699e+000  6.7212502e+000
  1.8631276e+000  8.8367695e+000
  4.9576457e+000  3.2192008e+000
  7.3678886e+000  6.7913331e+000
  7.6221955e+000  2.5454565e+000
  7.1947101e+000  2.5721415e+000
  2.0056829e+000  7.5442753e+000
  2.6330497e+000  7.4587238e+000
  4.1788737e+000  8.1198724e+000
  2.3784620e+000  1.9983357e+000
  2.1437918e+000  6.9421658e+000
  7.4585004e+000  6.6621210e+000
  5.4984916e+000  2.9388368e+000
  2.8255453e+000  2.2083072e+000
  3.0819611e+000  7.3730644e+000
  5.2810553e+000  2.9425936e+000
  3.2164846e+000  4.9798398e+000
  3.0644481e+000  2.5593772e+000
  7.6226592e+000  6.9370690e+000
  5.2575366e+000  2.3050904e+000
  5.7119509e+000  2.0809079e+000
  3.1904124e+000  7.9336238e+000
  6.9770066e+000  5.3173906e+000
  5.2399043e+000  4.3189710e+000
  5.0653894e+000  7.4583698e+000
  6.7286058e+000  5.8474764e+000
  3.0683573e+000  2.3975336e+000
  3.3641451e+000  2.4248814e+000
  2.4520576e+000  4.1284902e+000
  2.3214310e+000  4.5504993e+000
  7.3544638e+000  6.4398861e+000
  8.0405232e+000  7.2231301e+000
  3.3608951e+000  2.0598025e+000
  6.4580363e+000  7.6256131e+000
  3.2721555e+000  3.3759197e+000
  4.9641065e+000  3.8352828e+000
  3.9565322e+000  7.8656431e+000
  5.2824814e+000  3.2005874e+000
  7.3892327e+000  6.1912425e+000
  8.2460967e+000  2.6259603e+000
  2.2542983e+000  7.9077078e+000
  7.8557951e+000  6.8142360e+000
  7.5781993e+000  2.1291922e+000
  1.4797450e+000  5.8789360e+000
  5.7025982e+000  4.9584333e+000
  7.0822120e+000  6.5464643e+000
  6.7611097e+000  6.2143695e+000
  7.3731396e+000  1.1088294e+000
  7.4975500e+000  6.5969172e+000
  6.4398826e+000  6.6948555e+000
  2.8069712e+000  7.2632623e+000
  5.9246787e+000  1.9276083e+000
  3.9897747e+000  2.6043752e+000
  3.2334678e+000  8.1196130e+000
  5.4478047e+000  3.3592296e+000
  7.2803944e+000  7.4024153e+000
  2.4725178e+000  2.2548998e+000
  2.0217202e+000  4.2428285e+000
  5.8492915e+000  3.7584073e+000
  4.4260071e+000  6.4160663e+000
  1.2241415e+000  4.4330388e+000
  5.0705476e+000  4.5120848e+000
  7.5598412e+000  6.3572476e+000
  7.9699930e+000  7.7000822e+000
  1.6407309e+000  3.3652636e+000
  6.8609767e+000  7.6995436e+000
  5.0637957e+000  3.2204363e+000
  6.9029348e+000  6.4419537e+000
  5.4095753e+000  3.1331284e+000
  3.3484731e+000  2.6143878e+000
  7.0345043e+000  5.1605258e-001
  4.5688383e-002  8.1813985e+000
  2.7017066e+000  3.0039915e+000
  3.2856796e+000  2.1320397e+000
  8.1135276e+000  3.2480899e+000
  2.1227590e+000  6.2859344e+000
  3.9557202e+000  8.4085925e+000
  1.2951744e+000  3.5482573e+000
  5.3498894e+000  3.5973199e+000
  7.3593490e+000  6.3965535e+000
  7.0354038e+000  2.3031922e+000
  5.2667128e+000  2.8112115e+000
  5.4961429e+000  3.3773802e+000
  4.4752425e+000  2.6845464e+000
  2.3157578e+000  8.7166288e+000
  7.9395743e+000  7.1808562e+000
  3.5987357e+000  1.2138049e+000
  7.2465440e+000  1.8096570e+000
  6.9260906e+000  6.8285301e+000
  7.6726107e+000  4.9327245e+000
  7.0119396e+000  6.1790462e+000
  1.8380632e+000  5.8334549e+000
  7.8855945e+000  7.5377776e+000
  3.1253828e+000  2.4571317e+000
  1.6322171e+000  7.5940023e+000
  2.1211023e+000  7.5524382e+000
  3.6778883e+000  7.9881653e+000
  8.2185398e+000  3.1752486e+000
  7.8208760e+000  6.8160373e+000
  5.6874233e+000  3.1539774e+000
  2.2262848e+000  7.9035535e+000
  2.3768810e+000  2.2722443e+000
  6.6177248e+000  6.0569343e+000
  6.5558457e+000  6.6796039e+000
  5.2538328e-001  6.5013644e+000
  7.2604874e+000  6.9739891e+000
  7.4074464e+000  2.8314024e+000
  2.2262772e+000  7.5274072e+000
  5.6836905e+000  1.7289248e+000
  7.3704529e+000  7.1321908e+000
  3.2772573e+000  8.0935418e+000
  1.9171576e+000  7.2531086e+000
  4.7073759e+000  3.2917204e+000
  5.4857026e+000  4.3967527e+000
  1.5028342e+000  2.2698661e+000
  5.3169283e+000  3.1828019e+000
  2.4869626e+000  5.4683047e+000
  3.3378464e+000  8.2940716e+000
  6.9350818e+000  6.9112070e+000
  8.5457803e+000  8.3202552e+000
  2.4391227e+000  5.7173058e+000
  5.5285556e+000  3.5775397e+000
  4.7418416e+000  3.2344908e+000
  2.5857652e+000  8.0068088e+000
  3.5752003e+000  8.0552839e+000
  3.3746533e+000  4.4953203e+000
  7.8671159e+000  6.9427798e+000
  8.3042996e+000  7.2363750e+000
  6.1836482e+000  1.5128282e+000
  2.1232292e+000  2.3826761e+000
  7.9921834e+000  7.6704611e+000
  7.3247704e+000  1.5549919e+000
  2.0762636e+000  7.4860666e+000
  2.2532172e+000  7.7864194e+000
  1.6777557e+000  7.3232265e+000
  7.8161447e+000  2.0321255e+000
  7.2282485e+000  6.4225599e+000
  6.4782721e+000  6.0602439e+000
  2.7978435e+000  5.3532055e+000
  6.4360890e+000  2.1978331e+000
  7.0023511e+000  6.8385333e+000
  6.9838584e+000  6.4941578e+000
  8.2550261e+000  3.6361571e+000
  7.4711835e+000  6.5593076e+000
  6.5745304e+000  1.8646175e+000
  7.2587291e+000  6.8299654e+000
  3.5584084e+000  8.1229432e+000
  5.6492805e+000  3.7400475e+000
  2.0431517e+000  7.5267287e+000
  7.2682342e+000  6.4603157e+000
  6.5483301e+000  6.5089715e+000
  8.0710374e+000  6.5134883e+000
  3.7491603e+000  5.5027180e+000
  1.5841251e+000  5.9314659e+000
  2.7159484e+000  3.1861928e+000
  7.5085011e+000  6.4620669e+000
  3.3593185e+000  7.5170718e+000
  7.5944357e+000  6.4407092e+000
  1.8515573e+000  7.2116642e+000
  3.2969262e+000  1.7166756e+000
  3.8786781e+000  5.5477208e+000
  3.9365879e+000  1.5553462e+000
  1.2396449e+000  3.4808599e+000
  1.8509355e+000  2.3990001e+000
  2.1417941e+000  3.5484277e+000
  7.9367544e+000  3.6225409e+000
  4.8629799e+000  3.8211101e+000
  2.2945184e+000  4.3718572e+000
  2.0745804e+000  3.3927384e+000
  4.7296012e+000  5.7479824e+000
  8.0200800e+000  5.3713029e+000
  7.3315763e+000  1.6575912e+000
  7.6193181e+000  6.7164969e+000
  2.9841871e+000  2.3273762e+000
  5.7223527e+000  3.4056859e+000
  5.4709965e+000  4.8260693e+000
  2.0323577e+000  5.0424596e+000
  3.2711237e+000  3.1041648e+000
  6.6913340e+000  5.6279168e+000
  5.5503151e+000  3.2187214e+000
  4.6174414e+000  3.4225191e+000
  2.2253674e+000  8.0178448e+000
  6.4227858e+000  1.7459441e+000
