  5.1870058e+000  5.2824491e+000
  5.2554928e+000  7.3940498e+000
  2.1611738e+000  7.3507427e+000
  8.8644646e+000  1.5421981e+000
  6.8771331e+000  6.3315868e+000
  6.7757690e+000  7.3120160e+000
  8.0093560e+000  1.0452654e+000
  4.0627007e-001  2.2533069e+000
  3.8782977e-001  3.7305157e+000
  1.7627856e+000  7.7765496e+000
  6.2132819e+000  8.9414404e+000
  3.2431434e+000  4.1488697e+000
  9.3234878e+000  5.5580658e+000
  2.4372806e+000  2.6803375e+000
  5.5026524e+000  1.3422017e+000
  8.8549623e+000  4.9997203e+000
  3.0615876e+000  8.8444022e+000
  8.1600864e+000  9.3679617e+000
  8.8132449e+000  2.1589946e+000
  4.6381280e+000  7.9219915e+000
  7.2817728e+000  9.1900842e+000
  2.3016214e+000  9.6781844e+000
  6.0450538e+000  5.7311274e-001
  5.4777432e+000  3.1419072e+000
  5.1433353e+000  5.4964887e+000
  6.6631538e+000  4.7586369e+000
  1.1452571e+000  7.2111680e+000
  7.8215197e+000  1.4640862e+000
  8.3675124e+000  4.3252418e+000
  4.1103762e+000  4.0458693e+000
  9.2092718e+000  5.0458941e+000
  9.2667897e+000  8.7304139e-001
  3.7018223e+000  7.3144619e-001
  3.1208210e+000  4.0546618e+000
  2.4596897e+000  1.9675731e+000
  9.2315198e+000  5.8397543e+000
  6.3253136e+000  8.4658304e+000
  1.7261394e+000  8.4903606e+000
  2.8206794e+000  8.5329476e+000
  9.5101818e+000  9.8254730e-001
  1.4129696e+000  6.3265890e-001
  6.0252482e+000  9.3648452e-001
  2.1577045e+000  1.6152909e+000
  9.4000965e+000  2.1339386e+000
  1.8551579e+000  3.0456261e+000
  2.5985125e+000  8.1438167e+000
  1.4353077e+000  3.0305878e+000
  4.8645150e+000  8.0978125e+000
  7.9868382e+000  2.0755414e+000
  1.3739795e+000  6.8797631e+000
  7.3558023e+000  1.8820553e+000
  2.4981742e+000  8.6018193e+000
  8.2595758e+000  4.8018443e+000
  5.5872746e+000  7.0112680e+000
  5.2446694e+000  6.8237375e+000
  7.0491976e+000  4.3816891e+000
  1.9315570e+000  4.1865025e+000
  7.7339882e+000  8.5642713e+000
  1.1909612e+000  4.4721258e+000
  8.9256980e+000  5.6174089e+000
  2.2279707e+000  4.1709168e+000
  6.5406494e-001  7.0560902e+000
  5.4347667e+000  3.0454661e+000
  7.9322374e+000  3.2052129e+000
  8.1483446e+000  6.8517955e+000
  1.5870045e+000  1.7089797e+000
  4.8095614e+000  6.5211611e+000
  5.1714355e+000  3.1798339e+000
  1.6665469e+000  6.4524395e+000
  7.1050182e+000  6.7727435e+000
  5.6151735e+000  2.7268866e+000
  1.5761058e+000  5.0250305e+000
  2.9065071e-001  7.1176332e+000
  1.6339394e+000  5.1618431e+000
  9.1474305e+000  5.2048473e+000
  6.0538751e+000  2.8464304e+000
  9.1134274e+000  8.1945021e-001
  4.1288683e+000  9.1552935e+000
  3.7499659e+000  2.9273038e+000
  2.8206368e+000  1.0509471e+000
  6.6107615e+000  7.3252816e+000
  7.4046830e+000  8.7507932e+000
  3.6104711e+000  9.3276567e+000
  8.6046056e+000  1.7874629e+000
  4.6151492e+000  4.1423386e-001
  4.5475317e+000  2.8128149e+000
  2.0596745e+000  5.7850856e-001
  3.3036958e+000  2.0876389e+000
  4.1856628e+000  2.3019779e+000
  7.9770640e+000  3.6144294e+000
  3.8048584e+000  7.1050505e+000
  2.9795809e+000  3.0772694e+000
  3.4544386e+000  9.6931389e-001
  8.6089614e+000  1.2103627e+000
  4.6657712e+000  1.1572572e+000
  7.0132368e+000  7.1094160e-001
  4.9159987e-001  3.8936788e+000
  1.2113607e+000  6.6923527e+000
  4.0398821e+000  1.6280477e+000
  2.9455248e+000  1.8795134e+000
  6.9668826e+000  6.2936478e+000
  1.0523893e+000  2.3067285e+000
  8.4107319e+000  3.3159519e+000
  6.0362458e+000  9.7222944e+000
  8.2836468e+000  1.8178445e+000
  1.9608854e+000  8.0878335e+000
  8.9377099e-001  2.2466556e+000
  1.8836445e+000  5.0936001e+000
  5.9526985e+000  2.3377614e+000
  8.5267954e-001  6.9619775e+000
  5.7740149e+000  2.3680335e+000
  8.0213435e+000  5.9693148e-001
  8.4178272e+000  1.4004914e+000
  4.7571580e-001  7.9426301e+000
  2.9688290e+000  4.8090268e+000
  8.5282673e+000  7.6251806e+000
  8.5047699e+000  6.9085035e+000
  5.4637538e+000  1.9207527e+000
  4.4862168e+000  1.8134788e+000
  2.0151184e+000  6.7434923e+000
  6.1791674e+000  7.1299796e+000
  3.3047536e+000  5.8986941e+000
  6.1535357e+000  3.3402288e+000
  8.4816652e+000  4.6216178e+000
  3.7313631e+000  1.9418375e+000
  1.8955062e+000  9.2061842e+000
  3.4623227e+000  6.5256204e+000
  9.1132765e-001  7.7118382e+000
  3.4539669e+000  1.0623688e+000
  7.3128660e+000  6.7223596e+000
  3.7027223e+000  1.0504452e+000
  4.5605747e+000  3.3663335e+000
  7.9469779e+000  7.0803587e+000
  3.4144405e+000  9.3007669e+000
  2.7993485e+000  1.9243680e+000
  3.1804858e-001  1.1494787e+000
  3.4851890e+000  1.1600200e+000
  1.5415907e+000  1.1789135e+000
  2.1268355e+000  5.3238922e+000
  6.1352652e+000  2.5040038e+000
  1.6008512e+000  8.3450104e+000
  3.1791043e+000  2.8278845e+000
  9.5038633e+000  5.5479103e+000
  9.3274168e+000  3.0356974e+000
  1.8581096e+000  8.4011489e+000
  5.9939707e+000  2.6968908e+000
  8.8789365e+000  6.0844308e+000
  1.4257704e+000  6.0349236e+000
  7.4493973e+000  7.2700116e+000
  9.2506498e+000  8.7313155e+000
  9.0344155e+000  9.0741917e+000
  8.3082264e+000  4.3181294e+000
  1.7396885e+000  5.3775793e+000
  5.8572268e+000  4.8811203e+000
  2.6483712e+000  2.4683056e+000
  4.0471902e+000  6.0035818e+000
  8.0426294e+000  8.0505008e+000
  1.3409742e+000  1.6249210e+000
  2.9662726e+000  1.8430402e+000
  7.3796897e+000  5.4081176e+000
  1.4376776e+000  5.9554990e+000
  3.4001811e+000  8.3629728e+000
  2.6035638e+000  2.5953916e+000
  9.0904811e+000  2.3185583e+000
  3.6504808e+000  2.0760127e+000
  1.8806267e+000  7.3031440e+000
  4.8693549e+000  3.7196245e+000
  9.3589478e+000  2.1919242e+000
  7.4905557e+000  3.5109372e+000
  3.5320111e+000  3.7970242e+000
  5.8024746e+000  7.3671421e+000
  2.2870442e+000  3.1925550e+000
  2.4523544e+000  1.6628424e+000
  2.2647497e+000  7.6437731e+000
  2.0754222e+000  9.0262068e+000
  1.0042948e+000  8.0604621e+000
  5.2833731e+000  6.0709573e+000
  1.6581595e+000  7.9323808e+000
  8.3146340e+000  1.9763976e+000
  3.3930210e+000  7.0217394e+000
  3.1711349e+000  2.1456418e-001
  1.6882326e+000  1.5628258e+000
  5.3430119e+000  3.6545585e+000
  9.4853464e+000  2.5692662e+000
  8.3539727e+000  8.4247331e+000
  3.7331989e+000  1.1712676e+000
  4.9490146e+000  2.4304771e+000
  5.5175104e+000  7.3182793e+000
  7.9345133e+000  4.9849001e+000
  7.4736185e+000  9.7760275e+000
  8.7523551e+000  5.3509500e+000
  2.9983952e+000  1.9822004e+000
  6.5296765e+000  8.2950528e+000
  9.4320432e+000  8.7409637e+000
  1.8581966e+000  6.2262410e+000
  5.2473623e+000  2.9803188e+000
  8.4889102e+000  7.2981824e-001
  8.9195049e+000  6.3797330e+000
  8.1418300e+000  6.4273051e+000
  7.3604870e+000  1.3111288e+000
  4.8463103e+000  9.0928999e+000
  8.8247656e+000  8.5937433e+000
  6.3027495e+000  8.2237443e+000
  3.0247045e+000  2.1826655e+000
  5.5845984e+000  5.1317649e+000
  7.9225235e+000  5.2550830e-001
  9.4278815e+000  2.9670867e+000
  6.0566806e+000  6.3867683e+000
  9.1000925e+000  4.2527485e+000
  6.1010312e+000  7.2706605e+000
  8.7973839e+000  2.4494193e+000
  8.7645543e-001  8.9544621e+000
  4.8648495e+000  2.2675069e+000
  5.2665552e+000  1.0609817e+000
  2.1675029e+000  6.8814819e+000
  8.1026631e+000  2.2584949e+000
  6.5083360e+000  9.7309690e+000
  5.6196813e+000  4.4169021e-001
  5.0016850e+000  4.0172179e+000
  8.9490226e+000  2.4771711e+000
  9.4045178e+000  2.2152269e+000
  1.3488786e+000  7.3949674e+000
  2.4576728e+000  5.9130912e+000
  6.5888195e+000  7.2111865e+000
  4.0171586e+000  6.1525155e+000
  3.8758457e+000  1.4022136e+000
  3.9784308e+000  2.0609224e+000
  8.5201961e+000  7.5050311e-001
  1.6499327e+000  8.5668816e+000
  2.5879113e+000  2.4036120e+000
  4.0175921e+000  4.9307781e+000
  6.8592618e+000  6.6715204e+000
  4.6877628e+000  9.2624304e+000
  8.9813365e+000  3.7602518e+000
  5.7619648e+000  8.7345140e+000
  4.8756567e+000  2.9139715e+000
  1.4877182e+000  1.0352534e+000
  3.5834831e+000  5.2383467e+000
  2.0674620e+000  2.4740201e+000
  9.1187744e+000  8.2796753e+000
  5.3718760e+000  3.7282318e+000
  2.8747537e+000  4.8554555e+000
  9.3447389e+000  6.7239535e+000
  6.1590944e-001  3.1049465e+000
  5.0711377e+000  3.8375534e+000
  5.7726449e+000  9.3862846e+000
  9.0851232e+000  2.0238183e+000
  9.3176386e+000  5.1862537e+000
  4.7723101e+000  9.1668319e+000
  1.8060689e+000  5.7635195e+000
  5.0977158e+000  3.1137783e+000
  9.2379225e+000  4.1788411e+000
  5.0002029e+000  2.9331310e+000
  7.1850383e+000  6.1610116e+000
  3.3516136e+000  3.5226619e+000
  7.7448388e+000  7.3023825e+000
  6.0632668e-001  1.9658753e+000
  8.4189153e+000  3.9881543e+000
  7.5605539e+000  5.5057250e+000
  1.9261982e+000  7.9618911e+000
  1.6664394e+000  7.0224461e+000
  2.3670912e+000  8.7957468e+000
  4.2113740e-001  8.1787341e+000
  4.2761203e+000  9.0336589e+000
  7.4188011e+000  1.9563720e+000
  6.0568029e+000  6.9948093e+000
  5.0488018e+000  6.9359248e+000
  5.7917332e+000  7.8901147e+000
  7.6573087e+000  1.5559073e+000
  8.1022244e+000  1.4235761e+000
  7.2861338e+000  5.3491493e+000
  1.5568704e+000  3.8040673e+000
  5.1691627e+000  4.9003507e+000
  9.2781037e+000  5.8383012e+000
  2.5844956e+000  4.2397222e-001
  5.0020177e+000  2.9963087e+000
  2.7530915e+000  8.5852697e+000
  3.9609476e-001  5.0075091e+000
  4.9295124e+000  8.4555724e+000
  4.9241017e-001  6.6871211e+000
  3.0515146e+000  5.1544760e+000
  8.6249270e+000  5.1251277e+000
  4.2070094e+000  3.1060164e+000
  8.4584260e+000  7.1496419e+000
  1.2425236e+000  3.8828737e+000
  9.6638724e+000  7.5210138e+000
  6.6546337e+000  1.2893336e+000
  9.0540508e+000  3.8134266e+000
  9.1110485e+000  1.4295520e+000
  4.7834943e+000  3.0962659e+000
  4.8202733e+000  9.3518398e+000
  2.9034303e+000  4.9274157e+000
  9.3089805e+000  4.6823099e+000
  8.9548689e+000  4.9706360e+000
  7.1584840e+000  8.3527580e+000
  5.2335201e+000  7.0310327e+000
  3.3280444e+000  4.0893342e+000
  8.8365159e+000  1.0940804e+000
  5.7641776e+000  1.8323189e+000
  1.5693741e+000  1.3631137e+000
  5.4276930e+000  9.5683953e+000
  5.1451881e+000  3.7041311e+000
  4.1882588e+000  6.1386141e+000
  5.1039569e+000  6.4203238e+000
  9.5968185e+000  7.5720679e+000
  8.1303811e+000  2.6020970e+000
  9.1003480e+000  2.5644681e+000
  5.9393023e-001  1.9599078e+000
  8.8598691e+000  7.7633436e+000
  7.6955598e-001  1.8613247e+000
  3.9692911e+000  2.4686715e+000
  8.1872710e-001  1.0828101e+000
  7.6225726e-001  6.9368838e+000
  9.5087003e+000  2.7959981e+000
  1.5232701e+000  4.3270661e+000
  6.3325654e+000  4.8048613e+000
  8.3563069e+000  1.1218732e+000
  6.2924290e+000  3.0853965e+000
  5.9078009e+000  4.6181677e+000
  1.3804640e+000  6.5206704e-001
  2.2567993e+000  2.6079573e+000
  6.6606161e+000  1.8207783e+000
  4.8308871e+000  3.5997704e+000
  7.0537670e-001  1.8279346e+000
  8.4921691e+000  9.0669600e+000
  3.7713435e+000  9.3201803e+000
  6.5554482e+000  7.6310749e+000
  8.7719026e+000  8.8155899e+000
  8.7056041e+000  2.2177989e+000
  9.1082379e+000  2.1475934e+000
  8.4130401e+000  1.0596232e+000
  8.5816596e+000  7.5761120e+000
  4.7819154e+000  2.2974905e+000
  9.0385155e+000  2.4803291e+000
  8.6531002e+000  4.8407676e+000
  8.1574462e+000  6.2893151e+000
  1.2309382e+000  8.2896433e+000
  8.7637933e+000  2.0764079e+000
  3.7770386e+000  9.2926294e+000
  1.3962440e+000  5.6700698e+000
  7.5684666e+000  5.9285599e+000
  4.7327366e-001  6.9055065e+000
  5.3049590e+000  3.1739540e+000
  3.8127729e+000  3.7101564e-001
  9.1960008e+000  6.2442897e+000
  3.7551181e+000  9.2199307e+000
  7.4205225e+000  5.8019833e+000
  5.4711385e+000  1.0886811e+000
  7.1130441e+000  3.7751423e+000
  3.8091893e+000  6.9852809e+000
  1.3040593e+000  4.5905692e+000
  1.4749540e+000  1.2148263e+000
  2.3674442e+000  8.2279930e+000
  9.4447967e+000  1.9061343e+000
  2.7319691e+000  4.7077383e+000
  8.3254778e+000  7.0380996e-001
  9.1592772e+000  6.1060116e+000
  5.2833866e-001  6.2358243e+000
  5.7243393e+000  7.4751919e+000
  8.7732712e-001  7.1335274e+000
  8.4164187e-001  4.0607156e+000
  8.9445481e+000  6.8672504e+000
  7.8881715e+000  5.5796499e-001
  3.5774031e-001  2.6307533e+000
  2.7329958e+000  7.6722976e+000
  7.3003187e+000  6.4485632e+000
  3.9661962e+000  1.9597380e+000
  5.5824142e+000  8.9804427e-001
  6.7605295e+000  4.3878086e+000
  1.8114466e+000  6.2514275e+000
  9.0173914e+000  5.7559506e+000
  7.8275651e+000  2.4234311e+000
  2.9332378e+000  8.5338496e+000
  9.2718189e+000  3.5443275e+000
  5.8929862e+000  9.4039815e+000
  3.0706387e+000  1.8710405e+000
  9.1977129e+000  6.1217800e+000
  4.7762922e+000  8.5009470e+000
  9.3208974e+000  2.2865800e+000
  8.4050722e+000  4.2444709e-001
  8.8790117e+000  7.9183164e+000
  3.9790455e+000  1.9813508e+000
  4.4704185e+000  4.5538485e+000
  3.8691278e-001  9.9281165e+000
  5.8603016e+000  3.1853275e+000
  7.9075143e+000  3.1885853e+000
  2.9790201e+000  1.2542551e+000
  1.2168809e+000  1.6901387e-001
  9.3550677e+000  8.9156057e+000
  1.4599075e-001  3.9413376e+000
  2.2673845e+000  3.9354060e+000
  7.9525859e+000  5.8839426e+000
  9.3836769e+000  6.0844255e+000
  9.2933428e+000  4.7447311e+000
  4.5547989e+000  2.7495302e+000
  1.1435594e+000  9.1246576e+000
  1.3539929e+000  3.2531162e+000
  1.1750504e+000  2.2513993e+000
  6.9988661e-001  7.4345496e+000
  7.2733413e+000  5.9615141e+000
  5.4837691e-001  3.6481343e+000
  4.8212978e+000  9.1166296e+000
  5.8424927e+000  2.9473756e+000
  1.9221615e+000  1.7867358e+000
  5.0443669e-001  2.4517790e+000
  4.9776943e+000  4.6614566e+000
  5.3630374e+000  5.4664666e+000
  8.1948001e+000  8.4007697e+000
  4.7970736e+000  8.7234253e+000
  5.9264010e+000  5.1977495e+000
  5.2795163e+000  9.4094259e+000
  1.9238364e+000  8.0272401e+000
  4.3371701e+000  1.0257606e+000
  5.2437160e-001  8.8510716e+000
  3.9130942e+000  9.0687717e+000
  3.8259798e+000  1.6830426e+000
  9.6052911e+000  4.3524083e-001
  1.9236033e+000  9.1281395e+000
  5.0882043e+000  3.4419974e+000
  8.6337476e+000  2.4340084e+000
  1.7416826e+000  3.4636468e+000
  2.3337552e+000  5.0995625e+000
  3.6038747e+000  5.2270079e+000
  6.5756227e+000  8.6215764e+000
  3.0379886e+000  1.5235707e+000
  3.8504414e+000  5.6142680e+000
  5.9005661e+000  3.8533698e+000
  7.3165039e+000  3.7252001e+000
  9.5444546e+000  3.0412599e+000
  1.3684448e+000  8.8123083e-001
  8.9504679e+000  4.0205533e+000
  7.7475255e-001  7.3727875e+000
  7.4851546e+000  2.6261403e+000
  3.8443115e+000  9.6349642e+000
  9.7098200e+000  8.4869921e+000
  9.6498962e+000  7.7827412e+000
  9.0509757e+000  6.8918251e+000
  6.9184901e+000  5.1963245e+000
  5.6032150e+000  5.7531937e+000
  8.9690610e+000  4.9505500e+000
  3.3849955e+000  2.5062339e+000
  7.2118211e+000  8.7369669e+000
  5.5024190e+000  7.3793639e+000
  3.4400788e+000  2.0956676e+000
  4.7454500e+000  4.2968227e+000
  7.5326940e-001  9.3632706e+000
  3.9192106e+000  2.3300781e+000
  3.2709986e+000  8.4687410e+000
  1.7679992e+000  6.1565295e+000
  4.7011242e+000  6.9531184e-001
  4.8424775e-001  6.8487353e+000
  5.9992426e+000  6.5296917e+000
  9.6254751e+000  6.6027139e+000
  3.6452344e+000  2.5359400e+000
  8.7551470e+000  7.7269492e+000
  4.1675777e+000  9.3925258e+000
  9.0970425e+000  4.4854344e+000
  9.5478814e+000  2.0927629e+000
  6.9665922e-001  1.9150926e+000
  8.6547445e+000  3.7527521e+000
  2.6222891e+000  1.0900692e+000
  9.8026366e+000  9.7626901e+000
  1.5641159e+000  1.3706470e+000
  3.7838163e+000  4.2244364e-001
  8.4572051e+000  3.0634145e-001
  8.9842444e+000  6.8764277e+000
  6.4621290e-001  2.7039746e+000
  1.1874699e+000  7.9265089e+000
  9.2296652e-001  9.2880187e+000
  1.9888246e+000  8.7336494e+000
  5.5474241e+000  2.8860282e+000
  8.0230276e+000  4.8190559e+000
  1.2066854e+000  5.2364801e+000
  9.4714675e+000  9.2571207e+000
  1.2904590e+000  6.8721356e+000
  9.4379496e-001  8.4213593e-001
  8.7784920e+000  3.6915659e-001
  5.0707842e+000  7.1059914e+000
  4.1311297e+000  5.9604794e+000
  9.6520707e+000  6.5483872e+000
  7.1172207e+000  9.1097064e+000
  4.8845017e+000  2.0700482e+000
  8.5148757e+000  1.1436493e+000
  1.0396863e+000  5.5057651e+000
  9.5284522e+000  6.2638288e+000
  9.3873827e+000  6.6434977e+000
  5.6236733e+000  3.7880230e+000
  7.7404331e+000  1.6873427e+000
  5.0501639e+000  3.9321306e+000
  5.2595176e+000  9.4349484e+000
  4.4831345e+000  9.0456742e+000
  9.2602836e+000  6.5974064e+000
  5.9390817e+000  8.3764027e+000
  4.4301632e+000  9.4558070e+000
  4.6277590e+000  8.0592324e+000
  5.5601138e+000  8.7331122e+000
  6.3484143e+000  7.4327935e+000
  9.7022732e+000  7.5556812e-001
  7.9186453e+000  6.2257680e+000
  3.5133742e+000  5.8006474e-001
  8.9939334e+000  4.7706810e+000
  8.3690537e+000  7.2423502e+000
  8.3370256e+000  8.3185867e+000
  5.6575619e+000  4.4687976e+000
  1.8410423e+000  4.0002610e+000
  6.5247244e-001  5.2881136e+000
  1.4043063e+000  2.7779756e+000
  3.1011340e+000  2.0365413e+000
  1.1261985e+000  7.0778491e+000
  1.3872442e+000  9.3882709e+000
  9.0985164e+000  6.8147308e+000
  1.5449767e+000  5.7787988e+000
  1.8085066e+000  7.4286171e+000
  5.4458331e+000  1.2176699e+000
  2.3138389e+000  8.8228018e+000
  5.6434506e+000  7.4237295e+000
  8.7935291e+000  9.4834595e-001
  8.3806281e+000  1.6991276e+000
  8.7389192e+000  3.2116003e+000
  4.6585696e-001  9.1194137e+000
  7.0195028e+000  1.1775587e+000
  3.8995294e+000  2.7272104e+000
  1.7483488e+000  6.8027436e+000
  8.3169903e+000  9.9216003e+000
  1.3351344e+000  7.1980191e+000
  5.4509032e+000  4.5135510e+000
  3.1422437e+000  1.2006249e+000
  5.8254614e+000  3.3505912e+000
  6.5620525e+000  9.4629908e+000
  1.8056047e+000  6.4024843e+000
  9.1651305e+000  2.9645916e+000
  6.8698913e+000  5.8350566e+000
  6.5866826e+000  7.1483966e+000
  1.4690619e+000  2.6282778e+000
  3.3411992e+000  9.4702733e+000
  3.0682973e+000  1.0030215e+000
  4.7612372e-001  5.8593254e+000
  7.2101064e+000  2.0655244e+000
  8.0697887e+000  5.3146822e+000
  9.2841647e+000  8.7823207e+000
  2.0342429e+000  1.9032190e+000
  5.6002195e+000  5.4499849e+000
  2.5526039e+000  5.9075574e+000
  9.0625153e+000  5.6317626e+000
  4.6728684e+000  2.2970142e+000
  1.2821950e+000  4.9696593e+000
  6.5634025e+000  4.3155276e+000
  8.0183264e-001  5.7480002e+000
  2.9925511e+000  8.8755736e+000
  9.3527364e+000  4.7332481e+000
  1.6861698e+000  3.3441277e+000
  8.7349367e+000  9.3320357e+000
  5.5067779e+000  7.1197422e+000
  5.0386406e+000  5.0760046e+000
  9.6759206e+000  5.0526436e+000
  4.5182148e+000  9.3228062e+000
  2.1668831e+000  3.4980667e+000
  3.4373183e+000  2.5263136e+000
  1.2246656e+000  2.7205180e+000
  1.5019666e+000  4.9740819e+000
  7.0872765e+000  3.2982422e+000
  2.6994967e+000  4.1942295e+000
  5.9793258e+000  9.2805283e+000
  6.1173040e+000  8.2391641e+000
  1.0466621e+000  4.6378612e+000
  5.2115112e+000  9.5351679e+000
  8.9509172e+000  3.3320862e+000
  4.0237499e+000  1.0868209e+000
  1.7663310e+000  8.6790405e+000
  1.7904684e+000  3.3775163e+000
  9.1257028e+000  9.0288507e+000
  3.3481886e+000  1.0608716e+000
  4.9888448e+000  7.9928205e+000
  2.3711752e+000  3.4513032e+000
  4.5490534e+000  1.9255359e+000
  9.1167612e+000  3.3705052e+000
  8.8428405e+000  6.2784603e+000
  2.5215566e+000  7.1078186e+000
  7.0454541e+000  1.3773687e+000
  8.8691225e+000  6.4639355e+000
  2.8025695e+000  7.3817503e+000
  5.9454594e+000  3.5294116e+000
  7.3059280e+000  3.4579833e+000
  5.8851311e+000  7.1048099e+000
  1.6682089e+000  6.9740448e+000
  2.8847203e+000  1.6968820e+000
  2.1263625e+000  4.7790013e+000
  8.9306760e+000  4.3003575e+000
  7.5569938e+000  1.0568012e+000
  7.5375429e-001  4.4210194e+000
  9.1410534e-001  7.3685047e+000
  8.8849351e+000  4.3799164e+000
  6.1063765e-001  7.1883956e+000
  1.4257950e+000  6.1819564e+000
  7.8929341e+000  4.5192847e+000
  3.1327519e+000  1.2101353e+000
  8.5533268e+000  4.4190428e+000
  4.7499018e+000  6.5450115e+000
  8.2043315e+000  7.6846164e+000
  7.1458790e+000  7.3801382e+000
  6.6270720e-001  2.0165317e+000
  1.1197250e+000  6.5446259e+000
  9.8115628e+000  8.2501354e+000
  4.6837287e-001  3.4604933e+000
  5.0782836e+000  4.1088639e+000
  1.0136342e+000  1.5293946e+000
  5.0874888e+000  2.2108759e-001
  1.7433167e+000  1.5178359e+000
  2.1586617e+000  5.9004542e+000
  1.8810411e+000  2.4786673e+000
  8.9531105e+000  3.1933105e-001
  9.2063152e-001  6.8552496e+000
  8.1939878e+000  1.1652031e+000
  7.8021620e+000  1.1551120e-001
  5.4822221e+000  8.0950897e+000
  1.0161249e+000  5.8780354e+000
  2.7236092e+000  8.3422144e+000
  6.6098962e+000  6.0987378e+000
  4.5530972e+000  8.2578514e+000
  8.6688649e+000  4.2363397e-001
  2.3310093e-001  9.1425412e+000
  7.4782025e+000  2.4490231e+000
  5.6317137e+000  6.6143760e+000
  1.2134298e+000  5.5597038e-001
  7.8841744e+000  9.0615894e+000
  6.2248577e+000  2.9348036e+000
  1.3816036e+000  6.7665906e+000
  4.7107961e+000  9.1346447e+000
  4.1827394e+000  4.9113225e+000
  6.4355073e+000  9.2657396e+000
  6.9187626e+000  1.2469560e+000
  6.4680004e+000  7.0369206e-001
  4.1585122e-001  9.2300012e+000
  4.0568585e-001  2.2303877e+000
  9.2891684e+000  4.0503907e+000
  6.4874616e+000  6.6039020e+000
  2.8439847e+000  6.2345766e+000
  4.5926521e+000  4.8289892e+000
  8.9920333e+000  5.9937789e+000
  3.8505263e+000  8.9428476e+000
  6.1641904e-001  4.4596121e+000
  9.2009789e+000  2.3363779e+000
  6.0643100e+000  9.7291702e+000
  7.1032001e+000  6.7834714e+000
  5.7419426e+000  9.7379458e+000
  3.8506521e+000  7.4750969e+000
  7.1639609e+000  5.8037899e+000
  4.4533210e+000  2.7875944e+000
  9.5577645e+000  3.5331929e+000
  7.0668433e+000  3.7411282e+000
  7.4941385e+000  4.9584177e+000
  1.6001649e+000  6.1556505e+000
  7.2410284e+000  9.1632860e+000
  3.5056325e+000  7.9207485e+000
  5.9847507e-001  2.5456030e+000
  4.2926274e+000  2.4415790e+000
  9.1469716e+000  9.0844751e+000
  8.6149689e+000  5.6740228e+000
  2.4815352e+000  1.7855886e+000
  8.9164332e+000  5.4101239e+000
  9.0063879e+000  1.0042145e+000
  3.9578338e+000  7.4407558e+000
  3.2480253e+000  5.5448059e+000
  6.4292838e-001  6.4744341e+000
  1.7606988e+000  2.2123308e+000
  8.9453943e+000  6.8602923e+000
  2.8413365e+000  1.5841099e+000
  6.9314721e+000  2.9764008e+000
  8.5145117e+000  8.0671140e+000
  3.0379946e+000  4.9307276e+000
  9.3841790e+000  4.9102269e+000
  1.5153405e+000  3.5916908e-001
  9.6552198e+000  8.2676501e+000
  6.9915887e-001  5.7228528e+000
  9.5981666e-001  6.4328530e+000
  6.7016153e+000  2.9797437e+000
  7.6946892e-001  1.9117477e+000
  7.3983388e+000  8.9393959e+000
  5.1562932e+000  8.9823332e+000
  4.7168476e+000  4.9552953e+000
  1.1299406e+000  6.7961371e+000
  9.2237878e+000  8.8828242e+000
  5.9090220e-001  3.6480516e+000
  5.4563059e+000  1.9450218e+000
  4.3858482e+000  8.5855741e+000
  8.6552692e+000  2.3191213e+000
  7.4608506e+000  8.8795337e-001
  9.3231529e-001  7.2482771e+000
  5.3620734e+000  4.6718945e+000
  9.6109821e+000  4.7933158e+000
  2.6648095e+000  7.6796929e+000
  9.0609535e+000  1.8265185e+000
  6.9434080e+000  1.7115647e+000
  2.4492955e+000  1.5404014e+000
  7.6272797e+000  6.2998708e+000
  7.6525158e+000  7.3910953e+000
  8.3181752e+000  6.7675891e-001
  6.1790700e-001  8.6104021e+000
  8.9122438e+000  6.5416134e+000
  6.6454479e+000  3.8728593e+000
  1.6498407e+000  2.4044297e+000
  1.6090295e+000  3.1158796e+000
  4.3666875e+000  2.3764054e+000
  4.9543244e+000  4.4962518e+000
  5.1446211e+000  1.0015088e+000
  8.7890813e+000  7.7082043e+000
  8.8026711e+000  7.0301417e+000
  9.2909491e+000  8.7956683e+000
  6.9120831e+000  7.6841821e+000
  5.3171322e+000  6.1173949e+000
  8.6745319e+000  6.0557687e+000
  9.4190504e+000  5.0005413e+000
  9.7067494e+000  9.1995863e+000
  7.3656693e+000  8.0802496e+000
  5.3043790e+000  2.6430968e+000
  8.7676973e+000  5.9169436e+000
  8.0207373e-001  9.2727195e+000
  3.8526067e+000  9.4348697e+000
  3.7924504e+000  8.9458538e+000
  2.4803073e+000  2.2997414e+000
  8.9435692e+000  4.6949924e+000
  6.6122529e+000  4.4148515e+000
  1.5681556e+000  1.9767482e+000
  9.4036852e+000  7.6964318e+000
  2.0716775e+000  4.0220959e+000
  4.7299919e+000  7.8406968e+000
  4.7690288e+000  1.1855065e+000
  6.3409850e-001  9.1954489e+000
  7.0733303e+000  1.0201932e+000
  1.6781201e+000  3.5541537e+000
  2.9667118e+000  2.3183886e+000
  9.2955941e+000  6.0682252e+000
  2.0337522e+000  6.8467825e+000
  7.0182121e+000  8.0308663e+000
  6.8842035e+000  7.5663098e-001
  9.2809990e+000  4.3552901e+000
  8.7088277e+000  2.5284177e+000
  3.2423049e+000  1.5781772e+000
  7.8253890e+000  9.2248554e+000
  1.1460210e+000  7.8351672e+000
  6.9761060e+000  1.5499747e+000
  5.1736109e+000  4.5880716e+000
  9.3466741e+000  5.4364474e+000
  4.9892399e-001  8.6480890e+000
  7.0369250e+000  4.2488235e+000
  3.3493202e+000  8.9428459e+000
  8.7580859e-001  3.4115849e-001
  3.6382924e+000  7.4424053e-001
  2.1552753e+000  4.8591583e+000
  7.1394810e+000  4.9225279e+000
  3.4459616e-001  2.1833887e+000
  7.9982930e+000  7.8665962e+000
  1.4064583e+000  8.4688674e+000
  9.5249087e+000  7.0034419e+000
  7.0987914e+000  9.3886364e+000
  3.8388356e+000  9.3252176e+000
  9.4135325e+000  8.8797177e+000
  7.2781939e+000  1.7741759e+000
  7.0799368e+000  8.5964198e+000
  8.8977563e+000  2.5428417e+000
  1.6216700e+000  4.1336856e+000
  2.1820307e+000  9.4539337e+000
  9.5700541e+000  2.9049360e+000
  8.9925913e+000  3.8482377e+000
  3.0598655e+000  1.7761580e+000
  5.1137647e+000  4.3819998e+000
  7.9172856e+000  4.5300897e+000
  2.9568644e+000  9.1491367e+000
  9.2990352e+000  7.3277955e+000
  3.6204616e+000  1.0147106e+000
  4.0562092e+000  2.5792079e+000
  5.9444749e+000  6.3889493e+000
  4.0149901e+000  8.8030567e+000
  8.5236077e+000  3.8048609e+000
  3.4315948e+000  9.4215447e+000
  5.9959636e+000  1.8938410e+000
  3.3016664e+000  9.4312408e+000
  7.8993577e-001  2.1242509e+000
  2.1082019e+000  4.8574578e+000
  4.7943552e+000  8.0552262e+000
  6.0421762e+000  5.6976975e+000
  4.7989104e+000  4.6330114e+000
  5.4267978e-001  3.1050336e+000
  6.8579094e+000  8.7930460e+000
  3.9147338e+000  8.4287495e+000
  8.6997753e+000  1.3465278e+000
  4.8703223e+000  3.4976402e+000
  8.2607400e+000  5.8729890e+000
  5.8741404e-001  6.7307941e+000
  6.0280204e-001  1.2338746e+000
  6.2050356e+000  3.1415782e+000
  7.6951250e+000  2.2136587e+000
  4.5395410e+000  2.5829218e+000
  9.1115745e-001  1.3133213e+000
  6.2953022e-001  8.6115491e+000
  1.5920089e+000  4.4279417e+000
  9.5596373e+000  1.0135274e+000
  4.6725416e+000  9.0814135e+000
  9.1686837e+000  7.1071216e-001
  6.2534844e+000  7.8143041e-001
  2.2622187e+000  4.0420723e+000
  1.7636694e+000  4.1905835e+000
  5.2141174e+000  5.2662442e-001
  3.3114636e+000  1.2382206e+000
  8.4830379e+000  5.3750621e+000
  3.2518301e+000  2.7687777e+000
  6.0628364e+000  4.3059867e+000
  9.2889352e+000  4.7317366e+000
  2.9174904e+000  9.1946916e+000
  6.5683610e+000  7.9460240e+000
  5.7855496e+000  6.6603414e-001
  5.5281230e+000  5.6911502e+000
  3.2223740e+000  1.2759333e+000
  7.9975249e+000  8.7146896e+000
  9.4299877e+000  6.9099960e+000
  7.8749848e+000  4.6805262e+000
  1.7840037e+000  7.6540973e+000
  5.8893723e+000  5.6959068e-001
  1.5194998e+000  9.6026313e+000
  1.8698321e+000  6.9180561e+000
  7.3704504e+000  7.0652441e+000
  1.1465952e+000  7.6818921e+000
  2.4293057e+000  8.4614087e-001
  6.1750775e+000  8.2656491e+000
  4.8865086e+000  2.6675020e+000
  2.7276526e+000  3.8086903e+000
  2.9109385e+000  3.9210762e+000
  4.9134769e+000  2.1394469e+000
  8.9480828e+000  9.2218204e-001
  9.4292200e+000  6.5452245e-001
  8.9617824e+000  5.1718044e+000
  5.7174442e+000  7.6204654e+000
  7.0056242e+000  7.1748150e-001
  7.2460775e+000  6.8732229e+000
  5.4283860e+000  2.5585841e+000
  8.6410742e+000  6.8710024e+000
  3.0748987e+000  9.4410701e-001
  3.8056902e+000  6.4718602e+000
  1.4892818e+000  2.9511698e+000
  1.6116361e+000  4.1237774e+000
  5.2207437e+000  3.0142627e+000
  6.9897991e+000  2.3664006e+000
  1.8090601e+000  2.4014537e+000
  7.4756180e+000  7.9118181e+000
  9.4373859e+000  7.6369869e-001
  4.7402970e+000  4.1825695e+000
  9.0699101e+000  6.8862109e-001
  1.7125144e+000  1.2458463e+000
  4.9848072e+000  7.9177315e+000
  4.8596404e+000  5.6958108e+000
  9.4857153e+000  8.9016222e+000
  7.2702009e+000  6.8653610e+000
  1.6911040e+000  3.7568557e+000
  5.2495603e+000  2.9610776e+000
  5.0265359e+000  1.9894045e+000
  7.2800706e+000  9.2112258e+000
  7.4718687e+000  6.2041706e-001
  3.4177666e+000  4.4372285e+000
  4.7355637e+000  4.0592132e+000
  8.6414602e+000  4.5416609e+000
  6.7351406e+000  3.8646816e+000
  9.1356004e+000  3.8926854e+000
  3.6468717e+000  4.0909947e+000
  3.2652434e+000  3.2404079e+000
  2.9025635e+000  3.3558530e+000
  7.9944950e+000  5.7639575e+000
  2.1163880e+000  6.4625412e+000
  8.9795075e+000  1.9380554e+000
  6.4813170e+000  8.9521967e+000
  9.1233867e+000  5.0786595e+000
  5.3637822e+000  4.2396571e+000
  6.8894059e+000  5.5750362e+000
  1.3572056e+000  4.2438047e+000
  3.1185546e+000  8.1164776e+000
  8.2645889e+000  1.0643086e+000
  8.0347058e+000  7.6268792e+000
  8.8093085e+000  5.1311862e+000
  1.8567736e+000  1.9396530e+000
  2.7759434e+000  4.1110872e+000
  4.2522473e+000  4.0511844e+000
  5.1494555e+000  7.1352697e+000
  7.9010998e+000  7.0117348e+000
  4.8783001e+000  6.7846804e+000
  1.1999188e+000  9.3836594e-001
  9.1265904e-001  7.1530997e+000
  2.9213068e+000  9.2114002e+000
  1.7687314e+000  4.8649473e+000
  4.7188894e+000  1.9232933e+000
  7.2791045e-001  9.3077475e+000
  2.2395665e+000  8.8344824e+000
 -3.1973205e-003  8.9937816e+000
  6.4194165e+000  1.1804051e+000
  8.3244144e+000  6.3405954e+000
  1.1891231e+000  7.4378915e+000
  8.9433351e+000  9.7575057e+000
  6.3619230e+000  2.0073324e+000
  1.8316997e+000  7.1850065e+000
  4.2384592e-001  9.4355482e+000
  6.0715055e+000  5.4243003e+000
  3.2513318e+000  7.7786600e+000
  1.1589777e+000  1.9975350e+000
  6.8192154e+000  3.9252865e+000
  7.0559971e+000  5.1753489e+000
  8.3157940e+000  8.5855705e+000
  2.9407048e+000  8.2050768e+000
  2.1236609e+000  8.0508263e-001
  1.0783053e+000  7.1966757e+000
  2.5550471e+000  7.1733513e+000
  2.8558687e+000  7.0807079e-001
  6.4783327e+000  4.1043839e+000
  3.3022682e-001  4.2687937e+000
  5.0270362e+000  2.3891118e+000
  7.5121146e+000  4.2166828e+000
  5.7990945e+000  6.5273205e+000
  4.5955215e+000  4.7287660e+000
  7.8254129e-001  2.1621851e+000
  6.4178226e+000  3.2674983e+000
  1.3536711e+000  6.9869924e+000
  7.2491198e+000  8.1737304e-001
  1.5902315e+000  7.5764759e+000
  4.5610688e-001  8.1629872e+000
  9.8157522e+000  9.7978861e+000
  2.6581284e+000  3.8132837e+000
  3.2306869e+000  9.3579625e+000
  5.0825630e+000  5.0154489e+000
  1.1397599e+000  7.9316793e+000
  1.9505987e+000  6.4530690e+000
  6.8889983e-001  8.6914780e+000
  6.2528612e+000  6.7256919e-001
  3.4616160e+000  9.0989763e-001
  5.0334449e+000  3.8560594e+000
  4.7206334e+000  4.5752647e+000
  5.8801923e-001  1.1652133e+000
  2.4082095e-001  9.0704205e+000
  1.4826590e+000  4.1175816e+000
  9.6937778e-001  3.3663121e+000
  4.7965174e+000  2.4661594e+000
  9.9859122e-001  3.6724182e-001
  1.3633311e+000  8.7307617e+000
  4.0101207e+000  6.6681753e+000
  4.5407475e+000  6.5126120e+000
  6.9845405e+000  4.3307973e+000
  5.0106707e+000  5.3055115e+000
  8.0810769e+000  5.7621238e+000
  8.6905162e+000  1.9285957e+000
  2.0310661e+000  5.0177558e+000
  6.8041769e+000  8.2923677e+000
  6.4482972e+000  1.9659175e+000
  4.6905859e+000  4.3427232e+000
  1.3617125e+000  7.1238705e+000
  3.8212665e+000  9.0834931e+000
  5.0981801e+000  8.9016390e+000
  6.8298838e+000  5.8006140e+000
  8.1592047e+000  6.0877800e-001
  1.0428453e+000  1.3131960e+000
  4.4885167e+000  5.4908462e+000
  5.5895432e+000  2.0253113e+000
  5.1229978e+000  1.0023562e+000
  6.2467962e+000  6.4846243e+000
  6.3412904e+000  8.9395068e+000
  1.1524102e+000  5.3609783e-001
  5.9117273e+000  7.6856999e+000
  4.9545343e+000  9.0986642e+000
  2.9552536e-001  8.6229239e+000
  7.5528920e+000  7.1429968e+000
  6.7968767e+000  7.5603575e+000
  4.2316268e+000  5.5577534e+000
  1.7569762e+000  6.2103985e+000
  9.7541183e+000  3.1288818e+000
  9.2664206e+000  4.5159384e+000
  5.0801394e+000  7.8897823e+000
  1.3300993e+000  4.0384418e+000
  3.8978798e+000  7.5147837e-001
  3.2861463e+000  8.3881038e+000
  6.0199036e+000  3.2953761e+000
  4.8172450e-001  9.8476252e+000
  5.6945708e+000  2.7880504e+000
  2.5756388e+000  9.4593268e+000
  9.1642859e+000  8.1197277e+000
  8.2186544e+000  9.9289315e-001
  6.9669262e+000  2.5714516e+000
  9.7504168e+000  3.0453432e+000
  9.2616801e+000  9.3955286e+000
  3.0399433e+000  5.3722496e+000
  5.6463276e+000  2.2991881e+000
  6.8183267e+000  7.5465902e+000
  7.4422603e+000  7.8801899e+000
  5.0258017e+000  3.8137987e+000
  9.8017140e+000  9.4405796e+000
  6.9054593e+000  2.1276371e+000
  8.2834626e+000  7.0124257e+000
  6.9214774e+000  2.0478613e+000
  7.4896723e+000  4.3677512e+000
  6.6647425e+000  9.1132886e+000
  5.3577368e+000  5.4634846e+000
  1.9589084e+000  9.4989994e-001
  4.0129932e+000  3.1473711e+000
  8.4307100e+000  6.7092510e-001
  8.6763359e-001  8.7720160e+000
  5.6665923e+000  3.2066498e-001
  9.0181175e+000  6.0417973e+000
  3.7253455e+000  8.8121383e+000
  3.6844633e+000  6.8393585e+000
  1.4428019e+000  8.7837041e+000
  6.5826670e+000  4.1985238e+000
  4.7418041e-001  1.5929490e+000
  9.1126573e+000  9.1970217e-001
  2.0772388e+000  5.8888058e+000
  4.2280010e+000  9.0368312e+000
  6.4461881e+000  3.9338874e+000
  4.7168271e+000  8.8802787e+000
  6.8136422e+000  8.8371765e+000
  3.3942348e+000  3.7676839e+000
  2.0315583e+000  9.5685044e+000
  3.4544414e+000  6.4654348e+000
  4.2547541e+000  1.8927226e+000
  8.9149515e+000  5.9377926e+000
  5.1865584e+000  9.1347297e+000
  4.8671326e+000  3.5000614e+000
  2.6416297e+000  5.4800395e+000
  4.7329554e+000  8.1445952e+000
  5.5545717e+000  3.3693657e+000
  4.3364243e+000  5.5670193e+000
  1.1230615e+000  4.9906678e+000
  1.8848469e+000  3.3856549e+000
  4.5220792e+000  8.8199431e+000
  3.1222388e+000  8.6612852e+000
  7.8759730e+000  1.7812036e+000
  5.1794276e+000  2.1704574e+000
  4.3145906e+000  7.3682781e+000
  8.1628049e+000  7.7375647e+000
  7.5049851e+000  9.2474630e+000
  7.3179170e+000  9.5529089e-001
  9.2925440e+000  6.8423454e+000
  1.0499768e+000  4.3692449e+000
  9.6284572e+000  3.4943229e+000
  3.0527367e+000  7.5967797e+000
  4.7015375e+000  6.6463831e+000
  6.8064823e+000  7.6977421e+000
  5.6346899e+000  5.6692704e+000
  7.5703881e-001  9.0380853e+000
  5.8076019e-001  2.4226709e+000
  3.9757720e+000  6.0899472e-001
  7.0762240e+000  3.7052881e+000
  8.8069500e+000  2.8811709e+000
  8.9744769e-001  1.5330685e+000
  3.0674137e+000  2.3704564e+000
  6.6201460e+000  4.7698688e+000
  4.7810201e+000  3.4143518e+000
  6.3665964e+000  5.9880558e+000
  2.6331343e+000  6.8894198e+000
  6.3679384e+000  7.1348455e+000
  3.2180799e+000  6.3017447e-001
  4.0809945e+000  9.6897553e+000
  7.3035573e+000  5.7068522e+000
  2.6925696e+000  9.1651585e+000
  7.7724333e+000  9.0428702e+000
  3.6824620e-001  4.1569087e+000
  8.2473301e+000  8.7767597e+000
  4.7560824e+000  4.0448961e+000
  1.0758711e+000  5.6892682e+000
  1.8250111e+000  5.7720079e+000
  1.2977873e+000  1.5950020e+000
  4.8520400e+000  5.4634523e+000
  9.0523674e+000  3.0527144e+000
  7.7700411e-001  6.6249958e+000
  7.1797003e+000  2.3811653e+000
  2.1224855e+000  2.7915897e+000
  8.8754651e+000  2.1462613e+000
  8.0893362e+000  7.3574640e+000
  6.0464336e+000  2.6784867e+000
  4.9063551e+000  6.5991178e+000
  5.8184149e+000  1.6905231e+000
  8.7527124e+000  1.4162696e+000
  5.4587440e+000  7.9232398e+000
  1.6509718e+000  7.2010706e+000
  7.5594574e-001  4.0104729e+000
  3.0444915e+000  1.9039844e+000
  9.0746218e+000  1.7454707e+000
  3.2375182e+000  8.6163538e+000
  2.8377404e+000  9.8216277e-001
  6.5488677e+000  5.2962725e+000
  7.2833364e+000  6.4812412e+000
  5.3686018e+000  2.3465644e+000
  9.1774273e+000  4.5549369e+000
  4.4684325e+000  6.0980989e+000
  2.0619254e+000  4.0148767e+000
  1.2934338e+000  1.3369003e+000
  9.5656325e+000  9.0930095e+000
  7.3927111e+000  4.0599111e-001
  7.4644283e+000  6.3044801e-001
  9.5544364e+000  5.4497662e+000
  9.0548385e+000  6.8255335e+000
  5.2914821e+000  3.6004302e+000
  3.9754778e+000  1.3741758e+000
  9.6584197e+000  8.3905895e+000
  2.5927099e+000  1.1981785e+000
  5.0191722e+000  8.1384896e+000
  2.6973445e+000  4.6890503e+000
  6.2356659e+000  4.0367836e+000
  6.4878981e+000  9.3068534e+000
  8.5221241e+000  5.3209246e+000
  4.8105594e+000  3.9097496e+000
  4.6747634e+000  3.6887964e+000
  2.0355075e+000  2.4063456e+000
  1.8684237e+000  3.9098894e+000
  6.2083060e+000  4.4668382e-001
  2.0154886e+000  4.9124845e+000
  6.9897099e+000  6.4707867e+000
  2.7453289e+000  3.5119786e+000
  2.8670082e+000  7.0064187e-001
  6.0809672e+000  2.1824931e+000
  6.6839274e+000  7.9699835e+000
  2.7107967e+000  7.1303714e-001
  8.6121877e-001  8.4797058e+000
  7.6756472e+000  6.7946251e+000
  3.4492757e+000  8.0393969e+000
  3.0471231e-001  7.3571686e+000
  7.9799676e+000  3.5146255e+000
  1.1155766e+000  7.7928770e+000
  5.1188923e+000  7.6643522e+000
  5.5675647e+000  7.6888147e+000
  1.2933508e+000  5.0794279e+000
  4.0456162e+000  3.7053482e+000
  8.5135277e+000  6.6881225e+000
  1.2756411e+000  7.1200577e+000
  6.3966612e+000  7.2222682e+000
  1.7534236e+000  6.4567106e+000
  1.5383053e+000  6.2577796e+000
  9.3373740e+000  8.2008484e+000
  5.9897970e+000  7.4429578e+000
  8.1015028e+000  2.0411389e+000
  8.2973206e+000  6.3196119e+000
  3.4417236e-001  3.5881443e+000
  6.5164635e+000  5.9203131e+000
  3.6061371e+000  6.3110710e+000
  7.0740422e+000  9.0127074e+000
  3.5356515e+000  4.6526666e+000
  6.6916668e+000  1.1736669e+000
  5.9212431e+000  4.1336559e+000
  3.3059058e+000  4.7548869e+000
  8.0767222e+000  2.2819775e+000
  2.1835735e+000  8.6575304e+000
  1.2428904e+000  7.2536805e+000
  4.4598316e+000  3.3479573e+000
  5.0409940e-001  7.0258480e+000
  2.1085235e+000  6.6126201e+000
  6.2623083e+000  8.8955172e-001
  5.8845832e-001  7.4291049e+000
  9.8182820e+000  7.5845020e-001
  9.1118022e+000  6.1363660e+000
  9.0801549e-001  1.9839320e+000
  4.1328163e+000  9.3286472e+000
  9.6242664e+000  6.6085882e+000
  9.3422781e-001  1.5532120e+000
  4.8865146e+000  5.9845952e+000
  4.1353043e+000  9.3118356e+000
  5.0539475e+000  6.9962578e-001
  9.4354786e+000  5.8817965e+000
  1.5613739e+000  8.3463733e-001
  6.6772769e+000  8.4614258e+000
  7.9657426e+000  2.2747747e+000
  5.1794581e+000  9.2061764e+000
  1.3540863e+000  5.8656320e+000
  6.8636688e+000  6.2643163e+000
  1.9622009e+000  8.7799921e+000
  6.8837345e-001  3.8991847e+000
  5.0965069e+000  8.3878969e-001
  9.4396161e+000  3.7968695e+000
  6.7532866e+000  3.6962931e+000
  9.7845021e+000  5.9289590e+000
  6.2633280e+000  5.1388475e+000
  8.8509251e+000  2.2996471e+000
  8.4435725e+000  9.2515237e+000
  1.5189470e-001  9.3198691e+000
  8.6006856e+000  9.3998825e-001
  1.0586216e+000  4.5866043e+000
  3.6784286e+000  1.0042949e+000
  4.7646071e+000  2.5975253e+000
  9.6772978e+000  8.5428288e+000
  3.8463050e+000  8.8690618e+000
  6.5604127e+000  9.3558374e+000
  4.6562484e+000  4.3539571e+000
  7.3192668e+000  9.4954252e+000
  2.1108564e+000  7.6733532e+000
  8.9348348e+000  1.3691115e+000
  2.8015624e+000  1.1403981e+000
  6.9161788e+000  5.9736022e+000
  1.2320928e+000  6.8708709e+000
  9.0705954e-001  9.2083420e-001
  5.2562007e+000  8.4279432e+000
  8.1319190e+000  2.8264860e+000
  3.1675474e+000  4.1687834e+000
  3.1216679e+000  1.2068209e+000
  8.5663522e+000  8.5626532e+000
  8.3013754e+000  2.5943271e+000
  2.9024104e+000  4.9368297e+000
  3.3716132e-001  5.1064005e+000
  3.2406475e+000  5.0578933e+000
  5.3972853e+000  9.3406108e+000
  3.1091901e+000  4.8180654e+000
  5.3215033e+000  2.7148311e+000
  6.4675861e+000  5.7310967e+000
  5.1895804e+000  7.1846341e+000
  3.0056946e-001  4.0416054e+000
  1.0051468e+000  4.2043200e+000
  5.9174525e+000  6.1283189e+000
  3.5173975e+000  1.4167575e+000
  6.8646303e+000  1.2215940e+000
  7.1177529e+000  5.4696086e-001
  8.9981434e+000  7.6176038e+000
  5.6677187e-001  4.0210091e+000
  1.3120156e+000  3.9483493e+000
  7.2888892e+000  9.7693997e-001
  7.3296610e+000  7.2711382e+000
  2.5593506e+000  9.3902527e+000
  2.9034860e+000  2.1025817e+000
  8.1937676e+000  8.8913034e+000
  7.6531963e+000  7.0928539e+000
  7.7515427e+000  2.3492678e+000
  2.9343853e+000  7.6669745e+000
  3.1820312e+000  9.4274935e-001
  3.3335516e+000  9.2991074e+000
  6.2429408e+000  8.4969982e+000
  5.5768987e+000  3.2713539e+000
  6.8769089e+000  7.9257046e+000
  6.4443431e-001  5.0451030e+000
  9.5420615e+000  6.9917938e+000
  3.6170534e+000  8.7240979e+000
  2.3658406e+000  2.9307158e+000
  5.5924072e+000  5.5626912e+000
  7.7938047e+000  5.1909293e+000
  2.9404428e+000  4.5359281e+000
  9.1301417e+000  9.1762884e+000
  9.3172840e+000  2.1391482e+000
  7.4168044e+000  9.4740277e+000
  4.5024842e+000  1.1228817e+000
  6.2179342e+000  7.5545798e+000
  4.9179363e+000  4.0743591e+000
  8.1076836e+000  2.9645259e+000
  3.8816338e+000  7.5778281e-001
  6.9173261e+000  5.1149514e+000
  6.3719336e+000  7.2860013e+000
  5.4573724e+000  5.6407912e+000
  3.0630291e+000  9.0812125e+000
  3.2487909e+000  8.9436359e+000
  7.1853583e+000  4.3530140e+000
  8.9975682e+000  2.9828821e+000
  3.8097753e+000  8.6384418e+000
  9.5481152e-001  3.0849355e-001
  6.0505796e+000  9.3197778e+000
  4.1989803e+000  5.2196179e+000
  6.5640617e+000  8.8616858e+000
  5.4246538e+000  8.5205599e+000
  1.3261627e+000  5.6330107e+000
  9.8105335e+000  8.9062996e+000
  1.3868106e+000  6.6304938e+000
  4.2679021e+000  4.3144510e+000
  6.1858887e-001  7.7138647e+000
  1.7937931e+000  5.2342125e+000
  7.1122845e+000  2.9831498e+000
  3.9496508e+000  6.4194920e+000
  8.6779938e+000  2.4412413e+000
  2.6876959e+000  7.9769431e-001
  5.7880617e+000  8.0291149e+000
  9.1821619e+000  3.7720525e+000
  5.9166223e+000  6.5749046e+000
  3.0339105e+000  3.7285157e+000
  3.5899572e+000  7.4928094e+000
  6.7826538e+000  3.1856751e+000
  5.4863934e-001  8.1844437e+000
  1.1331968e+000  7.6426346e+000
  3.1449224e+000  1.2750284e+000
  5.9641792e+000  8.2026540e-001
  9.2656301e+000  2.7839532e+000
  4.6150535e+000  8.8819986e+000
  6.6174981e+000  1.9574360e+000
  1.8167418e+000  9.6308165e+000
  4.2679043e+000  8.1465278e+000
  3.2052764e-001  9.7330517e+000
  6.6598277e+000  5.6519102e+000
  9.0115824e+000  7.3225302e+000
  4.8531125e+000  6.8188160e+000
  6.3405829e+000  4.6378304e+000
  9.1773249e+000  4.7026672e+000
  8.5563924e+000  1.6160153e+000
  4.4052860e+000  2.0953184e+000
  9.4692225e+000  8.4590952e+000
  6.3390783e-001  5.8749509e-001
  7.0463607e-001  9.3393315e+000
  1.6095709e+000  4.1262548e+000
  6.5408836e+000  6.0663463e-001
  7.5320887e-001  7.1205454e+000
  6.3499344e+000  5.4265202e+000
  1.3336366e-001  7.0699993e+000
  9.5195938e-001  1.8930566e-001
  6.9289406e+000  9.3101491e+000
  8.6441204e+000  3.4325621e+000
  5.8633181e+000  6.2528669e-001
  4.2301192e+000  4.4394347e+000
  4.2215637e-001  4.6497050e+000
  6.9254729e+000  6.2157834e+000
  9.1782175e+000  8.9566851e+000
  7.2852970e+000  6.3754124e+000
  7.7913911e+000  8.5827392e+000
  8.5155248e+000  7.1421229e+000
  1.0759452e+000  1.7614871e+000
  7.4145004e+000  5.5367689e+000
  5.7758498e-001  3.4054029e+000
  5.0816541e+000  7.4068143e+000
  4.7076364e-001  4.3914796e+000
  5.0498177e+000  9.2702122e+000
  4.6779807e+000  5.5188664e+000
  3.9117226e+000  7.5760411e-001
  3.1843133e+000  8.7524042e+000
  1.7995241e+000  3.5408042e+000
  2.9478600e+000  9.1442090e+000
  6.7996264e-001  4.4166062e+000
  1.3710403e+000  4.6717978e+000
  9.6175617e+000  2.9709117e+000
  9.2097036e+000  2.4986136e+000
  9.2745536e+000  9.5221358e+000
  8.5294725e+000  5.4715376e+000
  3.1433712e+000  1.1040680e+000
  2.6006958e+000  8.7980201e+000
  8.5898334e+000  2.9989663e+000
  4.8164436e+000  4.3069395e+000
  3.5568874e+000  3.8243156e+000
  8.2514689e+000  1.3483685e+000
  1.1107878e+000  8.0608083e+000
  5.1849833e+000  3.8235686e+000
  9.6505823e+000  2.7308999e+000
  2.8595203e+000  8.4904279e+000
  9.2376479e+000  9.0762013e+000
  9.4586127e+000  5.7053637e+000
  6.8074979e+000  1.5771791e+000
  2.1059147e+000  2.2203631e+000
  4.5050780e+000  4.5704659e+000
  3.0812682e+000  1.8267476e+000
  2.4763416e+000  5.9954081e+000
  4.7636455e-001  6.3627361e+000
  6.5212643e+000  9.0832789e+000
  2.8022179e+000  6.7791230e+000
  7.1710495e+000  2.0742078e+000
  8.7699066e+000  7.5614138e+000
  6.6681614e+000  3.4677126e+000
  8.2164293e+000  5.0444868e+000
  4.0994469e+000  5.7825829e+000
  4.8386106e-001  2.6399606e-001
  7.8457758e-001  3.8590986e+000
  6.1843530e+000  2.8877959e+000
  1.3536315e+000  4.1128210e+000
  5.7448172e+000  3.6995983e+000
  1.8434657e+000  4.2916684e+000
  2.4951984e+000  9.4405630e+000
  7.5731324e+000  7.7348421e+000
  3.2610561e+000  5.1449199e+000
  3.4488191e+000  1.3095699e+000
  1.3690413e+000  5.4713221e-001
  7.0808613e+000  4.9288311e-001
  8.7649648e-001  6.5116833e+000
  7.4963933e+000  1.7053491e+000
  8.0021455e-001  4.1496073e+000
  4.2821358e+000  4.1308692e+000
  9.3099222e+000  9.6000379e+000
  7.8724804e+000  1.1274238e-001
  8.1905745e+000  8.2711332e-001
  6.2785803e+000  1.4779893e+000
  2.6557437e+000  8.3941575e+000
  8.4309512e+000  2.9664864e+000
  5.8796141e+000  5.7017045e+000
  1.8586091e-001  1.9238820e+000
  3.0014082e+000  9.2000976e+000
  5.1872006e+000  3.9521901e-001
  4.6816830e+000  7.4430237e+000
  1.0545263e+000  7.3311068e-001
  7.0713669e+000  9.0219094e+000
  2.7055895e+000  4.8686206e+000
  4.6629411e-001  4.3639440e+000
  8.2634625e+000  8.4825719e+000
  5.8951591e+000  1.2970130e+000
  3.3219509e+000  2.4271609e+000
  1.8417847e+000  8.4337547e+000
  2.2392016e+000  6.3954486e+000
  7.5759394e+000  2.5033064e+000
  5.3784892e+000  3.0395877e+000
  8.0051226e+000  3.6416262e+000
  6.3687334e+000  8.2649937e+000
  1.9982547e+000  5.0760969e-001
  9.0717128e+000  5.6005916e+000
  7.6705599e+000  9.5804428e+000
  5.6422629e+000  2.3527352e+000
  9.3013637e+000  6.2260564e+000
  6.3551503e+000  6.1934839e+000
  2.3178058e+000  7.9580557e+000
  9.2028466e+000  9.5979784e+000
  9.6765305e+000  8.7503033e+000
  2.9805329e+000  8.7305591e+000
  5.2467352e+000  1.8379638e+000
  8.5602499e-001  4.5479156e+000
  2.5866876e-001  4.5424480e+000
  7.3887223e+000  8.6986769e+000
  4.6050759e+000  5.7175630e+000
  6.2965523e+000  1.9432710e+000
  5.0565867e-001  5.8158193e+000
  6.9427572e+000  7.9805831e+000
  4.4216745e+000  5.7801106e-001
  5.1247498e+000  3.4811608e-001
  9.2947927e+000  2.9231155e+000
  6.0093429e+000  3.2381934e+000
  8.1942834e+000  1.1020767e+000
  7.6232491e+000  5.3200419e+000
  8.3024402e+000  5.0556722e+000
  6.7210776e+000  5.8309831e+000
  3.2225034e+000  3.0965206e+000
  2.7927649e+000  3.8236275e+000
  2.2793949e+000  2.3176913e+000
  1.5514042e+000  7.1610308e+000
  6.6548158e+000  4.3509010e+000
  2.4429770e+000  8.6854230e+000
  4.9755019e+000  2.5619440e+000
  1.0715393e+000  6.3276365e+000
  9.1061255e+000  2.4055384e+000
  7.3515803e+000  2.2152525e+000
  3.0093523e+000  7.9696481e+000
  1.4229540e+000  1.8914671e+000
  9.0832780e+000  8.2006576e+000
  3.8230990e+000  1.8312864e+000
  3.6823753e+000  3.2926900e+000
  9.5267254e+000  2.9255670e+000
  1.3430636e+000  4.0633604e+000
  9.8559258e+000  8.3760768e+000
  8.1653929e+000  1.8543332e+000
  3.4553677e+000  2.3763092e+000
  4.4407587e+000  2.1386656e+000
  6.5625430e+000  2.5771776e+000
  4.3644640e+000  9.1989476e+000
  9.0523083e+000  6.7599794e+000
  4.2678936e+000  4.5441846e+000
  2.1403752e+000  7.7910858e+000
  3.9056843e+000  9.6672045e+000
  9.3711803e+000  1.2816854e+000
  3.3926718e+000  8.9148327e+000
  9.1228657e+000  4.2323008e+000
  9.5869242e+000  6.2998168e+000
  4.2689552e-001  1.7312277e+000
  1.0103229e+000  6.9715660e+000
  6.8376400e+000  8.4642358e+000
  8.3682595e+000  4.0015058e+000
  1.9026035e+000  4.1238310e+000
  8.7104489e-001  1.8657105e+000
  2.4336481e+000  5.6257727e+000
  5.7593114e+000  3.1053108e+000
  5.0505893e+000  4.4955498e+000
  4.6601271e+000  7.2983999e+000
  7.4072814e+000  4.7864549e+000
  5.1852684e+000  9.3217980e+000
  6.1916069e+000  6.2089360e+000
  8.5165219e+000  3.8941265e+000
  9.7435224e+000  9.2782181e+000
  8.9702745e+000  8.5081988e-001
  7.2493615e+000  4.1870765e+000
  8.9450158e+000  4.4565947e+000
  4.5691186e+000  8.9847187e+000
  3.3162086e+000  9.5084460e+000
  8.7052793e+000  2.3472887e+000
  5.5658158e+000  6.1703049e+000
  6.8434994e+000  5.6383670e+000
  5.9896432e+000  8.7116203e+000
  8.1803601e+000  5.2970119e+000
  3.1001500e+000  1.1166917e+000
  7.4193358e+000  3.9833573e+000
  7.7951492e+000  4.3944436e+000
  9.7705509e+000  6.3535737e+000
  6.5574740e+000  1.0967658e+000
  1.8218370e+000  1.2108760e+000
  1.4484461e+000  1.2844365e+000
  7.3688377e+000  9.4049909e+000
  4.7856303e+000  4.9336317e+000
  6.7107260e+000  5.6662628e+000
  9.9162462e+000  8.6490536e+000
  7.8062987e+000  2.8904579e+000
  8.7336600e+000  5.2229535e+000
  5.8800911e+000  1.4020407e+000
  6.5555035e+000  7.6593674e-001
  4.8759777e+000  1.6383040e+000
  5.6700578e+000  3.1698354e+000
  7.3501408e+000  7.6551471e+000
  6.8744075e+000  1.4001133e+000
  2.0058217e+000  5.4592764e+000
  3.2086907e+000  9.6215852e+000
  4.8549138e+000  2.2406513e+000
  8.7055629e+000  3.0524341e+000
  8.8942531e+000  5.2065644e+000
  5.4333010e+000  2.8554512e+000
  3.7717487e+000  8.2185541e+000
  9.1532436e+000  7.7453098e+000
  8.1503256e-001  4.7892987e-001
  8.8313132e+000  2.8759704e+000
  9.5284177e+000  3.4188144e+000
  1.2202999e+000  6.5299050e+000
  3.4544437e+000  4.3569483e+000
  6.2891173e+000  7.0582182e+000
  6.0114975e+000  1.3745619e+000
  7.6726621e+000  1.4286068e+000
  6.9287786e+000  2.5331086e+000
  5.0175173e+000  3.2920590e+000
  7.1533804e+000  1.1081869e+000
  9.4899306e+000  6.8461277e+000
  4.0867195e+000  4.1675944e-001
  7.7277553e+000  5.8979963e+000
  8.7266752e+000  8.8659313e+000
  5.2090351e+000  4.6616086e+000
  3.0301880e+000  7.0255440e-001
  2.3228297e+000  8.8504167e+000
  2.1346859e+000  8.7206557e+000
  2.1724571e+000  1.8720115e+000
  1.4890064e+000  7.6057378e+000
  8.1389311e-001  1.9776325e+000
  1.4750582e+000  7.7152325e+000
  7.3538449e-001  3.8494086e+000
  8.9370992e+000  4.0054278e+000
  2.9410381e+000  9.6217473e+000
  8.3196101e+000  2.4799689e+000
  5.3143446e+000  6.3213593e+000
  2.8248159e+000  6.0764643e+000
  1.7092931e+000  1.5548207e+000
  2.4305231e+000  2.5168656e+000
  4.5193624e+000  1.2147249e+000
  6.1068581e+000  5.8695552e+000
  5.9631454e+000  5.4368933e+000
  2.8115389e-001  7.5019350e+000
  6.2421325e+000  7.9413612e+000
  7.0995974e+000  7.4093137e+000
  3.0049985e+000  2.5602360e+000
  1.2648257e+000  3.9570781e+000
  7.0776464e+000  1.5712512e+000
  4.3162136e+000  4.0131392e+000
  9.4097534e+000  5.0426225e+000
  5.6603918e-001  5.2146727e+000
  5.0174296e+000  3.4644893e+000
  3.3340831e+000  1.1436889e+000
  8.0064865e+000  3.1186380e+000
  4.3210382e+000  5.1905015e+000
  8.3806935e+000  7.2553896e+000
  2.0689198e+000  4.9050742e+000
  8.4125834e-001  4.2722078e+000
  7.4120849e+000  1.3431827e+000
  5.0919100e+000  6.1043479e+000
  3.3016305e+000  3.3620687e+000
  4.4890765e+000  4.4193830e+000
  3.0893812e+000  4.0524776e+000
  6.6432057e+000  6.5737956e+000
  3.3080105e+000  6.1274956e-001
  7.1105314e+000  5.5578124e+000
  1.5450580e+000  6.6114431e+000
  6.2625431e+000  2.3731711e+000
  5.5166510e+000  6.5733400e+000
  4.3136845e+000  5.5398221e+000
  7.9445096e+000  6.9321157e+000
  3.6160706e+000  3.0534629e+000
  7.2354143e+000  4.7397114e+000
  9.4727604e+000  4.8242772e+000
  6.4495302e-001  2.2386955e+000
  3.7593528e+000  9.4955652e+000
  6.4958143e+000  7.4776490e+000
  5.4523903e+000  5.2625588e+000
  1.8064647e+000  7.8748120e+000
  8.7082766e+000  9.5555286e+000
  8.8801173e+000  5.8854238e-001
  9.5539759e+000  5.4579789e+000
  1.4368468e+000  7.2231322e+000
  4.3252708e+000  2.2185555e+000
  3.6386905e+000  8.9564955e+000
  6.9440958e+000  4.4272910e-001
  2.2642441e+000  9.7686277e+000
  7.6361545e+000  7.9537126e-001
  6.7428297e+000  9.1306205e+000
  6.2278455e+000  7.6665379e+000
  4.8286068e+000  4.9815961e+000
  2.4541382e+000  2.6536729e+000
  8.0903780e+000  8.0444404e+000
  7.3933859e+000  3.0418299e+000
  6.7809069e+000  1.4122641e+000
  2.9357348e+000  4.7128693e-001
  6.9020820e+000  7.9058610e+000
  4.9133247e+000  7.7494731e+000
  4.8481873e+000  4.7558567e+000
  1.3949558e+000  5.1719052e-001
  9.5291151e+000  7.9942196e+000
  2.4161419e-001  4.8594212e+000
  2.0316977e+000  3.9177712e+000
  7.9680151e+000  2.1819385e+000
  9.8219243e+000  5.4246411e+000
  7.6837751e+000  6.0682153e+000
  7.0663995e+000  4.6495965e+000
  4.4582253e-001  9.8079191e+000
  4.4473828e+000  6.9495247e+000
  2.3693931e+000  8.5949445e+000
  7.2050451e+000  4.1682084e+000
  9.2336534e+000  6.6348396e+000
  7.0955316e+000  5.9659892e+000
  7.0630864e+000  7.9675190e+000
  5.8033498e+000  3.7203068e+000
  7.1365235e+000  7.0704588e+000
  4.8954912e+000  2.8844543e+000
  9.2109285e+000  5.2959402e+000
  1.4042492e+000  8.0921943e+000
  1.5584015e+000  7.6031041e-001
  2.2426236e+000  7.0620025e+000
  5.3539356e+000  5.3325485e+000
  7.1759914e+000  9.2287752e+000
  5.8943247e+000  8.0372802e+000
  9.2041700e-001  7.1207580e+000
  4.7670196e+000  4.4876723e+000
  6.0888676e-001  9.7140158e+000
  8.7194095e+000  7.2009984e+000
  5.5499665e+000  1.0801546e+000
  1.4013535e+000  7.8451114e-001
  7.0998951e+000  5.7992265e+000
  1.2149320e+000  4.4144606e+000
  1.0517973e+000  7.5355726e+000
  5.4088762e+000  6.0794500e+000
  3.4277081e+000  3.9632792e+000
  9.1616761e+000  4.1705064e+000
  1.6059415e+000  6.7577235e+000
  8.9756119e+000  7.1995837e+000
  6.3700709e+000  4.7787058e+000
  4.7562199e+000  9.0519063e+000
  3.1742319e+000  3.8857000e+000
  5.7986257e+000  6.7685725e+000
  4.2328509e+000  9.3422946e+000
  6.5872874e+000  2.1783034e+000
  4.5254446e-001  4.1488416e+000
  4.3485991e+000  2.0297534e+000
  8.4690855e+000  9.7723201e+000
  9.0363525e-001  7.0816521e+000
  8.4475547e+000  8.2834735e+000
  3.4194437e+000  8.9333262e+000
  4.7408471e+000  2.5161336e+000
  5.2422028e+000  8.6266249e+000
  6.8758429e+000  9.0077034e+000
  9.1379035e+000  2.9881973e+000
  6.3474767e+000  6.4524071e+000
  1.3965355e+000  5.8495508e+000
  6.1000129e+000  8.9425655e+000
  9.5579626e+000  6.6220665e+000
  7.3050343e+000  8.8671329e+000
  7.0489999e+000  5.2112148e+000
  4.4751655e+000  1.8094425e+000
  6.0211292e+000  9.0454179e+000
  9.0908527e+000  1.8778116e+000
  6.2393187e+000  5.1260644e+000
  6.7815098e+000  8.9673611e+000
  2.5691263e+000  1.4948518e+000
  6.6577493e+000  2.7162550e-001
  8.3626564e+000  2.7680147e+000
  5.2371939e+000  7.2540604e+000
  4.5742181e+000  3.0958772e+000
  1.7127011e+000  5.1460886e+000
  1.5459194e+000  5.7229990e+000
  3.4358968e+000  6.7695222e+000
  9.3294314e+000  4.7990716e+000
  5.7694562e+000  2.6074564e+000
  3.6838598e-001  2.6164066e+000
  8.9455545e+000  2.2515339e+000
  7.0603718e+000  9.1760273e+000
  5.7720206e+000  4.5345035e+000
  2.9890751e+000  1.6145844e+000
  7.5021583e+000  6.0298436e+000
  7.6104561e+000  5.8603132e+000
  2.4339652e+000  6.9794458e+000
  3.0645526e+000  6.8796633e-001
  8.0378780e+000  6.0699542e+000
  8.3574955e+000  4.5294000e+000
  1.2812225e+000  8.7786838e+000
  8.7597422e+000  1.7151626e+000
  7.9044302e+000  9.4206790e+000
  7.4444274e+000  8.4700736e+000
  4.5698158e+000  7.6174977e+000
  3.6717685e+000  5.6986685e+000
  4.5385200e+000  7.3088562e-001
  2.1285230e+000  5.6153159e+000
  6.9927067e-001  7.5631337e+000
  8.3938224e+000  1.1427707e+000
  5.4150094e+000  4.5631379e+000
  5.4916669e+000  2.9252269e+000
  7.8488293e+000  6.1900897e+000
  4.8344447e+000  3.8466818e+000
  3.8587848e+000  7.4449746e-001
  1.1112887e+000  9.1957353e+000
  3.2910736e+000  4.6863127e-001
  2.8620560e+000  6.0093286e+000
  4.7610831e+000  8.3336138e+000
  6.3598540e+000  5.4914413e+000
  1.8394837e+000  9.1756402e+000
  3.6739418e-001  6.0848612e+000
  4.0584034e+000  3.9022934e+000
  2.3212873e+000  5.6911702e-001
  1.0921285e+000  8.9561015e+000
  9.2002442e+000  1.3661370e+000
  7.8117281e+000  5.9070615e+000
  4.3778762e+000  4.0722985e+000
  4.4585897e+000  9.3026645e+000
  6.5027268e-001  6.9261834e+000
  2.4577789e+000  4.6622085e+000
  6.3023660e+000  6.1951362e+000
  2.3174365e+000  2.8528650e+000
  9.7902684e+000  3.5598162e+000
  3.6763139e+000  9.1012250e+000
  9.2822149e+000  2.1693080e+000
  4.0701663e+000  1.9508576e+000
  1.3225670e+000  4.6628612e+000
  3.1407040e+000  9.1284721e+000
  8.9354478e+000  7.8201533e+000
  1.6879794e+000  4.1980088e+000
  4.0522790e+000  8.4008786e-001
  1.0209011e+000  9.2224243e+000
  5.2471962e+000  1.9428976e+000
  2.1622268e+000  4.1346823e+000
  8.2500029e+000  3.4841391e+000
  1.8033498e+000  6.1640019e+000
  6.9530203e+000  6.2219822e+000
  2.5311992e+000  3.3683339e+000
  8.9210549e-001  2.9941488e+000
  5.2364433e+000  8.2389141e+000
  3.2533063e+000  5.1312103e+000
  2.3659706e-001  9.4976295e-001
  2.6014792e+000  6.0099519e+000
  9.3351581e+000  4.2457157e+000
  5.9079814e+000  2.7158685e-001
  3.4279310e+000  1.0970518e+000
  1.4787030e+000  7.8818269e+000
  1.4117001e+000  6.2055048e+000
  6.3809614e+000  2.8799957e+000
  6.2497515e-001  5.3752214e+000
  8.1133444e+000  9.2657545e+000
  3.6822795e+000  4.5367717e+000
  2.0096858e-001  3.5621859e+000
  6.0796662e+000  3.0503094e+000
  2.5685553e+000  8.5525913e-001
  5.3359757e+000  9.7715640e+000
  7.6902527e+000  6.0348246e+000
  7.4569114e+000  5.3470700e+000
  5.1606085e+000  3.5100785e+000
  4.6303922e+000  2.5179188e+000
  4.5997847e+000  9.7809562e-001
  6.4224244e-001  3.3503373e+000
  4.4065309e+000  5.5054541e+000
  6.5844002e+000  4.7519569e+000
  9.2053388e+000  9.1774331e+000
  6.6103765e-001  1.4662777e+000
  2.4996209e+000  1.2095873e+000
  8.8464952e+000  5.5225605e+000
  8.9332103e+000  4.9793107e+000
  1.7914988e+000  3.2769482e+000
  9.8208745e-001  8.3636534e+000
  6.3640291e+000  2.5723538e+000
  6.8927505e+000  8.1613141e+000
  4.2802683e-002  1.8532819e+000
  8.9354944e+000  2.6181289e+000
  2.2404917e+000  2.7195616e+000
  9.5632520e+000  3.3011235e+000
  5.8020799e-001  8.1312524e+000
  1.7748961e+000  5.9563512e+000
  2.5479240e+000  5.2541567e+000
  8.2110549e+000  6.9980689e+000
  1.2433275e+000  1.1332257e+000
  8.6486805e+000  1.4948233e+000
  5.0370041e+000  8.0480968e-001
  5.2805960e-001  9.0565003e+000
  8.8684891e-001  5.3211975e-001
  3.8606467e+000  1.1314282e+000
  3.2098647e+000  9.0090884e+000
  9.0325707e+000  6.7410851e+000
  9.5359528e+000  3.6622295e+000
  3.4523982e+000  8.5169332e+000
  5.6501732e+000  8.2558679e+000
  4.8090000e+000  2.2349673e+000
  2.8417008e+000  1.2708054e+000
  5.4186489e+000  3.6065838e+000
  1.0486397e+000  4.2947789e+000
  5.4160854e+000  1.0863036e+000
  7.8143063e+000  5.0200142e+000
  8.8725564e+000  1.4800832e+000
  6.2277657e+000  1.5585088e+000
  5.9111014e+000  6.8208851e+000
  8.9855555e+000  8.2851217e+000
  7.3873653e+000  1.9359097e+000
  7.2827323e-001  7.3958773e+000
  8.3479012e-001  8.0777088e+000
  5.4844481e+000  5.2928011e+000
  7.1683192e+000  7.3837200e-001
  6.1112649e+000  2.7035675e+000
  4.8135734e+000  4.0697628e+000
  5.7988676e+000  3.9570554e+000
  1.8117055e+000  8.2147026e+000
  9.1794998e-001  3.2439171e+000
  5.0759469e+000  2.2231766e+000
  9.1293043e+000  1.8136309e+000
  5.7767375e+000  4.0559408e-001
  9.0820942e-001  6.4692597e+000
  8.9322890e+000  8.5722886e+000
  3.6947626e+000  9.6786085e+000
  3.3921545e+000  1.2214417e+000
  7.1876361e+000  5.2608523e+000
  9.4585271e+000  5.6150801e+000
  5.6642526e+000  9.7849210e+000
  7.5961282e+000  8.2167643e+000
  4.9364070e+000  3.3505582e+000
  8.5093671e+000  7.5007608e+000
  7.0864722e+000  4.1830856e+000
  1.9058633e+000  5.9575738e+000
  4.0429334e+000  3.8698088e+000
  9.1526839e+000  9.3930025e+000
  9.3154194e+000  7.6871032e+000
  8.3995187e+000  5.8347714e-001
  8.8446979e+000  5.4962422e+000
  1.8744449e+000  5.5727987e+000
  4.6451239e+000  3.8224363e+000
  6.3385282e+000  5.3847415e+000
  8.5907483e+000  8.2290585e-001
  8.4759000e+000  1.3788283e+000
  1.1882434e+000  7.5185531e+000
  4.1906094e+000  8.9438401e+000
  2.6245504e+000  9.5991386e+000
  1.7604085e+000  1.7196295e+000
  1.2030481e+000  7.9435277e+000
  6.7490167e+000  4.4999926e+000
  5.3328440e+000  2.4891118e+000
  1.5642394e+000  1.8575695e+000
  3.8517647e+000  8.9796080e+000
  5.3760169e+000  5.3223942e+000
  3.5820964e+000  5.6628504e+000
  1.1608831e+000  1.6296407e+000
  5.4149306e+000  8.0019104e+000
  4.8664131e+000  4.1927264e+000
  4.9939383e+000  4.5994096e+000
  3.5870765e+000  9.2334904e+000
  9.1933920e+000  6.6376280e+000
  4.8480038e+000  1.1775632e+000
  5.2942683e+000  8.8717091e+000
  6.9760826e+000  9.6118166e+000
  1.1239614e+000  1.5940119e+000
  1.0043109e+000  1.9449434e+000
  1.5040258e+000  2.3677371e-001
  1.7478520e+000  4.2829014e+000
  6.7887157e+000  6.9450880e+000
  4.4179881e+000  7.3309072e+000
  7.8940877e-001  1.5706028e+000
  9.9850245e+000  8.3017426e+000
  3.0945412e-002  3.1347790e+000
  5.0138348e+000  9.2427766e-002
  2.1436915e+000  8.6230413e+000
  6.1295762e+000  3.3804825e+000
  8.2017647e+000  5.4465438e+000
  6.5414437e+000  1.3108696e+000
  2.2367545e+000  6.5637282e+000
  5.2975254e+000  7.7012726e+000
  8.7218884e+000  1.5191530e+000
  1.8809577e+000  8.6128868e+000
  5.0307895e+000  1.3894297e+000
  6.3215371e+000  8.6744181e+000
  7.5758060e+000  6.7072925e+000
  9.4751532e+000  2.6853549e+000
  6.2568373e+000  6.5921893e+000
  7.8052273e+000  9.1699737e+000
  1.7857064e+000  6.9729605e+000
  4.1057571e+000  4.0331320e+000
  6.2191063e+000  3.7832115e+000
  3.4728837e+000  9.4602923e+000
  5.9545505e+000  3.6061970e+000
  7.6749482e+000  3.9615570e+000
  3.4075947e+000  1.8501676e+000
  1.8738968e+000  3.8192229e+000
  5.6636086e+000  3.0498666e+000
  3.8565526e+000  6.2191770e+000
  2.9715839e+000  5.7925723e+000
  5.8359528e+000  1.5129129e+000
  5.9086244e+000  6.6891190e+000
  8.5449247e+000  8.7156452e+000
  2.4091114e+000  5.2647358e+000
  9.3117258e+000  7.4897582e+000
  6.0886071e+000  3.6612616e+000
  6.7695675e+000  9.0216550e+000
  5.2454036e+000  2.7372287e+000
  2.3552664e+000  1.2619946e+000
  9.2708858e+000  3.4259458e+000
  2.8390457e+000  6.6982212e+000
  1.2772613e+000  6.5520646e-001
  2.9918016e+000  2.0924098e+000
  8.9213364e+000  8.3651853e-001
  1.6307894e+000  8.2499646e+000
  2.6846498e+000  9.4376038e+000
  2.5715911e+000  5.3072429e+000
  5.3639982e+000  2.1572508e+000
  6.6277729e+000  7.0805777e+000
  8.9252354e+000  2.4388149e+000
  6.4918989e+000  2.0934371e+000
  5.3458378e+000  2.2654459e+000
  6.6491930e+000  3.8269199e+000
  2.0845119e+000  6.0880936e+000
  7.9958939e+000  8.7979785e+000
  7.0074540e-001  2.5968357e+000
  9.0419211e+000  2.2587763e+000
  9.3132514e+000  4.7820431e+000
  8.2147113e+000  6.6868867e+000
  6.2565354e+000  9.1920450e+000
  7.4114643e-001  8.4680076e+000
  8.8514584e+000  9.0498522e+000
  3.1257991e+000  5.3375749e-001
  8.6215789e-001  7.1099354e+000
  5.8219628e-001  6.6032270e+000
  2.9238527e+000  8.9638420e+000
  7.6939340e+000  1.4826906e+000
  5.6581042e+000  5.9297872e+000
  5.4095163e+000  2.3034785e+000
  2.1645290e+000  6.7538376e+000
  3.2815587e+000  8.6123111e-001
  7.3953029e+000  7.0809333e+000
  8.8275977e+000  5.4295831e+000
  2.6148271e+000  7.4121136e+000
  7.1702086e+000  4.5696950e+000
  8.0542358e+000  1.3961809e+000
  1.2478458e+000  6.9183407e+000
  5.0554146e+000  4.6687028e+000
  7.1295558e+000  4.9990131e+000
  3.6792637e+000  9.1959643e+000
  1.2319720e+000  6.4219015e+000
  6.7016074e+000  4.0388460e+000
  4.9419582e+000  4.1882164e-001
  4.4521720e+000  8.2192505e-001
  4.9951002e+000  2.1863580e+000
  1.1064572e+000  9.3351694e+000
  3.3937157e+000  9.6437945e+000
  4.3455354e+000  6.9529927e+000
  8.2529922e+000  8.0693844e+000
  7.1693046e-001  9.4092737e+000
  5.3851533e+000  2.0437042e+000
  2.5619598e+000  5.2906572e-001
  1.8705249e+000  6.7773576e+000
  3.4243701e+000  8.9266004e+000
  2.1094327e-001  4.0301165e+000
  5.5465979e+000  5.7546585e+000
  8.4769658e+000  9.0341673e+000
  6.9130352e+000  2.4068014e+000
  3.8034666e+000  8.9949789e-001
  8.6493302e+000  8.5105789e+000
  9.1997344e+000  2.3866632e+000
  1.1724957e+000  7.5155409e+000
  1.3298631e+000  7.1686454e+000
  8.3853770e-001  7.0734811e+000
  9.2256454e+000  1.9018089e+000
  6.7785811e+000  6.5984953e+000
  7.4650533e+000  9.4582641e+000
  3.3696194e+000  6.5011751e+000
  8.7586448e+000  2.7403513e+000
  6.4860118e+000  6.1264167e+000
  9.4045449e+000  5.8419256e+000
  7.8889338e+000  7.6486402e-001
  5.5401052e+000  7.2912953e+000
  8.8483425e+000  2.2501962e+000
  7.0385544e+000  4.4337363e+000
  3.2055262e+000  9.0664603e+000
  4.2166244e+000  2.0568989e+000
  1.2021051e+000  7.3530687e+000
  6.6530354e+000  4.1110745e+000
  7.4000212e+000  8.6595868e+000
  7.5988323e+000  5.0400039e+000
  3.5934377e+000  6.0277926e+000
  1.9503208e+000  8.2778902e+000
  2.1132904e+000  4.2909171e-001
  6.4860930e+000  6.8897048e+000
  3.6866275e+000  8.8103828e+000
  5.9200174e+000  6.1502088e+000
  9.7783069e-001  6.8267434e+000
  6.5355128e-001  2.9307268e+000
  3.6344613e+000  6.2516665e+000
  4.7239835e-001  2.4259848e+000
  2.7231859e+000  5.5361768e+000
  4.0985484e+000  7.3282210e-001
  1.5969984e+000  5.0053997e+000
  7.8147946e+000  1.7079650e+000
  4.8913193e+000  2.7276131e+000
  7.1219833e-001  4.4300605e+000
  1.9067107e+000  6.0578722e-001
  4.3171317e+000  6.1737407e+000
  7.9159417e+000  6.3105785e+000
  9.5009997e+000  3.0209656e+000
  5.8380331e+000  7.2819704e+000
  2.6911837e+000  1.6821465e+000
  5.4845858e+000  3.2537659e+000
  5.3536530e+000  1.5777633e+000
  1.9064097e+000  3.7119925e+000
  3.3449532e-001  3.0688509e+000
  9.1222744e+000  6.4705793e+000
  6.0912355e+000  1.5850656e+000
  4.7399021e+000  3.1539617e+000
  1.5039628e+000  6.0338784e+000
  8.6167215e+000  2.8239135e+000
