  6.3791102e+000  9.2446640e-001
  7.0224177e+000  5.0208316e+000
  4.0799265e+000  8.3054641e+000
  7.4048264e+000  2.4040238e+000
  7.1665692e+000  7.6062223e+000
  8.4140849e+000  7.0015079e+000
  7.4960580e+000  3.0472748e+000
  3.8979973e+000  3.0467400e+000
  2.3395081e+000  4.6530580e+000
  3.2559108e+000  8.5414438e+000
  7.3264958e+000  5.7632838e+000
  7.4355814e-001  4.4490523e+000
  6.6815231e+000  7.7263964e+000
  3.2513999e+000  9.6451252e-001
  5.8552962e+000  5.9565993e+000
  6.6263569e+000  7.4697368e+000
  2.1904846e+000  7.2671096e+000
  5.8835753e+000  5.9947834e+000
  6.1898141e+000  1.9255770e+000
  8.3284503e+000  4.9475370e+000
  8.5769472e+000  6.1208696e+000
  4.4684075e+000  8.1700003e+000
  4.2826345e+000  4.9323288e+000
  5.5272577e+000  3.8620314e+000
  7.3988642e+000  5.6687062e+000
  6.3322940e+000  6.9326764e+000
  2.7232810e+000  7.9568684e+000
  6.9968096e+000  3.4584479e+000
  5.1360741e+000  6.5674370e+000
  5.3883690e+000  1.2532890e+000
  7.0914831e+000  7.2620525e+000
  8.5027835e+000  2.6205394e+000
  2.6081140e+000  2.3546476e+000
  1.9132312e-001  4.7148781e+000
  2.5665109e+000  3.1823293e+000
  6.8776684e+000  8.0225664e+000
  7.4221664e+000  5.0411340e+000
  3.0042400e+000  4.7229275e+000
  3.9627768e+000  6.7588241e+000
  6.6837671e+000  4.9751579e+000
  3.7730263e+000  2.5427464e+000
  9.3355721e+000  3.5573701e+000
  2.8604055e+000  2.8786416e+000
  7.4123725e+000  1.9595387e+000
  2.5951318e+000  6.1004400e+000
  4.5115948e+000  7.1440799e+000
  3.4215812e+000  6.3633691e+000
  8.1640908e+000  4.6225852e+000
  6.0307383e+000  3.3895774e+000
  2.6640436e+000  7.8775471e+000
  7.7559016e+000  3.9667149e+000
  4.0777857e+000  7.0024256e+000
  4.9979116e+000  7.1826657e+000
  7.1537434e+000  5.1977464e+000
  6.3593478e+000  7.1884841e+000
  7.7262411e+000  8.5963759e+000
  3.2877880e+000  4.8406321e+000
  8.5123047e+000  5.1802930e+000
  2.7308631e+000  4.8455767e+000
  6.7032560e+000  7.9447749e+000
  3.3715953e+000  4.8083958e+000
  1.9319846e+000  7.8186798e+000
  5.7806747e+000  3.7784493e+000
  6.9142249e+000  3.1517218e-002
  6.6537601e+000  3.9338687e+000
  4.5229248e+000  3.1418063e+000
  8.3424378e+000  6.5532040e+000
  5.7175896e+000  3.8991444e+000
  3.3289026e+000  7.5120896e+000
  8.4213851e+000  7.2757471e+000
  5.5268622e+000  3.2791432e+000
  3.2873276e+000  2.6224034e+000
  1.9114779e+000  8.3347102e+000
  3.0134409e+000  2.1936585e+000
  6.8187516e+000  7.2850137e+000
  6.4263847e+000  3.6743357e+000
  8.1632372e+000  2.4268653e+000
  2.7101497e+000  7.2065502e+000
  6.7656660e+000  4.4704440e+000
  1.9832960e+000  2.7148629e+000
  8.4136287e+000  5.9813502e+000
  7.8296555e+000  4.9821156e+000
  2.5192287e+000  7.5444780e+000
  6.8698776e+000  2.5059347e+000
  6.4666841e+000  5.5778385e+000
  4.7419368e+000  3.6540115e+000
  3.3024094e+000  2.6390186e+000
  2.4677699e+000  3.7477703e+000
  6.0227948e+000  5.5523381e+000
  8.7638135e+000  2.2616912e+000
  4.3031534e+000  7.3062147e+000
  2.9206478e+000  4.9050429e-001
  2.6185943e+000  2.5683062e+000
  7.0428651e+000  2.1210087e+000
  1.2310602e+000  2.3905016e+000
  9.4939544e+000  3.3233712e+000
  2.1318132e+000  4.6704635e+000
  2.5433213e+000  7.6078601e+000
  2.6203518e+000  3.4541692e+000
  2.1026635e+000  3.4491930e+000
  7.5004903e+000  7.1440806e+000
  4.4413145e+000  3.3217477e+000
  5.7663437e+000  5.6478781e-001
  7.6751760e+000  6.0836909e+000
  6.0874495e+000  2.7341219e+000
  3.2609091e+000  5.0874656e+000
  4.3035001e+000  3.3648071e+000
  3.7373668e+000  2.0226993e+000
  6.2556956e+000  3.1169377e+000
  2.3131254e+000  7.5873734e+000
  5.9451714e+000  3.1694841e+000
  7.0826149e+000  2.3850657e+000
  6.2070941e+000  1.9706883e+000
  1.4320146e+000  7.3664723e+000
  5.1224009e-001  3.0579288e+000
  5.2934363e+000  5.9660943e+000
  5.0477298e+000  5.1839432e+000
  5.9089392e+000  3.0160228e+000
  5.7648914e+000  5.3148325e+000
  4.0083487e+000  7.8725990e+000
  7.8640301e+000  5.4736569e+000
  3.4926283e+000  5.0869952e+000
  6.6257961e+000  3.6289781e+000
  5.1988306e+000  7.1977993e+000
  2.6734401e+000  3.6691416e+000
  1.2567810e+000  5.0398233e+000
  3.4872163e+000  6.2990783e+000
  2.5647540e+000  8.4531988e+000
  2.6084981e+000  2.6738764e+000
  8.5149874e+000  7.3881821e+000
  2.8455244e+000  2.5729805e+000
  4.6560041e+000  3.6089220e+000
  7.0636589e+000  3.6873533e+000
  2.5720121e+000  7.8399366e+000
  2.4356764e+000  3.3222336e+000
  3.6861625e+000  2.5270375e+000
  2.7432977e+000  2.8065607e+000
  4.3884516e+000  2.6652917e+000
  3.1602744e+000  1.9902760e+000
  6.5379200e+000  3.5409179e+000
  2.9845268e+000  5.6152666e+000
  2.9260712e+000  8.6205344e-001
  7.0609408e+000  7.1723869e+000
  6.4862276e+000  1.4663057e+000
  2.9400579e+000  4.3903332e+000
  6.3814114e+000  3.5134490e+000
  6.6240681e+000  8.2865327e+000
  3.0476569e+000  7.2101781e+000
  8.0937837e+000  7.2947904e+000
  6.4291929e+000  4.7992723e+000
  5.9303792e+000  5.1303237e+000
  4.9066674e+000  6.7279301e+000
  3.0980821e+000  2.2143606e+000
  6.0894466e+000  1.4344607e+000
  3.1523796e+000  3.0065325e+000
  5.5208948e+000  5.7713148e+000
  8.2264354e+000  8.0218060e+000
  4.7576349e+000  3.0757070e+000
  2.2083407e+000  3.3081222e+000
  7.2427955e+000  6.7490621e+000
  3.1141004e+000  7.0973085e+000
  3.1995882e+000  6.5142369e+000
  3.3165400e+000  2.4836293e+000
  6.9613741e+000  2.8254714e+000
  2.4510906e+000  3.7472519e+000
  3.8605423e+000  8.3194119e+000
  5.4162624e+000  3.2744961e+000
  7.3001459e+000  1.6956123e+000
  3.2137847e+000  2.9475968e+000
  8.0608958e+000  1.6260936e+000
  7.1929646e+000  5.8234293e+000
  1.2968345e+000  6.4735013e+000
  2.3677703e+000  3.0310251e+000
  3.4531738e+000  5.6384198e+000
  3.3078783e+000  8.2492905e+000
  2.3281664e+000  8.1301326e+000
  7.1941697e+000  7.2435137e+000
  3.0190722e+000  8.4719817e+000
  5.3383666e+000  2.6635410e+000
  2.4214184e+000  8.6993985e+000
  2.3245968e+000  2.9378591e+000
  4.5024627e+000  3.0141649e+000
  5.4458491e+000  4.3483900e+000
  7.4444878e+000  2.7461085e+000
  6.7689136e+000  6.2954019e+000
  2.7684201e+000  2.7256325e+000
  5.7481723e+000  3.1556569e+000
  7.2912637e+000  5.1138397e+000
  5.1623038e+000  7.0719511e+000
  8.1919282e+000  5.9710721e+000
  6.2477039e+000  7.7363359e+000
  2.1080536e+000  3.5376760e+000
  7.7977797e+000  4.7692304e+000
  6.4018407e+000  4.7721496e+000
  3.6473899e+000  7.3194005e+000
  5.6694084e+000  3.6880612e+000
  7.4189998e+000  2.4094840e+000
  6.6098401e+000  8.4154258e+000
  5.7810693e+000  7.2061625e+000
  8.4340795e+000  4.2925225e+000
  1.7144005e+000  6.9980484e+000
  5.8939140e+000  5.0482376e+000
  7.8579077e+000  5.2992296e+000
  2.3952592e+000  3.3378874e+000
  6.1640310e+000  1.7843141e+000
  8.1420038e+000  3.0632386e+000
  7.1054248e+000  1.4592732e+000
  6.9030502e+000  6.7034989e+000
  6.2718300e+000  6.4232092e+000
  7.5931546e+000  5.7932951e+000
  6.3503124e+000  2.5525824e+000
  2.6908843e+000  4.1282080e+000
  5.0206289e+000  3.2144586e+000
  4.9943916e+000  5.7525764e+000
  4.1521103e+000  7.9025649e+000
  5.2433097e+000  3.0144087e+000
  7.7518081e+000  6.4981413e+000
  4.8450708e+000  6.0455689e+000
  5.4383979e+000  3.3358869e+000
  6.5739558e+000  2.6029258e+000
  7.4910004e+000  2.5346675e+000
  2.6431177e+000  8.2473343e+000
  2.3075155e+000  2.0154532e+000
  8.1662879e+000  6.3044923e+000
  4.8742245e+000  5.9162139e+000
  2.5388167e+000  3.1469870e+000
  1.9857475e+000  3.1920186e+000
  7.3323246e+000  2.2088314e+000
  2.2783067e+000  5.0907322e+000
  3.3935450e+000  2.1404733e+000
  6.7186731e+000  7.2445124e-001
  7.6118062e+000  7.3689516e+000
  1.5627647e+000  7.4630748e+000
  5.7487107e+000  1.0528074e+000
  7.1705716e+000  6.0751055e+000
  5.4701963e+000  3.5723024e+000
  4.0564626e+000  2.5783499e+000
  1.4337747e+000  3.8931916e+000
  3.5524140e+000  3.0358723e+000
  6.4234941e+000  5.1288413e+000
  5.2915744e+000  4.4521791e+000
  8.6713361e-001  3.0382064e+000
  6.9684031e+000  8.2338813e+000
  3.5876962e+000  6.4236006e+000
  5.8389049e+000  4.2261849e+000
  7.7917608e+000  5.8998340e+000
  7.1606813e+000  2.4672316e+000
  6.7363844e+000  7.0657470e+000
  1.6604119e+000  6.8805510e+000
  3.3211034e+000  8.8522088e+000
  5.3925378e+000  3.8426540e+000
  6.0956371e+000  6.8168545e+000
  5.9064193e+000  3.6172225e+000
  7.8605925e+000  7.2537155e+000
  2.2554995e+000  2.0444715e+000
  8.2099216e+000  7.2892933e+000
  3.5741520e+000  3.1519399e+000
  6.2631744e+000  7.8652887e+000
  6.1645170e+000  7.3783906e+000
  3.3960305e+000  7.5744018e+000
  3.2131087e+000  8.0735314e+000
  4.2014207e+000  7.8082842e+000
  1.5554628e+000  6.0866170e+000
  1.3958966e+000  6.9540951e+000
  8.2414423e+000  4.5023252e+000
  6.8941530e+000  7.1384642e+000
  7.1371231e+000  6.0844760e+000
  7.3357671e+000  5.3502319e+000
  7.1367499e+000  3.7850120e+000
  6.9630286e+000  3.0363230e+000
  8.0756339e+000  5.9643134e+000
  3.0906335e+000  3.6311671e+000
  6.4740689e+000  1.0563184e+000
  6.3342767e+000  7.6577488e+000
  6.1642307e+000  3.6223405e+000
  5.6044200e+000  3.7309267e+000
  3.3823909e+000  7.1357193e+000
  3.0451232e+000  2.2899944e+000
  1.2842186e+000  6.9642019e+000
  1.9953738e+000  7.5050585e+000
  5.7990264e-001  3.0787111e+000
  5.4398708e+000  7.6874453e+000
  4.1943235e+000  4.2380650e+000
  5.8291542e+000  4.0675463e+000
  2.7414271e+000  4.1643441e+000
  6.4477817e+000  6.0461052e+000
  9.3066444e+000  3.6344400e+000
  5.9301627e+000  1.5751073e+000
  8.1836816e+000  2.7722159e+000
  5.4308372e+000  3.7199841e+000
  1.1450961e+000  7.3055488e+000
  2.9900158e-001  4.6152560e+000
  6.8088969e+000  6.7751141e+000
  6.0633463e+000  7.3330973e+000
  8.4054158e+000  4.8279196e+000
  6.6102144e+000  6.1095673e+000
  8.7473534e-001  4.8568953e+000
  7.3255399e+000  2.0404223e+000
  6.1024955e+000  3.4526650e+000
  4.5557731e+000  2.8171361e+000
  6.4798106e+000  5.1370016e+000
  5.5563321e+000  4.3875879e+000
  6.2936449e+000  4.2825192e+000
  8.4359923e+000  6.7968090e+000
  6.4264227e+000  6.0707697e+000
  5.0445074e+000  2.5164388e+000
  6.5873392e+000  2.0582854e+000
  3.8768236e+000  2.9385007e+000
  7.0397657e+000  7.3941024e+000
  4.3069517e+000  3.0157787e+000
  1.2925051e+000  2.2206983e+000
  3.7158896e+000  2.4114847e+000
  2.2047632e+000  7.6726401e+000
  7.3013442e+000  2.5884876e+000
  2.9970922e+000  5.1603081e+000
  6.9704173e+000  8.7086287e+000
  6.8947607e+000  2.3407423e+000
  6.8010098e+000  3.8063355e+000
  5.4273192e+000  2.2843241e+000
  4.0260217e+000  2.3197955e+000
  3.3579811e+000  1.7376106e+000
  9.2733445e+000  4.0745141e+000
  5.5651475e+000  4.1899250e+000
  3.7519902e+000  3.0598132e+000
  5.9329425e+000  6.0481098e+000
  2.7931367e+000  7.5914727e+000
  8.1931704e+000  6.1859860e+000
  5.6845234e+000  5.2806869e+000
  5.5987208e+000  3.1284927e+000
  6.7450236e+000  1.2511518e+000
  7.1342282e+000  2.3417175e+000
  7.0653734e+000  8.0838871e+000
  5.2796908e+000  3.1167151e+000
  6.7014030e+000  2.7322845e+000
  5.7792307e+000  7.2355346e+000
  5.5311255e+000  5.9932760e+000
  2.4723307e+000  7.7019770e+000
  6.9043138e+000  2.5871906e+000
  2.5558454e+000  7.4759986e+000
  1.7501415e+000  9.2560271e+000
  8.4100277e+000  6.7031122e+000
  1.7564490e+000  7.7455560e+000
  5.9667137e+000  3.9620494e+000
  2.1488657e+000  2.4251804e+000
  6.4862817e+000  6.9167464e+000
  2.8396273e+000  7.7673010e+000
  7.7735441e+000  6.9324568e+000
  4.6084198e+000  5.5295105e+000
  5.4743883e+000  5.3927571e+000
  4.7004396e+000  5.8338036e+000
  2.5610896e+000  5.1225058e+000
  4.4317546e+000  2.6655066e+000
  3.6865578e+000  7.0765950e+000
  7.7397522e+000  2.4029979e+000
  5.2812033e-001  4.5102127e+000
  7.8453704e+000  3.4998895e+000
  6.6665609e+000  8.0752903e+000
  2.8348556e+000  7.4014448e+000
  7.2757989e+000  4.9032721e+000
  2.3751038e+000  7.8216086e+000
  2.3738251e+000  4.9821062e+000
  6.0874831e+000  6.3799627e+000
  7.6990916e+000  2.8196362e+000
  5.4065381e+000  1.4827427e+000
  6.3886811e-001  6.2677318e+000
  7.7273685e+000  7.6916187e+000
  2.0024006e+000  3.3229490e+000
  5.3427182e+000  5.8433736e+000
  6.7801097e+000  8.1869679e+000
  3.6521883e+000  7.3608753e+000
  6.7540632e+000  8.0334643e+000
  5.8060071e+000  3.3234417e+000
  3.0283771e+000  6.8531053e+000
  7.0523895e+000 -6.8242707e-001
  7.5153635e+000  6.5540025e+000
  2.2918504e+000  3.3596211e+000
  6.0903055e+000  7.9589463e+000
  1.4222228e+000  6.3070218e+000
  7.1851333e+000  2.2491900e+000
  7.4236073e+000  2.2362415e+000
  7.0855808e+000  7.0476360e+000
  1.9841924e+000  3.4694045e+000
  5.1717296e+000  1.8302685e+000
  3.2466653e+000  4.6581034e+000
  6.1948294e+000  4.2942654e+000
  6.7988809e+000 -5.8552538e-001
  1.8850257e+000  2.7395575e+000
  2.9830679e+000  5.5798114e+000
  6.5073302e+000  4.7925349e+000
  4.0500281e+000  5.0846810e+000
  2.9378245e+000  4.2452427e+000
  5.8650405e+000  7.3909423e+000
  7.0830924e+000  8.1302514e+000
  7.3263406e+000  6.9343354e+000
  4.7124373e+000  3.8879180e+000
  2.9663858e+000  4.3712641e+000
  2.8449917e+000  4.5167779e+000
  4.6810234e+000  3.3093153e+000
  2.0390783e+000  8.2610518e+000
  7.8993857e+000  7.0608204e+000
  2.3729730e+000  4.3987540e+000
  1.2535888e+000  6.9258587e+000
  6.2857048e+000  3.4553627e+000
  4.0311696e+000  3.1974410e+000
  4.2433761e+000  2.7286498e+000
  6.8600608e+000  1.5672936e+000
  5.9097133e+000  3.8695746e+000
  7.6218039e+000  6.8324296e+000
  1.2279652e+000  6.4570851e+000
  7.4103917e+000  7.1442144e+000
  1.2946371e+000  8.0095787e+000
  3.3570077e+000  7.7413525e+000
  1.4725377e+000  2.9729600e+000
  2.1860278e+000  4.4034237e+000
  2.6175170e+000  7.2877902e+000
  2.9447336e+000  3.3671829e+000
  4.8310525e+000  5.1628520e+000
  3.6654525e+000  8.3958484e+000
  5.3709345e+000  4.1453669e+000
  5.4240105e+000  2.3833194e+000
  2.9124976e+000  4.3826594e+000
  3.4230912e+000  2.6141420e+000
  6.3155040e+000  3.1112783e+000
  7.4032672e+000  5.0084742e+000
  2.1938305e+000  2.9927252e+000
  5.0670585e+000  5.7607817e+000
  6.3831341e+000  3.9696316e+000
  8.0243393e+000  8.4882087e+000
  7.2866682e+000  8.4336135e-001
  4.1674361e+000  2.4408449e+000
  7.4637751e+000  5.3736712e+000
  2.2778635e+000  8.1446484e+000
  9.0615498e+000  2.4145621e+000
  2.1090057e+000  7.8432238e+000
  7.0910914e+000  4.4200713e+000
  6.0265853e+000  6.5162106e+000
  5.5118037e+000  5.6397381e+000
  6.4490797e+000  6.9134440e+000
  7.8721916e+000  7.9597418e+000
  6.6317444e+000  7.2627225e+000
  2.4373302e+000  2.0576051e+000
  8.3956335e+000  5.2254658e+000
  6.7645582e+000  6.5068829e+000
  2.5488822e+000  3.8476299e+000
  5.3119958e+000  1.9756424e+000
  3.5516226e+000  4.4813235e+000
  1.3425612e+000  2.7588705e+000
  3.2965402e+000  6.4830692e+000
  3.5130710e+000  7.3346320e+000
  5.1450746e-001  2.9265989e+000
  1.7457538e+000  7.5721453e+000
  7.0606410e+000  6.6332719e+000
  7.4441022e+000  8.0027321e+000
  1.8888433e+000  2.3295188e+000
  7.0560483e+000  7.6953266e+000
  1.8903494e+000  7.4051365e+000
  6.6321427e+000  6.9450757e+000
  7.7105244e+000  2.1963890e+000
  3.9390664e+000  3.0879589e+000
  7.3387658e+000  2.2886279e+000
  2.1137283e+000  2.6463371e+000
  6.3908613e+000  5.3624575e+000
  4.4629698e+000  2.8845003e+000
  2.4708076e+000  2.2631415e+000
  5.6254884e+000  5.0485753e+000
  6.3492350e+000  7.0557751e+000
  5.2825988e+000  1.7971315e+000
  2.9106494e+000  8.4556480e+000
  2.8153522e+000  3.9480037e+000
  2.0793518e+000  4.6124814e+000
  5.3536371e+000  3.5989754e+000
  5.2086375e+000  6.9652255e+000
  2.9167659e+000  1.9972528e+000
  6.4598921e+000  5.3877482e+000
  2.8219163e+000  7.7762907e+000
  3.6635524e+000  2.2803427e+000
  7.7923118e+000  2.4919244e+000
  6.9708637e+000  5.2949686e+000
  5.3394328e+000  5.7395040e+000
  7.5396371e+000  7.8352161e+000
  8.3776134e+000  5.9276627e+000
  5.3402258e+000  4.0359020e+000
  7.1145689e+000  2.2401302e+000
  2.3777357e+000  2.6376945e+000
  7.3906560e+000  8.1700561e+000
  6.9857289e+000  8.1610271e+000
  6.0053127e+000  4.5461030e+000
  6.6883289e+000  3.6851304e+000
  5.2055794e+000  3.5846945e+000
  5.6436956e+000  5.4383499e+000
  1.5739151e+000  6.7015971e+000
  6.9755850e+000  7.9609262e+000
  7.2680055e+000  5.3387698e+000
  1.7992821e+000  7.2612561e+000
  5.9938992e+000  9.0550851e+000
  7.6480352e+000  5.4948436e+000
  7.5040093e+000  7.3274763e+000
  4.9700996e+000  4.6032347e+000
  6.1252237e+000  6.9896473e+000
  2.6278119e+000  2.1912354e+000
  6.6715263e+000  7.0921602e+000
  5.8061397e+000  4.1882206e+000
  7.3090980e+000  7.1053755e+000
  6.8720591e+000  1.6299156e+000
  3.2745240e+000  4.3278322e+000
  2.6648849e+000  1.7168045e+000
  4.1750861e+000  1.4324843e+000
  2.4049441e+000  3.5244715e+000
  2.8918862e+000  7.7800590e+000
  2.9470532e+000  3.9928672e+000
  6.5351149e+000  7.7861717e+000
  2.3853200e+000  8.5397716e+000
  3.4079046e+000  8.4403499e+000
  4.5147805e+000  5.3656948e+000
  3.9937988e+000  7.6069250e+000
  7.1328011e+000  5.7325984e+000
  7.3884905e+000  2.9541569e+000
  6.3960435e+000  2.4778667e+000
  5.6298953e+000  1.7815820e+000
  3.0212149e+000  5.8104092e+000
  9.4618513e+000  3.9584904e+000
  6.5424960e+000  3.4059505e+000
  3.2822749e+000  7.9786043e+000
  5.9643453e+000  5.7940902e+000
  2.8258081e+000  7.9890994e+000
  7.4450499e+000  1.7295853e+000
  2.0671471e+000  2.6935364e+000
  6.3443076e+000  4.0080761e+000
  7.7833934e+000  6.3472202e+000
  3.5673236e+000  7.5551644e+000
  6.0839800e+000  2.2542201e+000
  7.0894714e+000  7.1018372e+000
  7.8818623e+000  7.5007999e+000
  3.8833447e+000  1.8324301e+000
  2.5989433e+000  8.0132835e+000
  2.0980475e+000  2.4612322e+000
  3.2610649e+000  9.4843396e+000
  8.7914478e+000  4.2875478e+000
  5.1034072e+000  7.4706391e+000
  6.4240563e+000  4.8142432e+000
  3.6640248e+000  3.0667431e+000
  9.1981758e+000  7.2592794e+000
  1.2329912e+000  7.8252914e+000
  5.8825107e+000  7.6775390e+000
  5.0436942e+000  3.4122769e+000
  2.6982391e+000  2.3483406e+000
  7.4434405e+000  7.6506171e+000
  2.5180803e+000  9.3570138e+000
  2.9728454e+000  7.3905461e+000
  7.3559312e+000  7.0600035e+000
  3.0767411e+000  5.0607810e+000
  5.3673489e+000  5.7777513e+000
  6.6639798e+000  6.7893969e+000
  6.0870581e+000  8.1572210e-001
  7.8606013e+000  6.8322110e+000
  2.0443626e+000  7.1364486e+000
  2.0880712e+000  6.0516595e+000
  2.4673918e+000  1.6274725e+000
  4.4467314e+000  1.1556530e+000
  2.4813121e+000  4.6246394e+000
  1.9770227e+000  1.9599949e+000
  1.8452775e+000  5.1045072e+000
  7.3198110e+000  6.9413211e+000
  7.6446232e+000  5.3082224e+000
  2.6076419e+000  4.6663706e+000
  4.0084275e+000  5.7243476e+000
  5.2937051e+000  4.4062332e-001
  2.4753031e+000  2.8505634e+000
  2.8471570e+000  4.8929269e+000
  3.0411571e+000  5.1194691e+000
  6.1744566e+000  4.9591534e+000
  2.7266109e+000  2.6228249e+000
  7.6322819e+000  4.9616145e+000
  2.7774246e+000  6.8167769e+000
  5.6625590e+000  4.9462199e+000
  5.4546807e+000  1.1917209e+000
  6.3327935e+000  8.0030627e+000
  1.6295213e+000  7.7179043e+000
  9.1631220e+000  4.1341203e+000
  5.4944201e+000  6.4199840e+000
  2.5354923e-001  5.9156276e+000
  6.5611513e+000  4.3102827e+000
  4.4080701e+000  4.3152521e+000
  7.3239536e+000  6.4601935e+000
  3.0391711e+000  8.1444769e+000
  2.1162819e+000  3.0619074e+000
  2.9301038e+000  4.2788211e+000
  5.5362724e+000  6.9191284e+000
  7.7605276e+000  3.3373820e+000
  2.3674444e+000  5.2350063e+000
  2.6467170e+000  8.0616608e+000
  5.7598370e+000  6.5104348e+000
  1.7890851e+000  7.9582340e+000
  3.0543168e+000  7.2022546e+000
  5.6175762e+000  7.3736671e+000
  2.1382795e+000  2.6868737e+000
  5.1878023e+000  7.0446229e+000
  7.4888571e+000  6.0720802e+000
  7.9318274e+000  8.4721214e+000
  8.1864992e+000  7.6267122e+000
  3.6858664e+000  3.1969093e+000
  2.3902867e+000  7.5316804e+000
  7.0840814e+000  4.5204658e+000
  2.3764702e+000  5.0812026e+000
  5.5964439e+000  3.2107765e+000
  4.1307869e+000  2.8518770e+000
  6.0256536e+000  6.1440258e+000
  4.3577489e+000  2.9899930e+000
  1.8198697e+000  9.9780306e+000
  2.8531873e+000  1.3575064e+000
  6.7272376e+000  3.3299356e+000
  2.0519951e+000  6.7693665e+000
  6.8677523e+000  2.5204338e+000
  7.6461905e+000  6.4996186e+000
  7.0832365e+000  5.5163055e+000
  1.7759251e+000  8.1443711e+000
  4.1112297e+000  6.7842899e+000
  7.3626983e+000  6.6810475e+000
  1.6165114e+000  6.5619194e+000
  7.6805242e+000  2.3389674e+000
  2.4912264e+000  4.2444888e+000
  8.6166476e+000  3.7103784e+000
  6.9897932e+000  6.3966408e+000
  3.8202957e+000  2.2576959e+000
  6.8355968e+000  6.3226254e+000
  6.0467682e+000  3.8361512e+000
  2.7048814e+000  7.8068125e+000
  1.8928909e+000  6.9247394e+000
  5.7365032e+000  5.1420248e-001
  7.8164711e+000  6.4987858e+000
  9.4995400e+000  3.7642304e+000
  9.4189761e+000  3.5366603e+000
  2.8427942e+000  4.3692886e+000
  4.3225240e+000  1.9122075e+000
  5.7956733e+000  7.5438331e+000
  7.5451402e+000  6.8068856e+000
  4.8001352e-001  1.0009168e+001
  5.2198727e+000  7.2956357e-001
  6.0427838e+000  8.0073548e+000
  3.0061646e+000  7.2371474e+000
  2.2405600e+000  4.9204460e+000
  6.9153095e+000  2.2549139e+000
  7.7450796e+000  6.0975984e+000
  8.3396990e+000  7.3127707e+000
  8.1840311e+000  5.7083515e+000
  2.2940923e+000  9.0275446e+000
  7.6330729e+000  6.7989857e+000
  4.5195699e+000  3.5109681e+000
  6.3727020e+000 -7.2556056e-001
  4.3898209e+000  2.9187333e+000
  7.0570612e+000  6.7351857e+000
  3.2661512e+000  7.2542681e+000
  8.6782724e+000  6.1317543e+000
  3.6692465e+000  9.2000798e+000
  4.1888578e+000  2.9992244e+000
  4.5339076e+000  3.9494219e+000
  5.9333957e+000  4.9447646e+000
  6.1131935e+000  8.1313954e+000
  2.3149584e+000  3.1380852e+000
  6.7756389e+000  7.7191370e+000
  8.5341649e+000  2.8920016e+000
  2.1153428e+000  9.0106680e+000
  3.8262667e-001  2.8373141e+000
  2.2135634e+000  7.3637815e+000
  3.5480849e+000  2.7477454e+000
  5.8164058e+000  6.6105306e+000
  2.0540930e+000  3.0386693e+000
  2.0730667e+000  2.6314198e+000
  7.4069749e+000  6.8205255e+000
  1.0436521e-001  3.9245619e+000
  7.3728910e+000  7.3592156e+000
  3.5183995e+000  4.9587705e+000
  7.1426071e+000  4.4673133e+000
  2.4962963e+000  9.2381511e+000
  2.4661716e+000  6.8217927e+000
  2.4797075e+000  3.1830023e+000
  3.7305343e+000  3.1800121e+000
  8.5755284e+000  5.5849860e+000
  1.0632108e+000  7.0109697e+000
  5.5813390e+000  1.0997281e+000
  2.9574179e+000  7.6111629e+000
  5.9519313e+000  4.8964519e+000
  2.3848897e+000  4.6903917e+000
  5.5297339e+000  2.9409313e+000
  2.0107021e+000  6.3849843e+000
  6.1084873e+000  2.6388649e+000
  8.0124063e+000  3.3341591e+000
  2.4964390e+000  7.9736933e+000
  6.7043253e+000  1.7163001e+000
  7.6663305e+000  6.5276210e+000
  1.3536285e+000  5.6457075e+000
  7.6352589e+000  2.6863498e+000
  9.1478669e+000  4.1519577e+000
  2.4625602e+000  2.9846306e+000
  8.2209639e+000  7.4059898e+000
  6.4650853e+000  4.8614883e+000
  7.2727984e+000  2.3381182e+000
  1.8166538e+000  4.6504360e+000
  5.8443978e+000  6.0567746e+000
  2.5725896e+000  1.9161629e+000
  3.5511279e+000  2.8252942e+000
  2.9143388e+000  6.7200347e+000
  4.4293777e+000  3.3757983e+000
  6.2207909e+000  1.7019018e+000
  5.4650029e+000  6.0470710e+000
  7.5523531e+000  7.8507583e+000
  5.5562978e+000  4.6516611e+000
  6.5007633e+000  5.0036185e+000
  8.2143720e+000  4.9825118e+000
  7.0479029e+000  7.1883776e+000
  6.1859228e+000  8.3051457e+000
  7.0108934e+000  6.8315933e+000
  6.9236236e+000  4.9990009e+000
  8.3174223e+000  5.2984106e+000
  6.0065937e+000  3.3961770e+000
  6.4755150e+000  8.1923440e+000
  2.8988031e+000  4.4404723e+000
  2.5919660e+000  7.5928748e+000
  2.8215595e+000  7.3704062e+000
  3.2054516e+000  2.5048173e+000
  5.8187862e+000  7.3275879e+000
  7.0619717e+000  8.5281394e+000
  4.3480868e+000  3.3344003e+000
  6.3254874e+000  6.6454239e+000
  3.0113124e+000  4.5444271e+000
  7.8182528e+000  7.0260840e+000
  7.0098863e+000  6.1094875e+000
  2.8676836e+000  4.7611604e+000
  8.9947208e+000  3.6043115e+000
  3.0623181e+000  4.7036152e+000
  2.7357464e+000  2.8503786e+000
  6.9822060e+000  8.1787466e+000
  4.1452037e+000  7.9254654e+000
  8.0888017e+000  4.8929860e+000
  9.7448282e+000  3.2467334e+000
  6.8098751e+000  6.4732153e+000
  5.5570080e+000  2.2682937e+000
  2.2242398e+000  3.2461433e+000
  8.0531503e+000  5.6389975e+000
  2.6477664e+000  8.5261583e+000
  9.2464033e+000  4.0615899e+000
  6.8026242e+000  1.5966648e+000
  6.9247888e+000  7.4640177e+000
  1.6460149e+000  4.7502901e+000
  6.9042866e+000  6.7859931e+000
  2.7839358e+000  7.4982140e+000
  3.7182211e+000  2.8293693e+000
  2.3553835e+000  2.4113641e+000
  3.2862464e+000  2.2373549e+000
  6.8300096e+000  6.5831992e+000
  3.8674485e+000  3.0685955e+000
  8.4413757e+000  8.2485696e+000
  2.7342818e+000  5.2897474e+000
  6.5457217e+000  6.1505466e+000
  8.5462136e+000  6.3743656e+000
  2.6660620e+000  7.4696980e+000
  6.2307847e+000  4.9319523e+000
  8.1526541e+000  4.2857847e+000
  8.3168565e+000  5.0847673e+000
  6.5720696e+000  2.8486838e+000
  3.1013604e+000  4.9269340e+000
  4.5192758e+000  8.1957265e+000
  7.2698601e+000  1.7496500e+000
  6.6234663e+000  7.1952808e+000
  2.0731251e+000  3.2591807e+000
  6.0142722e+000  2.8668751e+000
  5.6303003e+000  7.2087059e+000
  2.6768879e+000  7.6268982e+000
  6.0192206e+000  5.0483493e+000
  2.7953118e+000  2.6031863e+000
  5.1152586e+000  4.6203144e+000
  6.9219635e+000  6.6706866e+000
  2.4848394e+000  7.0283179e+000
  8.1892816e+000  2.4967410e+000
  2.4108206e+000  7.9406415e+000
  6.1294774e+000  4.5228783e+000
  2.5401072e+000  7.8586552e+000
  3.7475141e+000  3.3593514e+000
  2.8732745e+000  4.2386559e+000
  7.6592189e+000  4.7045769e+000
  6.4329275e+000  6.7223179e+000
  5.7012480e+000  2.3031026e+000
  4.0606825e+000  1.8892456e+000
  8.2779395e+000  5.5143411e+000
  2.9409020e+000  6.5265075e+000
  6.7510065e+000  1.7101925e+000
  5.4712525e+000  3.9669341e+000
  5.3246793e+000  8.0109959e+000
  1.9393074e+000  7.5025029e+000
  3.1889450e+000  2.5890262e+000
  6.6708093e+000  3.7830642e+000
  6.3428702e+000  3.8261917e+000
  4.7847916e+000  3.5560567e+000
  3.4892439e+000  2.7517524e+000
  2.0007735e+000  4.7803688e+000
  3.0503541e+000  4.9814460e+000
  6.2750158e+000  4.3955790e+000
  1.7673131e+000  6.9618807e+000
  6.9951298e+000  3.1487568e+000
  7.9085257e+000  3.0069369e+000
  3.0563174e+000  4.6008803e+000
  3.1549803e+000  4.7392243e+000
  7.0752933e+000  6.3846121e+000
  2.4822200e+000  2.8884463e+000
  5.4165145e+000  7.7678342e+000
  2.6710060e+000  5.8114863e-001
  5.5016021e+000  2.2813852e+000
  6.9695199e+000  6.8390308e+000
  2.3478553e+000  7.5984629e+000
  8.1228325e+000  4.8489165e+000
  4.9559106e+000  5.5766305e+000
  7.8659900e+000  7.6786760e+000
  2.2492467e+000  2.7787897e+000
  6.9514286e+000  4.7565834e+000
  6.8113042e+000  6.4706129e+000
  5.4963360e+000  6.9097690e+000
  3.2213883e+000  8.5550009e+000
  4.3722571e+000  5.1630510e+000
  3.0582304e+000  3.7852349e+000
  3.6379556e+000  8.0703932e+000
  8.6189551e+000  7.3380424e+000
  2.3348720e+000  8.4867388e+000
  2.5784832e+000  2.4440674e+000
  7.4365519e+000  5.0649915e+000
  5.5517504e+000  3.4314834e+000
  1.9480089e+000  5.2635938e+000
  1.0897543e-001  4.8552869e+000
  5.3514170e+000  3.0820034e+000
  8.1926589e+000  2.6600551e+000
  7.6332957e+000  4.5308611e+000
  5.9993537e+000  7.2565812e+000
  7.0198421e+000  6.3816133e+000
  9.4471283e+000  3.5884585e+000
  8.5925087e+000  7.3636997e+000
  5.1406794e+000  3.3546687e+000
  5.2635978e+000  5.9725306e+000
  2.1071992e+000  2.4689030e+000
  5.1684411e+000  5.2473420e+000
  3.0882218e+000  6.8736640e+000
  2.9874388e+000  4.5387934e+000
  5.7767744e+000  3.7083230e+000
  7.9439754e+000  2.2584324e+000
  3.2310136e+000  2.5419616e+000
  7.2311577e+000  5.5289448e+000
  7.1346162e+000  4.3263321e+000
  5.4603397e+000  2.4373795e+000
  8.1005628e+000  2.4185673e+000
  4.3214780e+000  2.7638615e+000
  8.1973942e+000  4.7368058e+000
  5.2587190e+000  2.1027630e+000
  6.7759320e+000  4.7762086e+000
  8.7173015e+000  7.0157350e+000
  3.0991008e+000  4.5307243e+000
  5.4436526e+000  3.6743850e+000
  5.1573888e+000  3.0949883e+000
  8.7430816e+000  6.2763499e+000
  8.2266000e+000  3.1595339e+000
  1.7583265e+000  4.6640405e+000
  5.2336467e+000  3.7656964e+000
  5.5004091e+000  7.0466146e+000
  3.6549601e+000  2.1245072e+000
  6.7519482e+000  6.4477230e+000
  6.9252234e+000  8.3025277e-001
  2.5662974e+000  1.6072086e+000
  8.6613215e-001  6.2922190e+000
  5.8053727e+000  6.6401266e+000
  4.0634609e+000  7.6701461e+000
  7.4971731e+000  2.7516333e+000
  7.1894722e+000  5.4609014e+000
  6.5339919e+000  7.1360146e+000
  6.1461805e+000  3.3207814e+000
  7.5438682e+000  6.4641841e+000
  2.9175233e+000  4.8332887e+000
  4.2063677e+000  7.4759126e+000
  7.4408065e+000  2.8677906e+000
  8.2541134e+000  8.5331348e+000
  5.9197915e+000  7.7483127e+000
  3.7629213e+000  3.3178797e+000
  1.7406081e+000  4.8531051e+000
  5.0132882e+000  1.7831556e+000
  6.7390573e+000  5.7178878e+000
  6.8328461e+000  3.6453170e+000
  7.3032216e+000  6.4523729e+000
  3.9799119e+000  2.4050176e+000
  2.4349833e+000  7.8605681e+000
  2.5004930e+000  7.6490920e+000
  3.2003781e+000  4.4200394e+000
  5.3038000e+000  4.1391544e+000
  3.2556454e+000  4.4395553e+000
  3.8281990e+000  7.9323380e+000
  3.6413279e+000  6.4338264e+000
  8.9383279e+000  3.5233444e+000
  5.5576851e+000  6.3280901e+000
  2.3620194e+000  8.2431699e+000
  5.1610988e+000  6.1704694e+000
  6.0087634e+000  2.6672082e+000
  3.6572113e+000  8.4063363e+000
  2.4937875e+000  4.0641956e+000
  7.6468142e+000  6.9533896e+000
  4.2776474e+000  9.7477725e+000
  4.3024789e+000  3.3652363e+000
  5.4383344e+000  5.0958483e+000
  5.8014549e+000  7.1262073e+000
  6.7092178e+000  6.1670866e+000
  4.4796991e+000  7.1933825e+000
  3.3276497e+000  2.3850577e+000
  2.9055915e+000  7.9120718e+000
  1.4183276e+000  6.9675489e+000
  2.2388827e+000  2.3463927e+000
  4.2183086e+000  3.0699043e+000
  2.2332629e+000  4.8911838e+000
  5.5044539e+000  3.2302436e+000
  7.9279540e+000  8.2584925e+000
  6.9558416e+000  6.3459900e+000
  5.6431539e+000  9.0133074e-001
  4.1255720e+000  3.3288849e+000
  3.6458462e+000  2.4825379e+000
  3.0315498e+000  7.9019482e+000
  9.3171070e+000  3.5475583e+000
  2.8554188e+000  8.4435735e+000
  1.5768788e+000  5.8996488e+000
  5.8718434e+000  4.9861241e+000
  1.1619685e+000  5.0413094e+000
  2.6337438e+000  7.8144109e+000
  6.6013849e+000  6.9420784e-001
  2.3158338e+000  8.3440981e+000
  3.8936005e+000  7.5221195e+000
  2.1842582e+000  4.3569558e+000
  8.7873105e+000  3.0616366e+000
  2.5356156e+000  2.4097935e+000
  5.7692506e+000  2.3563072e+000
  5.1563971e+000  2.3123339e+000
  3.3935108e+000  2.4833181e+000
  3.3317703e+000  6.3997838e+000
  2.9017976e+000  4.0756654e+000
  2.5204466e+000  4.9310232e+000
  5.4254982e+000  3.2610951e+000
  3.6065922e+000  3.1836124e+000
  2.7687586e+000  4.5395343e+000
  4.7432363e+000  5.6595738e+000
  5.3349212e+000  5.5641284e+000
  6.8691232e+000  8.2176153e+000
  5.9885003e+000  7.5976928e-001
  5.5439832e+000  7.5336511e+000
  6.8465906e+000  2.6384147e+000
  2.4189847e+000  3.9182130e+000
  8.1364563e+000  4.9702523e+000
  8.1732223e+000  2.5437203e+000
  5.5920530e+000  1.4931623e+000
  3.2757843e+000  7.9599565e+000
  2.7371590e+000  7.5111743e+000
  9.9413121e-001  7.1882909e+000
  7.2230503e+000  6.7780236e+000
  7.1578042e+000  2.3294222e+000
  4.2344027e+000  2.6242546e+000
  5.2352289e+000  6.7695832e-001
  5.7120097e+000  2.9938429e+000
  6.1329882e+000  6.2128420e+000
  6.7740543e+000  7.0713378e+000
  7.5122706e+000  5.5689725e+000
  3.6767933e+000  3.5976452e+000
  7.5256664e+000  4.9448993e+000
  1.1643493e+000  7.1616326e+000
  3.3040398e+000  6.9226472e+000
  6.8273716e+000  4.7979043e+000
  8.3450061e+000  5.0482452e+000
  6.3461364e+000  3.5563461e+000
  3.5306657e+000  7.3009113e+000
  7.0846034e+000 -7.5726215e-002
  6.6646176e+000  6.6586854e+000
  6.8645958e+000  5.0484336e+000
  2.8915563e+000  5.0346440e+000
  2.8668063e+000  2.1654557e+000
  3.1632903e+000  6.5379320e+000
  6.6078884e+000  4.1261028e+000
  3.1540517e+000  4.0945035e+000
  6.0325576e+000  3.5348460e+000
  3.4016247e+000  8.1208460e+000
  6.6265288e+000  5.6242436e+000
  7.3868185e+000  3.2089756e+000
  4.5212146e+000  4.1197560e+000
  7.1403607e+000  9.9901898e-001
  6.1330663e+000  5.5761148e+000
  9.0905847e-001  2.2374550e+000
  5.7699808e+000  2.8751059e+000
  8.3858596e+000  5.1858425e+000
  7.2371985e+000  6.1047967e+000
  5.7077021e+000  4.1055905e+000
  6.9704550e+000  5.2225313e+000
  8.5333512e+000  3.4022686e+000
  5.6430829e+000  4.3223119e+000
  8.9774125e+000  3.0406222e+000
  8.7276190e+000  7.9765874e+000
  7.8769243e+000  5.9253317e+000
  6.1572101e+000  4.2014937e+000
  3.9064569e+000  2.6166295e+000
  4.5085775e+000  3.7861429e+000
  7.3097735e+000  2.3626568e+000
  2.4519921e+000  4.4559455e+000
  4.3321577e+000  5.6591735e+000
  6.9716453e+000  8.1700691e+000
  2.8729566e+000  7.2228780e+000
  5.0585803e+000  5.5865444e+000
  2.8410500e+000  4.6433545e+000
  7.7673150e+000  8.1656526e+000
  3.3029933e+000  2.8133881e+000
  8.4160585e+000  2.6326528e+000
  3.4544457e+000  8.8078931e+000
  2.1721710e+000  7.2579462e+000
  2.4042504e+000  2.1447510e+000
  1.7932120e+000  6.7169787e+000
  8.0798599e+000  5.6980043e+000
  1.2582835e+000  5.0798960e+000
  4.1616227e+000  7.8137296e+000
  1.0719651e+000  8.1584513e+000
  1.5608724e+000  3.1043600e+000
  6.6289924e+000  8.1926087e+000
  1.1208435e+000  7.7250441e+000
  5.0308158e+000  4.0852995e+000
  1.1402853e+000  6.2510964e+000
  3.8409703e+000  8.8637645e+000
  5.6494114e+000  4.1302867e+000
  6.3059740e+000  3.4803364e+000
  2.6713974e+000  4.0899512e+000
  3.0765131e+000  4.9531600e+000
  1.7071895e+000  6.5759815e+000
  2.4603101e+000  7.0500610e+000
  6.3411307e+000  3.4436443e+000
  5.2814083e+000  3.2193503e+000
  7.5455016e+000  6.9081251e+000
  7.7066530e+000  8.3888808e+000
  8.2579931e+000  5.7592927e+000
  8.1799141e+000  3.5204938e+000
  6.7705530e+000  7.4912112e+000
  2.5540946e+000  5.2635329e+000
  6.8545421e+000 -4.9486601e-001
  3.4397597e+000  8.1467366e+000
  8.3611546e+000  6.1757177e+000
  8.2967616e+000  5.0197944e+000
  8.7978004e+000  7.5958048e+000
  2.6683496e+000  4.3489268e+000
  4.6738646e+000  2.7430561e+000
  2.4182667e+000  2.1853248e+000
  4.2428160e+000  2.8316326e+000
  5.5480077e+000  1.9000432e+000
  3.9663132e+000  2.8809052e+000
  2.6650365e+000  2.4241297e+000
  6.5651520e+000  8.2733621e+000
  5.5243510e+000  4.2094739e+000
  6.3004816e+000  7.4532318e+000
  6.7785478e-003  7.9887125e+000
  7.8530166e+000  5.2958647e+000
  2.6249815e+000  2.1790427e+000
  1.7736398e+000  7.6164921e+000
  8.0388854e+000  6.6742581e+000
  2.6694783e+000  7.7271168e+000
  7.8920776e+000  5.3299446e+000
  2.2248074e+000  5.1061316e+000
  6.6850958e+000  6.0482721e+000
  4.9349137e+000  4.0606410e+000
  1.9778741e+000  8.8248279e+000
  3.3641999e+000  8.6973899e+000
  4.4436826e+000  2.9916039e+000
  5.3418681e+000  2.1904657e+000
  6.1844029e+000  2.2781135e+000
  2.1004958e+000  7.0607867e+000
  8.1909571e+000  2.3375745e+000
  2.9379884e+000  2.5462109e-001
  6.6970351e+000  2.3825884e+000
  7.8921265e+000  8.0473600e+000
  6.4500146e+000  3.6907373e+000
  6.9379605e+000  6.3842704e+000
  5.8433631e+000  5.5552094e+000
  7.6357328e+000  2.6767560e+000
  7.1519127e+000  5.6792138e+000
  2.9216765e+000  8.2866763e+000
  2.5246553e+000  5.2117778e+000
  2.1690409e+000  3.3786675e+000
  7.7126000e+000  2.9749698e+000
  2.7858010e+000  6.9598430e+000
  2.0512952e+000  2.6402121e+000
  6.3351708e+000  6.8456923e+000
  8.2050599e+000  7.4744069e+000
  5.5639364e+000  2.9779760e+000
  6.7695443e+000  6.7698973e+000
  7.9608782e+000  5.9683294e+000
  3.3264473e+000  4.7309769e+000
  4.1932873e+000  2.7345468e+000
  6.9050250e+000  4.9427949e+000
  8.9377933e+000  3.2225976e+000
  8.7052893e+000  3.4489232e+000
  7.3788672e+000  7.2931775e+000
  5.7507607e+000  5.7302475e+000
  5.5570499e+000  4.3854333e+000
  2.6389154e+000  3.0802220e+000
  6.9470438e+000  4.2926334e+000
  2.2613780e+000  2.7294589e+000
  7.5988368e+000  4.7880477e+000
  1.2432633e+000  4.0679983e+000
  2.1387308e+000  2.2757866e+000
  7.9244551e+000  6.3677154e+000
  5.7260466e+000  7.8148422e+000
  5.2177765e+000  3.4072142e+000
  4.8592143e+000  3.2928562e+000
  3.1274530e+000  1.3783869e+000
  3.2425457e+000  4.5031518e+000
  7.5001729e+000  3.8072937e+000
  3.0666870e+000  3.0848023e+000
  7.9751958e+000  7.3279333e+000
  1.8835496e+000  6.3129205e+000
  2.2276963e+000  2.2961535e+000
  6.3305882e+000  3.8619334e+000
  8.1456838e+000  4.8568274e+000
  3.2559345e+000  2.6903090e+000
  2.4912768e+000  4.6148218e+000
  6.9607866e+000  8.0856330e+000
  3.4139367e+000  8.0060481e+000
  1.4314693e+000  8.1045574e+000
  7.0188331e+000 -5.7906658e-001
  2.5342186e+000  8.5034253e+000
  6.9559506e+000  5.0282903e+000
  7.0827026e+000  5.4392340e+000
  3.1977756e+000  2.0712774e+000
  4.8366331e+000  1.6719964e+000
  5.5152204e+000  5.8384848e+000
  2.7998012e+000  7.9792546e+000
  7.8144064e+000  6.8067017e+000
  3.7159067e+000  7.6692824e+000
  3.3112486e+000  7.2780710e+000
  6.6225793e+000  4.7499335e+000
  7.0572974e+000  7.1152759e+000
  5.3007719e+000  2.6440099e+000
  5.7898011e+000  6.8816281e+000
  2.7095360e+000  5.0127257e+000
  7.6754072e+000  6.0303593e+000
  4.9619039e+000  5.7393066e+000
  8.4245878e+000  5.7321291e+000
  6.5550897e+000  2.8856560e+000
  9.5750240e+000  4.0478497e+000
  6.4405907e+000  2.9525446e+000
 -1.0458671e-001  4.4129640e+000
  4.9433200e+000  2.6234501e+000
  4.8443709e+000  7.5246820e+000
  2.7328718e+000  8.0743187e+000
  4.5764963e+000  3.9537484e+000
  1.6180177e+000  7.7841319e+000
  4.0407878e+000  7.6236262e+000
  8.4386694e+000  3.1334451e+000
  1.7868829e+000  8.2037544e+000
  4.2574679e+000  4.8218471e+000
  6.7076097e+000  8.2590372e+000
  3.9242696e+000  3.2821067e+000
  2.4504242e+000  7.3246313e+000
  7.3653504e+000  7.5995825e+000
  3.8875112e+000  2.8509020e+000
  7.8896455e+000  8.0167591e+000
  2.4323338e+000  7.2888663e+000
  4.6786580e+000  5.6474275e+000
  7.4092330e+000  7.6953941e+000
  4.1581100e+000  2.4891306e+000
  7.9474670e+000  4.9703994e+000
  5.4573243e+000  3.2687852e+000
  9.7466574e-001  7.4630495e+000
  2.5635825e+000  7.4178778e+000
  7.4270666e+000  7.6467235e+000
  1.1938221e+000  5.7453067e+000
  2.4705550e+000  5.3813800e+000
  5.4175860e+000  6.0182254e+000
  5.3239068e+000  4.1354347e+000
  2.1269561e+000  1.8835855e+000
  8.0366450e+000  7.6651996e+000
  6.2526234e+000  6.8553739e+000
  6.1859172e+000  2.2333697e+000
  5.7058626e+000  5.9975853e+000
  2.6843819e+000  4.4462808e+000
  8.1381930e+000  2.9053351e+000
  2.6376729e+000  5.3825098e+000
  2.9971666e+000  2.6961538e+000
  5.3262688e+000  3.3095479e+000
  7.0145249e+000  4.4479010e+000
  2.7657272e+000  7.2711532e+000
  7.0461664e+000  5.9463970e+000
  5.2897631e+000  3.4807335e+000
  8.4656067e+000  6.2260444e+000
  3.7348890e+000  7.4092793e+000
  7.7975219e+000  2.6364788e+000
  1.9258295e+000  2.7827346e+000
  7.4688495e+000  6.8491082e+000
  3.1035927e+000  7.7139792e+000
  3.5641191e+000  2.3238699e+000
  8.1068380e+000  5.7505604e+000
  5.1997727e+000  2.0114725e+000
  7.3041172e-001  4.1195310e+000
  2.1646285e+000  2.6964969e+000
  6.2099648e+000  5.7679562e+000
  4.9655194e+000  2.8204423e+000
  5.4239920e-001  2.7519939e+000
  3.0909147e+000  1.9071742e+000
  1.2841101e+000  3.7874658e+000
  5.0490360e+000  5.5854820e+000
  1.1331590e-001  3.6659642e+000
  5.8048795e+000  3.3521607e+000
  7.4624267e+000  6.1452643e+000
  6.7878495e+000  5.4337999e+000
  2.4679621e+000  4.7874523e+000
  2.5824298e+000  5.1529958e+000
  6.4281302e+000  7.0919176e+000
  2.6084725e+000  3.0060743e+000
  9.3910575e+000  3.9976127e+000
  9.5599613e+000  4.1291199e+000
  5.8467515e+000  6.3812420e+000
  2.1904450e+000  4.9681268e+000
  2.8569258e+000  5.0900757e+000
  8.7643146e+000  3.9207476e+000
  8.4464326e+000  7.6032975e+000
  3.6582937e+000  8.3545945e+000
  2.3809328e+000  3.4616685e+000
  7.0819366e+000  6.6118587e+000
  6.7571288e+000  6.3278806e+000
  6.5642219e+000  3.4596781e+000
  4.3253757e+000  8.8370604e+000
  2.2497568e+000  2.5040531e+000
  2.7713656e+000  7.8127521e+000
  7.3485320e+000  5.2403443e+000
  5.6328852e+000  3.9591546e+000
  8.1743719e+000  4.8995153e+000
  2.5870152e+000  2.4156441e+000
  7.0316412e+000  7.4015753e+000
  2.3330531e+000  7.0119009e+000
  3.3354889e+000  7.8040254e-001
  6.0067624e+000  4.2156345e+000
  5.4508962e+000  7.1922951e+000
  6.1315788e-001  3.9750546e+000
  5.9285219e+000  5.1877243e+000
  7.2481434e+000  1.2900122e+000
  8.5425826e+000  6.2963497e+000
  9.6269033e-001  2.4622696e+000
  7.5577593e+000  7.2285567e+000
  5.6284050e+000  3.1085033e+000
  5.1970784e+000  2.0345559e+000
  2.4218718e+000  2.3468445e+000
  6.4742006e+000  7.0732530e+000
  7.8724661e+000  5.4458057e+000
  8.6628124e+000  8.0071117e+000
  2.3672898e+000  7.4754149e+000
  2.4752194e+000  7.3453284e+000
  7.2148510e+000  7.8286116e+000
  6.4024114e+000  2.6822445e+000
  2.6010847e+000  6.8522818e+000
  3.2982080e+000  4.5520159e+000
  7.4018187e+000  6.5167672e+000
  5.6126074e+000  4.9833976e-001
  7.4524354e+000  5.3939480e+000
  7.9785344e+000  6.0187348e+000
  2.6011299e+000  8.1921857e+000
  7.1383256e+000  4.7254188e+000
  2.6652103e+000  7.7076848e+000
  5.2426952e+000  1.5027168e+000
  1.7912146e+000  7.9736581e+000
  3.2883069e+000  2.0354980e+000
  9.2248877e+000  6.5325454e-001
  4.6182932e+000  5.7794396e+000
  5.6140992e+000  2.2575284e+000
  2.7516874e+000  2.4869321e+000
  7.2348076e+000  5.3172220e+000
  7.3048875e+000  3.0717086e+000
  6.6491619e+000  7.1913108e+000
  1.1488938e-002  4.9499876e+000
  3.7337317e+000  9.6616209e+000
  2.2619855e+000  1.7625630e+000
  1.5140008e+000  6.7620666e+000
  2.5562059e+000  8.3809509e+000
  2.1984109e+000  2.8614146e+000
  4.9877160e+000  5.7478743e+000
  6.5557661e+000  2.0010134e+000
  1.7109093e+000  6.7061203e+000
  8.5347223e+000  2.6484240e+000
  1.5941865e+000  4.1992250e+000
  1.8780490e+000  6.8762788e+000
  3.1863352e+000  4.1191184e+000
  7.2252285e+000  6.7145387e+000
  5.6470511e+000  6.1149162e+000
  7.0294701e+000  6.8903453e+000
  7.5259154e+000  7.8241249e+000
  6.4881856e+000  6.7277081e+000
  6.7832746e+000  2.3687984e+000
  4.8403308e+000  3.8305841e+000
  6.7901759e+000  4.5577011e+000
  3.2884442e+000  2.3646663e+000
  3.2600261e+000  4.2506187e+000
  3.2560773e+000  4.1898449e+000
  9.6820016e+000  3.2378166e+000
  2.1512884e+000  7.8772480e+000
  6.1937749e+000  6.9372595e+000
  2.9848473e+000  8.8822526e+000
  3.2346154e+000  5.0849067e+000
  8.1118412e+000  6.0135554e+000
  4.7414913e+000  7.6138587e-001
  4.6876639e+000  5.5285341e+000
  5.5876562e+000  1.3733458e+000
  2.1990050e+000  4.9589256e+000
  7.7444096e+000  6.8905455e+000
  6.1536901e+000  4.9718792e+000
  8.3359815e+000  7.1481740e+000
  7.0072279e+000  4.6327148e+000
  5.3903671e+000  4.8549297e+000
  4.3717521e+000  3.0946400e+000
  7.6593056e+000  7.0727570e+000
  2.1263864e+000  5.8157917e+000
  6.6974389e+000  5.5722593e+000
  2.2140771e+000  5.2333803e+000
  1.3528870e+000  7.9055395e+000
  5.3376940e+000  1.8637521e+000
  2.6646224e+000  2.4836782e+000
  2.6564243e+000  7.1704779e+000
  3.2019336e+000  4.8035390e+000
  2.8882859e+000  7.7169577e+000
  2.1910563e+000  5.3789381e+000
  2.8230306e+000  5.0379786e+000
  7.3214050e+000  5.5166701e-001
  6.9974249e+000  2.4460755e+000
  5.6544492e+000  5.3934457e+000
  5.7606782e+000  7.9401164e+000
  2.1654076e+000  2.7079145e+000
  3.1034979e+000  7.3484809e+000
  4.8605451e+000  2.4606202e+000
  5.4944429e+000  3.2731366e+000
  7.5968355e+000  1.2664772e+000
  6.6552043e+000  2.7415479e+000
  2.6030258e+000  8.2184690e+000
  5.5572997e+000  4.3605532e+000
  7.2606578e+000  1.8068840e+000
  3.5920617e+000  6.6501157e+000
  6.0992021e+000  4.8233803e+000
  7.2565916e+000  7.9491828e+000
  9.0743966e+000  3.7189857e+000
  3.1945016e+000  3.5070528e+000
  4.9664641e+000  1.7992971e+000
  2.1754860e+000  3.3390415e+000
  2.4439798e+000  9.4037735e+000
  2.6103259e+000  7.4286082e+000
  7.5756550e+000  5.8257696e+000
 -4.1797904e-001  8.8494245e+000
  8.6709940e+000  4.5083702e+000
  5.3458722e+000  5.8418097e+000
  2.0598987e+000  1.9467212e+000
  4.9692645e+000  7.3366881e+000
  4.8396684e+000  6.4752595e+000
  5.0604224e+000  3.8570699e+000
  2.3302064e+000  4.3437547e+000
  6.6849005e+000  3.7086879e+000
  3.0587750e+000  4.9195571e+000
  6.1169135e+000  4.3545265e+000
  3.2213940e+000  4.7595198e+000
  3.5803321e+000  8.6349984e+000
  7.4331567e+000  6.0054594e+000
  2.8703752e-001  2.9934402e+000
  2.6169183e+000  2.7429624e+000
  3.8614731e+000  2.5075187e+000
  9.5657372e+000  3.3965749e+000
  2.2511730e+000  6.9351138e+000
  7.3813118e+000  4.2889293e+000
  2.3534009e+000  4.4865918e+000
  4.8128447e+000  1.3605069e+000
  5.9400530e+000  5.7085135e+000
  7.9133834e+000  5.7535784e+000
  7.3588076e+000  2.6227435e+000
  9.4207641e+000  3.8537009e+000
  4.4060651e+000  6.7116314e+000
  5.1158525e+000  2.5794435e+000
  6.8878488e+000  6.3312031e+000
  4.4749632e+000  2.5291518e+000
  2.4265000e+000  7.5642634e+000
  4.9257259e+000  5.7140212e+000
  8.1892108e+000  5.1552884e+000
  3.8464205e+000  2.2410910e+000
  8.3240655e+000  5.8551396e+000
  2.9304270e-001  3.9062499e+000
  2.2718008e+000  5.2716414e+000
  6.9030603e+000  5.8139003e+000
  7.9470513e+000  3.0960810e+000
  2.8002269e+000  3.0819552e+000
  3.0110189e+000  4.5636157e+000
  3.7626822e+000  8.4191768e+000
  8.0486620e+000  3.3046324e+000
  5.3559030e+000  3.6888969e+000
  8.0000686e+000  2.0323559e+000
  7.8225903e+000  5.0369923e+000
  3.1591877e+000  4.1408555e+000
  6.6160414e+000  7.8260062e+000
  8.6807269e+000  6.4144089e+000
  5.9935630e+000  2.8422017e+000
  6.5693628e+000  8.1648549e+000
  7.1508080e+000  6.8816113e+000
  3.0395093e+000  4.7930246e+000
  5.5852706e+000  5.9610168e+000
  7.1657406e+000  4.6894793e+000
  2.6707334e+000  7.1069788e+000
  5.4034443e+000  2.8848664e+000
  2.3028087e+000  5.1390773e+000
  2.8350541e+000  5.3233887e+000
  8.4798248e+000  5.2459480e+000
  5.7331849e+000  1.3408639e+000
  5.0199286e+000  5.3412374e+000
  2.9228765e+000  9.5898246e+000
  8.3734621e+000  4.8450512e+000
  1.3929556e+000  2.5105799e+000
  5.4022250e+000  5.8035573e+000
  6.5533728e+000  1.7137878e+000
  6.5862089e+000  4.0028397e+000
  7.2803871e+000  2.7998847e+000
  5.9677126e+000  7.5742776e+000
  5.0630187e+000  7.4680629e+000
  6.8301922e+000  7.2250183e+000
  2.2145239e+000  1.0173742e-001
  5.7320775e-001  5.6586929e+000
  3.0321061e+000  3.1135624e+000
  3.0887844e+000  8.1447747e+000
  5.2915281e+000  4.4131867e+000
  3.7050525e+000  7.5271122e+000
  5.4420842e+000  3.1074985e+000
  2.6993675e+000  6.9625103e+000
  6.8106702e+000  2.3558786e+000
  8.4608072e+000  3.9406376e+000
  4.3858056e+000  8.9884551e+000
  4.4343141e+000  3.2727992e+000
  6.4705122e+000  5.1100765e+000
  2.8080307e+000  3.5409702e+000
  8.4459455e+000  2.5107897e+000
  7.1964088e+000  2.4677989e+000
  2.8405892e+000  4.5232247e+000
  7.0096801e+000  4.4856601e+000
  5.5632874e+000  3.1844096e+000
  2.2552365e+000  2.9863966e+000
  4.9030303e+000  4.2775662e+000
  5.0275801e+000  4.6669581e+000
  1.6083273e+000  7.1249289e+000
  6.0779336e+000  5.7350390e+000
  5.1813097e+000  2.0374121e+000
  3.1955494e+000  7.1344331e+000
  2.0707076e+000  7.7337711e+000
  8.1173065e+000  2.3603198e+000
  2.7576076e+000  7.3182115e+000
  5.6314277e+000  7.2764206e+000
  7.4659119e+000  8.2064877e+000
  3.5079874e+000  2.8559755e+000
  2.7093098e+000  7.7287986e+000
  8.1308437e+000  5.0503086e+000
  4.9657251e+000  7.2566546e+000
  3.1721368e+000  4.7187618e+000
  3.8432186e+000  3.1550555e+000
  1.5245608e+000  3.8943496e+000
  5.9493719e+000  3.8230095e+000
  6.6401907e+000  1.5303592e+000
  8.7999751e+000  5.4741937e+000
  7.6054189e+000  7.6078368e+000
  8.7929986e-001  7.5424299e+000
  6.8310865e+000  6.9512022e+000
  8.4049020e+000  6.4226465e+000
  6.2464656e+000  4.7178266e+000
  8.3953662e+000  2.7144508e+000
  8.4742467e+000  8.0943463e+000
  6.3349405e+000  6.7691237e+000
  2.1809281e+000  6.8808354e+000
  2.1689838e+000  7.8947818e+000
  6.5849787e+000  2.8717213e+000
  6.3442491e+000  6.8055904e+000
  7.5197001e+000  6.2782001e+000
  7.1901732e+000  5.5391890e+000
  5.1086659e+000  7.6799035e+000
  2.0224963e+000  2.6088478e+000
  8.3676963e+000  8.3276349e+000
  5.7075018e+000  7.4679081e+000
  7.6488626e+000  7.7670282e+000
  8.8054731e+000  3.3404128e+000
  4.1746066e+000  2.7681457e+000
  4.5401252e+000  2.7362214e+000
  8.6168575e+000  6.2774309e+000
  6.3231934e+000  1.1691045e+000
  7.2458957e+000  7.0177392e+000
  7.1622055e+000  4.4460194e+000
  6.7066468e+000  1.8250470e+000
  6.1398740e+000  7.7366374e+000
  5.2253877e+000  5.6114202e+000
  9.6683559e+000  3.2096283e+000
  5.5002122e+000  4.0626212e+000
  5.5086113e+000  3.7183398e+000
  8.9217548e+000  6.2582237e+000
  9.0249607e+000  3.3600780e+000
  3.2876683e+000  9.4560287e+000
  2.4277271e+000  8.2048469e+000
  5.2073425e+000  2.9342239e+000
  4.9583409e+000  1.7281917e+000
  6.5716774e+000  7.5058627e+000
  6.3118723e+000  3.6495925e+000
  2.6456892e+000  6.6419816e+000
  6.4278154e+000  5.8404913e+000
  3.2907321e+000  3.7675407e+000
  5.6523736e+000  2.6090880e+000
  7.1262526e+000 -9.2040815e-002
  2.9185393e+000  7.4142508e+000
  6.6417279e+000  3.0129680e+000
  7.6856707e+000  7.0155440e+000
  4.4493263e+000  4.8902813e+000
  7.3168859e+000  3.7168092e+000
  5.4853036e+000  2.4920443e+000
  5.2960664e+000  3.9680383e+000
  9.0439936e+000  3.6352056e+000
  7.1507104e+000  8.3183198e+000
  2.2410942e+000  2.5458702e+000
  7.6779819e+000  7.2504513e+000
  5.6582391e+000  5.3655847e+000
  6.3341963e+000  2.4937015e+000
  2.1354407e+000  2.3260257e+000
  4.1968933e+000  7.9519657e+000
  2.2869650e+000  4.5545927e+000
  2.8552941e+000  3.2325677e+000
  2.7698544e+000  8.5206998e+000
  4.1769114e+000  3.2418872e+000
  2.8061320e+000  8.5740846e+000
  2.3386554e+000  4.7457930e+000
  4.8246286e+000  7.8808689e+000
  2.8244840e+000  8.2701299e+000
  5.1750314e+000  2.6566850e+000
  6.6615648e+000  6.6855894e+000
  1.3838544e+000  9.2025369e+000
  4.5649469e+000  3.0134635e+000
  3.0527985e+000  2.5653575e+000
  1.2159884e+000  2.4218658e+000
  7.3718678e+000  6.2211646e+000
  6.4276798e+000  6.5893892e+000
  1.3139609e+000  7.9643702e+000
  7.7981321e+000  5.5395240e+000
  8.7695758e+000  5.7232977e+000
  2.7757249e+000  9.1897026e-001
  2.7721441e+000  4.7475514e+000
  9.1669674e+000  4.2363214e+000
  4.6594741e+000  3.2627037e+000
  7.2500151e+000  7.1605962e+000
  2.9018196e+000  1.8795284e+000
  5.7161389e+000  4.1241778e+000
  2.3843707e+000  2.6442585e+000
  6.0860721e+000  1.1769454e+000
  5.9634061e+000  5.6460873e-001
  5.7002916e+000  4.0794826e+000
  3.3496317e+000  3.7066054e+000
  2.4066072e+000  4.5136547e+000
  8.2035415e+000  3.8714525e+000
  6.6006572e+000  6.7483676e+000
  1.6939370e+000  4.1536708e+000
  5.4887903e+000  1.2946230e+000
 -3.9431500e-002  4.2910299e+000
  7.2085613e+000  7.2004312e+000
  2.2669396e+000  2.1184642e+000
  6.8209940e+000  6.9769669e+000
  3.1537040e+000  7.6000716e+000
  6.4723259e+000  3.8756736e+000
  6.4069262e+000  6.9087623e+000
  6.2180475e+000  1.5172778e+000
  6.7574907e+000  3.6829586e+000
  6.8001490e+000  2.9296564e+000
  7.1978562e+000  6.6736432e+000
  7.0482932e+000  6.5991764e+000
  3.7454108e+000  3.4058799e+000
  2.3845192e+000  7.8100178e+000
  7.9160608e+000  7.1866909e+000
  5.8501503e+000  1.4665465e+000
  3.2749768e+000  7.9867874e+000
  5.2271052e+000  6.2230695e+000
  7.9029803e+000  2.3085280e+000
  7.3960777e+000  7.3471895e+000
  2.8704082e+000  8.1002551e+000
  4.7562179e+000  4.1445590e+000
  2.6486247e+000  7.3531779e+000
  9.8611028e+000  3.4714033e+000
  5.1260010e+000  7.5543619e+000
  7.2624819e+000  2.9646337e+000
  7.9396777e+000  5.7097238e+000
  8.1862895e+000  5.1963984e+000
  5.9953358e+000  8.0588598e-001
  2.7444096e+000  4.5408447e-001
  8.2810416e+000  7.9779203e+000
  8.5243740e+000  6.8318767e-001
  9.2974659e+000  3.7650762e+000
  2.7326844e+000  2.2247785e+000
  8.3378139e+000  4.8122539e+000
  7.8749470e+000  5.0345277e+000
  5.9200014e+000  1.3309328e+000
  3.7203550e+000  2.7088072e+000
  6.8229950e+000  5.1936865e+000
  3.6840868e+000  3.2661661e+000
  3.1794485e+000  4.4578184e+000
  6.0466314e+000  3.8339437e+000
  8.0993485e+000  7.0734046e+000
  6.3093246e+000  6.8066700e+000
  7.4937967e+000  7.5639320e+000
  3.1504821e+000  4.2957470e+000
  9.0779893e+000  7.2567160e+000
  3.8685134e+000  7.4178011e+000
  7.5021108e+000  8.6119733e+000
  6.7090037e+000  7.4936666e+000
  6.0175487e+000  7.4493755e+000
  8.4378267e+000  5.1515650e+000
  6.1726745e+000  4.4037516e+000
  8.0718067e+000  7.9051022e+000
  5.5562030e+000  3.5509468e+000
  6.5900727e+000  7.6533745e+000
  2.5819375e+000  7.7212465e+000
  4.1416583e+000  2.4377714e+000
  4.0258045e+000  7.9959314e+000
  6.2608792e+000  1.8007642e+000
  8.6258514e+000  6.1165163e+000
  7.2161757e+000  6.3925393e+000
  2.4709256e+000  7.8394006e+000
  4.9227825e+000  2.4373827e+000
  3.5526378e+000  4.3187148e+000
  5.0860726e+000  4.7410762e+000
  4.7417116e+000  5.3318223e+000
  4.2235682e+000  2.3230673e+000
  7.6292485e+000  6.6022127e+000
  2.6696326e+000  5.1975555e+000
  2.6056017e+000  8.2705170e+000
  6.7371694e+000  6.8223662e+000
  1.7885579e+000  4.9178389e+000
  6.2889259e+000  6.6492761e+000
  3.1838170e+000  7.8662688e+000
  6.0682376e+000  5.6938168e+000
  7.2664300e+000  8.5376736e+000
  1.6526256e+000  6.8361886e+000
 -7.8825059e-002  4.6665821e+000
  7.2544908e+000  5.4518008e+000
  2.5262119e+000  7.2998805e+000
  6.0586681e+000  2.6049777e+000
  2.4055434e+000  5.1675186e+000
  5.8427679e+000  5.0938625e+000
  5.6251358e+000  6.2132703e+000
  2.5017716e+000  7.8756317e+000
  7.0545861e+000  6.7120038e+000
  2.2112237e+000  7.4706722e+000
  5.1688424e+000  3.2147882e+000
  1.6569082e+000  7.4687918e+000
  8.0113235e+000  5.6201454e+000
  6.6668159e+000  2.7300431e+000
  6.8885261e+000  7.2499497e+000
  2.8445163e+000  7.2507655e+000
  7.4416456e+000  6.0094815e+000
  7.3427177e+000  8.1428485e+000
  8.6561629e+000  5.5709099e+000
  7.2686282e+000  6.4016212e+000
  6.6638482e+000  5.3592946e+000
  7.4755161e+000  5.7924880e+000
  7.4670992e+000  2.5184734e+000
  6.7374533e+000  7.6878296e+000
  8.0041402e+000  5.7838436e+000
  2.0153128e+000  2.9238562e+000
  9.6655990e+000  3.5461956e+000
  5.1960204e+000  3.1182575e+000
  6.8207537e+000  5.4498730e+000
  4.7262574e+000  3.8339179e+000
  2.5700361e+000  3.2992874e+000
  2.2559891e+000  9.0690971e+000
  3.8113423e+000  7.2263682e+000
  6.7477286e+000  6.5785655e+000
  6.1100368e+000  3.1380371e+000
  5.8427181e+000  1.8788104e+000
  7.0373564e+000  2.7958098e+000
  8.5879537e+000  6.0510983e+000
  6.8420446e+000  1.2322442e+000
  2.0889531e+000  3.0741992e+000
  7.3241994e+000  7.3365155e+000
  6.7723871e+000  7.5130640e+000
  2.6973318e+000  8.0612910e+000
  2.1631875e+000  2.2557924e+000
  5.6020202e+000  7.6038522e+000
  5.0547997e+000  6.7870090e+000
  2.7474307e+000  4.6757212e+000
  7.0003953e+000  2.5367170e+000
  7.3500676e+000  5.7369299e+000
  8.1570945e+000  4.7316821e+000
  7.5337283e+000  5.6242133e+000
  5.1357439e+000  5.7580926e+000
  8.8511326e-001  2.9086074e+000
  3.4073763e+000  9.6356241e+000
  2.0097838e+000  8.1146720e+000
  6.9390188e+000  2.2318731e+000
  6.7228212e+000  1.9873496e+000
  5.3180689e+000  3.6221667e+000
  6.3600277e+000  7.4303126e+000
  5.5791003e+000  4.3714721e+000
  2.5179622e+000  2.4421395e+000
  2.7353832e+000  4.3046166e+000
  2.4020179e+000  2.0788611e+000
  1.0055761e+000  3.0060542e+000
  1.4331577e+000  6.6258301e+000
  7.2777367e+000  5.7660641e+000
  2.5619307e+000  4.4567312e+000
  3.7129527e+000  9.0228805e+000
  4.8158141e+000  1.7046119e+000
  2.8485144e+000  2.2346843e+000
  2.7561452e+000  4.6745930e+000
  8.2508113e+000  2.7602233e+000
  7.1059487e+000  7.4455719e+000
  4.5112861e+000  2.3356932e+000
  1.5151787e+000  7.1539057e+000
  1.7705901e+000  7.4986661e+000
  2.5776595e+000  4.6653052e+000
  6.7376864e+000  6.9762252e+000
  3.2989217e+000  8.6363003e-001
  6.8663202e+000 -8.4194312e-001
  3.0898730e+000  7.3599729e+000
  7.5500621e+000  2.7902024e+000
  2.0697599e+000  3.2527900e+000
  2.7598365e+000  5.2938022e+000
  1.9113568e+000  7.6102422e+000
  6.5117640e+000  6.7503031e+000
  3.2000774e+000  4.0733385e+000
  2.3865916e+000  2.3125122e+000
  2.8139950e+000  4.2944044e+000
  5.6483111e+000  2.9613143e+000
  3.1360150e+000  4.7183532e+000
  6.0663882e+000 -1.1415541e-001
  3.5360851e+000  7.3055870e+000
  7.5040041e+000  7.4780310e+000
  2.4659660e+000  6.9189102e+000
  2.5222122e+000  7.0339810e+000
  8.6855166e+000  4.9707441e+000
  7.8998799e-001  3.0744614e+000
  4.3724571e+000  2.4443034e+000
  1.8999373e+000  9.1898410e+000
  6.4289963e+000  6.9622638e+000
  4.4720307e+000  5.6845699e+000
  2.4781257e+000  2.6564606e+000
  2.6808204e+000  8.4810073e+000
  3.0317397e+000  7.2461791e+000
  6.6851039e+000  3.6200426e+000
  2.6524215e+000  1.4550560e+000
  5.9283302e+000  5.8947742e+000
  7.3451285e+000  6.6861368e-001
  3.9574631e+000  5.0843092e+000
  6.5705055e+000  3.7070118e+000
  3.0691303e+000  2.5885499e+000
  8.4857599e+000  5.6434334e+000
  7.5728186e+000  7.3196031e+000
  6.5758528e+000  7.3376765e+000
  5.4678340e+000  4.1915892e+000
  5.0437645e+000  3.2009575e+000
  6.8489774e-001  2.8460309e+000
  2.5301295e+000  4.9087877e+000
  5.5908182e+000  7.6653568e-001
  5.9450531e+000  7.1071134e+000
  6.0592588e+000  5.1745353e+000
  3.6755562e+000  2.7295646e+000
  2.3431771e+000  2.7316137e+000
  6.3165877e+000  7.7603204e+000
  6.2628127e+000  7.2776947e+000
  2.7349559e+000  5.4807594e+000
  2.2070477e+000  5.7486838e+000
  6.5136483e+000  3.8486186e+000
  8.2463351e+000  4.8588114e+000
  5.4470794e+000  1.7042742e+000
  6.4725420e+000  2.5495070e+000
  3.3543389e+000  1.1412647e+000
  6.6517216e+000  6.8230998e-002
  1.6308712e+000  5.8731767e+000
  3.0806397e+000  7.5531532e+000
  1.6889899e+000  2.4364372e+000
  6.1632940e+000  4.1650491e+000
  4.4408783e+000  2.4859711e+000
  7.0443650e+000  2.6574786e+000
  6.0714001e+000  6.1725814e+000
  2.4436752e+000  4.1890013e+000
  3.4917081e+000  2.2155355e+000
  3.0755060e+000  2.7594681e+000
  2.6928891e+000  7.5931058e+000
  5.7099915e+000  5.2314418e+000
  6.9939846e+000 -7.3765925e-001
  2.5623455e+000  6.6420118e+000
  7.9021947e+000  5.6131577e+000
  5.2378880e+000  3.7704995e+000
  1.8684222e+000  2.7084759e+000
  5.3029026e+000  4.3655986e+000
  2.5536248e+000  4.9984386e+000
  4.4962980e+000  5.2221622e+000
  5.4560407e+000  7.1335991e+000
  6.9795328e+000  1.7895278e+000
  7.8544589e+000  2.7812778e+000
  7.0223927e+000  6.7156943e+000
  6.3743522e+000  5.1776773e+000
  8.2083737e+000  3.9978086e+000
  2.1338320e+000  8.1095094e+000
  1.9844270e+000  7.8999098e+000
  5.6249922e+000  4.0742524e+000
  9.6283027e+000  3.1255377e+000
  6.5557774e+000  3.5386076e+000
  5.2725297e+000  3.1700548e+000
  6.3105434e+000  4.8275153e+000
  3.1806725e+000  5.2146224e+000
  2.6158354e+000  5.3666487e+000
  5.4592706e+000  3.0026597e+000
  7.0952049e+000  2.2146133e+000
  5.0939373e+000  6.1489397e+000
  2.3711727e+000  6.9754720e+000
  6.1377459e+000  5.1635396e+000
  2.3556761e+000  7.9708013e+000
  2.5744383e+000  2.6395461e+000
  6.9939049e+000  6.9941561e+000
  7.1248968e+000  7.6816615e+000
  9.2279027e+000  6.0729698e+000
  7.8732725e+000  4.8646718e+000
  5.8569239e+000  4.1037034e+000
  5.2111349e+000  6.6804710e+000
  6.9966741e+000  7.1733566e+000
  3.2260207e+000  8.0564347e+000
  5.3745978e+000  9.3665959e-001
  5.7654389e+000  5.5771196e+000
  6.4781904e+000  6.6953786e+000
  7.2578898e+000  3.0926780e+000
  6.3172949e+000  7.7400405e+000
  2.9209234e+000  9.7096369e+000
  5.1948637e+000  4.3403868e+000
  6.6442989e+000  6.6128064e+000
  7.1908799e+000  2.0367161e+000
  6.7906227e+000  2.1847153e+000
  2.8321743e+000  8.2540556e+000
  1.8621745e+000  7.0481238e+000
  3.2739885e+000  8.3534841e+000
  4.1812843e+000  3.1093440e+000
  2.4927086e+000  8.3485596e+000
  6.7097544e+000  8.6129212e+000
  5.5994549e+000  2.7193753e+000
  4.5761345e+000  3.2663975e+000
  2.2258190e+000  7.3684379e+000
  5.8947991e+000  1.4721334e+000
  2.1580375e+000  4.5191905e+000
  4.1140763e+000  2.9522230e+000
  7.3563805e+000  5.0669763e+000
  5.5891061e+000  2.8785311e+000
  6.1116650e+000  2.2552429e+000
  2.3765926e+000  7.6194886e+000
  6.5235572e+000  7.0478048e+000
  6.8930474e+000  5.2580989e+000
  5.0273806e+000  6.8204472e+000
  8.1580616e+000  6.3126329e+000
  4.0501454e+000  2.9482211e+000
  4.1870173e+000  3.2714797e+000
  3.2238457e+000  5.6738902e+000
  3.1294254e+000  4.9463552e+000
  7.8357228e+000  7.3792245e+000
  7.8006993e+000  5.5314817e+000
  3.7119991e+000  2.9103924e+000
  6.5015897e+000  4.9308323e+000
  4.2119419e+000  2.6326511e+000
  6.3544965e+000  5.8117841e+000
  4.3690951e+000  7.6034431e+000
  6.6237960e+000  3.9355189e+000
  5.1601379e+000  7.7918656e+000
  9.3110593e+000  3.5895725e+000
  4.1477946e+000  7.6118555e+000
  7.5426056e+000  5.8308678e+000
  6.7434664e+000  2.3330818e+000
  2.5644589e+000  5.1430007e+000
  6.1014287e+000  5.3068422e+000
  7.1822678e+000  5.2293988e+000
  8.4714969e+000  7.5800084e+000
  7.1024742e+000  1.4167174e+000
  7.0286420e+000  6.8741342e+000
  8.1960822e+000  5.5640222e+000
  3.2544654e+000  8.1040927e+000
  5.5656869e+000  1.0914704e+000
  2.9282422e+000  2.3227896e+000
  2.4174744e+000  7.8470105e+000
  6.4834373e+000  4.2901250e+000
  6.4354499e+000  7.1873213e+000
  2.5148460e+000  3.5486741e+000
  3.0956389e+000  3.9629824e+000
  5.6452221e+000  3.8512251e+000
  4.7239777e+000  6.3396431e+000
  1.0243619e+000  3.1295162e+000
  5.2501998e+000  5.6951736e+000
  6.5949520e+000  7.3133840e+000
  6.0641021e+000  5.7330636e+000
  2.9177896e+000  2.0992152e+000
  6.6681642e+000  5.5164126e+000
  6.5018976e+000  4.1560466e+000
  8.2616871e+000  6.1689835e+000
  5.4191573e+000  3.2681522e+000
  2.5286720e+000  2.6008261e+000
  6.3437811e+000  1.9444894e-001
 -3.9151768e-001  9.2446675e+000
  3.7467878e+000  2.4266958e+000
  2.3903004e+000  3.5037205e+000
  8.3916958e+000  2.8323708e+000
  2.9617500e+000  6.8463987e+000
  2.9238625e+000  8.2656875e+000
  1.8614844e+000  2.1500707e+000
  5.8392446e+000  2.9690211e+000
  7.7335734e+000  7.3227894e+000
  6.8428185e+000  2.6988080e+000
  4.8804704e+000  4.5911082e+000
  5.5366823e+000  2.9307915e+000
  4.0452576e+000  1.5411358e+000
  3.9769835e+000  8.5458515e+000
  6.0133122e+000  5.3650199e+000
  4.7891667e+000  2.2091492e+000
  6.8176539e+000  2.3071440e+000
  6.7474880e+000  6.7757452e+000
  5.7619156e+000  4.6142532e+000
  7.6692289e+000  6.4274804e+000
  1.8267348e+000  4.9597847e+000
  6.0589687e+000  5.7633735e+000
  2.3717387e+000  2.1628296e+000
  2.3709950e+000  7.8378277e+000
  2.0803592e+000  7.5557563e+000
  2.5000337e+000  7.4568289e+000
  7.2418069e+000  3.5539542e+000
  6.4954046e+000  6.8948930e+000
  5.3169115e+000  2.7032828e+000
  4.1362467e+000  7.7546292e+000
  2.2154184e+000  2.4257075e+000
  8.4586263e+000  7.3862227e+000
  6.4644097e+000  7.7871142e+000
  9.4916697e-001  5.8851080e+000
  7.9380784e+000  7.9961406e+000
  6.4534665e+000  2.6624088e+000
  2.5897899e+000  7.8311873e+000
  6.3149860e+000  1.2373235e+000
  7.0162637e+000  6.8301431e+000
  2.6781733e+000  7.4911247e+000
  2.8914656e+000  7.2454527e+000
  3.9846074e+000  2.2189588e+000
  6.4025564e+000  6.1779874e+000
  1.1273856e+000  2.2132685e+000
  5.0581281e+000  2.7326629e+000
  2.9341881e+000  4.1639418e+000
  2.6114005e+000  8.2330948e+000
  9.3563900e+000  6.1165891e+000
  7.8910732e+000  8.0298492e+000
  2.8388386e+000  3.9326480e+000
  5.5644542e+000  2.8727483e+000
  6.5619295e+000  4.0874084e+000
  3.9047566e+000  7.7413238e+000
  2.8767187e+000  7.2770975e+000
  2.8939746e+000  4.6540130e+000
  7.5269252e+000  7.0900068e+000
  6.1522306e+000  5.9580621e+000
  6.2611029e+000  2.1555757e+000
  2.7481527e+000  2.5513447e+000
  6.0958293e+000  5.4415256e+000
  6.8770513e+000  2.0947893e+000
  2.5724447e+000  8.2676394e+000
  2.8617310e+000  7.9457189e+000
  2.1799862e+000  7.7887156e+000
  7.4398006e+000  2.6003029e+000
  7.6561285e+000  7.4241659e+000
  8.5542656e+000  6.1818819e+000
  1.9999025e+000  4.5869198e+000
  5.3295847e+000  2.8529804e+000
  7.9760575e+000  6.0641176e+000
  6.9859432e+000  7.8303390e+000
  7.8086089e+000  3.3787227e+000
  6.8753046e+000  6.5084790e+000
  5.8570055e+000  2.0699288e+000
  7.7115898e+000  8.3228408e+000
  2.6261520e+000  7.4624627e+000
  6.4734830e+000  5.3228888e+000
  2.7436386e+000  8.1248505e+000
  7.4768567e+000  8.7039500e+000
  8.6693390e+000  5.2646893e+000
  5.5275842e+000  7.1525314e+000
  3.5640821e+000  5.2234115e+000
  2.7994939e+000  4.7676923e+000
  2.8948386e+000  2.5054744e+000
  7.2467523e+000  7.3441003e+000
  2.6850549e+000  7.2168814e+000
  6.2720332e+000  7.2399113e+000
  2.2665787e+000  7.5850473e+000
  4.9134038e+000  1.6283364e+000
  3.9553931e+000  5.2848463e+000
  4.8894323e+000  2.7058516e+000
  1.2198707e+000  2.1224039e+000
  2.7131422e+000  2.4958970e+000
  2.9747929e+000  3.0225515e+000
  7.0109820e+000  4.2147368e+000
  5.5905511e+000  3.5462385e+000
  2.2316671e+000  4.9089889e+000
  3.5680837e+000  3.8549463e+000
  5.0731218e+000  5.4766999e+000
  6.5206503e+000  6.2702674e+000
  7.1745376e+000  2.6547873e+000
  7.1071267e+000  6.1704216e+000
  1.8325093e+000  3.1789387e+000
  5.3691855e+000  3.9056149e+000
  5.9103956e+000  4.6952099e+000
  3.1254754e+000  5.0095927e+000
  3.4302185e+000  2.0483280e+000
  6.7399599e+000  7.8114925e+000
  4.6375746e+000  4.8643281e+000
  5.3078308e+000  3.7848317e+000
  3.1839143e+000  7.1476038e+000
  5.0787626e+000  2.4184172e+000
