  4.9825173e+000  4.7954159e+000
  5.9544982e+000  7.7502430e+000
  7.1529963e-001  6.9172593e+000
  8.2405470e+000  2.0527382e+000
  7.0232888e+000  6.1531762e+000
  5.9936525e+000  6.8784546e+000
  8.1919890e+000  1.8873958e+000
  1.8753174e+000  1.7531747e+000
  1.8477959e+000  4.3350035e+000
  1.1262534e+000  6.8896386e+000
  6.7109635e+000  8.4434278e+000
  3.2031377e+000  4.3830686e+000
  8.0238297e+000  5.7344239e+000
  2.5062163e+000  2.4552315e+000
  5.2685062e+000  1.8890204e+000
  8.8391156e+000  5.5444838e+000
  3.6417096e+000  8.8660661e+000
  8.0575622e+000  8.0170396e+000
  8.5809674e+000  2.3199951e+000
  5.2340861e+000  8.1143069e+000
  6.7743174e+000  8.4117088e+000
  3.1194249e+000  8.1434278e+000
  6.1639547e+000  1.6791186e+000
  5.0543175e+000  2.9846587e+000
  5.4296029e+000  5.4226339e+000
  6.9392532e+000  5.1710945e+000
  1.6521556e+000  6.9220225e+000
  8.3517786e+000  1.7354228e+000
  8.8607849e+000  5.3113913e+000
  5.0734789e+000  4.4415417e+000
  8.4979380e+000  5.4992980e+000
  7.7649537e+000  2.0782582e+000
  3.1896904e+000  2.0736014e+000
  2.5013556e+000  4.2294348e+000
  3.1624095e+000  1.3606272e+000
  8.3863840e+000  5.7739120e+000
  6.7595593e+000  8.4048798e+000
  1.5418639e+000  7.8816529e+000
  2.9943026e+000  9.1231772e+000
  8.0554646e+000  1.5956372e+000
  1.6507055e+000  1.9210208e+000
  6.4500959e+000  1.4238200e+000
  2.5076614e+000  1.4645824e+000
  7.8778424e+000  2.3587957e+000
  1.7718245e+000  3.9504170e+000
  2.3956662e+000  8.8573281e+000
  1.1266932e+000  3.2992942e+000
  5.4161081e+000  8.3924733e+000
  8.5831379e+000  1.8119753e+000
  1.3933218e+000  7.1456495e+000
  8.1709342e+000  1.7241580e+000
  3.0558069e+000  8.9775155e+000
  8.9516837e+000  5.4443596e+000
  6.0951203e+000  7.3350474e+000
  6.2510000e+000  6.6387259e+000
  6.9026318e+000  4.6222701e+000
  1.3678977e+000  4.2509854e+000
  6.9697296e+000  8.6698279e+000
  1.4974494e+000  4.2872407e+000
  8.7017044e+000  5.6935240e+000
  1.3514819e+000  4.2768032e+000
  2.1775499e+000  6.9626049e+000
  5.1775115e+000  2.9545850e+000
  8.6749586e+000  2.3301176e+000
  8.2420072e+000  6.6303261e+000
  1.3655582e+000  1.6661524e+000
  5.2346325e+000  6.6271812e+000
  5.3311487e+000  2.9778915e+000
  1.2388328e+000  7.1489714e+000
  6.6456033e+000  6.6294078e+000
  4.9145493e+000  3.1984338e+000
  1.5022579e+000  4.5953005e+000
  2.3508260e+000  6.8481303e+000
  1.8074624e+000  4.8826463e+000
  8.5186436e+000  5.4013951e+000
  4.7612157e+000  2.9613694e+000
  7.9105755e+000  2.1720649e+000
  3.4498114e+000  8.4717619e+000
  4.1794086e+000  2.5977182e+000
  3.5296337e+000  1.9597759e+000
  6.6439826e+000  7.2266586e+000
  7.3738367e+000  8.6435440e+000
  3.6731594e+000  8.2595752e+000
  8.4822564e+000  1.9574607e+000
  4.6028593e+000  1.5616724e+000
  5.7296293e+000  2.8873334e+000
  2.0965155e+000  1.8331824e+000
  3.3669395e+000  1.1342876e+000
  4.6042379e+000  2.0114847e+000
  8.7743107e+000  3.5697610e+000
  4.0856925e+000  7.0278925e+000
  2.6930886e+000  2.6601426e+000
  3.0745668e+000  1.8556172e+000
  8.3505657e+000  2.1593239e+000
  4.1568410e+000  1.9858177e+000
  6.8479834e+000  1.6894445e+000
  2.0450682e+000  4.3016067e+000
  1.5813787e+000  7.2913292e+000
  3.1861806e+000  1.3632130e+000
  3.4835632e+000  1.2818170e+000
  6.7214974e+000  6.0463681e+000
  1.4021160e+000  1.6725621e+000
  9.1059961e+000  3.0290233e+000
  6.1742881e+000  8.4489097e+000
  8.6601915e+000  1.9042376e+000
  1.4443986e+000  7.7894379e+000
  1.4621637e+000  1.6326267e+000
  1.2889722e+000  4.9426053e+000
  4.9645435e+000  3.1787631e+000
  1.9724890e+000  7.2380103e+000
  4.9883715e+000  3.0913311e+000
  8.4076069e+000  2.3548689e+000
  8.6832624e+000  2.1226880e+000
  2.1362184e+000  7.0776338e+000
  2.4865768e+000  4.8753907e+000
  8.6884112e+000  7.0999657e+000
  8.9533755e+000  6.5638014e+000
  5.2418018e+000  3.1010907e+000
  4.9275475e+000  2.3990489e+000
  8.5335971e-001  7.0684702e+000
  6.4326545e+000  7.3008732e+000
  3.4657479e+000  5.7052054e+000
  5.0497015e+000  3.3010816e+000
  9.1403367e+000  5.3176431e+000
  3.3193688e+000  1.2887104e+000
  2.2640701e+000  8.1525173e+000
  3.4594711e+000  6.4852072e+000
  1.9121433e+000  6.6397878e+000
  3.1115872e+000  1.8072861e+000
  6.9398943e+000  6.6553112e+000
  2.9567691e+000  1.6620306e+000
  5.7048115e+000  3.3421477e+000
  8.1513168e+000  6.6252631e+000
  3.4527908e+000  8.6131687e+000
  2.9999562e+000  1.3864526e+000
  1.9261703e+000  1.7091597e+000
  3.0078653e+000  1.7764507e+000
  1.3489104e+000  1.6578199e+000
  1.7270189e+000  5.1270897e+000
  5.0140145e+000  2.9151004e+000
  1.2688488e+000  7.5625998e+000
  2.7996143e+000  2.0478387e+000
  7.9888398e+000  5.3517216e+000
  8.3824631e+000  2.4191190e+000
  1.6909983e+000  8.2225943e+000
  4.9523257e+000  3.0051435e+000
  8.7634604e+000  5.6940415e+000
  1.6711936e+000  7.2816528e+000
  7.2820617e+000  6.9463102e+000
  8.7349944e+000  8.3247648e+000
  8.7900299e+000  8.2752399e+000
  9.1060092e+000  5.2593753e+000
  1.4772247e+000  5.4459252e+000
  5.3942138e+000  4.7233487e+000
  2.8495854e+000  1.3997161e+000
  4.4041870e+000  6.0402405e+000
  8.4446916e+000  8.0661849e+000
  1.1503395e+000  1.5170272e+000
  3.2288350e+000  1.3049576e+000
  7.1064976e+000  5.6589609e+000
  1.5201848e+000  7.2614446e+000
  3.2496925e+000  9.4088964e+000
  2.7416547e+000  1.6303287e+000
  8.1216305e+000  2.1112517e+000
  3.4877381e+000  1.2424049e+000
  1.0062607e+000  6.7833563e+000
  5.4385252e+000  3.6274651e+000
  7.9263568e+000  2.4260509e+000
  6.9148295e+000  3.5401188e+000
  4.0812588e+000  3.7565620e+000
  5.9092142e+000  7.2636115e+000
  2.4629385e+000  3.4279752e+000
  3.0752577e+000  1.4673662e+000
  1.1821722e+000  7.6737093e+000
  2.6368072e+000  8.1334298e+000
  1.7355894e+000  6.9807289e+000
  5.7315577e+000  5.9847175e+000
  1.2180557e+000  6.9327726e+000
  8.8585574e+000  1.9582387e+000
  3.4766690e+000  7.0010579e+000
  3.3780591e+000  2.1764232e+000
  1.3500553e+000  1.6175879e+000
  5.1014466e+000  3.0559444e+000
  7.9053480e+000  2.0584333e+000
  8.8329274e+000  8.5738529e+000
  3.0807834e+000  1.6087842e+000
  5.5819766e+000  3.1784794e+000
  5.8116355e+000  7.5798311e+000
  8.5551817e+000  5.3351633e+000
  7.1276178e+000  8.3216960e+000
  8.9023071e+000  5.4088145e+000
  3.4055911e+000  9.9506960e-001
  6.9197844e+000  8.2640214e+000
  8.3759689e+000  8.6976568e+000
  1.1554207e+000  7.1008800e+000
  5.2666634e+000  3.0101951e+000
  8.3369847e+000  2.1075551e+000
  8.6929899e+000  5.8035066e+000
  8.6992242e+000  5.9124120e+000
  7.8357203e+000  1.5461379e+000
  4.0622247e+000  8.4357552e+000
  9.0700575e+000  8.7880775e+000
  6.4556789e+000  7.8529150e+000
  3.4657692e+000  1.3122196e+000
  5.1904220e+000  4.9293919e+000
  8.0340078e+000  2.0446002e+000
  8.0328872e+000  2.3979086e+000
  6.3194699e+000  6.4564034e+000
  8.4863178e+000  5.1274290e+000
  6.2916401e+000  7.2611808e+000
  8.5308352e+000  2.0821049e+000
  1.3107807e+000  8.3823797e+000
  5.2423974e+000  3.0719732e+000
  5.4448702e+000  1.6029133e+000
  8.7574684e-001  7.0036712e+000
  8.8939247e+000  1.8787381e+000
  6.8358923e+000  8.2626393e+000
  5.5726413e+000  1.6905985e+000
  5.0754392e+000  3.4953050e+000
  8.3466861e+000  2.1363834e+000
  7.8250041e+000  2.2086171e+000
  1.3935771e+000  6.9209139e+000
  1.8659180e+000  5.4421578e+000
  6.5108387e+000  7.1101368e+000
  4.2092965e+000  6.1420232e+000
  3.2079960e+000  1.4164148e+000
  3.5695843e+000  1.6118940e+000
  8.3058323e+000  2.2194188e+000
  1.9125162e+000  7.8227679e+000
  3.1627620e+000  1.3334602e+000
  4.4391039e+000  4.5269407e+000
  6.3901516e+000  6.1949942e+000
  4.2125416e+000  8.2002070e+000
  8.9821455e+000  3.4261248e+000
  6.0836992e+000  8.0219331e+000
  5.5051451e+000  3.1656480e+000
  1.6372767e+000  1.7286512e+000
  3.4889851e+000  4.8185093e+000
  2.1511230e+000  1.7552932e+000
  8.9319878e+000  8.4530044e+000
  5.0253964e+000  2.9419061e+000
  2.2990161e+000  4.8608262e+000
  8.3244735e+000  6.0485541e+000
  1.1533163e+000  3.6044705e+000
  5.4232986e+000  3.3127240e+000
  5.9337092e+000  8.5236903e+000
  8.1818967e+000  2.1672030e+000
  8.2192856e+000  5.3451363e+000
  3.8249658e+000  8.6399317e+000
  1.3853853e+000  6.5013707e+000
  5.2837938e+000  2.8685085e+000
  8.4661471e+000  4.7701149e+000
  5.5898025e+000  3.2091274e+000
  7.0036402e+000  6.2404854e+000
  3.3213817e+000  3.4483551e+000
  7.1622235e+000  6.8103806e+000
  1.8244189e+000  1.6057705e+000
  8.9192024e+000  4.4003865e+000
  7.4392397e+000  5.6187070e+000
  1.1817750e+000  7.1804901e+000
  1.1821491e+000  7.1175942e+000
  2.9781319e+000  8.4963925e+000
  2.0433781e+000  7.1875731e+000
  4.0830001e+000  8.9220205e+000
  7.8170637e+000  1.4895783e+000
  6.2020503e+000  6.6348645e+000
  5.4988079e+000  6.9144972e+000
  6.2287494e+000  7.6984094e+000
  8.3076195e+000  1.6588008e+000
  8.3476290e+000  1.8429004e+000
  6.8570132e+000  6.0113603e+000
  1.4293593e+000  4.6254921e+000
  5.0714326e+000  4.2401203e+000
  8.0981767e+000  5.4833479e+000
  3.2166351e+000  2.2292668e+000
  5.4316690e+000  2.9263917e+000
  3.2273131e+000  8.8508662e+000
  1.7343515e+000  4.3301256e+000
  4.6804854e+000  8.5725719e+000
  2.3396867e+000  7.2321964e+000
  2.3786012e+000  4.8345267e+000
  9.0083474e+000  5.1537412e+000
  5.6152915e+000  2.5911290e+000
  8.5220869e+000  6.7777568e+000
  1.5825228e+000  4.4694664e+000
  8.3269729e+000  7.4258342e+000
  6.7694193e+000  1.5220352e+000
  9.2010343e+000  3.4374008e+000
  7.9559370e+000  1.9302437e+000
  5.7304388e+000  3.1588203e+000
  4.2747710e+000  8.4980112e+000
  2.5009859e+000  4.2986777e+000
  8.1862376e+000  5.3815979e+000
  8.8106761e+000  5.0308427e+000
  6.8227661e+000  8.6831776e+000
  5.9154011e+000  7.0107040e+000
  3.2469474e+000  4.1053970e+000
  8.3259070e+000  2.1665014e+000
  5.2387338e+000  2.8699311e+000
  1.3089703e+000  1.7087116e+000
  5.1953387e+000  8.2984300e+000
  5.2668516e+000  3.0979594e+000
  4.6347830e+000  5.7740129e+000
  5.2986492e+000  6.4995247e+000
  8.2576648e+000  7.4710137e+000
  8.9877047e+000  2.0339385e+000
  8.2213964e+000  2.3384857e+000
  1.8155074e+000  1.9378833e+000
  8.6760420e+000  7.9877792e+000
  1.4210376e+000  1.7637168e+000
  4.1648756e+000  1.7512641e+000
  1.6242115e+000  1.8291759e+000
  2.0541015e+000  7.0056805e+000
  7.8852505e+000  2.0882806e+000
  1.3977347e+000  4.0722116e+000
  6.6111132e+000  4.7455688e+000
  8.3465878e+000  2.1333204e+000
  4.7926579e+000  3.0833091e+000
  5.7017915e+000  4.8598222e+000
  1.5983802e+000  2.2035098e+000
  2.6152295e+000  2.0106662e+000
  7.1680755e+000  1.7333744e+000
  5.5441915e+000  3.2291673e+000
  1.6900446e+000  1.6697363e+000
  8.9102399e+000  7.9923176e+000
  3.5427799e+000  8.1990925e+000
  6.5211557e+000  7.2616151e+000
  8.8312994e+000  8.5925168e+000
  8.7039218e+000  1.8249670e+000
  8.1630473e+000  2.5603386e+000
  8.3948059e+000  2.0550010e+000
  8.7773586e+000  7.6991257e+000
  5.4598632e+000  3.1139412e+000
  8.1913983e+000  2.1345417e+000
  8.8195696e+000  5.3958941e+000
  8.7447787e+000  6.2456726e+000
  1.5576061e+000  7.0222307e+000
  8.4653620e+000  1.9713433e+000
  3.5479486e+000  8.4420008e+000
  1.9145250e+000  6.4759221e+000
  6.7941752e+000  5.9813073e+000
  2.2492372e+000  7.2501039e+000
  5.3364409e+000  2.8603942e+000
  3.2586401e+000  2.1023885e+000
  8.3992404e+000  6.4053947e+000
  3.2439462e+000  8.7054753e+000
  7.0738912e+000  6.0180522e+000
  5.7037384e+000  1.9635990e+000
  6.5913665e+000  4.3098751e+000
  3.9764499e+000  6.7683675e+000
  1.9164579e+000  4.1840460e+000
  1.3854304e+000  1.7857621e+000
  2.3259193e+000  8.5745893e+000
  7.8538516e+000  2.1887495e+000
  2.4171182e+000  4.3418837e+000
  8.1753065e+000  1.8028121e+000
  8.4923373e+000  5.4880347e+000
  2.1841648e+000  7.4008517e+000
  6.0668722e+000  7.7970454e+000
  1.9246931e+000  7.1361570e+000
  1.8307382e+000  4.1160268e+000
  8.5506448e+000  6.3479172e+000
  8.1489599e+000  2.2052448e+000
  1.2673001e+000  2.3342742e+000
  1.4975227e+000  8.3202463e+000
  7.0588087e+000  6.2078853e+000
  3.6027073e+000  1.5743442e+000
  5.4150787e+000  1.4438613e+000
  6.9732585e+000  4.7233210e+000
  1.1565248e+000  7.0151770e+000
  8.6018239e+000  5.7452618e+000
  8.8248682e+000  1.7328225e+000
  3.3282283e+000  9.1865953e+000
  8.1422760e+000  3.0901274e+000
  5.9753607e+000  8.0886658e+000
  3.1756914e+000  1.2917331e+000
  8.1886684e+000  5.4305428e+000
  4.3329857e+000  9.0640291e+000
  8.0816084e+000  2.2586212e+000
  8.3203459e+000  2.4006720e+000
  8.6007118e+000  8.0856253e+000
  3.6389806e+000  1.4696218e+000
  5.3866469e+000  3.8680250e+000
  9.6581468e-001  9.1209507e+000
  4.7966843e+000  2.7506950e+000
  8.7414506e+000  2.8547133e+000
  3.6126827e+000  1.5687864e+000
  1.6682038e+000  1.5883473e+000
  8.7359064e+000  8.3569642e+000
  1.4050632e+000  4.1384598e+000
  1.6596245e+000  4.4978647e+000
  7.9614294e+000  5.8369373e+000
  7.9836697e+000  6.1365971e+000
  8.5661038e+000  5.3847999e+000
  5.6296572e+000  2.6973126e+000
  1.1619504e+000  8.0098835e+000
  1.4914263e+000  4.4118105e+000
  1.2185033e+000  1.6441589e+000
  2.1202629e+000  6.7384720e+000
  7.0515280e+000  6.1954761e+000
  1.7885537e+000  4.4311117e+000
  4.2186991e+000  8.7204582e+000
  4.9452931e+000  3.2508326e+000
  1.8358427e+000  1.4434658e+000
  1.7789700e+000  1.9036497e+000
  4.7957443e+000  3.9222622e+000
  5.4180996e+000  5.3704173e+000
  8.3214511e+000  8.3637006e+000
  4.3657150e+000  9.0362275e+000
  6.0759091e+000  5.4824264e+000
  4.7660076e+000  8.2987045e+000
  1.1326153e+000  7.0928412e+000
  3.4867559e+000  1.6660179e+000
  1.5159464e+000  8.4013528e+000
  3.4888503e+000  8.6618852e+000
  3.1053657e+000  1.5034699e+000
  8.4723618e+000  1.5712278e+000
  2.6791426e+000  8.1237006e+000
  5.2751669e+000  3.0188470e+000
  8.8153492e+000  2.1162941e+000
  1.6964076e+000  4.4251352e+000
  1.4879019e+000  4.7342530e+000
  4.0225536e+000  5.0294642e+000
  6.8092766e+000  8.7547802e+000
  3.2198408e+000  1.4811655e+000
  4.0812898e+000  5.6214693e+000
  4.8942800e+000  3.2671095e+000
  7.1406443e+000  4.3625724e+000
  7.9971437e+000  2.5297874e+000
  1.3629736e+000  1.7553007e+000
  8.8025889e+000  4.0552468e+000
  2.0679453e+000  6.8300788e+000
  8.0317946e+000  1.9221093e+000
  3.7408742e+000  8.0791882e+000
  8.5057159e+000  8.7028943e+000
  8.4085694e+000  7.7127686e+000
  8.7957979e+000  6.5194660e+000
  7.0535085e+000  5.3659060e+000
  5.8131984e+000  5.5894322e+000
  8.8229467e+000  5.2891371e+000
  3.3431356e+000  1.3831527e+000
  6.9771659e+000  8.7109287e+000
  5.9000108e+000  7.0497428e+000
  3.3295696e+000  1.0277267e+000
  5.4157001e+000  3.8949462e+000
  7.8773037e-001  8.2173262e+000
  4.2163396e+000  1.5814442e+000
  3.1974671e+000  9.4377273e+000
  1.2922581e+000  6.9409540e+000
  3.9072048e+000  1.7298064e+000
  2.3417873e+000  7.3140786e+000
  6.3309525e+000  6.6513439e+000
  8.1467927e+000  6.1603556e+000
  3.5978095e+000  1.2789386e+000
  8.5524587e+000  7.5730617e+000
  3.6700837e+000  8.5177260e+000
  8.8463790e+000  5.1639550e+000
  7.7591663e+000  2.2586193e+000
  1.6328083e+000  1.7570820e+000
  9.1546159e+000  3.5743837e+000
  3.6155291e+000  1.7895070e+000
  8.9476360e+000  8.6409449e+000
  1.4711551e+000  1.9081977e+000
  3.1357261e+000  2.1340661e+000
  8.6889405e+000  1.7768983e+000
  8.4424886e+000  6.2329522e+000
  1.2751155e+000  2.1742010e+000
  1.6683416e+000  6.7945624e+000
  1.3429331e+000  8.4884993e+000
  2.0562401e+000  8.2823999e+000
  4.9239064e+000  3.0405006e+000
  8.4215034e+000  5.4110268e+000
  1.8216313e+000  4.8117443e+000
  8.3645393e+000  8.5766517e+000
  1.5385434e+000  7.1869332e+000
  1.6572667e+000  1.7428437e+000
  8.1782396e+000  2.2502797e+000
  5.8045975e+000  7.4023321e+000
  4.3902491e+000  5.9844447e+000
  8.0161376e+000  6.2523416e+000
  6.7863948e+000  8.5502386e+000
  5.0947187e+000  2.6500466e+000
  8.4077302e+000  2.0708302e+000
  2.0786753e+000  5.4854836e+000
  8.0029190e+000  6.1083704e+000
  8.0795922e+000  6.1565517e+000
  5.0498854e+000  3.0014838e+000
  8.4694354e+000  1.6659884e+000
  4.9603177e+000  3.3158858e+000
  5.0953443e+000  8.2255875e+000
  3.6536867e+000  9.0497011e+000
  8.7216924e+000  6.0655365e+000
  6.1738581e+000  8.3403802e+000
  3.5873187e+000  8.3993131e+000
  5.1427437e+000  8.7629386e+000
  5.7930183e+000  8.3640745e+000
  6.3853669e+000  6.8944842e+000
  8.1913096e+000  1.7158278e+000
  8.2522415e+000  5.8974746e+000
  3.0552756e+000  2.1232275e+000
  8.7196075e+000  5.3577023e+000
  8.5552398e+000  6.8920088e+000
  8.6622971e+000  8.2451246e+000
  5.0288809e+000  3.9972172e+000
  1.3625948e+000  4.4626642e+000
  2.0495737e+000  4.7412466e+000
  1.7307343e+000  2.7681748e+000
  3.1560395e+000  1.2287051e+000
  1.7373468e+000  6.7940606e+000
  1.4705141e+000  8.1424030e+000
  8.3458770e+000  6.1322905e+000
  1.7092583e+000  6.7107365e+000
  1.0292900e+000  6.9502704e+000
  5.7500293e+000  1.7653524e+000
  3.1468979e+000  8.6375087e+000
  5.8264847e+000  7.3188212e+000
  8.3241316e+000  1.8713546e+000
  8.5890259e+000  1.9748018e+000
  8.6749060e+000  2.3024008e+000
  1.2765428e+000  9.0246276e+000
  7.2094198e+000  1.6221736e+000
  4.5847020e+000  1.9087771e+000
  1.0307047e+000  7.1481189e+000
  8.8964992e+000  8.7356302e+000
  1.4424558e+000  6.8616504e+000
  4.6918254e+000  3.9340962e+000
  3.4869052e+000  1.6131642e+000
  5.0286484e+000  3.1686572e+000
  7.0911386e+000  8.2351795e+000
  1.0613486e+000  7.1693350e+000
  8.5517702e+000  2.1737682e+000
  7.0010092e+000  5.9575244e+000
  6.6903712e+000  6.7881165e+000
  1.3396563e+000  1.6310501e+000
  3.6091763e+000  8.0988366e+000
  3.4630614e+000  1.7182304e+000
  2.0506833e+000  6.7095631e+000
  7.5024028e+000  1.6385116e+000
  8.5581269e+000  5.5465219e+000
  8.6419116e+000  8.3167089e+000
  1.5528601e+000  1.6024304e+000
  5.4352328e+000  5.7841051e+000
  1.5443984e+000  5.7557257e+000
  8.1383258e+000  5.5489992e+000
  5.3648552e+000  2.8770943e+000
  1.8876469e+000  4.8117953e+000
  6.6214706e+000  4.4535333e+000
  1.8758776e+000  6.4459120e+000
  3.2998600e+000  8.8946107e+000
  8.3561823e+000  5.5812380e+000
  1.3717905e+000  4.1153231e+000
  8.8008174e+000  8.3252045e+000
  6.0641020e+000  6.8694455e+000
  5.1811377e+000  4.3381772e+000
  7.9986392e+000  5.5706221e+000
  3.7225072e+000  8.3204141e+000
  1.9825617e+000  3.8362336e+000
  3.2666992e+000  1.5460480e+000
  1.4631337e+000  2.2420053e+000
  1.9467828e+000  4.3552796e+000
  6.3307125e+000  3.4617928e+000
  1.8753124e+000  4.1195812e+000
  6.2804160e+000  7.8427381e+000
  6.4179287e+000  7.9046626e+000
  1.6371361e+000  4.3254153e+000
  5.0028631e+000  8.3485472e+000
  8.7961436e+000  2.7446291e+000
  3.1681471e+000  1.6289783e+000
  1.6461963e+000  7.7056064e+000
  1.5195319e+000  4.1100142e+000
  8.8965643e+000  8.2467050e+000
  2.8783166e+000  1.7889997e+000
  5.5025088e+000  7.9731931e+000
  1.6099104e+000  3.5333258e+000
  4.8785774e+000  2.5328127e+000
  8.7330236e+000  2.4848229e+000
  8.6391012e+000  6.0686787e+000
  8.3529130e-001  6.9353989e+000
  7.3876587e+000  1.6381732e+000
  8.9651367e+000  6.3616081e+000
  1.5865335e+000  8.0346696e+000
  5.0913074e+000  2.8945336e+000
  6.8453751e+000  3.9065341e+000
  6.3395105e+000  7.0295461e+000
  9.7088556e-001  7.2372104e+000
  3.2359930e+000  1.2154680e+000
  1.7005849e+000  4.4880637e+000
  8.6824435e+000  4.8186869e+000
  8.0428888e+000  1.9761359e+000
  1.7268183e+000  4.0317112e+000
  1.9321365e+000  6.9745057e+000
  8.5237184e+000  5.1317673e+000
  2.0949716e+000  7.0052760e+000
  1.4959696e+000  7.4653276e+000
  8.0130386e+000  4.8038179e+000
  3.3972171e+000  1.6183790e+000
  9.1461626e+000  5.2067338e+000
  5.3769284e+000  6.7957567e+000
  8.5378364e+000  7.7207040e+000
  6.9450743e+000  6.7432763e+000
  1.8366477e+000  1.7328929e+000
  1.6363592e+000  7.3923858e+000
  8.4936870e+000  8.7943912e+000
  1.7754342e+000  4.1046212e+000
  4.9353306e+000  3.4252444e+000
  1.4779520e+000  1.7341041e+000
  5.0229377e+000  1.1885797e+000
  1.4251559e+000  1.5139334e+000
  1.8520083e+000  6.3009083e+000
  1.7037141e+000  1.8391063e+000
  8.3419124e+000  2.1270722e+000
  1.9008299e+000  7.5802672e+000
  8.4825250e+000  1.9802453e+000
  8.1259607e+000  1.4825583e+000
  5.8620121e+000  7.7852889e+000
  2.0813536e+000  6.7958824e+000
  3.0015497e+000  9.1466737e+000
  6.6281737e+000  6.2454645e+000
  4.4737526e+000  9.0382802e+000
  8.2222687e+000  2.2929004e+000
  1.2137023e+000  8.4503724e+000
  8.0025151e+000  1.7170707e+000
  6.2822082e+000  6.8047563e+000
  1.5447089e+000  2.0611779e+000
  8.1099579e+000  8.2982239e+000
  5.3722017e+000  2.9470250e+000
  1.3700053e+000  7.1434085e+000
  3.8003236e+000  8.5498716e+000
  4.9123343e+000  4.5457511e+000
  6.6438407e+000  8.1679214e+000
  7.0296870e+000  1.7174840e+000
  6.6652963e+000  1.4781608e+000
  1.0628011e+000  8.6357416e+000
  1.8353607e+000  2.1928357e+000
  8.6356329e+000  4.5664851e+000
  6.4749538e+000  6.6500112e+000
  1.8132984e+000  6.3453579e+000
  5.2763988e+000  4.5527996e+000
  8.4557338e+000  5.4785036e+000
  3.3150865e+000  8.7604902e+000
  1.9155811e+000  4.2164490e+000
  8.0755480e+000  2.2977593e+000
  6.1408415e+000  8.4276815e+000
  6.5280596e+000  6.5500058e+000
  5.8926125e+000  8.6168160e+000
  4.2801746e+000  7.8663633e+000
  6.7125397e+000  5.7381513e+000
  5.7587866e+000  2.9720373e+000
  8.5885299e+000  3.2582864e+000
  6.5713249e+000  4.0823589e+000
  7.1663147e+000  5.2663606e+000
  1.3589448e+000  7.2768393e+000
  6.8266770e+000  8.1609958e+000
  3.2381342e+000  9.1596455e+000
  1.7448327e+000  1.7748123e+000
  5.4307471e+000  2.6782696e+000
  9.0213257e+000  8.5357188e+000
  9.0142464e+000  5.6176376e+000
  3.3973295e+000  1.3767353e+000
  8.7902377e+000  5.5563415e+000
  7.8319962e+000  1.9025625e+000
  4.1082131e+000  7.7278341e+000
  2.9048065e+000  5.0932604e+000
  2.1486635e+000  7.5207578e+000
  1.5275896e+000  1.6615786e+000
  8.8511460e+000  6.2962810e+000
  3.3523609e+000  1.4417075e+000
  6.4472692e+000  3.1599763e+000
  8.5815567e+000  8.4886214e+000
  2.9422799e+000  4.5940025e+000
  8.2638998e+000  5.7498324e+000
  1.1890805e+000  2.0113317e+000
  8.3179389e+000  8.6314898e+000
  2.0114933e+000  6.5791148e+000
  1.9446320e+000  7.5425729e+000
  5.6959656e+000  2.9923351e+000
  1.7921641e+000  1.7122126e+000
  7.0822010e+000  8.4091106e+000
  4.4858278e+000  8.6326355e+000
  5.2747902e+000  4.1726000e+000
  1.7573848e+000  7.1383244e+000
  8.7709600e+000  8.6934905e+000
  1.7545125e+000  4.2813546e+000
  5.0459130e+000  3.2168502e+000
  3.7354888e+000  9.2380901e+000
  8.6509597e+000  1.9831549e+000
  8.0244261e+000  1.9671755e+000
  1.8645870e+000  6.9352779e+000
  5.0209646e+000  3.9615469e+000
  7.9917558e+000  5.4187656e+000
  1.4208099e+000  8.1321071e+000
  8.1229382e+000  2.0029902e+000
  7.1998039e+000  1.6657787e+000
  3.3669110e+000  1.4496685e+000
  7.0133883e+000  6.1796574e+000
  7.7070870e+000  6.9256070e+000
  8.2835143e+000  2.2585218e+000
  1.8370237e+000  8.0598704e+000
  8.5894832e+000  6.4431411e+000
  6.2830358e+000  3.8072153e+000
  1.4119462e+000  1.4221122e+000
  1.5905385e+000  3.2750043e+000
  5.3640205e+000  3.1403100e+000
  5.0179430e+000  3.9309117e+000
  5.2906784e+000  1.9801096e+000
  8.4099698e+000  7.8484256e+000
  8.5058987e+000  6.8286645e+000
  8.6111074e+000  8.1258631e+000
  6.6205055e+000  8.0175470e+000
  5.7732550e+000  5.9995607e+000
  8.7909175e+000  5.7779959e+000
  8.0274093e+000  5.3657423e+000
  8.7388946e+000  8.5051275e+000
  6.6843769e+000  8.0906018e+000
  5.3637498e+000  3.0692049e+000
  8.8296960e+000  5.8420807e+000
  1.1007787e+000  7.8454517e+000
  3.4872469e+000  8.2695229e+000
  3.3524976e+000  8.8654224e+000
  3.0500535e+000  1.4727293e+000
  8.9056224e+000  4.9381753e+000
  6.9134146e+000  4.4294353e+000
  1.4356233e+000  1.4221501e+000
  8.4940404e+000  7.7576419e+000
  1.6886177e+000  4.3688839e+000
  5.3288336e+000  8.5207932e+000
  4.7905977e+000  2.1844739e+000
  1.2392234e+000  8.8820165e+000
  7.5987055e+000  1.9058548e+000
  1.4451165e+000  4.2427166e+000
  3.2767479e+000  1.3289016e+000
  8.3577457e+000  5.8353793e+000
  8.5907046e-001  6.9046930e+000
  6.9608393e+000  8.2744531e+000
  7.0024325e+000  1.9238326e+000
  8.4221643e+000  5.1875673e+000
  8.7689432e+000  2.1912784e+000
  3.4796183e+000  1.4939539e+000
  7.4932848e+000  8.3328469e+000
  1.6341159e+000  6.6644305e+000
  7.1033422e+000  1.6151115e+000
  4.8784580e+000  3.9804072e+000
  8.2255214e+000  5.5722628e+000
  1.9393939e+000  8.0688731e+000
  6.8206169e+000  4.3354325e+000
  3.3601020e+000  8.9542259e+000
  1.5163931e+000  1.7997236e+000
  3.2924494e+000  1.8279014e+000
  1.6112868e+000  5.0316068e+000
  7.1481015e+000  5.4895017e+000
  1.8747186e+000  1.6924309e+000
  8.2117840e+000  7.9165595e+000
  1.5516599e+000  7.6151061e+000
  8.2375875e+000  6.5216989e+000
  7.0951334e+000  7.9245066e+000
  3.5317699e+000  8.3300943e+000
  8.4520958e+000  8.7067971e+000
  7.9286680e+000  1.5886797e+000
  6.9133742e+000  8.6424725e+000
  8.5226940e+000  1.8827756e+000
  1.3439649e+000  4.1584388e+000
  2.9213847e+000  8.3005102e+000
  7.9412177e+000  2.3099611e+000
  8.7275607e+000  4.0947052e+000
  3.3250605e+000  1.1094281e+000
  5.1148827e+000  3.6233042e+000
  8.0270509e+000  4.8931203e+000
  3.4592152e+000  8.4849902e+000
  8.3235148e+000  6.7883582e+000
  3.0308312e+000  1.7814754e+000
  4.9569227e+000  2.6775133e+000
  6.3340929e+000  6.5292257e+000
  3.4032834e+000  9.2075374e+000
  8.7667349e+000  3.7951291e+000
  3.5161527e+000  8.5651577e+000
  5.3724762e+000  2.5360910e+000
  3.5724284e+000  8.2849933e+000
  1.8067468e+000  1.5671562e+000
  1.7279591e+000  4.4815009e+000
  5.5109204e+000  8.2487619e+000
  6.4367400e+000  5.7977655e+000
  5.2924671e+000  3.7413958e+000
  1.1512034e+000  3.0091522e+000
  6.8107538e+000  8.2996887e+000
  3.3073559e+000  9.2922549e+000
  8.4601317e+000  2.3083041e+000
  5.7396980e+000  3.2163778e+000
  8.6943381e+000  5.6398634e+000
  2.1829284e+000  7.3565928e+000
  2.0534621e+000  1.8641816e+000
  5.0330180e+000  3.1544089e+000
  8.6983755e+000  1.6017168e+000
  5.5024930e+000  2.8563182e+000
  2.0060308e+000  1.8678886e+000
  1.7872504e+000  7.7954644e+000
  1.3976023e+000  4.2274733e+000
  8.0607317e+000  1.6977844e+000
  4.0267094e+000  8.5206571e+000
  8.2480344e+000  1.9633299e+000
  6.4775489e+000  2.0158468e+000
  1.6223908e+000  4.3540899e+000
  1.4505187e+000  4.3160167e+000
  4.8684583e+000  1.8115787e+000
  3.1370475e+000  1.7471907e+000
  8.7157596e+000  5.5595259e+000
  3.0914713e+000  2.0143627e+000
  5.2762830e+000  3.5866098e+000
  8.3625599e+000  5.3620548e+000
  3.6488518e+000  8.4647996e+000
  6.7100696e+000  8.0140577e+000
  5.6789136e+000  1.2066810e+000
  5.7658542e+000  5.6790792e+000
  3.3291564e+000  1.5970539e+000
  7.6663504e+000  8.4709010e+000
  8.0739268e+000  6.5561587e+000
  8.0235087e+000  5.3292744e+000
  1.0331101e+000  6.9217737e+000
  6.0251596e+000  1.5326974e+000
  1.4292394e+000  8.0966597e+000
  9.4517631e-001  7.0541764e+000
  6.8704940e+000  6.7794372e+000
  1.5274871e+000  6.7022471e+000
  2.9313519e+000  2.0088756e+000
  6.4909501e+000  8.3090317e+000
  5.5229857e+000  2.9834730e+000
  1.7916670e+000  4.1073531e+000
  2.6554539e+000  4.1439072e+000
  5.3437905e+000  3.0878496e+000
  7.9680648e+000  2.0043765e+000
  7.8941122e+000  1.7540622e+000
  8.4700244e+000  5.3253843e+000
  6.0127552e+000  7.2263133e+000
  7.4356240e+000  1.8431318e+000
  6.7062414e+000  6.6610174e+000
  4.8824923e+000  3.1033477e+000
  8.9589807e+000  6.3670852e+000
  3.4685897e+000  1.8326041e+000
  4.1110519e+000  6.0675267e+000
  1.3801256e+000  3.4461696e+000
  1.6093280e+000  4.4023295e+000
  5.3071716e+000  3.2002209e+000
  6.7496848e+000  1.4519404e+000
  1.7978780e+000  1.6888871e+000
  7.3411235e+000  7.9346122e+000
  8.0367498e+000  1.7593582e+000
  5.2732344e+000  3.7473516e+000
  7.9805313e+000  2.1716207e+000
  1.4904536e+000  1.7564411e+000
  5.3663999e+000  8.1212323e+000
  5.2656171e+000  5.2400829e+000
  8.6411842e+000  8.3124424e+000
  6.9348782e+000  6.8728779e+000
  1.4453114e+000  4.3103131e+000
  5.1905688e+000  2.9515963e+000
  5.1539517e+000  3.1269799e+000
  6.7852585e+000  7.9925625e+000
  7.9871183e+000  2.1248201e+000
  3.5224801e+000  4.6444690e+000
  5.5860902e+000  3.4339958e+000
  8.9893074e+000  5.1762418e+000
  6.3616319e+000  4.0279240e+000
  8.6960647e+000  4.0525455e+000
  4.4307705e+000  4.2047573e+000
  3.4925909e+000  3.1543653e+000
  2.5915573e+000  3.5017993e+000
  8.4587616e+000  6.0516866e+000
  9.7418238e-001  6.7862531e+000
  8.1947823e+000  1.9708841e+000
  7.0576359e+000  8.5305542e+000
  8.4606002e+000  5.3283729e+000
  5.1805079e+000  3.5477207e+000
  6.8936517e+000  6.0285352e+000
  1.3497673e+000  4.2580038e+000
  3.0024366e+000  9.2267944e+000
  8.2638815e+000  1.8815302e+000
  8.3191868e+000  7.5409609e+000
  9.0386523e+000  5.1467244e+000
  2.1214049e+000  1.5343684e+000
  1.8616749e+000  4.2200228e+000
  5.3132029e+000  3.8096828e+000
  6.0550690e+000  7.1987829e+000
  8.0008971e+000  6.8254187e+000
  5.4261415e+000  6.7241760e+000
  1.6365627e+000  1.8681098e+000
  1.8870243e+000  7.1184966e+000
  3.6048515e+000  8.3548149e+000
  1.4439716e+000  4.3535483e+000
  5.0726905e+000  2.6860625e+000
  8.9304758e-001  8.0996823e+000
  2.4960496e+000  8.3914765e+000
  8.1898410e-001  8.8895198e+000
  6.5451863e+000  1.3211750e+000
  8.7174824e+000  6.2280131e+000
  1.5104212e+000  6.9845201e+000
  8.9917169e+000  8.3535349e+000
  6.4789125e+000  2.2071233e+000
  8.5742519e-001  6.8938098e+000
  1.3687640e+000  8.7266662e+000
  5.9851151e+000  5.6562468e+000
  3.1034434e+000  8.8876052e+000
  1.4955280e+000  1.3568180e+000
  6.7044564e+000  4.1553859e+000
  7.3837291e+000  5.4210469e+000
  8.6175945e+000  8.5363977e+000
  2.8610841e+000  9.0527844e+000
  2.3040495e+000  1.9020650e+000
  1.7966850e+000  7.1729913e+000
  9.0078952e-001  7.2181483e+000
  3.5594318e+000  2.0933655e+000
  6.5251716e+000  4.1488817e+000
  1.9425957e+000  4.2028850e+000
  5.3418882e+000  3.0026735e+000
  7.1730795e+000  4.6034943e+000
  6.2138910e+000  6.7241600e+000
  5.1416525e+000  4.2518135e+000
  1.5380024e+000  1.6102398e+000
  5.4016017e+000  3.2328763e+000
  1.5001778e+000  7.1552824e+000
  7.4262935e+000  1.8399347e+000
  1.1841001e+000  7.0141598e+000
  1.9698676e+000  7.3363823e+000
  9.0779868e+000  8.9686548e+000
  2.1273331e+000  4.1452287e+000
  3.4974120e+000  8.3573270e+000
  4.9123199e+000  4.5295909e+000
  1.5560516e+000  6.9568041e+000
  1.0083794e+000  7.0093540e+000
  1.5764179e+000  8.2847469e+000
  6.5116110e+000  1.8916732e+000
  3.1210982e+000  1.7657721e+000
  5.0476587e+000  3.7354983e+000
  5.4840576e+000  3.7619794e+000
  1.8366178e+000  1.8199047e+000
  1.3264404e+000  9.0431815e+000
  1.6218257e+000  4.5615602e+000
  1.7741668e+000  4.1677855e+000
  5.5585642e+000  3.0282813e+000
  1.5177080e+000  1.7813981e+000
  1.5691176e+000  7.9491672e+000
  4.1446941e+000  6.4803011e+000
  4.6442204e+000  6.3705487e+000
  7.1738569e+000  4.6432214e+000
  5.2065986e+000  4.3385604e+000
  8.2777250e+000  5.7270980e+000
  8.5149411e+000  1.8940730e+000
  1.9110439e+000  4.5358125e+000
  6.4947777e+000  8.4518804e+000
  6.4699527e+000  1.8087271e+000
  5.2009606e+000  4.0157080e+000
  1.5233122e+000  6.9987035e+000
  3.3608967e+000  8.7507001e+000
  4.7846384e+000  8.7984645e+000
  6.8451558e+000  5.9408472e+000
  8.3676606e+000  2.3189870e+000
  1.3559669e+000  1.7295035e+000
  5.2167908e+000  4.8042840e+000
  5.0398744e+000  3.1569017e+000
  5.1068566e+000  1.9425356e+000
  6.3890240e+000  6.2240600e+000
  6.9193099e+000  8.2894588e+000
  1.4850927e+000  1.5978547e+000
  5.9234804e+000  7.8790550e+000
  4.4164063e+000  8.5327794e+000
  1.5331890e+000  8.6366967e+000
  7.7107729e+000  6.7257025e+000
  6.4491627e+000  7.6344187e+000
  4.7574540e+000  5.4123318e+000
  1.3112459e+000  7.2218123e+000
  8.1426916e+000  2.7633662e+000
  8.1236599e+000  5.3958596e+000
  5.8877392e+000  8.0816245e+000
  1.3677465e+000  4.0581330e+000
  2.8909857e+000  2.2771338e+000
  3.2723125e+000  9.3851962e+000
  5.0307565e+000  2.9272264e+000
  1.0038259e+000  8.9325742e+000
  5.0781024e+000  3.0109261e+000
  3.3856686e+000  8.3248827e+000
  8.6564527e+000  8.3243513e+000
  8.3197359e+000  1.7963283e+000
  6.3886759e+000  2.3099073e+000
  8.0503863e+000  2.4395861e+000
  8.6459857e+000  7.9521993e+000
  2.4519558e+000  5.2751804e+000
  4.9833625e+000  3.3067225e+000
  6.3611235e+000  7.5195899e+000
  7.1176239e+000  7.7166340e+000
  5.3736138e+000  3.3784173e+000
  8.8110431e+000  8.4123140e+000
  6.9382657e+000  1.6072792e+000
  8.7004766e+000  6.6569760e+000
  6.9609869e+000  1.9561061e+000
  6.6947271e+000  4.7714808e+000
  6.9138760e+000  8.4367390e+000
  5.4769393e+000  5.3517749e+000
  1.8190870e+000  1.8455333e+000
  5.3795704e+000  2.9636699e+000
  8.1249576e+000  2.3544636e+000
  1.5039309e+000  7.9706940e+000
  5.7986058e+000  1.6273786e+000
  8.7618127e+000  5.9057460e+000
  3.3363039e+000  9.0369141e+000
  4.0429628e+000  6.6165248e+000
  1.5138574e+000  7.8043411e+000
  6.5146282e+000  4.5449876e+000
  2.0398039e+000  1.7959188e+000
  7.7840594e+000  2.0993715e+000
  1.2684106e+000  6.5712379e+000
  3.4563933e+000  8.8513586e+000
  5.6689023e+000  3.5089638e+000
  3.9613412e+000  8.7446951e+000
  6.6382971e+000  8.4357327e+000
  3.3424340e+000  4.0259749e+000
  2.6704096e+000  8.2318641e+000
  3.2358796e+000  6.5773920e+000
  3.7072781e+000  1.6780849e+000
  8.6862605e+000  5.7670152e+000
  4.7557483e+000  8.4145538e+000
  5.3309498e+000  3.1406557e+000
  1.8663089e+000  5.6616625e+000
  4.9445412e+000  8.9448123e+000
  5.0164774e+000  2.9814708e+000
  4.8799494e+000  5.4088295e+000
  1.7259132e+000  4.3053440e+000
  1.5340261e+000  4.2035100e+000
  3.8407852e+000  9.0568055e+000
  3.5272353e+000  9.0110823e+000
  8.5545858e+000  1.7376441e+000
  5.1076747e+000  3.0007848e+000
  4.6331480e+000  7.2828604e+000
  8.6714489e+000  7.6234759e+000
  7.2927429e+000  8.5091282e+000
  7.9895429e+000  1.8837782e+000
  8.2333566e+000  6.2775293e+000
  1.6417290e+000  4.0198230e+000
  8.2556885e+000  2.9077553e+000
  2.5600510e+000  8.3340545e+000
  5.1945575e+000  6.7892111e+000
  6.5953746e+000  7.8040541e+000
  5.5690891e+000  5.7801374e+000
  1.3443357e+000  8.6817410e+000
  1.4765861e+000  1.9011713e+000
  3.2066559e+000  2.1913212e+000
  6.5966363e+000  4.0109521e+000
  8.7255049e+000  2.3608373e+000
  1.6939657e+000  1.9574954e+000
  3.3156216e+000  1.3953902e+000
  6.8813426e+000  4.8308934e+000
  5.6594878e+000  2.9613543e+000
  6.9571793e+000  5.9243764e+000
  1.2423988e+000  7.0021628e+000
  6.2390625e+000  7.3457713e+000
  2.8884767e+000  2.2244764e+000
  3.4313323e+000  8.1484060e+000
  7.0500108e+000  6.1780697e+000
  3.5561185e+000  8.4057450e+000
  7.5050671e+000  8.3691891e+000
  1.9035280e+000  4.0747959e+000
  8.2762445e+000  8.5088297e+000
  5.2422450e+000  3.1957549e+000
  1.9402707e+000  6.5940695e+000
  1.3638008e+000  6.5522112e+000
  1.4050974e+000  1.6823172e+000
  5.2236599e+000  5.2099302e+000
  8.5046405e+000  2.1917134e+000
  2.0694646e+000  7.4803267e+000
  6.8107684e+000  1.7135747e+000
  1.8556815e+000  2.4775533e+000
  8.3988815e+000  2.1670319e+000
  8.3915180e+000  7.3649135e+000
  4.9032429e+000  2.8488656e+000
  5.5325577e+000  6.6736148e+000
  5.4219143e+000  2.1535783e+000
  8.1860319e+000  1.9151441e+000
  5.7464188e+000  7.5769397e+000
  1.0497146e+000  7.1308400e+000
  1.5554613e+000  3.9863679e+000
  3.2474127e+000  1.0932239e+000
  7.9382454e+000  2.0199163e+000
  3.3864374e+000  9.1223879e+000
  3.4774656e+000  1.9649623e+000
  6.8992137e+000  5.5346451e+000
  6.9282293e+000  6.3698683e+000
  5.1383377e+000  3.2806568e+000
  8.6378592e+000  5.1664974e+000
  5.0916102e+000  5.7289853e+000
  1.3753780e+000  4.2803613e+000
  1.5967682e+000  1.7140396e+000
  8.5994298e+000  8.3149573e+000
  7.7446893e+000  2.0944495e+000
  7.8152906e+000  1.9147215e+000
  8.0018448e+000  5.6075655e+000
  8.6618243e+000  6.5234283e+000
  5.1832353e+000  2.8770316e+000
  3.1660232e+000  1.5157159e+000
  8.4504130e+000  8.8972323e+000
  3.4272852e+000  1.7143830e+000
  5.5886032e+000  8.2509832e+000
  2.0968647e+000  4.4957092e+000
  5.8856717e+000  3.4356860e+000
  6.8676206e+000  8.1710084e+000
  8.9125028e+000  5.5653924e+000
  5.2402667e+000  3.5202835e+000
  5.5818522e+000  3.5765955e+000
  1.9981379e+000  2.1182856e+000
  1.3960027e+000  4.3610129e+000
  6.4573581e+000  1.8548495e+000
  1.6967643e+000  4.6910778e+000
  6.8198294e+000  6.4203649e+000
  1.8295366e+000  3.8086723e+000
  3.6270441e+000  2.0338350e+000
  5.3302693e+000  2.7514953e+000
  6.4330373e+000  8.0877091e+000
  3.5181538e+000  1.9805420e+000
  1.2716225e+000  7.9079983e+000
  7.4200082e+000  6.3125751e+000
  3.3451605e+000  9.3539793e+000
  2.2515003e+000  7.0977755e+000
  8.1484319e+000  3.2174676e+000
  1.6441809e+000  6.6699595e+000
  5.8761553e+000  7.9440332e+000
  5.9636494e+000  7.5879783e+000
  1.5547029e+000  4.7050922e+000
  5.4071846e+000  3.8129797e+000
  8.7386132e+000  6.3611699e+000
  1.5325620e+000  7.0813328e+000
  6.4998352e+000  6.9989714e+000
  1.0104879e+000  7.0496851e+000
  1.4464214e+000  7.4250962e+000
  8.4246667e+000  8.5848936e+000
  6.1383466e+000  6.9082177e+000
  8.8363873e+000  2.0387019e+000
  8.5849783e+000  6.0865516e+000
  1.6373182e+000  4.1515017e+000
  6.5628411e+000  6.4717575e+000
  3.9192721e+000  6.1770270e+000
  7.0083210e+000  8.3754754e+000
  3.7701074e+000  4.3337383e+000
  7.0667382e+000  1.5163904e+000
  5.1184464e+000  3.5314320e+000
  2.7934094e+000  4.3824577e+000
  9.0217490e+000  2.0326204e+000
  2.5393542e+000  8.6444177e+000
  1.5573338e+000  7.1208201e+000
  5.7686732e+000  3.0505409e+000
  2.3358565e+000  7.0528768e+000
  9.9364195e-001  6.9374753e+000
  6.4242096e+000  1.7557305e+000
  2.2333382e+000  6.8111683e+000
  8.4687784e+000  1.5347105e+000
  8.4651228e+000  5.9565949e+000
  1.7202862e+000  1.6492632e+000
  3.6214215e+000  8.2663063e+000
  8.0863523e+000  6.3176881e+000
  1.6326619e+000  1.6703654e+000
  5.5770252e+000  5.4905971e+000
  3.6079884e+000  8.3184283e+000
  5.5143967e+000  1.5288244e+000
  8.4195653e+000  5.4800844e+000
  1.4436091e+000  1.9156056e+000
  6.8557536e+000  8.3936078e+000
  8.8389418e+000  1.7913658e+000
  4.5627871e+000  8.4572086e+000
  1.7892486e+000  7.1162734e+000
  7.1116962e+000  6.3681473e+000
  2.3591011e+000  7.9244272e+000
  1.6117546e+000  3.8984227e+000
  5.2420548e+000  1.5823850e+000
  8.0683619e+000  3.9205413e+000
  6.1178785e+000  3.6510416e+000
  8.1136026e+000  5.5650866e+000
  6.7027301e+000  5.3898583e+000
  8.6063248e+000  2.1456361e+000
  8.6326102e+000  8.5039296e+000
  1.1388644e+000  8.6801803e+000
  7.8583774e+000  2.0205285e+000
  1.4999141e+000  3.9428622e+000
  2.9172515e+000  1.8859383e+000
  5.5681222e+000  3.0681529e+000
  8.5558285e+000  8.6772934e+000
  3.3236774e+000  9.1231343e+000
  7.2629538e+000  8.4101244e+000
  5.3459427e+000  3.4433390e+000
  6.7873854e+000  8.4449558e+000
  9.9251340e-001  7.2853241e+000
  8.0539907e+000  2.0068703e+000
  3.5892714e+000  1.8533602e+000
  6.8411025e+000  6.0699287e+000
  1.6557787e+000  7.0938892e+000
  1.8087821e+000  1.8029024e+000
  5.3380047e+000  8.5103755e+000
  8.9896920e+000  2.1354509e+000
  3.1323204e+000  4.5847222e+000
  3.3548196e+000  1.6427991e+000
  8.9551033e+000  8.4091923e+000
  9.0086831e+000  1.9371659e+000
  2.6756608e+000  5.0633194e+000
  1.7521316e+000  4.3885584e+000
  3.2631545e+000  4.9356680e+000
  5.0537999e+000  8.0584900e+000
  2.6578658e+000  4.6643693e+000
  5.2520649e+000  3.2261540e+000
  6.6288454e+000  6.2478289e+000
  5.9879786e+000  7.3206523e+000
  1.7797550e+000  4.2584447e+000
  1.5347587e+000  4.0436047e+000
  6.5263130e+000  6.1177961e+000
  3.2226073e+000  1.5481718e+000
  7.2948978e+000  1.6824097e+000
  7.5030797e+000  1.6277228e+000
  8.6128629e+000  7.2290939e+000
  1.9584856e+000  4.1383104e+000
  1.4176760e+000  4.0072528e+000
  7.7576828e+000  1.6933913e+000
  6.7462689e+000  6.6353847e+000
  3.1553384e+000  8.2126338e+000
  3.2285935e+000  1.1901030e+000
  8.2926772e+000  8.2321374e+000
  7.5985623e+000  6.9115068e+000
  8.5897174e+000  1.7657680e+000
  2.6094309e+000  8.4715210e+000
  3.3092792e+000  1.8650071e+000
  3.5416981e+000  8.1607037e+000
  6.5565039e+000  8.4748150e+000
  4.9935870e+000  3.1122067e+000
  6.8161109e+000  8.1456312e+000
  1.9463127e+000  4.4280444e+000
  8.1762480e+000  6.2647812e+000
  3.5572119e+000  9.2495245e+000
  2.2801220e+000  2.6990737e+000
  5.5066400e+000  5.3759132e+000
  7.7729486e+000  5.3904936e+000
  2.3269599e+000  4.5214158e+000
  8.7513807e+000  8.3211343e+000
  7.9688299e+000  2.5263099e+000
  7.1406145e+000  8.0286856e+000
  3.8071085e+000  1.8805208e+000
  6.4902130e+000  7.0103294e+000
  5.3011733e+000  3.6434781e+000
  9.2071090e+000  1.9659760e+000
  3.2683830e+000  2.0609557e+000
  7.0293179e+000  5.2254058e+000
  6.2876858e+000  7.3548669e+000
  5.5549001e+000  5.5818985e+000
  3.5813035e+000  8.6166455e+000
  3.5127827e+000  8.7666215e+000
  7.1336386e+000  4.7511905e+000
  8.3694021e+000  2.0529306e+000
  3.4684733e+000  9.1866924e+000
  1.5890441e+000  1.5655151e+000
  6.2029680e+000  8.2315581e+000
  4.9726209e+000  4.6675101e+000
  6.8281308e+000  8.7126538e+000
  5.2937505e+000  8.3581570e+000
  1.6966182e+000  6.8034295e+000
  8.5848726e+000  8.6703648e+000
  1.3941003e+000  7.2783690e+000
  5.2499024e+000  3.9101087e+000
  2.1356146e+000  7.0433264e+000
  1.6914362e+000  4.9516898e+000
  7.1183406e+000  2.6766282e+000
  4.0181758e+000  6.2839670e+000
  8.7536074e+000  2.1878781e+000
  3.2528122e+000  2.0098094e+000
  6.0816574e+000  7.8529776e+000
  8.7448878e+000  3.9256201e+000
  6.3971060e+000  6.4079586e+000
  2.7286142e+000  4.0928253e+000
  3.3055655e+000  8.0546713e+000
  5.6774722e+000  3.5744866e+000
  2.0828054e+000  7.1621990e+000
  1.6258942e+000  6.7444623e+000
  3.3591343e+000  1.6735342e+000
  5.6694734e+000  1.4664420e+000
  8.4027447e+000  2.2857977e+000
  3.9587648e+000  8.8453695e+000
  6.6214896e+000  1.7824598e+000
  2.1359271e+000  8.2899979e+000
  4.2753117e+000  9.1217820e+000
  8.7900688e-001  8.7709125e+000
  6.8782685e+000  6.0207621e+000
  8.4681062e+000  7.0713061e+000
  5.5474838e+000  6.5386975e+000
  6.4695673e+000  4.6430835e+000
  8.4642934e+000  5.1194466e+000
  8.4347656e+000  2.0508511e+000
  5.1715584e+000  2.8148526e+000
  8.3851973e+000  8.4664397e+000
  1.9937088e+000  1.6412630e+000
  8.8656257e-001  8.3603365e+000
  1.2523257e+000  4.5025616e+000
  6.7710691e+000  1.8130414e+000
  2.0541965e+000  6.9041473e+000
  6.8015618e+000  5.5225913e+000
  2.2307692e+000  7.0276742e+000
  1.5417980e+000  1.5330817e+000
  7.2161256e+000  8.2543377e+000
  9.1070597e+000  2.6988850e+000
  5.8066540e+000  1.3009970e+000
  5.1274727e+000  3.9074692e+000
  2.0301915e+000  4.0987417e+000
  6.7227322e+000  6.2591832e+000
  8.6836573e+000  8.3183034e+000
  6.7703097e+000  6.3065661e+000
  7.5964999e+000  8.6500947e+000
  8.7731005e+000  6.5495072e+000
  1.3797244e+000  1.7028733e+000
  7.2544687e+000  6.1306437e+000
  1.9212174e+000  3.8546485e+000
  5.9757247e+000  7.3823724e+000
  1.9001198e+000  4.0043468e+000
  4.7758844e+000  8.3760075e+000
  5.1179735e+000  5.1431834e+000
  3.0815856e+000  1.8811608e+000
  3.4279598e+000  8.9299417e+000
  1.2918002e+000  4.2044424e+000
  3.3472374e+000  8.6097421e+000
  1.9591722e+000  3.9481181e+000
  1.5873826e+000  4.2138116e+000
  8.0122437e+000  2.6201048e+000
  8.2338870e+000  2.1664019e+000
  9.0597572e+000  8.6294312e+000
  8.8426195e+000  5.6558638e+000
  3.4019832e+000  1.8055129e+000
  3.3504145e+000  8.8215043e+000
  9.0421091e+000  2.1013935e+000
  5.4096301e+000  3.5755134e+000
  4.1852750e+000  3.9537953e+000
  8.5602012e+000  1.8644902e+000
  1.7091895e+000  6.9567092e+000
  5.2154846e+000  3.2037346e+000
  8.0212710e+000  2.2970117e+000
  3.1333710e+000  9.2578865e+000
  9.1271128e+000  8.4844190e+000
  8.1117177e+000  5.9359757e+000
  6.8631329e+000  1.5405651e+000
  2.4510929e+000  1.5321173e+000
  5.4682404e+000  3.9046894e+000
  3.3178326e+000  1.2353356e+000
  1.4019613e+000  5.9741691e+000
  2.2602041e+000  7.2526034e+000
  6.9037733e+000  8.5141972e+000
  1.3160355e+000  6.7530668e+000
  7.4647751e+000  1.4633389e+000
  8.5446478e+000  7.0971663e+000
  5.9914834e+000  3.4886958e+000
  8.7953470e+000  5.4232241e+000
  4.2584528e+000  6.1187448e+000
  1.2949070e+000  1.2579003e+000
  1.8388501e+000  4.4125282e+000
  4.9211688e+000  3.0382529e+000
  1.2326598e+000  4.1561322e+000
  4.9904283e+000  3.1037766e+000
  1.4134216e+000  4.3369175e+000
  3.1477892e+000  7.9987097e+000
  7.2875578e+000  7.5267058e+000
  2.8807182e+000  5.0066882e+000
  3.0217771e+000  1.5396017e+000
  1.4495639e+000  2.0280175e+000
  7.3975476e+000  1.9221707e+000
  1.9676951e+000  7.5454877e+000
  8.2437617e+000  1.5147048e+000
  1.7963240e+000  4.4091213e+000
  5.3807605e+000  4.0460946e+000
  8.8562369e+000  8.3572112e+000
  8.1417636e+000  1.7088110e+000
  8.2983532e+000  2.0489203e+000
  6.8213835e+000  1.6326872e+000
  2.8704181e+000  9.1533033e+000
  8.9511738e+000  2.0086114e+000
  6.5116905e+000  6.2161556e+000
  1.6815783e+000  1.9164078e+000
  3.6358704e+000  8.3776098e+000
  5.4851978e+000  1.2065034e+000
  5.3369418e+000  7.8351152e+000
  1.4955541e+000  1.8243838e+000
  6.6757111e+000  8.5729385e+000
  2.5940307e+000  4.5859106e+000
  1.8281113e+000  3.9765568e+000
  8.2518349e+000  8.7940508e+000
  6.2167879e+000  1.7106169e+000
  3.1578298e+000  1.2587321e+000
  1.6217345e+000  8.0231015e+000
  1.0332908e+000  6.5641171e+000
  8.3206955e+000  1.7502655e+000
  5.0717076e+000  3.1703860e+000
  8.4312288e+000  3.6338925e+000
  6.5996223e+000  8.1418003e+000
  1.7067425e+000  1.9506530e+000
  8.4946080e+000  5.6390739e+000
  6.7784095e+000  8.1242804e+000
  5.0573363e+000  3.3549611e+000
  8.2056110e+000  5.6577680e+000
  6.6164672e+000  6.3162470e+000
  1.5960215e+000  8.0592273e+000
  8.6491779e+000  8.4353361e+000
  8.4109830e+000  8.5494568e+000
  3.5289681e+000  8.6960057e+000
  5.1370513e+000  3.2801846e+000
  1.9347872e+000  4.1362425e+000
  1.7016957e+000  3.8732228e+000
  7.1169600e+000  8.4293450e+000
  4.8883629e+000  5.0807885e+000
  6.0261339e+000  2.2484759e+000
  2.1075812e+000  6.6037049e+000
  6.4006668e+000  8.1795165e+000
  3.4087905e+000  1.9915878e+000
  5.2555884e+000  1.0698442e+000
  8.3668060e+000  2.3737277e+000
  5.0302735e+000  3.0373433e+000
  8.3009888e+000  1.9153343e+000
  7.5924150e+000  5.8670283e+000
  8.9245000e+000  5.4215838e+000
  7.0106843e+000  5.9347482e+000
  3.2596591e+000  2.4931024e+000
  2.4295986e+000  3.9124076e+000
  2.8049310e+000  1.5085797e+000
  1.1839161e+000  6.8408562e+000
  6.7230543e+000  4.1810688e+000
  3.2125930e+000  8.6397254e+000
  5.4072796e+000  3.3470935e+000
  1.8510078e+000  7.5028454e+000
  8.2796269e+000  2.2225717e+000
  7.9843282e+000  1.7167244e+000
  2.5253403e+000  9.0084139e+000
  1.4467703e+000  1.6577546e+000
  8.6691592e+000  8.6448792e+000
  3.2057417e+000  1.3521671e+000
  4.4678037e+000  3.2208616e+000
  7.9990335e+000  2.0920662e+000
  1.4911574e+000  4.3747741e+000
  8.7060960e+000  8.7462950e+000
  8.7935544e+000  1.7696804e+000
  3.5023930e+000  1.3117982e+000
  5.2300845e+000  2.5840582e+000
  5.4720284e+000  2.6966323e+000
  3.9841155e+000  8.6641839e+000
  8.4017262e+000  6.5361764e+000
  5.3839572e+000  3.6916934e+000
  1.2369502e+000  7.1898480e+000
  3.5449827e+000  8.1022739e+000
  7.8274612e+000  2.1632163e+000
  3.3850306e+000  9.1802399e+000
  8.6006771e+000  4.6475206e+000
  8.1202904e+000  5.8345763e+000
  1.9557151e+000  1.8102004e+000
  1.8308171e+000  7.1265942e+000
  6.7271947e+000  8.4909232e+000
  8.9976394e+000  4.7423114e+000
  1.5377816e+000  4.3091682e+000
  1.7150873e+000  1.6233212e+000
  1.9443254e+000  5.5975544e+000
  4.9370908e+000  3.0436083e+000
  4.8675727e+000  3.9768575e+000
  5.0676659e+000  7.5974909e+000
  7.0292567e+000  4.9710927e+000
  4.5828696e+000  8.5030993e+000
  6.5377695e+000  6.2255296e+000
  8.9194966e+000  4.1804182e+000
  8.7934811e+000  9.0386201e+000
  7.8441898e+000  2.0379568e+000
  6.7140339e+000  4.7320553e+000
  8.6792156e+000  5.3130721e+000
  3.7677394e+000  8.5625366e+000
  3.8250069e+000  8.2065755e+000
  8.5167348e+000  1.9143707e+000
  6.1603288e+000  6.1803048e+000
  6.7312586e+000  6.0116473e+000
  6.3394503e+000  8.5494978e+000
  8.7833292e+000  5.6601748e+000
  3.5300345e+000  1.6722305e+000
  7.0063565e+000  4.5007222e+000
  8.0281178e+000  4.7806037e+000
  8.2413935e+000  6.1506301e+000
  6.5512114e+000  1.4957193e+000
  1.6701380e+000  1.8184029e+000
  1.2396413e+000  1.5641485e+000
  7.0669733e+000  8.0686445e+000
  4.9667746e+000  4.1201227e+000
  7.0301012e+000  6.0989857e+000
  8.6776091e+000  8.7612748e+000
  8.8538546e+000  1.8125054e+000
  8.7281704e+000  5.6935769e+000
  5.6452948e+000  2.0861712e+000
  6.7826290e+000  1.8741584e+000
  5.1611430e+000  2.7337699e+000
  4.7631572e+000  3.1440989e+000
  6.8162672e+000  7.2273287e+000
  6.7455057e+000  1.6172777e+000
  1.3383624e+000  6.4483274e+000
  3.6822975e+000  8.0984865e+000
  5.4101814e+000  3.3250844e+000
  8.9597062e+000  2.4056245e+000
  8.7985239e+000  5.4078720e+000
  5.4460333e+000  3.1099108e+000
  3.5757056e+000  9.3818149e+000
  8.3833664e+000  7.4796716e+000
  1.7909993e+000  1.4370258e+000
  8.7244614e+000  2.0328594e+000
  8.1159461e+000  2.7678902e+000
  1.6604784e+000  7.1733211e+000
  3.7185856e+000  4.0956917e+000
  6.5789608e+000  6.8993562e+000
  6.1061944e+000  1.8705580e+000
  8.2450300e+000  1.6813210e+000
  6.5231892e+000  2.2362457e+000
  5.3064538e+000  3.1235412e+000
  7.5214059e+000  1.8963742e+000
  7.9964076e+000  6.0100765e+000
  3.0830704e+000  2.0720009e+000
  7.1923394e+000  6.0158904e+000
  8.8306045e+000  8.5566459e+000
  5.0656744e+000  3.6612489e+000
  3.4898554e+000  2.1550721e+000
  2.9618884e+000  8.4234127e+000
  2.0130124e+000  8.4507266e+000
  2.5612946e+000  1.5157661e+000
  1.2225013e+000  6.7963428e+000
  1.4558058e+000  1.5462316e+000
  1.2724867e+000  6.7203720e+000
  1.8386689e+000  4.2278836e+000
  9.0827365e+000  4.5482318e+000
  3.5080340e+000  8.1954957e+000
  8.8938681e+000  2.0258455e+000
  5.7838796e+000  6.3520968e+000
  2.0021602e+000  5.9992491e+000
  1.2743992e+000  1.6059066e+000
  2.0853388e+000  1.6507308e+000
  4.1454600e+000  1.9652567e+000
  6.5862802e+000  6.4370897e+000
  6.4236719e+000  5.7018629e+000
  2.3030970e+000  7.0263257e+000
  6.3610231e+000  7.5851359e+000
  6.7188657e+000  7.3079099e+000
  3.2751284e+000  1.6696618e+000
  1.5093630e+000  4.2118057e+000
  7.1861397e+000  1.4923259e+000
  5.4713699e+000  3.4107707e+000
  8.2249526e+000  5.5491917e+000
  1.8324354e+000  4.3908214e+000
  5.4208044e+000  3.2456154e+000
  3.2471098e+000  1.6696891e+000
  8.9196223e+000  2.0397549e+000
  4.8032861e+000  4.6929955e+000
  8.6481878e+000  6.7299353e+000
  1.4656104e+000  4.5084688e+000
  1.7522108e+000  4.4077120e+000
  7.8819547e+000  1.7248591e+000
  5.7822487e+000  6.2218441e+000
  3.2648747e+000  3.4909363e+000
  5.1600892e+000  4.0446185e+000
  2.8021604e+000  4.3435692e+000
  6.4191697e+000  6.1844802e+000
  3.3612787e+000  2.2877661e+000
  7.0735519e+000  5.5988258e+000
  1.3255880e+000  7.0980784e+000
  5.2366987e+000  2.7800637e+000
  6.0659162e+000  6.4482921e+000
  4.5192397e+000  4.9938563e+000
  8.3523731e+000  6.6633478e+000
  3.7948802e+000  2.9801268e+000
  6.9846706e+000  5.2252176e+000
  7.9733412e+000  5.0478272e+000
  1.7603652e+000  1.4544730e+000
  3.4430609e+000  8.4032596e+000
  6.5443154e+000  6.9929259e+000
  5.3409057e+000  4.9007670e+000
  1.2068195e+000  7.1593769e+000
  8.7729793e+000  8.1184023e+000
  8.0232432e+000  2.2891763e+000
  7.9999223e+000  5.6447950e+000
  1.3215578e+000  6.8719121e+000
  5.2486481e+000  2.6444950e+000
  3.4533842e+000  8.8182977e+000
  7.0525479e+000  1.7249458e+000
  3.0561914e+000  8.3581195e+000
  8.4121312e+000  2.0367848e+000
  7.1581717e+000  8.2555950e+000
  6.7814701e+000  7.5624957e+000
  5.1087401e+000  4.3260151e+000
  2.9456949e+000  2.5948306e+000
  8.2516439e+000  8.0056426e+000
  7.0402609e+000  2.8551462e+000
  6.8858860e+000  1.5859276e+000
  3.3774165e+000  2.2958359e+000
  6.3217818e+000  8.1468960e+000
  5.3935713e+000  7.7964845e+000
  5.1751599e+000  4.0949165e+000
  1.5524121e+000  2.0195681e+000
  8.2677844e+000  8.3514303e+000
  1.6468419e+000  4.2380176e+000
  1.5470568e+000  4.4043630e+000
  8.6640055e+000  1.5661070e+000
  8.0683276e+000  5.4943217e+000
  7.8959668e+000  6.0231662e+000
  6.7944332e+000  4.9935719e+000
  1.0045584e+000  8.9880347e+000
  4.9878322e+000  6.6352481e+000
  3.1946934e+000  8.7325805e+000
  7.1954257e+000  4.4849773e+000
  8.1908718e+000  6.3078275e+000
  7.5858336e+000  5.9748089e+000
  6.6224171e+000  7.8469083e+000
  4.9528937e+000  3.0609011e+000
  6.8187922e+000  6.4497258e+000
  5.5149802e+000  3.1627054e+000
  8.2518086e+000  5.6836099e+000
  1.3659351e+000  7.2042612e+000
  1.4926248e+000  2.0718566e+000
  8.4626131e-001  6.8218416e+000
  4.9488089e+000  5.0296064e+000
  7.0005828e+000  8.0982406e+000
  6.0919156e+000  7.3965101e+000
  1.8853275e+000  7.1078289e+000
  5.5459253e+000  3.7433709e+000
  7.9289168e-001  8.7308672e+000
  8.8487684e+000  6.7547621e+000
  5.6979080e+000  1.5154841e+000
  1.3719741e+000  2.0328955e+000
  6.7016860e+000  5.8544787e+000
  1.7057841e+000  4.0900630e+000
  1.7341403e+000  6.7481235e+000
  5.8552548e+000  6.0959466e+000
  3.5399770e+000  4.2426065e+000
  8.6548967e+000  4.9567528e+000
  1.1406422e+000  7.0355629e+000
  8.4943799e+000  6.4311640e+000
  6.5564594e+000  4.6975200e+000
  3.9635720e+000  8.6832948e+000
  2.7767181e+000  4.1974997e+000
  5.8666403e+000  7.0981722e+000
  3.4633455e+000  8.1769152e+000
  6.2757614e+000  1.7537126e+000
  1.7098308e+000  4.0377178e+000
  4.6818032e+000  2.5437512e+000
  8.6669124e+000  8.4182743e+000
  1.9877331e+000  6.8328874e+000
  8.7049277e+000  8.3654288e+000
  3.5848827e+000  9.0596662e+000
  5.5083299e+000  3.1308056e+000
  4.9397076e+000  8.5639445e+000
  7.0801818e+000  8.4984906e+000
  8.3810160e+000  1.9731519e+000
  6.5975378e+000  6.2458815e+000
  1.6986909e+000  7.1774710e+000
  6.5403603e+000  8.2691529e+000
  8.0979771e+000  6.1347451e+000
  6.9714042e+000  8.2477931e+000
  6.9600621e+000  5.7149823e+000
  4.5077584e+000  2.2416078e+000
  6.1496017e+000  8.5795588e+000
  8.1609497e+000  2.0806771e+000
  6.5300387e+000  5.1341231e+000
  6.7744359e+000  8.5093208e+000
  3.5803998e+000  1.4470725e+000
  6.8123096e+000  1.5937176e+000
  8.9308640e+000  1.7890216e+000
  5.9937352e+000  7.3521971e+000
  5.5984471e+000  2.9265968e+000
  1.9169833e+000  4.6077585e+000
  1.7367911e+000  6.5494156e+000
  3.5739033e+000  6.7637629e+000
  7.9816180e+000  5.1742447e+000
  4.9928389e+000  3.2479016e+000
  9.5794607e-001  2.2514462e+000
  8.2873068e+000  2.0195650e+000
  6.9988586e+000  8.0459540e+000
  5.0721851e+000  4.1665034e+000
  3.3379517e+000  1.3851488e+000
  7.1271973e+000  5.8136820e+000
  7.3367189e+000  5.8283619e+000
  8.2457383e-001  6.7987497e+000
  3.5065266e+000  2.0378603e+000
  8.4611046e+000  5.7174206e+000
  8.8581582e+000  5.2556688e+000
  1.4649823e+000  7.7788837e+000
  8.2753692e+000  2.0770049e+000
  7.6744267e+000  8.1074095e+000
  7.2467965e+000  8.7263964e+000
  5.3073250e+000  7.3855316e+000
  4.0268276e+000  5.6706395e+000
  3.6242928e+000  1.7594508e+000
  1.3685294e+000  6.1428505e+000
  2.0543816e+000  6.9904976e+000
  8.4488723e+000  2.0863025e+000
  5.0046415e+000  3.8501253e+000
  4.9681826e+000  3.0594387e+000
  7.6856189e+000  6.2352458e+000
  5.5139948e+000  3.1924152e+000
  3.2110643e+000  1.9277654e+000
  1.4694737e+000  7.7950146e+000
  3.2359268e+000  2.2047893e+000
  2.2774560e+000  5.6574216e+000
  4.4726684e+000  8.7272789e+000
  6.4333931e+000  6.1205329e+000
  1.7520002e+000  7.7006131e+000
  2.1883972e+000  7.0122193e+000
  5.4252730e+000  3.8112576e+000
  2.8539852e+000  2.1135574e+000
  1.2455872e+000  7.6861583e+000
  7.7886770e+000  2.0548894e+000
  7.3001307e+000  5.8549114e+000
  5.5307298e+000  3.7663461e+000
  3.8873972e+000  8.6575850e+000
  2.2630833e+000  7.1837401e+000
  1.7468081e+000  4.3271371e+000
  6.3202825e+000  5.9106747e+000
  2.4439378e+000  2.4824886e+000
  8.3761054e+000  3.2715078e+000
  3.3382871e+000  8.4913740e+000
  8.0096861e+000  2.0582399e+000
  3.5242153e+000  1.6183756e+000
  1.6742427e+000  4.0678183e+000
  3.8035512e+000  8.7672491e+000
  8.6039413e+000  7.5270407e+000
  1.3947691e+000  4.5606027e+000
  3.1851834e+000  2.0980850e+000
  1.2593041e+000  7.9409730e+000
  5.2439501e+000  3.1487418e+000
  1.5999738e+000  4.3100564e+000
  9.0219699e+000  2.9478017e+000
  1.2850384e+000  6.9962021e+000
  7.0417638e+000  6.2667500e+000
  1.7204632e+000  3.5721385e+000
  1.5943773e+000  3.4282573e+000
  5.2718001e+000  7.9808856e+000
  3.0016280e+000  5.1391551e+000
  1.6487249e+000  1.8069920e+000
  1.8269903e+000  5.9470285e+000
  8.1146114e+000  4.6949312e+000
  5.8871450e+000  1.2840197e+000
  3.2451087e+000  1.7327561e+000
  1.2876264e+000  6.9545963e+000
  1.5008856e+000  7.4145066e+000
  4.9879174e+000  3.1660172e+000
  1.9957452e+000  5.1429968e+000
  8.0589754e+000  8.3176983e+000
  4.4059156e+000  4.1650713e+000
  1.4095557e+000  4.1789778e+000
  4.8114657e+000  3.1113813e+000
  3.1751633e+000  1.9062254e+000
  5.2686982e+000  8.4033722e+000
  7.1264560e+000  5.8539282e+000
  7.3836972e+000  5.7760931e+000
  5.2375261e+000  3.1444532e+000
  5.6301875e+000  3.1101601e+000
  3.8917954e+000  1.7070576e+000
  1.6336887e+000  4.1814007e+000
  4.9751333e+000  4.8731050e+000
  7.1209481e+000  5.1086667e+000
  8.6108006e+000  8.2224789e+000
  1.7418524e+000  1.8968366e+000
  3.3418124e+000  1.9452588e+000
  8.7272005e+000  5.4553852e+000
  8.5813207e+000  5.4338667e+000
  1.7648140e+000  4.0346312e+000
  1.6005755e+000  7.4783408e+000
  5.1741089e+000  2.8396772e+000
  6.8637193e+000  8.2465561e+000
  1.2348795e+000  2.2232016e+000
  8.4615255e+000  2.1042812e+000
  2.4146272e+000  2.3361939e+000
  8.3196430e+000  2.7202378e+000
  1.8698493e+000  7.4672721e+000
  1.5001696e+000  7.0221599e+000
  2.1426524e+000  5.0228008e+000
  8.5046903e+000  6.5821231e+000
  1.3282718e+000  1.9941234e+000
  8.1881233e+000  2.0641226e+000
  5.1717002e+000  2.2725518e+000
  1.3432538e+000  8.4629521e+000
  1.7098694e+000  1.8704659e+000
  2.8932005e+000  1.7190019e+000
  3.4050020e+000  8.9399513e+000
  8.4937743e+000  6.7219473e+000
  8.2134181e+000  3.0613334e+000
  3.5075393e+000  9.3604253e+000
  5.5975486e+000  7.6996407e+000
  5.3355792e+000  2.6622355e+000
  3.6385621e+000  1.4601501e+000
  4.9987907e+000  2.9189721e+000
  1.6676522e+000  4.1843881e+000
  5.7817519e+000  1.6550393e+000
  8.3545524e+000  5.6297955e+000
  8.3716184e+000  2.2920499e+000
  6.3396482e+000  1.8031826e+000
  6.2665330e+000  6.7848193e+000
  8.9016044e+000  8.5319505e+000
  7.9474138e+000  1.7578155e+000
  2.0675926e+000  6.9059499e+000
  1.8175853e+000  6.9904996e+000
  5.3600245e+000  5.3582254e+000
  7.1500616e+000  2.0274419e+000
  4.9383707e+000  3.0319082e+000
  5.0734050e+000  3.4479262e+000
  4.9608502e+000  2.7466719e+000
  1.3793178e+000  7.7220830e+000
  1.5585547e+000  3.9739359e+000
  5.3016330e+000  3.2263306e+000
  7.9949030e+000  2.3273345e+000
  5.5365782e+000  1.6218089e+000
  1.9507927e+000  7.5072266e+000
  8.7199555e+000  8.4566196e+000
  3.4636061e+000  8.0798182e+000
  3.0028487e+000  1.5825481e+000
  7.2312094e+000  5.8068643e+000
  8.0663318e+000  5.7422291e+000
  5.4857872e+000  8.6370250e+000
  7.3191732e+000  8.3547812e+000
  5.6414768e+000  3.0447944e+000
  8.7103037e+000  7.1747285e+000
  7.0470415e+000  4.1940744e+000
  1.3951201e+000  6.7819974e+000
  5.1434673e+000  4.1526686e+000
  8.6397805e+000  8.2237071e+000
  8.4407135e+000  7.7287335e+000
  8.3970611e+000  1.9819469e+000
  8.8044859e+000  5.3529401e+000
  1.6156120e+000  6.0886871e+000
  5.5753345e+000  3.1264901e+000
  6.7513157e+000  5.7882886e+000
  8.3054610e+000  2.2900193e+000
  8.5133415e+000  2.0572524e+000
  1.6177719e+000  6.8550982e+000
  3.6917775e+000  9.0223875e+000
  3.4874701e+000  8.0981374e+000
  1.5533470e+000  1.7644778e+000
  1.5475813e+000  6.9727109e+000
  7.0476090e+000  4.6235697e+000
  5.1388055e+000  3.4930311e+000
  1.2782348e+000  1.5360658e+000
  3.5056538e+000  9.1257447e+000
  5.2692070e+000  4.9379423e+000
  3.5075434e+000  5.4279091e+000
  1.6282820e+000  1.5422316e+000
  5.7395891e+000  8.0106014e+000
  5.3448045e+000  3.6831168e+000
  5.0967261e+000  3.7402130e+000
  3.5630745e+000  8.6281865e+000
  8.4182338e+000  6.3486529e+000
  4.6004305e+000  1.9115697e+000
  5.1681909e+000  8.4773914e+000
  6.9094720e+000  8.3845108e+000
  1.6919682e+000  1.6618087e+000
  1.4932773e+000  1.4505708e+000
  1.4211675e+000  1.7602313e+000
  1.4710474e+000  4.2148485e+000
  6.4354804e+000  6.5827339e+000
  5.2973115e+000  7.4199115e+000
  1.7850930e+000  1.8571842e+000
  8.8761477e+000  8.6263563e+000
  9.6223040e-001  3.0878427e+000
  4.7950320e+000  1.1152986e+000
  2.4092783e+000  8.5660493e+000
  5.0134263e+000  3.1482853e+000
  8.7704013e+000  5.6507721e+000
  6.7317971e+000  1.5735557e+000
  8.0856598e-001  7.0426310e+000
  5.4873646e+000  7.3320827e+000
  8.2389066e+000  2.2138215e+000
  1.7764203e+000  7.6801292e+000
  5.0645819e+000  2.4734179e+000
  6.8300170e+000  8.5168872e+000
  6.9650718e+000  6.4694409e+000
  8.1057533e+000  2.4531921e+000
  6.3032363e+000  6.4952745e+000
  7.4700513e+000  8.1432113e+000
  9.8006563e-001  7.2155380e+000
  5.0825963e+000  3.9869444e+000
  5.5769884e+000  3.3903599e+000
  3.5823180e+000  8.3800799e+000
  5.0070578e+000  3.0262510e+000
  7.5412433e+000  4.6682631e+000
  3.3473393e+000  1.3568151e+000
  1.5882343e+000  4.5748739e+000
  4.9091302e+000  2.9175888e+000
  4.0441542e+000  6.4049111e+000
  2.4554562e+000  5.6266982e+000
  5.6298897e+000  1.8825515e+000
  6.3966938e+000  6.4042726e+000
  8.9878483e+000  8.3280616e+000
  1.6795567e+000  5.2278002e+000
  8.2454013e+000  7.4340682e+000
  5.0608411e+000  3.0296927e+000
  6.6518608e+000  7.9544312e+000
  5.1797673e+000  3.3332725e+000
  2.7938968e+000  1.5519954e+000
  8.4185766e+000  2.7118584e+000
  1.7777021e+000  6.6288549e+000
  1.6777981e+000  1.8726688e+000
  3.1172511e+000  1.1145610e+000
  7.9113321e+000  1.9410373e+000
  1.4014109e+000  7.2784814e+000
  3.5345523e+000  8.1157600e+000
  2.0664185e+000  5.3652370e+000
  5.2476443e+000  3.2228224e+000
  6.4326529e+000  6.7193888e+000
  8.4485486e+000  1.9657421e+000
  6.2493957e+000  2.0583544e+000
  5.1441698e+000  3.2975623e+000
  6.0646264e+000  4.1615891e+000
  1.0806676e+000  6.4620700e+000
  7.9100643e+000  8.5722325e+000
  1.4859320e+000  2.0512384e+000
  8.3166313e+000  2.2229215e+000
  8.1478242e+000  5.3345669e+000
  8.6293846e+000  6.5528594e+000
  6.6040016e+000  8.1612638e+000
  1.8736220e+000  7.8811092e+000
  8.5772503e+000  8.0103049e+000
  3.2552380e+000  2.2000985e+000
  1.9376222e+000  6.9650932e+000
  2.1580969e+000  7.4894875e+000
  3.5062386e+000  8.7300151e+000
  8.2203308e+000  1.7910973e+000
  6.1211709e+000  5.8711902e+000
  4.9908997e+000  3.4222677e+000
  9.1004182e-001  6.9108544e+000
  3.4309633e+000  1.9239451e+000
  7.0211552e+000  6.8005011e+000
  8.9250301e+000  5.3996682e+000
  1.3036965e+000  7.6089467e+000
  6.7788989e+000  4.8810504e+000
  8.5367955e+000  1.9691809e+000
  1.5108556e+000  7.0987021e+000
  5.0776550e+000  4.1538679e+000
  6.9530461e+000  5.2737558e+000
  3.4705472e+000  8.5522226e+000
  1.6626583e+000  7.3922844e+000
  6.3241542e+000  4.1701600e+000
  4.9051443e+000  1.4078258e+000
  3.8329917e+000  2.0470147e+000
  5.2672684e+000  3.4830974e+000
  1.2446069e+000  8.0664223e+000
  3.5189644e+000  8.0669176e+000
  4.8448092e+000  6.9327411e+000
  8.4960087e+000  7.9393505e+000
  1.2015988e+000  8.4836138e+000
  5.1221954e+000  3.2924206e+000
  3.4473428e+000  2.1447293e+000
  1.0764199e+000  6.8227352e+000
  3.3629197e+000  8.7283043e+000
  1.6851702e+000  4.3006912e+000
  5.7640129e+000  5.8853542e+000
  8.3928849e+000  8.4166465e+000
  6.4856527e+000  2.0134739e+000
  3.1037440e+000  1.8412439e+000
  8.9618253e+000  8.6235328e+000
  8.2282128e+000  2.3129344e+000
  1.5856991e+000  6.8888481e+000
  1.4605038e+000  6.8692377e+000
  1.9229478e+000  7.1374176e+000
  7.9644264e+000  2.1770195e+000
  6.7433442e+000  6.4233279e+000
  6.9836693e+000  8.3206220e+000
  3.1699317e+000  6.0405059e+000
  8.8092325e+000  1.9411097e+000
  6.6575293e+000  6.7121330e+000
  8.1817013e+000  5.6930030e+000
  8.1813818e+000  1.8476939e+000
  6.1077724e+000  7.0632323e+000
  8.6848774e+000  2.2126833e+000
  6.8258924e+000  4.7473813e+000
  3.4582069e+000  8.6130903e+000
  4.4403109e+000  2.1560753e+000
  1.5898740e+000  6.9407173e+000
  6.7017182e+000  4.5631295e+000
  6.8098517e+000  8.6956206e+000
  7.8215795e+000  5.4807755e+000
  3.5851424e+000  5.7888217e+000
  1.7909138e+000  7.9695238e+000
  2.3539520e+000  1.7781202e+000
  6.3802929e+000  6.4741991e+000
  3.3980162e+000  9.1476977e+000
  6.5870334e+000  6.0445163e+000
  1.7899216e+000  7.2896669e+000
  1.0925450e+000  2.8439536e+000
  3.6304785e+000  5.9269185e+000
  1.4056680e+000  1.8784481e+000
  2.4012013e+000  5.3505885e+000
  2.9484376e+000  1.9634816e+000
  1.7336031e+000  4.6218407e+000
  8.3422132e+000  1.4964859e+000
  5.5642914e+000  2.9102427e+000
  1.9453462e+000  4.2401549e+000
  1.2602132e+000  2.0242339e+000
  4.3985567e+000  6.0174851e+000
  7.9741855e+000  6.1547359e+000
  8.0202948e+000  1.9932639e+000
  5.9348497e+000  7.1065956e+000
  3.6842631e+000  1.3250324e+000
  4.9823416e+000  3.1414383e+000
  5.1828080e+000  2.5293666e+000
  1.5428999e+000  4.0990896e+000
  1.5880599e+000  3.0491011e+000
  8.6951708e+000  6.1577324e+000
  6.0911012e+000  1.8444866e+000
  5.7593360e+000  3.1270431e+000
  1.4634843e+000  7.1873709e+000
  8.9339560e+000  2.1410710e+000
