  7.1287665e+000  7.6571945e-003
  5.7859447e+000  3.2726829e+000
  4.8565038e+000  9.0915414e+000
  6.8795714e+000  2.6172924e+000
  6.6496500e+000  7.6429948e+000
  7.6749148e+000  7.2539252e+000
  6.5627540e+000  2.4604919e+000
  3.5942076e+000  4.2508469e+000
  2.3415477e+000  4.7259611e+000
  3.4060881e+000  9.0052106e+000
  7.5413575e+000  6.3474976e+000
  3.1824546e-002  4.4179776e+000
  7.0145595e+000  7.7535420e+000
  3.5980252e+000  1.3959256e+000
  6.8326268e+000  6.9617283e+000
  7.7373009e+000  7.6331377e+000
  1.4029590e+000  7.2983608e+000
  3.9810695e+000  4.9524122e+000
  5.6800157e+000  2.8187812e+000
  8.0589505e+000  2.4218959e+000
  9.2264195e+000  6.6454176e+000
  3.8788123e+000  8.2480643e+000
  3.0920063e+000  5.6082319e+000
  5.4976401e+000  3.6320648e+000
  8.5305830e+000  6.8431010e+000
  5.7732188e+000  6.0372323e+000
  3.5143699e+000  7.6273110e+000
  5.8057908e+000  3.1485882e+000
  4.2754737e+000  5.8966474e+000
  4.9898566e+000  2.7852170e-001
  7.8166951e+000  7.1889555e+000
  8.4964768e+000  2.5734390e+000
  3.3545005e+000  3.4380980e+000
 -7.3954074e-002  4.6975663e+000
  1.6538280e+000  4.1087906e+000
  7.3914456e+000  8.2327035e+000
  7.6726731e+000  4.5484915e+000
  3.6309948e+000  3.3495064e+000
  3.2875014e+000  6.2188266e+000
  6.1850625e+000  6.1711141e+000
  4.6549006e+000  2.0457751e+000
  1.0328510e+001  4.1477839e+000
  2.5759755e+000  2.9144493e+000
  6.4766492e+000  3.0667300e+000
  3.4834743e+000  6.4254704e+000
  4.9294009e+000  5.7994419e+000
  3.9494627e+000  7.5266601e+000
  8.0443617e+000  2.2995640e+000
  4.4972588e+000  3.8774217e+000
  3.0014245e+000  7.9379104e+000
  6.6338888e+000  4.7360134e+000
  3.3091316e+000  6.6056080e+000
  3.8021208e+000  7.5472362e+000
  6.4286163e+000  3.8268113e+000
  5.7744499e+000  8.0510827e+000
  7.8859750e+000  9.2461818e+000
  3.3160605e+000  4.9811216e+000
  1.0452384e+001  4.4749911e+000
  2.6994037e+000  5.2429793e+000
  7.5617323e+000  8.2227088e+000
  3.8297370e+000  5.0197038e+000
  3.5385030e+000  7.6200417e+000
  5.8166697e+000  3.5405112e+000
  5.7232762e+000 -2.7169138e-001
  4.9969792e+000  3.1750858e+000
  6.1048880e+000  3.8053225e+000
  7.1513212e+000  6.1908097e+000
  6.1978066e+000  3.7133893e+000
  3.1069574e+000  7.7917365e+000
  8.2933183e+000  7.7635664e+000
  5.1787990e+000  3.4754319e+000
  3.7786140e+000  1.5777549e+000
  2.4054406e+000  7.4889878e+000
  4.0393439e+000  1.6130958e+000
  7.5744386e+000  7.0100782e+000
  6.0497340e+000  3.5000987e+000
  7.6854856e+000  2.4524171e+000
  2.1386320e+000  7.0146466e+000
  6.6845620e+000  5.6489410e+000
  2.0129637e+000  3.6768053e+000
  8.5687660e+000  5.2688920e+000
  8.8784760e+000  4.5896660e+000
  2.0386961e+000  6.5799108e+000
  6.5540207e+000  2.5646552e+000
  8.2100420e+000  6.8956107e+000
  5.6307297e+000  3.0813320e+000
  3.9954907e+000  2.0040574e+000
  2.8578969e+000  4.9408338e+000
  6.3479142e+000  7.3006508e+000
  7.7660830e+000  2.3069713e+000
  3.7805646e+000  7.8059153e+000
  3.2389025e+000  3.7461510e-001
  2.9955839e+000  3.4294470e+000
  6.5057307e+000  2.3339723e+000
  1.4503492e+000  2.6183834e+000
  1.0256428e+001  3.6652870e+000
  2.8995531e+000  4.8070521e+000
  3.1966004e+000  8.2198670e+000
  3.5795118e+000  3.6299360e+000
  2.2795802e+000  4.1935718e+000
  6.5184653e+000  6.8473060e+000
  5.4913244e+000  4.5224056e+000
  3.9462193e+000  4.2772119e-001
  6.9597978e+000  7.3242927e+000
  5.1860247e+000  3.1086052e+000
  3.8226019e+000  3.5157323e+000
  5.0103250e+000  4.2873683e+000
  4.5578099e+000  1.2253130e+000
  6.2486055e+000  2.8576516e+000
  3.6815648e+000  8.1649476e+000
  5.7269648e+000  2.9957115e+000
  6.1648773e+000  2.1970657e+000
  5.7219672e+000  1.9856054e+000
  2.0503555e+000  8.3214821e+000
  4.1608304e-001  2.4778097e+000
  3.7145989e+000  6.6417635e+000
  3.5592570e+000  5.4991457e+000
  6.3060372e+000  2.5500916e+000
  5.9399623e+000  5.7669534e+000
  4.1695278e+000  7.9853769e+000
  7.8011054e+000  4.5355471e+000
  2.5234406e+000  4.3602837e+000
  7.2225434e+000  4.2660796e+000
  4.7349766e+000  7.3860050e+000
  3.3818786e+000  4.5150983e+000
  1.5075576e+000  4.0456565e+000
  3.0934237e+000  6.6530786e+000
  3.7687379e+000  8.0650407e+000
  3.0355209e+000  3.4571450e+000
  9.0264182e+000  8.2437051e+000
  3.4782889e+000  2.8127370e+000
  5.3033767e+000  3.6427286e+000
  5.6899326e+000  2.6637627e+000
  1.7959404e+000  7.3042020e+000
  2.0138063e+000  4.0132263e+000
  3.0008271e+000  2.9903873e+000
  3.0867575e+000  3.5448018e+000
  5.6097085e+000  2.7573154e+000
  4.4695537e+000  1.5018957e+000
  6.7269062e+000  2.9539567e+000
  3.1643364e+000  4.3754536e+000
  3.0644080e+000  1.3780308e+000
  7.1511011e+000  6.4342753e+000
  6.0630931e+000  2.5806718e+000
  3.9018144e+000  2.9574105e+000
  6.2241422e+000  3.2365164e+000
  7.3249471e+000  8.8814272e+000
  4.1987399e+000  7.3618627e+000
  8.7151413e+000  8.7492156e+000
  6.1008312e+000  2.3256629e+000
  5.2924974e+000  2.9763396e+000
  3.6846236e+000  6.2459399e+000
  4.0234485e+000  8.8607609e-001
  7.1989730e+000  6.6694194e-001
  2.5294036e+000  4.8658043e+000
  6.4082474e+000  5.4368332e+000
  7.1108060e+000  7.2332966e+000
  6.0014157e+000  3.5600061e+000
  2.0741961e+000  3.7281454e+000
  6.7901539e+000  6.2532520e+000
  3.5000099e+000  7.1528250e+000
  2.2182380e+000  5.8180013e+000
  2.9647594e+000  4.5113359e+000
  6.1194976e+000  3.5068388e+000
  3.2875375e+000  4.9465179e+000
  4.1753305e+000  8.2404897e+000
  5.9990103e+000  4.1839594e+000
  6.3906774e+000  2.7797906e+000
  1.7853615e+000  1.9108112e+000
  9.0027538e+000  9.8707484e-001
  6.0996908e+000  5.4773610e+000
  1.7798180e+000  7.7694108e+000
  1.6144715e+000  3.3434617e+000
  4.7296762e+000  4.5377248e+000
  2.2442851e+000  7.7593587e+000
  3.3699267e+000  8.8994071e+000
  5.5608778e+000  6.9222532e+000
  3.2249705e+000  9.1206256e+000
  4.2176567e+000  3.3176247e+000
  1.7993047e+000  8.3771138e+000
  2.0096390e+000  1.9937005e+000
  6.1334203e+000  3.4402480e+000
  5.6269830e+000  4.5784737e+000
  6.7666539e+000  3.5627624e+000
  4.8159548e+000  4.6471412e+000
  3.5180472e+000  2.8759852e+000
  6.7244041e+000  3.1961536e+000
  6.0977956e+000  3.5858793e+000
  3.0517548e+000  6.9966426e+000
  9.4461913e+000  6.7796940e+000
  7.1378743e+000  7.7079952e+000
  2.0706433e+000  4.0614024e+000
  8.6090961e+000  3.6483681e+000
  5.9812352e+000  3.1173582e+000
  3.8326759e+000  7.1216188e+000
  5.9987573e+000  3.5468185e+000
  6.9237916e+000  1.9134910e+000
  7.1865252e+000  9.5023768e+000
  4.9203123e+000  9.1686214e+000
  8.0338468e+000  4.7002406e+000
  2.2227204e+000  6.4889992e+000
  4.6288241e+000  2.5001997e+000
  7.9815804e+000  4.6071728e+000
  2.5008923e+000  5.0964246e+000
  7.2557959e+000  1.0064327e+000
  7.3454059e+000  2.5468863e+000
  6.3751794e+000  2.5967692e+000
  6.2434456e+000  6.8470697e+000
  6.9475652e+000  5.9273620e+000
  7.0664660e+000  5.3465906e+000
  5.8004120e+000  3.3236657e+000
  3.0926115e+000  2.6832883e+000
  5.2467854e+000  2.8361784e+000
  5.1054272e+000  6.9201996e+000
  5.1624000e+000  7.9635151e+000
  3.8413600e+000  3.7694596e+000
  7.8966200e+000  7.8998694e+000
  5.0867352e+000  6.9405052e+000
  5.4098871e+000  4.1736889e+000
  5.8982078e+000  3.4609504e+000
  6.5033927e+000  3.4598215e+000
  3.1175292e+000  7.7805722e+000
  3.8459967e+000  1.3062038e+000
  7.6734142e+000  5.9901830e+000
  5.5746988e+000  5.6455290e+000
  3.4521077e+000  3.0040570e+000
  3.0642104e+000  4.3793736e+000
  6.6977734e+000  2.0624250e+000
  3.7364440e+000  3.8103974e+000
  2.6759203e+000  4.0084368e+000
  7.0890649e+000 -3.6386958e-001
  6.4210083e+000  7.2354601e+000
  1.9921369e+000  6.4888023e+000
  4.1575375e+000  8.7613040e-001
  6.5068100e+000  6.8068636e+000
  6.3671361e+000  3.6744877e+000
  5.1334436e+000  2.5238598e+000
  1.0575808e+000  3.6854181e+000
  4.2213839e+000  4.7966381e+000
  5.9596933e+000  2.2286637e+000
  5.3635773e+000  4.6568154e+000
  1.1749155e+000  2.4757962e+000
  7.4505232e+000  9.7598351e+000
  3.5817879e+000  7.5217948e+000
  6.5943784e+000  5.0448249e+000
  6.9498425e+000  6.7215599e+000
  6.5437135e+000  3.1406378e+000
  7.3078661e+000  6.7454653e+000
  2.1313227e+000  6.9105648e+000
  4.0520622e+000  7.8417093e+000
  6.0139834e+000  3.4108279e+000
  6.6055962e+000  5.8635193e+000
  6.8378960e+000  3.8741835e+000
  7.2693565e+000  7.3054165e+000
  2.4001890e+000  1.5848014e+000
  9.0487175e+000  8.8536031e+000
  3.0833308e+000  3.6701743e+000
  3.7939945e+000  7.9692911e+000
  5.9900556e+000  7.3271506e+000
  3.6326058e+000  9.0056754e+000
  3.0621585e+000  8.2204547e+000
  3.3418133e+000  7.2108252e+000
  1.3299694e+000  6.2162298e+000
  1.4364293e+000  6.9144440e+000
  7.5693950e+000  5.5615984e+000
  5.8302880e+000  7.3744354e+000
  5.5122149e+000  5.6994557e+000
  6.9761299e+000  4.6681030e+000
  5.8274123e+000  3.7138575e+000
  6.0897802e+000  2.7057245e+000
  8.0092930e+000  4.4619096e+000
  3.2723950e+000  3.1581170e+000
  7.1267452e+000  1.0657947e+000
  6.5383877e+000  7.2414359e+000
  7.5141388e+000  4.2256208e+000
  6.3870228e+000  3.4414902e+000
  1.7598828e+000  6.9274024e+000
  2.6239508e+000  1.3248699e+000
  6.8395400e-001  5.7648290e+000
  3.2327877e+000  7.3809659e+000
  6.0490306e-001  2.6388408e+000
  5.1908302e+000  7.8501425e+000
  3.1689206e+000  4.2835251e+000
  4.1201486e+000  3.1857205e+000
  3.0300310e+000  4.5132191e+000
  7.5838287e+000  4.7588373e+000
  9.9541124e+000  4.5132194e+000
  4.2629722e+000  1.5138753e+000
  7.9121363e+000  2.7948018e+000
  6.6476045e+000  3.7774051e+000
  1.3776130e+000  6.8117628e+000
  5.2084453e-002  4.8852994e+000
  7.4980644e+000  6.7727219e+000
  6.8431060e+000  6.8049460e+000
  9.6944485e+000  3.8803305e+000
  5.7372223e+000  6.0710277e+000
  3.0946117e-001  5.2021184e+000
  6.9642856e+000  2.1426717e+000
  6.4914571e+000  2.5227857e+000
  5.9191527e+000  3.3177818e+000
  7.7186261e+000  4.0975695e+000
  6.0577395e+000  4.7591271e+000
  6.6163122e+000  3.2416638e+000
  7.4094365e+000  6.6083100e+000
  7.4395491e+000  4.6188283e+000
  3.4511880e+000  3.6691242e+000
  5.7930035e+000  3.3002189e+000
  3.7606545e+000  4.2416132e+000
  6.1889179e+000  5.5269771e+000
  4.7146981e+000  3.8610561e+000
  8.8853141e-001  3.6641746e+000
  3.4854586e+000  3.0975820e+000
  3.6613461e+000  7.6082534e+000
  6.5112830e+000  3.6381133e+000
  2.8814721e+000  4.9041252e+000
  6.2192525e+000  9.8524839e+000
  6.2133935e+000  2.4150058e+000
  7.1073061e+000  4.0679433e+000
  5.9433323e+000  1.3739941e+000
  5.1103009e+000  2.7302156e+000
  3.2524690e+000  3.3623561e+000
  9.1489912e+000  5.1610532e+000
  6.6361171e+000  4.6817275e+000
  3.4870173e+000  3.6030780e+000
  4.2625097e+000  4.2721034e+000
  2.1192419e+000  6.6068854e+000
  7.8406747e+000  5.8295201e+000
  4.2776978e+000  3.2858543e+000
  4.6114393e+000  3.7235896e+000
  5.8508939e+000  1.9418204e+000
  6.6535878e+000  2.1031824e+000
  6.2464043e+000  6.6441018e+000
  5.9462263e+000  2.9387961e+000
  5.8156036e+000  3.6130707e+000
  6.3250264e+000  7.3872474e+000
  4.1572717e+000  7.0372128e+000
  3.1358431e+000  8.9954712e+000
  6.6239499e+000  2.7781685e+000
  2.0313960e+000  6.9731756e+000
  2.3048411e+000  9.2804872e+000
  8.2823939e+000  5.9527686e+000
  2.9754147e+000  7.6513688e+000
  6.3029183e+000  3.6314833e+000
  3.1995928e+000  2.4166570e+000
  7.0372551e+000  8.6789439e+000
  1.9172759e+000  7.5945260e+000
  7.1804331e+000  6.6254050e+000
  4.8766767e+000  6.2677652e+000
  5.6836689e+000  5.4742455e+000
  5.4380202e+000  5.3563160e+000
  3.6763372e+000  5.2289807e+000
  5.6000712e+000  3.1875296e+000
  3.1277719e+000  6.8918001e+000
  7.0116568e+000  3.2001485e+000
  4.0877643e-001  4.6691580e+000
  7.4269370e+000  2.7852846e+000
  7.0898995e+000  7.8676176e+000
  2.5534664e+000  6.8558086e+000
  6.4241228e+000  3.3900011e+000
  3.7230208e+000  8.0735238e+000
  3.1454096e+000  4.7778393e+000
  6.0009507e+000  7.9145285e+000
  6.5072698e+000  2.4965779e+000
  7.0264681e+000  2.3292332e+000
  1.1391233e+000  5.4537575e+000
  7.2446443e+000  7.9899405e+000
  3.1291049e+000  4.3089759e+000
  5.7254925e+000  7.3120640e+000
  6.2450964e+000  7.6230860e+000
  3.7173292e+000  7.0069126e+000
  7.4879319e+000  8.3811739e+000
  4.0848424e+000  4.1398835e+000
  1.6439253e+000  7.1805591e+000
  6.5217815e+000 -1.5438168e+000
  6.3061398e+000  7.6177173e+000
  2.2423779e+000  3.7970568e+000
  5.8836884e+000  7.8343239e+000
  1.0659892e+000  5.3016013e+000
  6.5184514e+000  3.2621516e+000
  6.6739896e+000  1.8894732e+000
  6.0404215e+000  5.1985768e+000
  3.1184864e+000  4.3820225e+000
  5.4372548e+000  2.3681363e+000
  3.3402522e+000  2.4979783e+000
  5.9409702e+000  4.2869725e+000
  5.5335820e+000 -1.4643396e+000
  2.3732404e+000  2.9382179e+000
  2.8589674e+000  6.4474569e+000
  6.4201982e+000  2.6963515e+000
  4.0320581e+000  5.2382405e+000
  4.0738141e+000  4.5351588e+000
  4.2856123e+000  8.8504449e+000
  7.3424441e+000  9.2260181e+000
  8.1954304e+000  6.7268979e+000
  5.5203402e+000  3.1413004e+000
  2.8142107e+000  3.2372381e+000
  2.9633006e+000  4.3803821e+000
  5.9426472e+000  4.5659837e+000
  3.5215393e+000  7.8507959e+000
  7.3811669e+000  6.9712135e+000
  2.5200946e+000  4.6148855e+000
  1.4493795e+000  6.5680249e+000
  6.0037962e+000  3.6308254e+000
  5.6266926e+000  3.1917096e+000
  4.6255816e+000  4.3531271e+000
  7.2975444e+000  1.9397347e+000
  5.9014353e+000  2.6319146e+000
  5.7092795e+000  5.6301992e+000
  8.3317586e-001  5.7542910e+000
  6.0681706e+000  6.4276161e+000
  4.1856326e-001  8.1339521e+000
  3.5056123e+000  9.1232400e+000
  2.4840249e+000  3.1714012e+000
  2.8671608e+000  2.7427456e+000
  1.9866817e+000  7.3098353e+000
  3.6194304e+000  3.7921053e+000
  3.7039064e+000  5.9119606e+000
  2.6585987e+000  8.1589751e+000
  6.0208228e+000  4.0965582e+000
  4.5572873e+000  3.3056414e+000
  3.7778697e+000  4.4357043e+000
  4.7442828e+000  1.7100653e+000
  7.1864174e+000  1.8638465e+000
  7.6023739e+000  4.8096812e+000
  2.2598913e+000  3.2334853e+000
  5.9567223e+000  5.6524671e+000
  6.2640205e+000  4.7885524e+000
  8.5963847e+000  8.8338180e+000
  6.7681724e+000  1.2204732e+000
  4.9210961e+000  2.3095071e+000
  6.3936497e+000  6.8368074e+000
  3.7839184e+000  7.7407904e+000
  8.6870587e+000  3.3930339e+000
  2.2677294e+000  6.7626644e+000
  7.5329352e+000  2.4623755e+000
  6.5430317e+000  4.8171043e+000
  4.8687113e+000  6.2866599e+000
  6.1358133e+000  6.2816415e+000
  6.9000244e+000  8.1174691e+000
  7.6740494e+000  6.9955742e+000
  2.4989576e+000  4.0104983e+000
  9.4330405e+000  5.0812518e+000
  5.7526782e+000  6.8603040e+000
  2.9813053e+000  5.0097465e+000
  5.8131732e+000  2.5840793e+000
  3.1967730e+000  2.9739057e+000
  1.2336967e+000  4.3139211e+000
  2.3195731e+000  5.9987992e+000
  3.8634147e+000  6.6580002e+000
  9.0062705e-002  3.1616077e+000
  3.0673483e+000  7.6494171e+000
  6.4202118e+000  6.8619111e+000
  8.1909832e+000  9.5378051e+000
  2.3703040e+000  4.1225036e+000
  6.1337452e+000  6.0659516e+000
  2.3702010e+000  7.2909361e+000
  7.7618479e+000  6.6839223e+000
  6.9054762e+000  3.2043284e+000
  3.8719560e+000  3.8928132e+000
  5.7027281e+000  2.3899266e+000
  1.5592963e+000  2.8174331e+000
  6.8341872e+000  4.7844444e+000
  5.9380981e+000  3.7700633e+000
  3.3807689e+000  2.5989880e+000
  4.4833374e+000  5.9142596e+000
  6.5213768e+000  9.0289114e+000
  6.8838332e+000  3.0427916e+000
  3.8294105e+000  8.6198306e+000
  3.2087128e+000  2.5909852e+000
  3.5207391e+000  3.1726563e+000
  5.1070346e+000  3.4464419e+000
  3.2289777e+000  6.8701613e+000
  3.6760328e+000  1.6000523e+000
  6.6313685e+000  4.7735152e+000
  3.3279508e+000  8.2017936e+000
  3.6361244e+000  2.3628284e+000
  7.3634322e+000  1.8222178e+000
  5.6127702e+000  3.6053341e+000
  6.1525537e+000  5.3947677e+000
  8.2841726e+000  9.4767591e+000
  8.8884499e+000  6.4487037e+000
  5.5176670e+000  2.9694461e+000
  6.7046325e+000  2.1238787e+000
  2.5751976e+000  1.2219808e+000
  7.7732968e+000  9.2198783e+000
  7.2448087e+000  9.7171051e+000
  6.1012591e+000  5.1546335e+000
  5.2607646e+000  3.6659216e+000
  4.9336703e+000  4.1154593e+000
  6.4944810e+000  4.1899874e+000
  1.4710441e+000  7.0001509e+000
  8.0918829e+000  9.3834162e+000
  6.8100099e+000  5.2696287e+000
  2.5008681e+000  7.2714902e+000
  6.4445694e+000  8.8159394e+000
  6.8539269e+000  5.5600252e+000
  6.3569209e+000  7.7614867e+000
  3.7547649e+000  4.8309976e+000
  4.6648189e+000  8.7087824e+000
  3.0089019e+000  3.1261685e+000
  7.7057025e+000  7.0647680e+000
  4.0068186e+000  3.2791742e+000
  5.6272951e+000  5.6515417e+000
  7.7812617e+000  2.0962299e+000
  3.2687211e+000  4.6619981e+000
  3.1324272e+000  1.4556424e+000
  5.5466048e+000  2.2243929e+000
  2.2896976e+000  4.4140839e+000
  3.7458239e+000  7.2820636e+000
  3.4997960e+000  3.1231902e+000
  6.7259823e+000  9.7707921e+000
  3.4928885e+000  7.2215929e+000
  3.3475106e+000  8.5774871e+000
  4.3277794e+000  6.3732484e+000
  2.7296915e+000  7.2145243e+000
  5.9629271e+000  5.2575014e+000
  7.1092247e+000  2.2103224e+000
  5.8538072e+000  2.6703565e+000
  4.5666190e+000  3.0946689e+000
  3.0988304e+000  4.3513432e+000
  9.4892027e+000  4.4473327e+000
  6.6975303e+000  4.4837652e+000
  2.8214223e+000  8.0813937e+000
  3.7155309e+000  6.1254052e+000
  3.1700263e+000  7.4450208e+000
  8.2002554e+000  2.0910410e+000
  2.6871544e+000  2.9969854e+000
  6.2618642e+000  4.4752772e+000
  8.3757832e+000  7.2322879e+000
  3.2012999e+000  7.7281481e+000
  5.6520480e+000  3.4293715e+000
  6.6793407e+000  6.9837894e+000
  7.2075346e+000  8.2132154e+000
  5.0293046e+000  3.5180022e+000
  2.0044085e+000  6.6766986e+000
  2.4533263e+000  2.7569781e+000
  3.5747018e+000  9.2857095e+000
  8.4326729e+000  5.4184181e+000
  3.1727535e+000  8.2801458e+000
  6.0555559e+000  2.4297644e+000
  5.3894248e+000  3.9629012e+000
  1.0715994e+001  7.6329341e+000
  2.6893121e+000  8.5067655e+000
  5.6718294e+000  7.9180306e+000
  5.5879250e+000  2.6886771e+000
  3.5892494e+000  1.6392663e+000
  7.7905341e+000  9.8119027e+000
  2.9001839e+000  9.0204332e+000
  1.5377840e+000  7.5805440e+000
  8.0618721e+000  7.1882196e+000
  3.0837436e+000  4.2128291e+000
  3.8054564e+000  4.7564222e+000
  5.9478148e+000  7.2696130e+000
  6.6671851e+000  6.1722983e-001
  8.2075679e+000  6.2458770e+000
  2.5326441e+000  6.8589020e+000
  3.0537638e+000  6.6609052e+000
  2.4704777e+000  3.2898713e+000
  5.8711353e+000  1.7887995e+000
  3.6932909e+000  5.2950358e+000
  8.8797107e-001  1.5869286e+000
  3.4022531e+000  5.0724749e+000
  6.5384388e+000  8.0692101e+000
  7.6792987e+000  4.7326134e+000
  2.8563967e+000  5.2932556e+000
  3.5495202e+000  4.6633859e+000
  4.2548150e+000  5.9587556e-001
  3.6006114e+000  2.8661215e+000
  3.8637383e+000  3.5471570e+000
  3.4521009e+000  4.2426713e+000
  5.8722057e+000  2.6748524e+000
  2.8848994e+000  3.3921308e+000
  6.4595906e+000  3.6367605e+000
  3.6753389e+000  8.6260745e+000
  5.6201629e+000  5.0173791e+000
  4.6766110e+000  1.9995719e+000
  6.8613930e+000  9.7099637e+000
  3.6742651e+000  7.8052913e+000
  8.9881391e+000  4.6731308e+000
  5.3191925e+000  7.3782962e+000
  3.6459192e-001  5.0194962e+000
  7.1679833e+000  4.8323685e+000
  3.8978663e+000  3.3920124e+000
  6.6723375e+000  6.7522707e+000
  2.5897058e+000  8.3628734e+000
  1.8055709e+000  2.8708241e+000
  3.8427441e+000  4.9381917e+000
  5.4434555e+000  6.0895566e+000
  6.5538999e+000  3.2283041e+000
  2.5898773e+000  5.0966764e+000
  3.9410153e+000  7.9288657e+000
  5.8449999e+000  5.8242699e+000
  3.1492013e+000  7.8002865e+000
  3.3485573e+000  8.0902797e+000
  4.0207491e+000  6.3123569e+000
  2.6090939e+000  3.0168809e+000
  4.7485406e+000  6.9565039e+000
  5.8059442e+000  5.4028219e+000
  6.9952010e+000  7.8966282e+000
  8.4808802e+000  9.1533376e+000
  3.3794113e+000  4.0627003e+000
  3.0547396e+000  8.1488931e+000
  7.8108244e+000  2.1022392e+000
  2.4116824e+000  4.3215516e+000
  5.2373753e+000  3.9610344e+000
  4.5046342e+000  3.4441909e+000
  7.0730509e+000  7.9506446e+000
  6.0494771e+000  3.0590922e+000
  2.4938871e+000  1.0931305e+001
  3.7835371e+000  2.4020744e+000
  5.9681790e+000  2.8570932e+000
  2.8672401e+000  7.7972515e+000
  6.3516119e+000  2.2071017e+000
  6.1333470e+000  8.3676546e+000
  6.0776686e+000  5.1082931e+000
  3.0935645e+000  7.0023748e+000
  3.5943076e+000  5.8570770e+000
  6.5941943e+000  6.5266452e+000
  1.1750652e+000  5.1094433e+000
  7.1175654e+000  1.8470046e+000
  2.6486588e+000  2.5509688e+000
  8.0475099e+000  5.0544193e+000
  6.6274031e+000  6.6886446e+000
  4.3442371e+000  2.0958068e+000
  4.7240430e+000  5.2892611e+000
  7.5404777e+000  3.6539953e+000
  2.8649554e+000  7.8170043e+000
  2.3672009e+000  6.9047182e+000
  5.7259560e+000 -3.4710159e-001
  7.6319744e+000  7.4637817e+000
  9.6723912e+000  4.5526967e+000
  1.0377011e+001  3.8282635e+000
  2.7811183e+000  2.4839303e+000
  4.8485783e+000  3.4601006e+000
  5.8655182e+000  6.6225820e+000
  6.5215995e+000  6.8555550e+000
  5.0083254e-001  1.1326630e+001
  5.3542721e+000 -3.3527250e-002
  6.0646972e+000  8.1627443e+000
  1.9639120e+000  7.3794363e+000
  2.8103109e+000  5.3061517e+000
  6.0542700e+000  3.3626511e+000
  6.9636737e+000  7.2909458e+000
  7.9494702e+000  7.7297997e+000
  7.5885516e+000  6.2851693e+000
  1.4688318e+000  8.0412135e+000
  6.6742940e+000  6.1254403e+000
  5.1099472e+000  2.9281674e+000
  5.9484308e+000 -1.8529404e+000
  4.2108223e+000  1.6991200e+000
  6.6575425e+000  5.8628675e+000
  3.3576674e+000  7.6489745e+000
  9.5505233e+000  6.3458197e+000
  3.5394873e+000  8.2794669e+000
  4.5747309e+000  4.5119701e+000
  4.6869035e+000  3.0189978e+000
  5.5599245e+000  3.0011968e+000
  6.7777624e+000  8.8669752e+000
  1.4424060e+000  3.7064698e+000
  7.7362770e+000  7.6694502e+000
  8.5087495e+000  2.7236422e+000
  1.4618480e+000  8.1047315e+000
 -1.9930333e-001  2.1072171e+000
  3.1113993e+000  7.7706746e+000
  4.8344446e+000  4.4031897e+000
  6.0423858e+000  7.9381593e+000
  1.9335868e+000  3.2795624e+000
  1.0238899e+000  1.6450529e+000
  5.6716537e+000  5.2968737e+000
 -6.6962907e-001  3.8427805e+000
  7.9738362e+000  7.7088106e+000
  3.3815418e+000  5.8704392e+000
  7.6689685e+000  2.1495010e+000
  2.8917915e+000  8.6556182e+000
  3.4212265e+000  7.8368445e+000
  1.6733463e+000  2.2784276e+000
  3.5912303e+000  3.8592593e+000
  9.9737125e+000  5.4441331e+000
  9.8445863e-001  6.3143812e+000
  6.0150575e+000  1.1156830e+000
  3.7988126e+000  8.0713422e+000
  5.3551384e+000  3.0349793e+000
  2.5816094e+000  4.6289140e+000
  5.3623777e+000  2.7413702e+000
  1.7170228e+000  6.1496141e+000
  5.4532844e+000  3.2932952e+000
  7.0080001e+000  3.1265087e+000
  3.7078617e+000  7.7087424e+000
  7.4417006e+000  2.2502635e+000
  8.1961346e+000  5.7733304e+000
  2.4164923e+000  4.6644731e+000
  7.1125077e+000  2.9037750e+000
  9.0677592e+000  5.1136031e+000
  1.4558833e+000  2.9370295e+000
  8.0676271e+000  7.6284766e+000
  5.4620316e+000  5.0877612e+000
  6.4324499e+000  2.1991908e+000
  2.7634686e+000  3.4174902e+000
  5.3673848e+000  7.1961831e+000
  1.0895654e+000  2.1852533e+000
  4.7922403e+000  4.5214095e+000
  3.3557733e+000  8.5107738e+000
  4.1265545e+000  2.7318999e+000
  6.6958923e+000  2.1141088e+000
  6.1502774e+000  6.7596826e+000
  6.5625664e+000  6.4210406e+000
  4.1830870e+000  4.3018840e+000
  6.2453549e+000  2.4185420e+000
  9.5707805e+000  2.9476581e+000
  5.4354410e+000  6.8755305e+000
  6.6038144e+000  9.4987136e+000
  7.4255666e+000  6.5359638e+000
  7.7047689e+000  3.9305334e+000
  1.0122192e+001  3.4734253e+000
  6.4069107e+000  3.3082016e+000
  7.2946954e+000  9.1720461e+000
  2.5246122e+000  3.3356235e+000
  2.1573564e+000  6.8616189e+000
  1.9002251e+000  7.6356284e+000
  2.4151156e+000  4.3949432e+000
  6.3780794e+000  6.8260011e+000
  6.6306607e+000  1.0261363e+001
  6.0818961e+000  3.7631270e+000
  6.3997935e+000  4.6632960e+000
  3.9618543e+000  4.8284069e+000
  8.1777661e+000  4.8984542e+000
  8.0679638e+000  7.7225511e+000
  3.0274925e+000  2.6289865e+000
  8.5864287e+000  4.1635857e+000
  3.1541585e+000  4.4654909e+000
  2.3383597e+000  4.8314648e+000
  7.4445050e+000  8.6101032e+000
  4.6572624e+000  7.7665362e+000
  9.7684041e+000  3.1638207e+000
  1.0019284e+001  3.8738908e+000
  7.7144551e+000  6.1422272e+000
  4.7506932e+000  3.2933737e+000
  2.9154888e+000  3.6687220e+000
  9.3790068e+000  5.5954555e+000
  3.4924651e+000  8.2643553e+000
  9.3441541e+000  4.9286316e+000
  7.3603552e+000  2.0071413e+000
  7.3654471e+000  7.1876050e+000
  2.1721432e+000  3.4675583e+000
  7.8382680e+000  8.5798974e+000
  1.6893841e+000  7.7536081e+000
  3.8654003e+000  1.9178028e+000
  3.2589242e+000  2.7192056e+000
  4.5447947e+000  1.4344177e+000
  6.7541919e+000  6.1809086e+000
  3.4476316e+000  4.0836520e+000
  7.7308807e+000  7.7123693e+000
  3.4164229e+000  3.8354128e+000
  6.9889732e+000  7.6913464e+000
  9.8048889e+000  6.7973113e+000
  2.0893059e+000  6.8175082e+000
  5.8055472e+000  3.4143270e+000
  7.4173210e+000  5.0876862e+000
  9.3097043e+000  4.6991961e+000
  6.1380718e+000  3.2271462e+000
  2.8712142e+000  4.8205263e+000
  4.0306187e+000  8.1711359e+000
  6.5829215e+000  3.0381619e+000
  5.2654520e+000  9.2141433e+000
  2.1446866e+000  3.1686323e+000
  6.1920743e+000  3.7237442e+000
  4.0621824e+000  6.1162782e+000
  1.5123600e+000  6.9185497e+000
  5.2909561e+000  5.3896442e+000
  3.3440254e+000  3.2396537e+000
  4.4364011e+000  4.6145621e+000
  6.3779448e+000  6.8974481e+000
  1.9375917e+000  7.8404775e+000
  6.9262051e+000  2.0311206e+000
  1.8482391e+000  7.3299193e+000
  7.0448401e+000  3.9807128e+000
  1.8713156e+000  6.7897413e+000
  3.6790842e+000  3.9488960e+000
  3.8417964e+000  4.8912281e+000
  6.5961133e+000  3.1527190e+000
  5.7281529e+000  6.4146978e+000
  6.2345465e+000  3.1360241e+000
  4.5180484e+000  1.9759742e+000
  8.9642947e+000  5.3290483e+000
  2.2121923e+000  6.1060967e+000
  6.3067027e+000  2.1745396e+000
  6.8061816e+000  4.2680906e+000
  4.1428097e+000  9.4304520e+000
  3.1985091e+000  7.7606313e+000
  2.5257265e+000  3.5740362e+000
  7.2788660e+000  4.2042575e+000
  4.6726902e+000  4.3360965e+000
  5.4252413e+000  2.8386171e+000
  3.3419200e+000  3.6166163e+000
  3.0869622e+000  3.6607685e+000
  2.9002968e+000  5.1545528e+000
  5.3734492e+000  4.6821631e+000
  2.2015102e+000  6.6092708e+000
  6.5885559e+000  2.5630511e+000
  8.3899053e+000  2.5842618e+000
  4.0822746e+000  4.8504506e+000
  3.1886647e+000  5.0157980e+000
  8.5022895e+000  8.0208474e+000
  2.8183170e+000  3.6014686e+000
  4.8687765e+000  8.6108308e+000
  2.5573775e+000  8.5979667e-001
  6.3980189e+000  3.0670969e+000
  7.7233653e+000  6.7664989e+000
  1.4981544e+000  6.8110923e+000
  9.1442247e+000  3.3225503e+000
  4.8117750e+000  7.2323655e+000
  6.6739294e+000  7.5747510e+000
  2.7508281e+000  3.1168916e+000
  6.9315184e+000  3.3717106e+000
  7.2372791e+000  8.2119148e+000
  3.5831526e+000  6.5342188e+000
  3.1946185e+000  8.8733087e+000
  3.4349947e+000  6.1025199e+000
  3.5984580e+000  2.8608631e+000
  3.3357859e+000  8.1538647e+000
  9.4596981e+000  8.3991162e+000
  3.0073215e+000  8.0041059e+000
  1.8090516e+000  3.4012569e+000
  7.4279731e+000  4.5602103e+000
  6.4804630e+000  3.2096560e+000
  3.5068857e+000  5.0284527e+000
 -3.5309829e-001  4.8656667e+000
  5.8296417e+000  2.8062357e+000
  7.8093353e+000  2.4234910e+000
  7.5898530e+000  5.3490366e+000
  6.5440709e+000  7.1302702e+000
  6.0753588e+000  6.7503983e+000
  9.2296056e+000  3.9454483e+000
  8.9648610e+000  8.1236460e+000
  4.7353056e+000  3.2338804e+000
  4.4042752e+000  6.7647198e+000
  2.4875075e+000  3.0335685e+000
  6.1588731e+000  4.7673305e+000
  3.1839918e+000  8.6010854e+000
  3.3453646e+000  4.9658567e+000
  6.1195105e+000  3.9306078e+000
  7.9023538e+000  3.6501643e+000
  4.1675602e+000  4.3365417e+000
  8.7131395e+000  3.5106068e+000
  6.6713364e+000  4.8121651e+000
  5.7691915e+000  3.3298560e+000
  7.7012090e+000  2.2102800e+000
  5.8568074e+000  3.1042537e+000
  7.8208560e+000  2.5499058e+000
  4.8548885e+000  1.2319155e+000
  7.0395529e+000  2.8034327e+000
  9.6343549e+000  7.5070090e+000
  3.1655471e+000  4.6399879e+000
  5.7790796e+000  3.3904138e+000
  5.1264291e+000  2.7063986e+000
  9.5942119e+000  6.4674800e+000
  7.2322961e+000  3.1151786e+000
  1.5555051e+000  4.8307499e+000
  6.1563481e+000  4.5090198e+000
  5.6435483e+000  6.8684393e+000
  2.5185955e+000  1.8003879e+000
  5.9348727e+000  8.5067021e+000
  7.1744671e+000 -2.6643072e-001
  1.7773103e+000  2.4229590e+000
  1.0241372e+000  7.4216336e+000
  4.4717221e+000  8.1883616e+000
  4.9664278e+000  6.7191981e+000
  7.0175485e+000  2.8819854e+000
  7.5912340e+000  5.5616060e+000
  7.3427854e+000  6.9349007e+000
  6.3611889e+000  4.2819494e+000
  7.1314200e+000  6.0441832e+000
  2.5900056e+000  5.0194939e+000
  3.8804466e+000  6.0868394e+000
  6.7386076e+000  2.2326251e+000
  7.4500201e+000  8.3724233e+000
  6.5115940e+000  7.5836491e+000
  4.4391431e+000  3.5923287e+000
  3.2869032e+000  4.8679689e+000
  4.8973287e+000  2.1035568e+000
  6.1187232e+000  5.2012003e+000
  5.3726112e+000  2.5698445e+000
  5.5454255e+000  6.3205721e+000
  4.5843834e+000  2.8410993e+000
  3.7164274e+000  8.0589679e+000
  1.5667681e+000  6.6542483e+000
  3.1978325e+000  5.0985521e+000
  5.4128042e+000  3.0854412e+000
  2.7058643e+000  3.0922843e+000
  2.8327292e+000  7.8142882e+000
  4.1244681e+000  6.2185393e+000
  9.9543145e+000  4.2167924e+000
  4.5393497e+000  7.5666132e+000
  3.1469980e+000  8.0148076e+000
  4.1057523e+000  6.1738865e+000
  5.6847525e+000  3.4161835e+000
  3.4543383e+000  8.3288554e+000
  2.9215117e+000  2.3510092e+000
  6.2328004e+000  6.3111707e+000
  4.5893398e+000  9.5668443e+000
  5.4573783e+000  3.5423804e+000
  5.2760768e+000  5.1914468e+000
  5.0347045e+000  6.9128033e+000
  4.5979982e+000  4.6766974e+000
  4.4863634e+000  5.8738457e+000
  3.5866240e+000  3.0914117e+000
  3.8850229e+000  8.3391026e+000
  2.9541202e+000  7.4282510e+000
  1.7414032e+000  2.7843506e+000
  3.3360288e+000  2.0804516e+000
  2.2867055e+000  5.1573260e+000
  6.0658986e+000  2.9820111e+000
  8.1917887e+000  8.1803401e+000
  6.3887019e+000  6.4875237e+000
  5.9096101e+000  7.0438966e-001
  4.4552831e+000  4.0583517e+000
  2.8557166e+000  2.2696057e+000
  3.3950534e+000  8.2398453e+000
  9.1091605e+000  3.9558038e+000
  2.9650485e+000  8.5545803e+000
  1.4142379e+000  5.7059614e+000
  5.6545166e+000  3.7657505e+000
  1.8334121e+000  5.1070809e+000
  1.7655680e+000  6.8605135e+000
  7.2807856e+000  3.9041792e-002
  3.0995692e+000  8.8500441e+000
  4.1106364e+000  7.2415555e+000
  3.0951612e+000  2.8967788e+000
  9.6918715e+000  3.1039635e+000
  2.9895044e+000  2.9194371e+000
  5.9760003e+000  3.0104535e+000
  5.5206904e+000  3.2697938e+000
  2.7623245e+000  3.2815672e+000
  3.3020821e+000  6.3445756e+000
  3.2919213e+000  4.4601808e+000
  3.2006668e+000  4.2810312e+000
  6.3571393e+000  3.0400125e+000
  3.8023039e+000  2.3155118e+000
  3.5532009e+000  3.3950743e+000
  5.4780543e+000  5.2338829e+000
  6.0797180e+000  4.9890092e+000
  6.5158832e+000  7.6536012e+000
  6.5392860e+000  5.8554845e-001
  3.8171614e+000  8.8734572e+000
  6.5947466e+000  2.6243329e+000
  3.7204286e+000  4.2044517e+000
  8.5974038e+000  4.3416780e+000
  8.4613737e+000  3.5396865e+000
  5.9896792e+000  1.6331375e+000
  3.6779889e+000  7.9378673e+000
  1.9270959e+000  7.5416273e+000
  1.0974057e-001  6.6284767e+000
  6.6352171e+000  6.5211511e+000
  6.3162946e+000  2.1258236e+000
  4.5989480e+000  3.2055198e+000
  5.2221665e+000 -3.0102289e-001
  5.5872589e+000  2.7549938e+000
  7.3042914e+000  7.3756882e+000
  5.9545493e+000  7.0276838e+000
  8.0942965e+000  5.6139303e+000
  3.9716819e+000  3.1066862e+000
  6.6962226e+000  3.6802728e+000
  1.2496318e+000  6.4786610e+000
  2.6628995e+000  7.8942360e+000
  5.8378041e+000  5.1479667e+000
  8.9721541e+000  3.2160457e+000
  6.1015074e+000  2.4350129e+000
  4.0145765e+000  7.4328460e+000
  6.9438686e+000 -4.6900353e-001
  7.3602857e+000  6.7077242e+000
  5.5659177e+000  3.8187311e+000
  2.6431155e+000  4.6328505e+000
  3.6000223e+000  3.6007782e+000
  2.0814782e+000  6.0726890e+000
  6.9666727e+000  4.4504639e+000
  3.1729243e+000  2.1964253e+000
  5.8227012e+000  3.3806494e+000
  1.8047699e+000  7.5305023e+000
  5.9310013e+000  2.8324523e+000
  6.6916240e+000  2.4273739e+000
  4.7847066e+000  5.0809388e+000
  6.8808329e+000  1.6053978e+000
  6.1207204e+000  4.5929554e+000
  1.1217327e+000  1.2829014e+000
  5.6261605e+000  3.0283638e+000
  8.6610240e+000  3.6119715e+000
  8.9219537e+000  4.8572191e+000
  6.3611759e+000  4.9363837e+000
  8.0548981e+000  4.4355134e+000
  8.6335897e+000  4.8493656e+000
  3.9253725e+000  3.5919042e+000
  9.0882001e+000  4.4425530e+000
  1.0081668e+001  8.5118395e+000
  8.3745948e+000  6.4892311e+000
  6.0939433e+000  3.2063311e+000
  5.2758155e+000  2.7031571e+000
  3.4927256e+000  3.6623867e+000
  6.1951490e+000  2.5959244e+000
  3.2621864e+000  3.3269178e+000
  3.9899375e+000  6.5882574e+000
  7.9477797e+000  9.0082180e+000
  1.8955291e+000  7.7512343e+000
  5.9140185e+000  5.0025425e+000
  3.4688206e+000  3.4670923e+000
  8.3370763e+000  9.9979105e+000
  2.4947822e+000  3.7300237e+000
  8.0976135e+000  2.7732696e+000
  4.4046142e+000  7.8311009e+000
  2.1547315e+000  7.7453317e+000
  1.2388059e+000  2.9047820e+000
  2.0349144e+000  6.5664496e+000
  8.3276735e+000  5.9388268e+000
  1.0729753e+000  5.4742042e+000
  3.5181372e+000  8.3114229e+000
  7.5061927e-001  9.1187424e+000
  2.5336028e+000  3.9897950e+000
  7.3422530e+000  8.8156657e+000
  3.5733167e-001  7.2455863e+000
  5.7632393e+000  4.2886919e+000
  1.7561920e+000  6.7391734e+000
  2.8244699e+000  8.0016230e+000
  5.5531176e+000  4.0227003e+000
  5.9615991e+000  2.4160001e+000
  3.0714809e+000  4.6691844e+000
  3.6001243e+000  4.2754194e+000
  1.6051581e+000  6.6366547e+000
  1.4343761e+000  7.3405909e+000
  4.9237934e+000  3.5696624e+000
  5.2690790e+000  2.7926012e+000
  9.2486405e+000  5.9133067e+000
  6.6181609e+000  7.7163147e+000
  9.4728597e+000  6.0810871e+000
  7.3952969e+000  3.4041435e+000
  7.1273011e+000  9.5122682e+000
  2.8820711e+000  4.9331337e+000
  6.5837300e+000 -1.1231286e+000
  3.1899312e+000  6.6148993e+000
  7.2815735e+000  5.3810689e+000
  9.3873012e+000  3.0844100e+000
  8.9763725e+000  8.0747797e+000
  3.0553190e+000  2.4634979e+000
  5.4654680e+000  4.3089089e+000
  3.4448851e+000  3.2211408e+000
  3.9024219e+000  1.6519558e+000
  4.6561401e+000  3.1333022e+000
  4.2255292e+000  3.9140654e+000
  2.4043321e+000  4.4598657e+000
  5.7307031e+000  8.0102828e+000
  6.7550862e+000  4.1997285e+000
  5.8980265e+000  7.7236825e+000
  1.5854852e-002  8.3362302e+000
  7.4375894e+000  4.0955012e+000
  2.5988939e+000  3.4326248e+000
  2.4905853e+000  7.2802371e+000
  7.7798162e+000  6.2665525e+000
  1.4169638e+000  6.8198013e+000
  9.1581126e+000  4.9876806e+000
  2.2854384e+000  4.9291836e+000
  4.5168125e+000  4.7439239e+000
  5.1880454e+000  4.7133833e+000
  2.8179963e+000  7.8792977e+000
  4.0393582e+000  7.5364944e+000
  5.5300075e+000  3.5541840e+000
  5.0004326e+000  1.2802443e+000
  5.6044441e+000  3.5672914e+000
  3.2219423e+000  7.9390574e+000
  8.1280179e+000  3.6301242e+000
  3.8368293e+000 -9.2460600e-002
  6.2315429e+000  3.0920582e+000
  6.5292257e+000  7.4591537e+000
  6.2897566e+000  3.2576892e+000
  5.2896559e+000  6.2253128e+000
  6.8467393e+000  6.1702236e+000
  7.1004209e+000  2.4426386e+000
  5.9503292e+000  5.3238494e+000
  2.7050381e+000  8.3228825e+000
  2.3607686e+000  4.6388249e+000
  2.0751087e+000  3.5448816e+000
  6.9169926e+000  3.2565694e+000
  1.6272988e+000  7.4192227e+000
  1.9646513e+000  3.4920653e+000
  5.9799458e+000  6.4826902e+000
  8.0242320e+000  7.9513106e+000
  5.6353210e+000  3.2324449e+000
  7.7555151e+000  6.4891544e+000
  8.8959768e+000  7.3574594e+000
  3.5556191e+000  4.8465403e+000
  5.1148825e+000  3.1426363e+000
  7.5311963e+000  3.4998959e+000
  8.4438255e+000  3.3927374e+000
  8.2788726e+000  3.3902152e+000
  7.4227536e+000  6.8997034e+000
  5.1821334e+000  6.5922719e+000
  5.9005083e+000  4.3244796e+000
  3.6363546e+000  3.0665006e+000
  6.9633460e+000  2.0400876e+000
  1.5102309e+000  2.9171648e+000
  6.6022345e+000  3.5812227e+000
  1.8976896e+000  4.0761692e+000
  1.0679354e+000  2.6060579e+000
  8.2413810e+000  7.1654210e+000
  5.9752208e+000  8.5254847e+000
  5.4894365e+000  4.2203912e+000
  5.3221956e+000  3.8635158e+000
  3.9192934e+000  2.4211067e+000
  3.3067946e+000  4.7341358e+000
  7.5798722e+000  3.8203661e+000
  4.1033703e+000  2.2064746e+000
  7.3474657e+000  7.5711097e+000
  2.8876037e+000  7.5094029e+000
  1.8066239e+000  2.4382439e+000
  7.0860671e+000  3.0185246e+000
  8.6508458e+000  3.5783003e+000
  2.2809107e+000  2.3201729e+000
  2.8107431e+000  3.1724735e+000
  6.6751249e+000  9.4189191e+000
  2.4965363e+000  6.4229646e+000
  1.7490318e+000  8.6629906e+000
  5.9442978e+000 -1.6958544e+000
  3.4039672e+000  8.1699291e+000
  5.6131851e+000  3.5309192e+000
  6.1887608e+000  4.7203426e+000
  3.5861921e+000  1.4013623e+000
  4.4246606e+000  1.7345009e+000
  4.4104432e+000  6.7757780e+000
  3.3764951e+000  8.0075767e+000
  6.8747380e+000  7.0086652e+000
  3.3122296e+000  7.5229205e+000
  3.7336633e+000  8.1130428e+000
  5.9121235e+000  2.0328161e+000
  5.8639710e+000  7.5041375e+000
  3.9081555e+000  3.4462206e+000
  5.0149418e+000  8.6572681e+000
  2.0528653e+000  4.4611906e+000
  7.2964461e+000  5.3064376e+000
  5.8468529e+000  5.4199892e+000
  9.4038409e+000  5.8096887e+000
  8.1334202e+000  2.4513232e+000
  9.7768214e+000  4.5666724e+000
  7.2136403e+000  3.6652897e+000
 -6.8640978e-001  4.5400664e+000
  3.3829120e+000  3.5366537e+000
  5.1946596e+000  6.9237343e+000
  3.4266763e+000  8.2093956e+000
  5.2880200e+000  3.8109901e+000
  3.0814568e+000  7.6567270e+000
  4.9625996e+000  7.1087183e+000
  9.3353227e+000  3.1607570e+000
  3.2743357e+000  8.0771354e+000
  2.5055678e+000  5.1413663e+000
  7.2178711e+000  9.3566356e+000
  4.2181755e+000  3.8574733e+000
  2.2917438e+000  6.6996907e+000
  8.1211192e+000  9.4125206e+000
  3.9952282e+000  3.2610906e+000
  7.1416272e+000  9.8238937e+000
  2.2723833e+000  6.7905743e+000
  4.3645067e+000  6.8112691e+000
  7.7791214e+000  7.1059257e+000
  5.3490331e+000  2.4896857e+000
  8.7223111e+000  4.3489814e+000
  3.9099802e+000  3.9543376e+000
  6.9512293e-001  6.8397682e+000
  3.9476996e+000  6.8460237e+000
  7.0825423e+000  8.1750713e+000
  1.4180430e+000  5.2195079e+000
  2.3801381e+000  4.6471788e+000
  5.8898298e+000  7.1775607e+000
  4.1804820e+000  3.5787019e+000
  9.1154914e-001  2.2358136e+000
  8.6016035e+000  7.4125268e+000
  5.4775521e+000  6.1892715e+000
  5.7741896e+000  2.9661836e+000
  3.4844724e+000  5.3165536e+000
  2.6291246e+000  2.5216575e+000
  7.3714832e+000  2.8841887e+000
  2.5030904e+000  5.2025195e+000
  3.5420173e+000  3.5976719e+000
  6.2369944e+000  3.1716181e+000
  7.3485811e+000  2.5179326e+000
  1.9484642e+000  7.9654128e+000
  7.5582751e+000  6.6097600e+000
  5.6610854e+000  4.4261142e+000
  9.0293225e+000  7.1203261e+000
  4.2245685e+000  8.7435495e+000
  7.1335267e+000  2.6957995e+000
  2.0528821e+000  3.5614792e+000
  6.7140188e+000  6.5949406e+000
  3.7261549e+000  8.0240268e+000
  3.5123208e+000  2.7665600e+000
  9.8207666e+000  3.5500690e+000
  3.5528753e+000  3.3117669e+000
  2.7534046e-002  3.7801745e+000
  2.5514034e+000  3.0887828e+000
  4.7517818e+000  3.3906776e+000
  3.6354064e+000  3.7740990e+000
  2.4475772e-001  1.9042846e+000
  2.6376352e+000  1.2959393e+000
  9.7344481e-001  3.3121543e+000
  5.6182991e+000  4.4866447e+000
 -2.8232858e-001  3.4422817e+000
  6.0041903e+000  3.6147854e+000
  7.1455589e+000  5.6040867e+000
  5.8990084e+000  4.3540065e+000
  2.0616736e+000  4.9314137e+000
  2.6066139e+000  4.7871697e+000
  6.0154804e+000  7.3045360e+000
  3.2137008e+000  3.2391246e+000
  9.2557329e+000  4.5305011e+000
  9.5618102e+000  4.1762543e+000
  5.9164774e+000  6.6076041e+000
  2.9039667e+000  4.8362787e+000
  2.7411271e+000  4.5106253e+000
  8.5116269e+000  4.0131852e+000
  9.0035217e+000  9.0184241e+000
  2.3650284e+000  7.7331676e+000
  1.9785233e+000  4.5418030e+000
  5.0822748e+000  5.4911908e+000
  6.9542537e+000  7.9773482e+000
  4.8736067e+000  4.2108336e+000
  4.7782048e+000  7.9815086e+000
  2.5804984e+000  3.2628554e+000
  1.9441639e+000  6.5648305e+000
  7.3804308e+000  5.1271342e+000
  5.4483726e+000  4.0022363e+000
  9.6706292e+000  3.1340336e+000
  2.9241095e+000  1.5825046e+000
  7.6627826e+000  9.3851600e+000
  1.6796085e+000  7.7127283e+000
  4.1053987e+000  8.1330060e-001
  6.0942547e+000  3.0992114e+000
  3.7796887e+000  7.2371874e+000
  6.0249048e-001  3.8344816e+000
  5.4221310e+000  3.3767273e+000
  6.4101710e+000  1.9913925e+000
  1.0046208e+001  6.7943689e+000
  1.1295915e+000  2.9141385e+000
  6.5824967e+000  7.7360994e+000
  5.9994433e+000  4.1223063e+000
  3.4415145e+000  3.3738922e+000
  3.4319598e+000  3.3717446e+000
  6.0517741e+000  6.1939081e+000
  7.4837682e+000  4.4526983e+000
  9.2443624e+000  9.3696759e+000
  1.5225065e+000  7.0289877e+000
  1.5799267e+000  7.2897275e+000
  6.8179432e+000  6.7985214e+000
  5.5981086e+000  3.8053847e+000
  1.8475607e+000  7.4256753e+000
  2.7025553e+000  5.3110671e+000
  6.6381956e+000  7.7245423e+000
  5.5881055e+000 -4.2991850e-001
  7.7801007e+000  5.7149533e+000
  9.9412156e+000  4.3039803e+000
  3.3913668e+000  6.7176969e+000
  7.9529770e+000  3.5875626e+000
  2.9026606e+000  8.1301432e+000
  5.2957026e+000  1.6066121e+000
  3.2373273e+000  8.5158371e+000
  4.3451708e+000  1.5408195e+000
  9.8076671e+000  1.6034904e-001
  5.3384429e+000  5.4961613e+000
  4.8058430e+000  3.2283303e+000
  1.6622128e+000  2.9137288e+000
  6.5797346e+000  4.6878888e+000
  6.5194227e+000  1.9576147e+000
  6.0509723e+000  7.4812200e+000
 -5.4997292e-001  4.9667663e+000
  3.8256427e+000  9.4847430e+000
  1.2181778e+000  2.1494781e+000
  1.9367241e+000  7.6819871e+000
  3.4069960e+000  7.8687567e+000
  2.6605172e+000  3.3972515e+000
  5.1890685e+000  7.1107946e+000
  6.2551132e+000  3.1730570e+000
  1.8589188e+000  6.6572638e+000
  8.7890020e+000  3.8231172e+000
  2.5361338e+000  2.9764249e+000
  1.7690816e+000  5.2745335e+000
  2.9792454e+000  2.3069886e+000
  6.8754171e+000  6.6429288e+000
  5.0881099e+000  6.8813499e+000
  5.2337305e+000  7.0320413e+000
  7.6373335e+000  9.9258544e+000
  7.3128896e+000  6.3670359e+000
  6.3340366e+000  2.5800499e+000
  4.8550008e+000  2.7770619e+000
  6.6291589e+000  2.2227095e+000
  2.7835680e+000  1.8815071e+000
  2.8920227e+000  2.7094824e+000
  2.9467611e+000  4.5023797e+000
  1.0337072e+001  3.6463149e+000
  3.6426157e+000  7.5610229e+000
  5.5598157e+000  6.5119737e+000
  2.4574159e+000  8.4439670e+000
  2.5956078e+000  5.8283316e+000
  9.1202043e+000  6.3615478e+000
  3.1644142e+000  1.1146325e+000
  4.3527162e+000  7.0015536e+000
  5.6026765e+000  1.4185699e+000
  2.4829640e+000  5.4747276e+000
  6.8484953e+000  6.6748479e+000
  5.6314927e+000  2.7422595e+000
  8.0828267e+000  7.1790163e+000
  6.9161403e+000  3.2976381e+000
  3.9187698e+000  4.9435047e+000
  5.1490195e+000  3.7535891e+000
  7.4191252e+000  7.1761245e+000
  2.2398981e+000  5.5651005e+000
  5.8353665e+000  4.8273536e+000
  2.3647983e+000  5.1539165e+000
  4.8398536e-001  7.7404044e+000
  5.0934198e+000  8.9788582e-001
  3.6559755e+000  2.9283071e+000
  1.5370872e+000  7.4260836e+000
  3.0700846e+000  4.4024853e+000
  1.4985098e+000  7.2640263e+000
  2.8075072e+000  5.2283377e+000
  3.0627676e+000  5.3547152e+000
  6.9711926e+000  6.1299408e-001
  6.5238126e+000  3.3111666e+000
  5.2527557e+000  4.3876971e+000
  5.9393451e+000  8.8775057e+000
  2.6676543e+000  3.4514345e+000
  1.4307065e+000  7.3594449e+000
  3.6756317e+000  3.7126652e+000
  6.0194513e+000  4.3146115e+000
  8.2624107e+000  3.7954794e-001
  6.0937603e+000  2.4663535e+000
  3.5880532e+000  8.9111434e+000
  5.9187794e+000  4.9774363e+000
  6.8512951e+000  3.0406995e+000
  2.5120284e+000  6.3101289e+000
  5.9082995e+000  2.7361631e+000
  7.6110520e+000  8.3636185e+000
  9.5435521e+000  4.8291321e+000
  2.8888111e+000  4.5699983e+000
  5.1449813e+000  2.3272065e+000
  2.3296337e+000  3.5964783e+000
  3.9170731e+000  9.9338429e+000
  2.7542310e+000  6.7501189e+000
  8.0071718e+000  6.4585191e+000
 -7.0637436e-001  9.6040137e+000
  8.3108440e+000  5.7244600e+000
  4.0647696e+000  6.4331962e+000
  1.0514012e+000  2.1274277e+000
  3.4326344e+000  7.8402280e+000
  5.3972808e+000  6.4128207e+000
  6.8362125e+000  3.5720498e+000
  3.0503538e+000  4.6632870e+000
  6.8760810e+000  3.6395385e+000
  2.4734724e+000  4.8170897e+000
  6.0760977e+000  4.9705913e+000
  3.2204576e+000  5.1158255e+000
  2.5089846e+000  8.0788297e+000
  9.2834480e+000  4.8058037e+000
 -2.9236908e-001  2.2768852e+000
  2.9391964e+000  2.9409359e+000
  4.6119697e+000  1.9339849e+000
  9.4139154e+000  3.7106367e+000
  3.1702430e+000  7.9338961e+000
  6.2196507e+000  4.8975846e+000
  2.9693410e+000  4.9703160e+000
  4.6996962e+000  1.2794016e+000
  5.8801904e+000  5.2175270e+000
  6.7232534e+000  7.4018862e+000
  6.5909797e+000  2.1297643e+000
  9.7082919e+000  4.8953828e+000
  4.3517207e+000  5.6851718e+000
  3.8732716e+000  3.8385275e+000
  6.7446359e+000  6.3205048e+000
  4.7469153e+000  3.8687968e+000
  1.5991686e+000  6.6330439e+000
  4.6087409e+000  7.2311577e+000
  7.2065203e+000  3.0522542e+000
  3.9817074e+000  2.2581735e+000
  8.6516740e+000  6.3169517e+000
 -7.6151584e-002  3.8431814e+000
  2.2243613e+000  5.0843727e+000
  4.7221880e+000  4.2349782e+000
  8.6148408e+000  3.0905426e+000
  2.6954967e+000  5.0966663e+000
  3.8233313e+000  3.2104316e+000
  4.9880152e+000  7.3348319e+000
  6.8855354e+000  4.4241943e+000
  5.4754855e+000  3.7710014e+000
  6.5647741e+000  2.1726814e+000
  8.2262780e+000  4.3060009e+000
  3.8306222e+000  4.8973503e+000
  7.2832687e+000  7.8782941e+000
  9.8083509e+000  7.2971993e+000
  6.0884248e+000  2.9892421e+000
  6.6856199e+000  8.3102799e+000
  6.5483316e+000  6.9587130e+000
  4.2699140e+000  3.0619155e+000
  4.9429132e+000  5.7858991e+000
  7.8912545e+000  3.3249717e+000
  1.4581269e+000  6.7101068e+000
  5.3629280e+000  2.6551256e+000
  3.1899336e+000  5.2989810e+000
  1.9186301e+000  5.2024482e+000
  1.0034483e+001  4.6242062e+000
  5.8754745e+000  1.7479045e-001
  6.0395136e+000  6.3061339e+000
  3.1766748e+000  9.5402761e+000
  9.1896270e+000  3.3492428e+000
  2.3268277e+000  2.7775702e+000
  5.5400228e+000  7.6181860e+000
  6.1556089e+000  2.9570546e+000
  6.8121895e+000  4.3521731e+000
  6.5469666e+000  2.2740253e+000
  5.5141515e+000  8.6729108e+000
  3.9525394e+000  8.0475456e+000
  6.6057532e+000  7.1854042e+000
  1.8492113e+000 -1.5686228e-001
  5.5969358e-001  6.1334928e+000
  2.3298843e+000  4.7605424e+000
  2.9059663e+000  7.4962343e+000
  4.6211737e+000  3.8386871e+000
  2.1183643e+000  6.9853639e+000
  6.0149433e+000  3.5034682e+000
  3.6132680e+000  7.9859610e+000
  6.2727841e+000  3.3001772e+000
  7.8097308e+000  5.1393567e+000
  4.8857569e+000  8.2119937e+000
  5.9064660e+000  4.0233576e+000
  5.3909536e+000  2.3008724e+000
  3.4987043e+000  4.0684871e+000
  9.2786849e+000  2.0642000e+000
  6.6337112e+000  3.5733688e+000
  2.8857008e+000  4.9161637e+000
  7.7085191e+000  2.1676923e+000
  4.2760522e+000  3.5578652e+000
  2.7900284e+000  4.7933924e+000
  5.1858245e+000  3.3337180e+000
  6.4752164e+000  4.7358729e+000
  2.0200158e+000  7.0028183e+000
  5.4785584e+000  6.8985137e+000
  5.2572244e+000  2.7683059e+000
  4.2173057e+000  8.5801279e+000
  2.3730061e+000  6.9227130e+000
  7.6560829e+000  2.7932321e+000
  1.7734906e+000  8.0286304e+000
  5.5228840e+000  6.3771427e+000
  7.8854627e+000  8.6561126e+000
  2.7912240e+000  3.8534708e+000
  3.7724518e+000  8.0605979e+000
  8.8140854e+000  4.5801357e+000
  2.8641813e+000  6.6654853e+000
  3.5366774e+000  4.9552687e+000
  3.9506467e+000  3.5678782e+000
  2.5476607e+000  3.0157775e+000
  5.5682643e+000  3.7989036e+000
  7.1027308e+000  1.8460716e+000
  8.7946199e+000  3.0743976e+000
  7.0601426e+000  6.7092389e+000
  4.3626329e-001  7.1166113e+000
  6.3475881e+000  7.0510600e+000
  6.7433925e+000  7.3654694e+000
  5.9751988e+000  3.3010741e+000
  8.0787638e+000  2.6388626e+000
  9.1071950e+000  8.3270771e+000
  7.3114079e+000  6.7723089e+000
  2.3562174e+000  6.7392135e+000
  1.8822448e+000  6.7136495e+000
  6.0098855e+000  3.2282771e+000
  5.4374431e+000  6.8459426e+000
  6.9809192e+000  5.5773059e+000
  6.9402668e+000  6.0128754e+000
  3.7667789e+000  8.8122291e+000
  2.6159532e+000  2.9645461e+000
  9.3101964e+000  8.8129565e+000
  4.0868303e+000  6.3731439e+000
  8.7754168e+000  9.2289975e+000
  9.8150951e+000  3.8397122e+000
  5.7397124e+000  3.2130835e+000
  5.6920397e+000  2.9233680e+000
  1.0007858e+001  6.7211471e+000
  6.6970795e+000  1.3133629e+000
  6.9988652e+000  7.1500848e+000
  7.9787587e+000  2.7190204e+000
  5.2452418e+000  3.0698605e+000
  6.8944058e+000  8.4212012e+000
  6.0431550e+000  6.2804670e+000
  1.0239794e+001  3.8363940e+000
  5.7075008e+000  2.9429053e+000
  4.9776843e+000  3.7647010e+000
  1.0241574e+001  5.7336867e+000
  9.6924975e+000  4.3820454e+000
  4.3337750e+000  9.3208105e+000
  1.8614842e+000  6.9653192e+000
  5.6439833e+000  3.0781978e+000
  3.8554922e+000  2.8470624e+000
  7.5616178e+000  7.3110675e+000
  6.9136267e+000  3.6776494e+000
  2.0125989e+000  5.5022921e+000
  6.0892692e+000  3.4837247e+000
  2.9527620e+000  3.6942962e+000
  4.8742601e+000  3.6945322e+000
  6.7509836e+000 -4.4130108e-001
  3.5042767e+000  7.9327984e+000
  8.1539350e+000  2.6107405e+000
  6.8169638e+000  7.3392308e+000
  3.9354668e+000  6.0809226e+000
  6.1217421e+000  3.5082942e+000
  5.3909851e+000  3.6716917e+000
  6.0346616e+000  4.0184148e+000
  8.6910280e+000  4.2886823e+000
  7.4181989e+000  9.7507010e+000
  3.4634199e+000  2.5641909e+000
  7.1253419e+000  7.1123335e+000
  4.1643657e+000  3.4606813e+000
  6.8047967e+000  3.1293834e+000
  2.1912272e+000  3.2471663e+000
  3.3303907e+000  7.3555258e+000
  3.6127261e+000  2.8835458e+000
  2.4944477e+000  3.6452259e+000
  2.9645806e+000  8.0888162e+000
  4.5641923e+000  3.6934511e+000
  3.1041767e+000  8.2073795e+000
  3.0432591e+000  4.7277370e+000
  3.0182330e+000  7.9354705e+000
  1.6811968e+000  7.3197822e+000
  3.9194105e+000  3.6405867e+000
  5.2132684e+000  6.5990370e+000
  2.2225769e+000  1.0253615e+001
  6.2088251e+000  3.4492805e+000
  3.7987991e+000  4.4080897e+000
  1.4288697e+000  2.7457031e+000
  7.2049949e+000  6.0463010e+000
  5.6682631e+000  6.1217364e+000
  1.4781125e+000  8.8021618e+000
  7.5852025e+000  4.9220254e+000
  9.7285885e+000  4.4469456e+000
  2.4683827e+000  1.5729122e+000
  2.8716193e+000  4.7567881e+000
  9.2583995e+000  4.9758321e+000
  4.5030645e+000  3.8963149e+000
  7.7019756e+000  7.0630434e+000
  2.8927469e+000  1.4450185e+000
  6.4751942e+000  4.5781634e+000
  2.8853003e+000  3.0934830e+000
  4.5181179e+000  1.9050349e+000
  6.0967209e+000 -4.3431037e-001
  3.9765284e+000  3.1903522e+000
  4.0639428e+000  3.4921202e+000
  2.9194284e+000  5.0605908e+000
  7.5885753e+000  4.1313709e+000
  5.0902763e+000  6.6081552e+000
  1.8517735e+000  4.6201326e+000
  5.6873051e+000  1.2843964e+000
 -6.5765864e-001  4.0996478e+000
  6.0849003e+000  6.9725319e+000
  2.6234852e+000  3.3010549e+000
  6.4941229e+000  6.5279510e+000
  3.0344100e+000  7.8208159e+000
  7.3084988e+000  3.1628108e+000
  5.4626559e+000  7.1944980e+000
  6.5779982e+000  3.7523024e-001
  5.1142508e+000  2.7024705e+000
  8.0051721e+000  3.4124211e+000
  6.6109923e+000  5.6512749e+000
  7.3876865e+000  5.6658954e+000
  3.4829385e+000  3.9684492e+000
  2.1089283e+000  7.1563087e+000
  7.0324337e+000  7.6758707e+000
  6.6211604e+000  5.4883529e-001
  3.4006922e+000  9.1754701e+000
  3.6040913e+000  6.0023923e+000
  7.1643334e+000  2.2648688e+000
  7.4453310e+000  7.0072479e+000
  3.0104373e+000  7.4999784e+000
  4.8926475e+000  3.1642877e+000
  1.8150023e+000  7.4977192e+000
  1.0236962e+001  3.6500541e+000
  5.7236676e+000  7.4117626e+000
  6.2372534e+000  2.3243629e+000
  8.9047498e+000  5.7532259e+000
  9.2107316e+000  3.8034419e+000
  6.4212884e+000  5.8598258e-001
  2.4115562e+000  3.0946967e-001
  7.2707422e+000  7.1976018e+000
  9.0085909e+000  1.1404397e-001
  9.7249326e+000  4.7197232e+000
  1.7522891e+000  2.5656429e+000
  9.0384776e+000  3.2232944e+000
  6.7081073e+000  3.3952184e+000
  6.4289202e+000  1.5299663e+000
  4.5602120e+000  1.9648164e+000
  7.0388808e+000  2.4068535e+000
  3.6125025e+000  2.2716544e+000
  3.7585792e+000  4.7408056e+000
  4.5399081e+000  4.1488360e+000
  8.5590648e+000  6.3108237e+000
  4.9917161e+000  8.4638052e+000
  6.7695234e+000  6.6239059e+000
  3.1692909e+000  2.2870779e+000
  9.5030116e+000  7.9376613e+000
  2.4896640e+000  6.9187167e+000
  7.6122935e+000  9.0066568e+000
  7.0025788e+000  9.4891818e+000
  4.8116445e+000  8.9758310e+000
  9.7241924e+000  3.2817264e+000
  6.1467356e+000  5.0542868e+000
  7.9361738e+000  9.0273207e+000
  6.4466491e+000  3.6708755e+000
  7.1919875e+000  7.8856812e+000
  2.9213110e+000  9.0048526e+000
  5.4299943e+000  2.7023925e+000
  5.4211929e+000  7.8476896e+000
  7.2342282e+000  9.3472551e-001
  9.8035752e+000  6.3020418e+000
  6.2585059e+000  6.8360307e+000
  3.7302040e+000  8.0222569e+000
  5.1368258e+000  3.4223450e+000
  3.6393340e+000  2.4185920e+000
  3.6007531e+000  4.4677494e+000
  4.3895209e+000  6.7560685e+000
  5.1356624e+000  2.6728317e+000
  6.7339254e+000  5.9086064e+000
  3.2363720e+000  4.9996803e+000
  3.5785615e+000  7.6742950e+000
  5.2900475e+000  6.5592575e+000
  1.4387025e+000  5.1348823e+000
  7.1592955e+000  6.0522458e+000
  2.7226241e+000  7.6581420e+000
  5.3666634e+000  6.9038457e+000
  6.8235044e+000  1.0162352e+001
  2.0283032e+000  6.7299036e+000
 -6.8742151e-001  4.5918298e+000
  6.1069705e+000  4.2026750e+000
  2.3832158e+000  6.7191788e+000
  6.0122125e+000  3.7508953e+000
  2.1292333e+000  4.8381005e+000
  5.5670939e+000  5.6783637e+000
  3.5642677e+000  6.6709761e+000
  3.8948600e+000  7.4198310e+000
  5.3739507e+000  5.1193926e+000
  1.6658996e+000  7.8646731e+000
  5.8892534e+000  3.1135991e+000
  6.3460386e-001  6.8074409e+000
  8.8429679e+000  5.8290725e+000
  6.2344897e+000  3.5480547e+000
  6.2188283e+000  7.2558470e+000
  3.9961421e+000  6.8266121e+000
  7.4252304e+000  6.7657729e+000
  7.8862067e+000  9.5950804e+000
  1.0071525e+001  5.1334259e+000
  6.9530813e+000  5.8143104e+000
  7.1771226e+000  6.7840524e+000
  6.9494456e+000  6.6562895e+000
  6.9279517e+000  2.9481885e+000
  5.8596036e+000  6.7288499e+000
  8.3783501e+000  6.2269141e+000
  1.4750229e+000  2.9062859e+000
  1.0487057e+001  3.5322823e+000
  3.9748562e+000  4.0527151e+000
  5.9596882e+000  4.4618027e+000
  5.5233169e+000  3.3998783e+000
  3.6101045e+000  2.7097146e+000
  3.2074453e+000  8.4051460e+000
  3.0010701e+000  8.2153380e+000
  7.2378200e+000  6.0832238e+000
  5.9529210e+000  3.2428102e+000
  7.7187305e+000  2.9301836e+000
  6.5105182e+000  3.1587295e+000
  9.7182326e+000  6.1056881e+000
  7.8570322e+000  1.3266335e+000
  2.2076854e+000  3.2197055e+000
  6.6916248e+000  6.8981508e+000
  6.6244637e+000  7.3070971e+000
  4.5233406e+000  7.5607309e+000
  2.3124883e+000  2.8307793e+000
  3.9931979e+000  9.1736654e+000
  4.0448954e+000  6.3901598e+000
  3.2987643e+000  3.4618108e+000
  6.3961906e+000  2.8664700e+000
  8.3687076e+000  5.7032298e+000
  9.6458087e+000  3.7842520e+000
  5.9736939e+000  4.6418552e+000
  6.0549557e+000  5.6194000e+000
  1.0069695e+000  3.1160505e+000
  4.7262189e+000  9.9462027e+000
  3.4964183e+000  8.2974335e+000
  6.4951751e+000  2.1270384e+000
  7.4632569e+000  2.5088039e+000
  5.1917333e+000  3.4971302e+000
  5.8951015e+000  9.2901326e+000
  6.5827432e+000  5.0441529e+000
  3.5341281e+000  3.0580368e+000
  3.2763232e+000  3.5352744e+000
  2.5084049e+000  2.7390802e+000
  1.3230236e+000  1.7669950e+000
  1.1276440e+000  5.3144541e+000
  6.8682734e+000  4.5197282e+000
  4.0584013e+000  3.6832591e+000
  3.8470390e+000  8.3503607e+000
  4.4641078e+000  1.8993324e+000
  1.8931115e+000  2.8964496e+000
  2.7613810e+000  3.4239773e+000
  7.7901587e+000  3.1657016e+000
  6.7586244e+000  7.1455546e+000
  4.0479513e+000  3.1894335e+000
  1.9893857e+000  7.1329016e+000
  3.3976721e+000  7.7582669e+000
  4.1113031e+000  5.1193349e+000
  5.7540227e+000  6.6127009e+000
  3.7194902e+000  1.1731147e+000
  6.7259668e+000 -2.0224946e+000
  1.9328355e+000  6.9528482e+000
  6.9185488e+000  3.3067597e+000
  3.2282029e+000  4.2471759e+000
  3.2473233e+000  5.2616729e+000
  1.5188918e+000  7.3269338e+000
  5.8376007e+000  4.8699329e+000
  3.1965186e+000  4.3631511e+000
  3.4520316e+000  3.4981902e+000
  2.8800892e+000  3.3304406e+000
  5.9612906e+000  2.6622917e+000
  3.9643824e+000  4.9474586e+000
  4.4852105e+000 -6.9364855e-001
  3.9856328e+000  6.7394671e+000
  6.9639735e+000  7.6740082e+000
  3.5443968e+000  8.7480133e+000
  2.6587766e+000  8.7910495e+000
  9.0659072e+000  2.8665539e+000
  3.1646659e-001  2.1037481e+000
  4.4478534e+000  3.0713064e+000
  3.1955786e+000  9.8882440e+000
  6.8083645e+000  5.7888900e+000
  4.0258002e+000  6.9910712e+000
  3.0759304e+000  3.2340284e+000
  3.0017262e+000  8.8957391e+000
  3.2942622e+000  8.0590026e+000
  7.5571949e+000  3.7605651e+000
  2.8363913e+000  7.6020338e-001
  3.9526763e+000  4.8603965e+000
  7.8854359e+000 -2.8379643e-001
  3.7403507e+000  5.0244569e+000
  6.3688248e+000  3.8095877e+000
  1.9275999e+000  2.7454224e+000
  1.0512468e+001  5.8984786e+000
  6.8939799e+000  6.9525619e+000
  6.7183822e+000  7.4454900e+000
  5.9665954e+000  4.4318353e+000
  5.8202926e+000  2.9942205e+000
  4.5862115e-001  3.1878227e+000
  2.4174792e+000  4.2855288e+000
  5.6304845e+000 -3.0205355e-001
  4.9707084e+000  6.2210885e+000
  5.5959348e+000  3.2846985e+000
  3.3217258e+000  3.7224513e+000
  1.6108101e+000  3.9789577e+000
  7.0859414e+000  7.6913439e+000
  7.1395447e+000  7.3459503e+000
  3.7352429e+000  4.6072134e+000
  2.6198464e+000  4.9378961e+000
  7.5289710e+000  3.2975797e+000
  9.6198437e+000  3.4593373e+000
  6.8640834e+000  2.4514538e+000
  5.9549138e+000  3.4080924e+000
  3.7572750e+000  1.8451878e+000
  6.3299641e+000 -1.3492962e-001
  1.6230910e+000  5.6134849e+000
  4.1938047e+000  6.6301994e+000
  2.9958432e+000  1.9364886e+000
  4.4470846e+000  3.4888034e+000
  5.2522826e+000  3.4557121e+000
  6.2398014e+000  2.8664994e+000
  7.2341517e+000  7.0988629e+000
  2.9272137e+000  2.5761580e+000
  3.4119712e+000  1.9686741e+000
  3.9295095e+000  3.1248993e+000
  1.6235089e+000  7.7809105e+000
  4.7470345e+000  5.6991915e+000
  6.6622563e+000 -1.5713964e+000
  1.5997311e+000  6.9547360e+000
  6.8352334e+000  4.9785159e+000
  5.8822323e+000  2.7723940e+000
  1.9726402e+000  2.4923230e+000
  5.3448219e+000  4.3735988e+000
  2.9904287e+000  5.0259837e+000
  3.8914851e+000  6.3290577e+000
  3.2669351e+000  7.7808004e+000
  6.5505326e+000  2.4137377e+000
  8.3350700e+000  3.0412281e+000
  6.3112409e+000  7.0351474e+000
  5.5578678e+000  2.2943139e+000
  7.4457686e+000  4.9897826e+000
  3.6573415e+000  7.8997663e+000
  3.0335154e+000  8.8570937e+000
  6.0895430e+000  2.7160017e+000
  9.7280580e+000  3.8065341e+000
  6.5837578e+000  3.2488025e+000
  5.1004362e+000  3.9618587e+000
  6.7953474e+000  5.8989609e+000
  3.5207537e+000  3.7014878e+000
  2.6519790e+000  4.3449300e+000
  5.8518532e+000  3.0780990e+000
  6.1045465e+000  3.1957049e+000
  5.5509281e+000  7.0996492e+000
  3.3165235e+000  7.9900285e+000
  5.0109067e+000  2.5923191e+000
  2.2321106e+000  6.9392713e+000
  2.8308420e+000  2.9280348e+000
  6.9626278e+000  7.0121790e+000
  7.3468912e+000  7.5149084e+000
  1.0566484e+001  6.4979982e+000
  9.6512769e+000  3.2037600e+000
  7.0061430e+000  4.2106867e+000
  3.5662165e+000  7.2402022e+000
  7.8866698e+000  9.1853761e+000
  4.0075607e+000  6.6813756e+000
  5.1226486e+000  3.2425355e-001
  5.1753397e+000  4.5079941e+000
  6.3814964e+000  4.6870287e+000
  6.6979647e+000  2.2525387e+000
  7.1181808e+000  7.4905007e+000
  3.9491582e+000  1.0116618e+001
  6.2268372e+000  4.9467734e+000
  6.4628049e+000  6.5022058e+000
  6.5248973e+000  2.1523199e+000
  6.4633613e+000  2.1956934e+000
  3.5872674e+000  7.8486849e+000
  1.8726653e+000  7.5395532e+000
  1.8267949e+000  7.5910575e+000
  5.9134312e+000  3.9879063e+000
  3.2606474e+000  8.8544946e+000
  6.0786627e+000  9.0317259e+000
  5.7677803e+000  3.2193112e+000
  6.2027531e+000  3.8839945e+000
  1.8700475e+000  8.0383371e+000
  6.6390820e+000  5.3533727e-001
  1.7095702e+000  4.2347842e+000
  4.9047371e+000  3.1060955e+000
  6.2812935e+000  4.0840772e+000
  6.0162919e+000  3.8815850e+000
  6.5730986e+000  2.9057270e+000
  1.9072990e+000  7.2291592e+000
  7.0271682e+000  8.9365438e+000
  8.3050073e+000  6.3584530e+000
  5.4132677e+000  6.1764712e+000
  8.6393401e+000  7.4047588e+000
  4.7307869e+000  3.3118563e+000
  4.8978269e+000  3.5066465e+000
  3.3999647e+000  6.6898511e+000
  3.2248067e+000  5.0146398e+000
  6.7797482e+000  7.6626321e+000
  6.3092149e+000  4.0429258e+000
  3.5723012e+000  3.7661331e+000
  7.0659303e+000  2.4393343e+000
  4.8717700e+000  1.9173841e+000
  7.8920466e+000  7.7182427e+000
  4.1658856e+000  7.3546654e+000
  7.0880091e+000  4.5812039e+000
  3.9007093e+000  9.0004004e+000
  9.9216461e+000  4.5492197e+000
  5.2173673e+000  7.2216008e+000
  6.0951156e+000  5.3192606e+000
  5.9593658e+000  2.9444199e+000
  3.9198808e+000  3.7717593e+000
  6.6679908e+000  5.6617426e+000
  7.3308528e+000  5.0184629e+000
  8.9874597e+000  8.5438765e+000
  6.5662128e+000  2.4475311e+000
  6.0829095e+000  6.9544779e+000
  9.7334543e+000  5.1537406e+000
  2.8476161e+000  8.4415971e+000
  5.4192044e+000  7.8768429e-001
  1.6343799e+000  2.7253104e+000
  1.9577581e+000  6.9587615e+000
  6.7807616e+000  4.9904082e+000
  6.3449637e+000  5.8868629e+000
  3.0767487e+000  4.3148196e+000
  3.7710818e+000  4.0072008e+000
  5.3064049e+000  3.5416538e+000
  5.3305635e+000  6.1557718e+000
  1.2260587e+000  1.8826351e+000
  5.9423406e+000  6.6213058e+000
  5.8878762e+000  7.6404368e+000
  4.6274021e+000  3.4035114e+000
  4.3587589e+000  1.4333978e+000
  7.1210667e+000  3.2688449e+000
  7.2665601e+000  4.9402513e+000
  8.3608124e+000  6.3574676e+000
  5.6534118e+000  3.6875074e+000
  1.9636419e+000  2.7251687e+000
  5.7434290e+000  1.6878083e-001
 -7.7896100e-001  1.0213312e+001
  4.3907467e+000  2.0428169e+000
  2.0161224e+000  4.2751944e+000
  8.2449708e+000  2.4702633e+000
  3.3014586e+000  8.3292907e+000
  1.6718676e+000  7.0680433e+000
  3.2238330e+000  1.3257470e+000
  6.1927806e+000  2.9306833e+000
  6.6221151e+000  7.6428831e+000
  6.5467415e+000  3.0490861e+000
  5.3233086e+000  6.1360480e+000
  5.6191467e+000  3.1569459e+000
  3.4381618e+000  1.1983777e+000
  5.0689852e+000  7.5920196e+000
  4.3833489e+000  3.7551293e+000
  5.8759646e+000  3.9558008e+000
  6.3293675e+000  3.1823345e+000
  7.3941866e+000  6.6731725e+000
  4.0808665e+000  4.3121573e+000
  7.5062553e+000  7.3775431e+000
  2.8651061e+000  3.8688256e+000
  4.7216171e+000  3.6644871e+000
  2.0841410e+000  2.8958459e+000
  3.7007033e+000  7.6682802e+000
  3.0120173e+000  7.6974405e+000
  1.4060697e+000  7.2480200e+000
  5.9449428e+000  3.4032529e+000
  5.2967548e+000  6.5397625e+000
  5.0854090e+000  3.0229080e+000
  5.2110175e+000  7.3488687e+000
  2.8592115e+000  3.2335196e+000
  9.2174609e+000  8.6113376e+000
  7.4115333e+000  7.5997603e+000
  1.6281546e+000  5.3833052e+000
  7.7367190e+000  7.7088010e+000
  5.6271921e+000  2.6881904e+000
  3.1535547e+000  7.8107072e+000
  6.8889587e+000  1.3777808e+000
  6.4303895e+000  5.9451086e+000
  1.9066585e+000  7.1362384e+000
  3.4794447e+000  8.2611877e+000
  3.1092361e+000  1.8470666e+000
  7.6400332e+000  7.9231970e+000
  1.4190999e+000  2.5292755e+000
  5.1034314e+000  3.0191316e+000
  2.9579486e+000  3.2112254e+000
  2.0465574e+000  6.9961883e+000
  1.0473980e+001  5.2515800e+000
  6.7008732e+000  7.0445269e+000
  2.9849100e+000  2.5426281e+000
  5.6004555e+000  2.8861285e+000
  7.8096438e+000  4.8400096e+000
  4.1925584e+000  7.2825924e+000
  1.6986736e+000  7.2500415e+000
  2.0093390e+000  4.8380239e+000
  5.9486241e+000  6.6626726e+000
  4.0118249e+000  4.7182558e+000
  6.3745879e+000  3.2941491e+000
  3.6107287e+000  3.1546086e+000
  4.5977902e+000  2.9469813e+000
  6.3170762e+000  3.1985556e+000
  3.3897529e+000  7.8938835e+000
  3.2105680e+000  7.4590053e+000
  3.5562653e+000  7.9790255e+000
  6.5493183e+000  3.2818794e+000
  6.8101677e+000  7.6175437e+000
  9.7068690e+000  6.8706123e+000
  2.1645999e+000  3.8082231e+000
  4.4522659e+000  3.8093804e+000
  7.8392446e+000  5.3834754e+000
  7.2755524e+000  7.5797343e+000
  7.0745012e+000  2.6299626e+000
  6.2476461e+000  6.9485452e+000
  5.2992036e+000  2.8493462e+000
  7.5980527e+000  8.3420503e+000
  1.5940038e+000  7.0896246e+000
  7.0741838e+000  7.0100188e+000
  3.4734067e+000  7.8024472e+000
  7.3363702e+000  9.5177405e+000
  9.9005653e+000  4.9387958e+000
  3.5706829e+000  7.4652136e+000
  2.7112349e+000  4.4852197e+000
  4.0396093e+000  3.2903466e+000
  3.0578572e+000  1.8340087e+000
  6.0940677e+000  7.3902276e+000
  1.8591641e+000  7.8997389e+000
  5.6833551e+000  7.5046295e+000
  3.3748883e+000  8.1636909e+000
  6.4804948e+000  2.3128720e+000
  3.6942900e+000  4.7970521e+000
  5.7413871e+000  4.2378296e+000
  1.7709624e+000  1.1583062e+000
  3.8613499e+000  3.0885397e+000
  3.7422657e+000  2.1154570e+000
  5.7713658e+000  4.6078189e+000
  6.6027648e+000  3.1981517e+000
  3.0407168e+000  5.2660157e+000
  4.6191917e+000  3.9453539e+000
  5.8723180e+000  5.0948761e+000
  5.3696752e+000  7.8670634e+000
  6.6724549e+000  3.6562455e+000
  5.9712815e+000  6.2101707e+000
  1.7095966e+000  3.5040573e+000
  5.3090033e+000  3.9491250e+000
  6.4174851e+000  4.1765760e+000
  3.6238465e+000  4.4319924e+000
  3.1106202e+000  1.6321686e+000
  7.7249317e+000  9.4217152e+000
  4.4050780e+000  6.2819310e+000
  6.5565916e+000  3.7580946e+000
  3.4829131e+000  7.1449116e+000
  4.0540436e+000  3.6037147e+000
