  4.9754317e+000  4.4261555e+000
  6.3913464e+000  7.8541363e+000
  7.3952243e-001  6.8156296e+000
  7.9017336e+000  2.3500136e+000
  6.9813997e+000  6.0937238e+000
  5.8967634e+000  6.6984644e+000
  8.4137669e+000  2.5158821e+000
  2.4427696e+000  1.4523540e+000
  2.4578097e+000  4.5803719e+000
  1.2624617e+000  6.5847300e+000
  6.9496034e+000  8.0424552e+000
  3.0533117e+000  4.4823147e+000
  7.7694751e+000  5.8062792e+000
  2.5372622e+000  1.9736112e+000
  5.2224838e+000  2.4598860e+000
  8.4626180e+000  5.8433616e+000
  3.7890803e+000  8.7316118e+000
  8.1427056e+000  7.6161025e+000
  8.0819742e+000  2.0625687e+000
  5.5767868e+000  8.2357584e+000
  6.5549465e+000  7.9097363e+000
  3.6468547e+000  7.7314680e+000
  6.2604308e+000  2.1956098e+000
  5.0808807e+000  3.1188082e+000
  5.5559169e+000  5.3578209e+000
  7.1059458e+000  5.4898107e+000
  1.8482895e+000  6.9863978e+000
  8.5981799e+000  2.2299508e+000
  8.8764647e+000  5.9190586e+000
  5.6160322e+000  4.2817575e+000
  8.0780266e+000  5.8169208e+000
  7.5101774e+000  2.6839079e+000
  2.8922523e+000  2.3556254e+000
  1.9249007e+000  4.3791598e+000
  3.5719162e+000  1.2836054e+000
  7.9977776e+000  5.6909394e+000
  6.9316987e+000  8.2437382e+000
  1.4648019e+000  7.2104093e+000
  3.3978894e+000  9.0317941e+000
  7.4500704e+000  2.4318861e+000
  1.7034967e+000  2.4697481e+000
  6.6520069e+000  1.7943018e+000
  2.7292416e+000  1.6660069e+000
  7.6643670e+000  1.9924947e+000
  1.5988800e+000  4.6064205e+000
  2.5566826e+000  9.0251743e+000
  1.2397576e+000  3.6576421e+000
  5.6920158e+000  8.4346591e+000
  8.7240590e+000  1.8525489e+000
  1.7566679e+000  7.2764058e+000
  8.7109829e+000  1.8348143e+000
  3.5820068e+000  8.8634967e+000
  8.9662853e+000  5.8532968e+000
  6.4290501e+000  7.4400465e+000
  6.7809866e+000  6.5995347e+000
  6.8370193e+000  4.8280951e+000
  1.3250255e+000  4.3135043e+000
  6.5910856e+000  8.4802611e+000
  1.8781390e+000  4.1237095e+000
  8.3338827e+000  5.7105941e+000
  1.1614120e+000  4.3450779e+000
  2.2445958e+000  7.0861640e+000
  5.0631157e+000  3.1609133e+000
  8.8743382e+000  1.6062629e+000
  8.4008635e+000  6.2707480e+000
  1.4294303e+000  1.6798012e+000
  5.5963325e+000  6.6695392e+000
  5.2732790e+000  3.0947729e+000
  1.4167179e+000  7.5856540e+000
  6.3885067e+000  6.4653342e+000
  5.0155936e+000  3.4309364e+000
  1.6808556e+000  4.1283405e+000
  2.7609158e+000  6.9967115e+000
  1.8193485e+000  4.4087303e+000
  8.1440954e+000  5.6748234e+000
  4.6042492e+000  3.2456028e+000
  7.6818315e+000  2.7445631e+000
  3.1485210e+000  8.4447776e+000
  4.6046837e+000  2.3761590e+000
  3.6679426e+000  2.0444052e+000
  6.4991126e+000  7.1512792e+000
  7.2281721e+000  8.3847685e+000
  3.5524249e+000  8.2325411e+000
  8.1263396e+000  2.1985279e+000
  4.4735507e+000  2.1732900e+000
  5.8267638e+000  3.1958901e+000
  2.0774566e+000  2.4566429e+000
  3.2717589e+000  1.0656756e+000
  4.8325368e+000  2.0874647e+000
  9.1029509e+000  3.4211864e+000
  4.2099544e+000  6.9688812e+000
  2.6182664e+000  2.2044435e+000
  3.0213110e+000  2.1553547e+000
  8.1093910e+000  2.5466007e+000
  3.6939467e+000  2.3011447e+000
  6.9518757e+000  2.2043388e+000
  2.4726453e+000  4.5087798e+000
  1.8570905e+000  7.4474253e+000
  2.7160886e+000  1.5728558e+000
  3.5562447e+000  1.2726466e+000
  6.6427514e+000  6.0610161e+000
  1.7625006e+000  1.3697449e+000
  9.1279063e+000  2.5597255e+000
  6.3989652e+000  7.7043217e+000
  8.4287658e+000  2.1373593e+000
  1.2346880e+000  7.2219160e+000
  1.9007679e+000  1.3867372e+000
  1.3764756e+000  4.5088683e+000
  4.7111048e+000  3.6267887e+000
  2.0166611e+000  7.2290742e+000
  4.8465766e+000  3.5860930e+000
  8.5288335e+000  2.8863355e+000
  8.2408761e+000  2.4635108e+000
  2.4219430e+000  6.6182232e+000
  2.0202205e+000  4.6990233e+000
  8.6616738e+000  6.8549631e+000
  8.8067917e+000  6.1972851e+000
  5.0706495e+000  3.7809937e+000
  5.3248472e+000  3.0406845e+000
  9.9017289e-001  7.3223613e+000
  6.5072602e+000  7.3275943e+000
  3.5327494e+000  5.6194381e+000
  4.5566579e+000  3.1179870e+000
  8.9746210e+000  5.7631420e+000
  2.9817270e+000  1.2546197e+000
  2.3542962e+000  7.5648512e+000
  3.5060749e+000  6.4234381e+000
  1.9518601e+000  6.5043040e+000
  3.0397749e+000  2.0606846e+000
  6.6148017e+000  6.4582702e+000
  2.7715706e+000  2.1122936e+000
  5.7746294e+000  3.1387961e+000
  8.3489788e+000  6.1932462e+000
  3.5049318e+000  8.2387547e+000
  3.2883403e+000  1.3119050e+000
  2.5889861e+000  2.0751780e+000
  2.9566330e+000  1.9595672e+000
  1.4491800e+000  2.0421774e+000
  1.5530405e+000  4.7104419e+000
  4.6026283e+000  3.3870180e+000
  1.4289193e+000  6.8720297e+000
  2.7760835e+000  1.3632931e+000
  7.6190218e+000  5.5130182e+000
  7.8459253e+000  1.7516582e+000
  1.5603749e+000  7.7688377e+000
  4.6544727e+000  3.3584215e+000
  8.3847632e+000  5.5199952e+000
  1.4650787e+000  7.8189473e+000
  7.0462682e+000  6.6610180e+000
  8.3825837e+000  8.1988883e+000
  8.5602506e+000  7.9673284e+000
  9.0804020e+000  5.8280857e+000
  1.5436318e+000  5.2929854e+000
  5.1283782e+000  4.4929614e+000
  3.1113168e+000  1.0276149e+000
  4.5754224e+000  6.0301918e+000
  8.6800048e+000  8.2118240e+000
  1.4754199e+000  1.6733102e+000
  3.4329644e+000  1.3366207e+000
  7.0128338e+000  5.8946813e+000
  1.6285830e+000  7.8938120e+000
  3.3328151e+000  9.3982445e+000
  2.9358400e+000  1.1202575e+000
  7.9450672e+000  1.8230340e+000
  3.1374267e+000  1.1345238e+000
  1.0725412e+000  6.8392178e+000
  5.4614226e+000  3.1524609e+000
  7.7328741e+000  2.0028792e+000
  6.6059111e+000  3.6746196e+000
  4.5780765e+000  3.7323991e+000
  6.1530336e+000  7.2260146e+000
  2.2972138e+000  3.7369963e+000
  3.4836754e+000  1.5575321e+000
  8.5424385e-001  7.2590081e+000
  2.9263726e+000  7.8644088e+000
  1.9241605e+000  6.5014512e+000
  6.1061486e+000  6.0462053e+000
  1.3825319e+000  6.5312567e+000
  8.4328231e+000  2.0766423e+000
  3.5167742e+000  7.0036030e+000
  3.3749289e+000  2.8264688e+000
  1.3690955e+000  1.7640988e+000
  5.1818655e+000  2.8621867e+000
  7.5735160e+000  1.7056012e+000
  8.9424675e+000  8.5101416e+000
  2.8175968e+000  1.9913966e+000
  5.4085121e+000  3.5820251e+000
  6.1384919e+000  7.6649103e+000
  8.8413809e+000  5.7181411e+000
  6.8486985e+000  7.6125432e+000
  8.5776497e+000  5.5813757e+000
  3.5165420e+000  1.1136217e+000
  6.9643705e+000  8.2444866e+000
  8.0622185e+000  8.4226998e+000
  1.2388249e+000  7.6717849e+000
  5.2280692e+000  3.2235976e+000
  8.1596892e+000  2.8173130e+000
  8.3322602e+000  5.5017796e+000
  8.7995592e+000  5.5927678e+000
  8.3095518e+000  2.0935642e+000
  3.5128720e+000  8.3307906e+000
  8.9188379e+000  8.6286584e+000
  6.5506434e+000  7.7668432e+000
  3.4820042e+000  1.0370685e+000
  5.0115912e+000  4.7080125e+000
  8.3503043e+000  2.7876356e+000
  7.7790678e+000  1.6985551e+000
  6.5817482e+000  6.5259218e+000
  8.2479998e+000  5.7877007e+000
  6.4122956e+000  7.2296905e+000
  8.1125727e+000  1.8217669e+000
  1.6125901e+000  7.8948852e+000
  5.5528500e+000  3.5899615e+000
  5.5512257e+000  2.0183366e+000
  7.6238656e-001  7.1831603e+000
  8.7123679e+000  1.8251918e+000
  6.9374273e+000  7.5372696e+000
  5.5992067e+000  2.3394572e+000
  5.3985295e+000  2.9922876e+000
  8.0574981e+000  1.7832575e+000
  7.6445682e+000  1.8846800e+000
  1.7650151e+000  6.8428762e+000
  1.5363545e+000  5.1289975e+000
  6.4044654e+000  7.0036709e+000
  4.3112868e+000  6.1211577e+000
  2.8031964e+000  1.7671065e+000
  3.1118374e+000  1.3241838e+000
  8.1572529e+000  2.8189237e+000
  1.7346341e+000  7.1947761e+000
  3.5065489e+000  9.9106592e-001
  4.8409637e+000  4.2486642e+000
  6.3517316e+000  6.1120632e+000
  3.7926537e+000  8.0531311e+000
  8.7962026e+000  3.1477709e+000
  6.3707427e+000  7.7037208e+000
  5.5305836e+000  3.3071119e+000
  1.6577283e+000  2.1654755e+000
  3.4065123e+000  4.6522781e+000
  2.1222817e+000  1.3184406e+000
  8.5808736e+000  8.5249574e+000
  5.1980649e+000  2.7803286e+000
  1.7978996e+000  4.6185918e+000
  7.8839485e+000  5.6121932e+000
  1.7053146e+000  4.0964467e+000
  5.2713963e+000  2.8868159e+000
  6.1456089e+000  7.9262653e+000
  7.8309969e+000  2.0365091e+000
  7.9111313e+000  5.6553781e+000
  3.2359428e+000  8.3933160e+000
  1.3848924e+000  7.3227295e+000
  5.4097772e+000  3.0857864e+000
  8.1731177e+000  5.3610774e+000
  5.3397442e+000  3.3009890e+000
  6.8259489e+000  6.2360178e+000
  3.2585476e+000  3.4587285e+000
  6.8032082e+000  6.4555976e+000
  2.3147573e+000  1.5357893e+000
  9.0471380e+000  4.7884021e+000
  7.4789859e+000  5.7870354e+000
  1.1151017e+000  6.6849581e+000
  1.3472825e+000  7.1366493e+000
  3.4789882e+000  8.4953962e+000
  2.4454412e+000  6.6178396e+000
  3.6663849e+000  8.6070185e+000
  8.3131788e+000  1.6516733e+000
  6.4304609e+000  6.5187080e+000
  5.9498925e+000  6.9548814e+000
  6.4894077e+000  7.6436573e+000
  8.6445524e+000  2.1190695e+000
  8.4727921e+000  2.3127405e+000
  6.6869275e+000  6.3376165e+000
  1.5887612e+000  4.6937303e+000
  5.0798752e+000  3.6146026e+000
  7.8647902e+000  5.5024454e+000
  3.5904295e+000  2.6652607e+000
  5.4345622e+000  3.1695686e+000
  3.6211878e+000  8.9032459e+000
  2.4055172e+000  3.9224180e+000
  4.4332222e+000  8.6317507e+000
  2.4710095e+000  7.4758775e+000
  1.8550607e+000  4.5155928e+000
  8.7990943e+000  5.4227006e+000
  6.1093071e+000  2.7990056e+000
  8.5454254e+000  6.4038743e+000
  1.8472616e+000  4.5706612e+000
  7.7891984e+000  7.4605997e+000
  6.9197719e+000  1.7569985e+000
  9.0110825e+000  3.2115821e+000
  7.6677706e+000  2.3939889e+000
  5.5516459e+000  3.1868065e+000
  3.7738811e+000  8.1600216e+000
  1.9714894e+000  4.1150758e+000
  7.9128994e+000  5.8938451e+000
  8.4781212e+000  5.3840256e+000
  6.6629704e+000  8.5790491e+000
  6.4040857e+000  7.0272496e+000
  3.1097073e+000  4.1783509e+000
  7.8895022e+000  2.6356356e+000
  4.9435302e+000  3.6207231e+000
  1.4151435e+000  1.9297842e+000
  5.1292386e+000  7.7272203e+000
  5.2958771e+000  2.8553171e+000
  4.8619198e+000  5.6263952e+000
  5.6018663e+000  6.5359882e+000
  7.7697116e+000  7.5202066e+000
  8.8165778e+000  1.6959835e+000
  8.0233360e+000  1.8053099e+000
  2.2878264e+000  1.6735937e+000
  8.5246304e+000  8.2172490e+000
  1.9878496e+000  1.6677874e+000
  3.9569894e+000  1.3981093e+000
  2.0810455e+000  2.1617974e+000
  2.1521831e+000  7.2099805e+000
  7.6176626e+000  1.5892096e+000
  1.5789096e+000  4.1377178e+000
  6.7876350e+000  4.8225138e+000
  8.3191056e+000  2.5576534e+000
  4.4285207e+000  3.1588987e+000
  5.5354180e+000  4.8328661e+000
  1.6718267e+000  2.5748613e+000
  2.7920074e+000  1.4344527e+000
  7.6128445e+000  1.7006357e+000
  5.5067058e+000  2.9607916e+000
  2.1742293e+000  1.6393424e+000
  8.9156761e+000  7.7492546e+000
  3.3784907e+000  8.2248495e+000
  6.4232292e+000  7.1286358e+000
  8.7521381e+000  8.3154976e+000
  8.0621088e+000  1.9625260e+000
  7.9947079e+000  2.1093806e+000
  8.2314736e+000  2.6312616e+000
  8.7298470e+000  7.8771471e+000
  5.5832547e+000  3.6138832e+000
  8.0336552e+000  1.7480084e+000
  8.6565251e+000  5.8038275e+000
  8.8241813e+000  5.9706461e+000
  1.7390933e+000  6.4417367e+000
  8.0160379e+000  2.0338432e+000
  3.3725169e+000  8.2895363e+000
  1.8244684e+000  7.2494688e+000
  6.5000618e+000  6.1032112e+000
  2.5097542e+000  7.3092792e+000
  5.1319058e+000  3.0353534e+000
  2.8902651e+000  2.6517400e+000
  8.0255683e+000  6.1486357e+000
  3.1950155e+000  8.3312592e+000
  6.8928747e+000  6.1417163e+000
  5.7233737e+000  2.5456012e+000
  6.3764047e+000  4.5763902e+000
  4.0789153e+000  6.6288293e+000
  1.9070106e+000  4.0742123e+000
  1.5113162e+000  2.0582642e+000
  2.4215046e+000  8.6355371e+000
  7.5052947e+000  2.0865877e+000
  1.8953106e+000  4.2258602e+000
  8.1887085e+000  2.7018851e+000
  8.0997507e+000  5.3689843e+000
  2.4593092e+000  7.8561382e+000
  6.3484046e+000  7.8805958e+000
  2.0154089e+000  7.0727981e+000
  2.1605294e+000  4.3385916e+000
  8.2761488e+000  5.8866553e+000
  8.4741908e+000  2.8067252e+000
  1.8917165e+000  1.8991163e+000
  9.7326617e-001  8.2468275e+000
  6.8565367e+000  6.0767145e+000
  3.1182247e+000  1.3764314e+000
  5.4266073e+000  1.8238924e+000
  7.0522061e+000  4.9660235e+000
  1.3076187e+000  7.6252779e+000
  8.2305604e+000  5.6956332e+000
  8.9201568e+000  1.6341048e+000
  3.6356819e+000  9.0698032e+000
  7.9290749e+000  2.4347370e+000
  6.2005698e+000  7.4853120e+000
  3.3408355e+000  1.3069173e+000
  7.9768594e+000  5.3390516e+000
  3.8744374e+000  9.0464152e+000
  7.7037656e+000  1.9213789e+000
  8.2558005e+000  3.0321155e+000
  8.4754427e+000  8.2835824e+000
  3.1327928e+000  1.3392681e+000
  5.6502515e+000  3.1850395e+000
  1.2276113e+000  8.6572105e+000
  4.7325727e+000  2.9376771e+000
  8.9950843e+000  2.2123608e+000
  3.5810559e+000  1.8990315e+000
  1.8150927e+000  2.4531614e+000
  8.3379844e+000  8.1253882e+000
  2.2841510e+000  4.3080211e+000
  1.3218553e+000  4.5967775e+000
  8.1873599e+000  5.8027342e+000
  7.6357055e+000  5.9272945e+000
  8.0640895e+000  5.8349066e+000
  5.8278164e+000  3.0976772e+000
  1.4537944e+000  7.2903031e+000
  1.7129753e+000  4.8829357e+000
  1.5939294e+000  1.3812498e+000
  2.1984305e+000  6.7186857e+000
  6.8713894e+000  6.2615107e+000
  2.3509501e+000  4.6700786e+000
  3.6809436e+000  8.4394112e+000
  4.7492350e+000  3.3025976e+000
  1.7291520e+000  1.5612131e+000
  2.2826617e+000  1.4626136e+000
  5.1204908e+000  3.3003972e+000
  5.4487841e+000  5.3006398e+000
  8.4987591e+000  8.3566240e+000
  3.9057843e+000  8.8960297e+000
  6.2754118e+000  5.7319649e+000
  4.4733973e+000  7.8781093e+000
  1.1303482e+000  6.5971620e+000
  2.8227390e+000  2.0490282e+000
  1.9627034e+000  7.9545964e+000
  3.2677392e+000  8.5329808e+000
  2.7964900e+000  1.4826557e+000
  7.7377599e+000  2.5030440e+000
  3.0410079e+000  7.8067014e+000
  5.4082655e+000  2.9697467e+000
  8.2559024e+000  1.8981148e+000
  1.5663417e+000  4.8033914e+000
  1.2840172e+000  4.2753583e+000
  4.2179717e+000  4.9337963e+000
  6.9331712e+000  8.4772131e+000
  3.3910547e+000  1.6405170e+000
  4.2034529e+000  5.6284496e+000
  4.7294099e+000  2.8508637e+000
  6.9684724e+000  4.7281099e+000
  7.6877294e+000  1.7908095e+000
  1.5696185e+000  2.2599312e+000
  8.6876570e+000  4.1856089e+000
  2.0688465e+000  6.8030823e+000
  8.6013781e+000  1.5534294e+000
  3.5246105e+000  7.8483150e+000
  7.9967393e+000  8.5917968e+000
  7.8818993e+000  7.8600229e+000
  8.3570976e+000  6.1233757e+000
  7.1416693e+000  5.6229696e+000
  6.0256712e+000  5.6461280e+000
  8.4131960e+000  5.6446186e+000
  3.2232756e+000  9.0659154e-001
  6.7992573e+000  8.4080646e+000
  6.2748759e+000  6.9488660e+000
  3.1711691e+000  1.0288022e+000
  5.4996018e+000  3.2695223e+000
  1.1272117e+000  7.6770013e+000
  3.9687872e+000  1.3137114e+000
  3.3549352e+000  9.3287337e+000
  1.3304859e+000  7.6203394e+000
  3.2243818e+000  2.2142875e+000
  2.4814852e+000  7.3920094e+000
  6.5843059e+000  6.6837610e+000
  7.5864032e+000  5.7708968e+000
  3.2790896e+000  8.7311741e-001
  8.4827452e+000  7.6456893e+000
  3.2996178e+000  8.1850502e+000
  8.3958149e+000  5.6874017e+000
  7.4682247e+000  1.9804823e+000
  2.1374855e+000  1.6236568e+000
  9.1937754e+000  3.4342626e+000
  3.8298038e+000  2.0483517e+000
  8.4108335e+000  8.0207593e+000
  1.5004667e+000  1.9759360e+000
  2.8320025e+000  2.6320895e+000
  8.3199437e+000  2.7875759e+000
  8.1942989e+000  5.7496909e+000
  1.8064152e+000  1.6797024e+000
  1.6812775e+000  6.4694358e+000
  1.5704478e+000  7.9148900e+000
  2.0103123e+000  7.8591894e+000
  5.0791247e+000  3.2796920e+000
  8.6978839e+000  5.8514648e+000
  2.0598484e+000  4.2912369e+000
  8.0498376e+000  8.0719514e+000
  1.6936101e+000  7.2780605e+000
  1.9925219e+000  2.2785937e+000
  7.9630780e+000  3.0171125e+000
  6.3058005e+000  7.5247738e+000
  4.5365316e+000  5.9731439e+000
  7.4669534e+000  5.8923884e+000
  6.6536324e+000  8.0548891e+000
  5.3948085e+000  3.3426720e+000
  8.1544220e+000  2.5940507e+000
  2.4039824e+000  5.3462748e+000
  7.5517730e+000  5.8376192e+000
  7.7030596e+000  5.7558711e+000
  4.8996358e+000  2.7595673e+000
  8.7074439e+000  2.0747450e+000
  5.4277395e+000  2.9343027e+000
  5.0384450e+000  7.7295255e+000
  3.1782843e+000  8.6380836e+000
  8.1227757e+000  5.6819577e+000
  6.4338942e+000  8.1423236e+000
  3.1320529e+000  8.1160167e+000
  5.2843665e+000  8.9357991e+000
  6.0243170e+000  8.0511512e+000
  6.4182677e+000  6.6442594e+000
  7.4549135e+000  2.5524977e+000
  8.5179375e+000  5.6914866e+000
  2.9686975e+000  2.5210445e+000
  8.3541677e+000  5.7976719e+000
  8.6193040e+000  6.5719754e+000
  8.7946689e+000  8.3014684e+000
  4.8423672e+000  3.3617803e+000
  1.3853853e+000  4.5070803e+000
  2.4763077e+000  4.2080402e+000
  1.7618608e+000  2.5349861e+000
  3.3071228e+000  1.1541400e+000
  1.7809508e+000  7.0643722e+000
  1.5566908e+000  7.3215942e+000
  8.0705106e+000  5.6637749e+000
  1.5774690e+000  7.5236434e+000
  1.2145060e+000  6.8048066e+000
  5.8550190e+000  2.1701604e+000
  3.7191692e+000  8.5595910e+000
  6.1186264e+000  7.2875490e+000
  7.9316843e+000  2.6461176e+000
  8.3289577e+000  2.2287530e+000
  8.3868523e+000  1.6012121e+000
  1.6121601e+000  8.7495316e+000
  7.5680430e+000  1.9981475e+000
  4.8802141e+000  1.7103649e+000
  1.3591676e+000  7.3204517e+000
  9.0201765e+000  7.9938002e+000
  1.7498531e+000  6.9899637e+000
  4.7849622e+000  3.3546943e+000
  3.4114335e+000  1.9531999e+000
  4.7394062e+000  3.0468767e+000
  7.1698491e+000  7.6691909e+000
  1.3184472e+000  7.6149937e+000
  7.8793410e+000  1.6877320e+000
  7.0135517e+000  6.0985011e+000
  6.5933658e+000  6.5440122e+000
  1.4703824e+000  1.1974763e+000
  3.6377933e+000  8.0252310e+000
  3.4647482e+000  2.1491559e+000
  2.4727146e+000  7.5017995e+000
  7.9893012e+000  1.5771283e+000
  8.7923856e+000  5.7577794e+000
  8.3079991e+000  8.1597183e+000
  1.3802839e+000  1.5259776e+000
  5.4865432e+000  5.9175813e+000
  1.1360928e+000  5.8751501e+000
  8.0438786e+000  5.6411302e+000
  5.6523647e+000  3.4499124e+000
  2.0344003e+000  4.3671183e+000
  6.6733013e+000  4.5532390e+000
  2.2334160e+000  7.2385474e+000
  3.6131755e+000  8.6621264e+000
  7.9267111e+000  6.0174330e+000
  1.4519812e+000  4.6557428e+000
  8.7410356e+000  7.8535871e+000
  6.4692871e+000  6.7946780e+000
  5.2144433e+000  3.7206748e+000
  7.4954676e+000  5.8935611e+000
  3.2416228e+000  8.1999615e+000
  1.6366329e+000  4.3207260e+000
  3.1547621e+000  9.9182082e-001
  1.6499103e+000  1.7049890e+000
  1.8684735e+000  4.0155193e+000
  5.6648697e+000  3.5338913e+000
  1.3224496e+000  4.2772353e+000
  6.5251555e+000  7.3107970e+000
  6.5910627e+000  7.8040740e+000
  2.0249938e+000  4.0642919e+000
  4.8782120e+000  7.8282180e+000
  8.3913681e+000  2.0488189e+000
  2.6966435e+000  2.0431338e+000
  1.4970554e+000  6.9640473e+000
  1.4669792e+000  4.6463428e+000
  8.5694379e+000  7.9884694e+000
  2.9276320e+000  2.0854658e+000
  5.8639255e+000  7.9724081e+000
  1.2895427e+000  4.0029778e+000
  5.3361840e+000  3.1422219e+000
  8.1423180e+000  1.7693652e+000
  8.3797357e+000  5.7728114e+000
  4.3650360e-001  6.9939389e+000
  7.8556380e+000  1.9355945e+000
  8.5536017e+000  6.0755282e+000
  9.3296298e-001  7.9248808e+000
  4.6525415e+000  2.8500248e+000
  6.5819383e+000  4.1987979e+000
  6.5590633e+000  6.9586753e+000
  1.4455785e+000  7.2276613e+000
  3.4939885e+000  1.4704582e+000
  1.4534006e+000  4.1855915e+000
  8.5047222e+000  5.3821455e+000
  8.5334600e+000  2.3883242e+000
  2.2112095e+000  4.0554444e+000
  1.8926807e+000  6.8611630e+000
  8.4141430e+000  5.7543423e+000
  2.3705301e+000  7.0117805e+000
  1.5699682e+000  7.8450824e+000
  8.2088993e+000  5.2575988e+000
  3.3942816e+000  1.9455083e+000
  8.9663242e+000  5.7190402e+000
  5.8459071e+000  6.9017002e+000
  8.7188424e+000  7.8677961e+000
  6.6547750e+000  6.3663458e+000
  2.2702729e+000  1.5442533e+000
  1.9887286e+000  7.5882548e+000
  7.9349284e+000  8.7883007e+000
  2.3214675e+000  4.5898713e+000
  5.3442706e+000  2.9369033e+000
  1.8712374e+000  1.8363002e+000
  5.0580862e+000  1.7083019e+000
  1.3852015e+000  1.7680428e+000
  1.4079799e+000  6.8555171e+000
  1.5615572e+000  1.4000017e+000
  7.8722087e+000  2.9826980e+000
  2.0143497e+000  7.4424737e+000
  8.3964428e+000  2.5481438e+000
  8.3104119e+000  2.6134709e+000
  6.1892648e+000  7.6720805e+000
  2.0431178e+000  7.5453430e+000
  3.4205660e+000  9.1826476e+000
  6.6832813e+000  6.3606995e+000
  4.1656916e+000  9.1871405e+000
  8.0462158e+000  3.0056588e+000
  1.7510612e+000  8.0139603e+000
  8.5617030e+000  1.5322374e+000
  6.6529754e+000  6.8529459e+000
  1.7529942e+000  2.5734333e+000
  8.2802644e+000  7.9872826e+000
  4.6363538e+000  3.1507933e+000
  1.7782034e+000  7.3724352e+000
  3.2392409e+000  8.3976869e+000
  5.3657922e+000  4.1676146e+000
  6.7736217e+000  7.6570635e+000
  7.3118276e+000  1.9616355e+000
  6.8027507e+000  1.9878710e+000
  1.4670586e+000  8.2484311e+000
  2.3691117e+000  1.7726249e+000
  8.2872264e+000  5.0676105e+000
  6.5070708e+000  6.6119929e+000
  1.1219471e+000  6.7524078e+000
  5.5160784e+000  4.1631615e+000
  8.2453815e+000  5.4165821e+000
  3.1826202e+000  8.6688126e+000
  2.3722485e+000  4.1144300e+000
  7.8910342e+000  1.8730461e+000
  6.3505657e+000  7.6807700e+000
  6.3016676e+000  6.3950024e+000
  6.0766381e+000  7.9161645e+000
  4.3516587e+000  8.2603872e+000
  6.6063122e+000  5.9014641e+000
  5.8983975e+000  3.2558786e+000
  8.0636973e+000  2.7942131e+000
  6.3065413e+000  4.2844834e+000
  7.0745909e+000  5.5764693e+000
  1.4703211e+000  7.7960564e+000
  6.5839410e+000  7.7569075e+000
  3.2576756e+000  9.5649900e+000
  2.2082025e+000  1.3404572e+000
  5.8870237e+000  3.1774113e+000
  8.6930836e+000  8.1835670e+000
  8.7029250e+000  5.6104075e+000
  3.7732202e+000  1.4118011e+000
  8.3787490e+000  5.6865821e+000
  7.6890304e+000  2.5812889e+000
  4.1059277e+000  8.0777094e+000
  2.6512662e+000  4.8391395e+000
  2.3332507e+000  7.7336547e+000
  1.4444012e+000  1.3934554e+000
  8.4228807e+000  5.8541457e+000
  3.5752763e+000  1.5860518e+000
  5.8833904e+000  3.2440634e+000
  8.6649077e+000  8.5953850e+000
  2.6763320e+000  4.4362808e+000
  7.8460792e+000  6.0702049e+000
  1.3837647e+000  2.6613653e+000
  7.8596578e+000  8.6354347e+000
  2.3323594e+000  7.3906242e+000
  1.8738361e+000  7.7300407e+000
  4.7711973e+000  3.1166828e+000
  2.1753886e+000  1.5910277e+000
  6.8106658e+000  8.0941582e+000
  3.9989465e+000  8.4234121e+000
  5.4407198e+000  3.4830182e+000
  1.7001153e+000  7.3342945e+000
  8.4764985e+000  8.3743008e+000
  2.2909622e+000  4.6072764e+000
  5.1037731e+000  3.8420760e+000
  3.2908501e+000  9.1027249e+000
  8.1595845e+000  1.8953066e+000
  8.5257239e+000  2.4996528e+000
  1.9911629e+000  6.9504618e+000
  4.9886237e+000  3.2656183e+000
  7.5536768e+000  5.8781145e+000
  8.9191843e-001  7.9249577e+000
  7.7658088e+000  2.1673262e+000
  7.5849753e+000  1.7091084e+000
  3.7691756e+000  1.6514214e+000
  6.7125785e+000  6.1105955e+000
  7.7421160e+000  6.5668005e+000
  8.3090667e+000  2.8355428e+000
  2.2242435e+000  7.4559675e+000
  8.3252473e+000  6.1095883e+000
  5.8433791e+000  3.7376371e+000
  1.4039547e+000  1.1747549e+000
  1.5622981e+000  3.6522623e+000
  5.8949661e+000  3.5141518e+000
  5.2444150e+000  3.2913567e+000
  5.3624354e+000  2.7110214e+000
  8.3689036e+000  8.0434043e+000
  8.3627277e+000  6.5186804e+000
  8.2720685e+000  8.0147089e+000
  6.4470767e+000  8.1725486e+000
  6.1604594e+000  6.0604188e+000
  8.5543205e+000  5.5971056e+000
  7.7177766e+000  5.7512428e+000
  8.2025273e+000  8.1074254e+000
  6.3604443e+000  8.1602922e+000
  5.1283646e+000  3.4294211e+000
  8.4924168e+000  5.7012692e+000
  1.5909133e+000  7.0814950e+000
  3.2934907e+000  8.1241677e+000
  3.2381347e+000  8.6477506e+000
  3.4123072e+000  1.1243517e+000
  8.5792378e+000  5.3609019e+000
  7.0123472e+000  4.5392611e+000
  1.4635787e+000  1.4238812e+000
  8.0751236e+000  7.9417855e+000
  1.4074049e+000  4.4894844e+000
  5.5955357e+000  8.6972452e+000
  4.9346503e+000  2.9133052e+000
  1.5195771e+000  8.5242370e+000
  8.1921903e+000  2.2836055e+000
  1.4954234e+000  4.6610479e+000
  3.4238963e+000  9.8415922e-001
  7.9328799e+000  5.6475552e+000
  9.3891790e-001  7.1906424e+000
  6.7896283e+000  8.3854773e+000
  7.2978024e+000  2.3490996e+000
  8.0740481e+000  5.8168881e+000
  8.2278221e+000  1.8748303e+000
  3.3340329e+000  1.5494744e+000
  7.3033344e+000  7.9164984e+000
  1.8322598e+000  6.4632289e+000
  7.4028445e+000  1.7450094e+000
  5.0348019e+000  3.3517719e+000
  7.8699866e+000  5.7296569e+000
  2.3704740e+000  7.4814680e+000
  6.7141088e+000  4.4785102e+000
  3.4779378e+000  8.6320170e+000
  1.9369339e+000  2.5177938e+000
  2.9932378e+000  2.3510818e+000
  1.4416055e+000  4.6852908e+000
  7.1686280e+000  5.8576880e+000
  2.4935502e+000  1.4654899e+000
  8.4186270e+000  8.0912360e+000
  1.6154731e+000  6.8814603e+000
  7.7165950e+000  6.0601546e+000
  6.8899257e+000  7.4769995e+000
  3.3340840e+000  8.2537778e+000
  8.1445687e+000  8.3628102e+000
  8.4788925e+000  1.8222887e+000
  6.7853710e+000  8.4267982e+000
  7.9400962e+000  1.7859261e+000
  1.4939677e+000  4.2948263e+000
  3.4612327e+000  7.9092963e+000
  7.6188485e+000  1.6664111e+000
  8.5954909e+000  4.2923194e+000
  3.4399681e+000  1.3525875e+000
  5.2228583e+000  2.9551017e+000
  8.2370133e+000  5.3751827e+000
  3.7265796e+000  8.3845674e+000
  7.9314137e+000  6.3582597e+000
  2.8714902e+000  2.1237970e+000
  5.7309736e+000  2.9785067e+000
  6.6276615e+000  6.6017406e+000
  3.1668912e+000  8.8902613e+000
  8.8933620e+000  3.7773460e+000
  3.5370115e+000  8.1242074e+000
  4.9631244e+000  3.2240265e+000
  3.6323411e+000  8.1086086e+000
  2.1646704e+000  1.4160726e+000
  1.4801822e+000  4.1539746e+000
  5.8890426e+000  8.2771437e+000
  6.7488850e+000  6.0318561e+000
  5.4209917e+000  3.0041083e+000
  1.6055055e+000  3.0161294e+000
  6.7532259e+000  8.0485994e+000
  3.1328438e+000  9.2852329e+000
  8.0341375e+000  2.4942336e+000
  5.4522327e+000  3.0018059e+000
  8.7875054e+000  5.5832977e+000
  2.3762927e+000  7.4746542e+000
  2.5247176e+000  2.0601457e+000
  4.5105332e+000  3.1608428e+000
  8.9051913e+000  1.7124709e+000
  5.7999389e+000  3.2973507e+000
  2.2872863e+000  1.9991810e+000
  2.1715785e+000  7.0832106e+000
  1.5620911e+000  4.1353071e+000
  7.4173885e+000  2.4828861e+000
  3.5040303e+000  8.3975363e+000
  7.6982284e+000  2.7471156e+000
  6.6049894e+000  2.4004463e+000
  1.2938509e+000  4.4707906e+000
  1.4641150e+000  4.3345205e+000
  4.8217686e+000  2.5255368e+000
  3.1581491e+000  1.8740723e+000
  8.7016561e+000  5.7248432e+000
  3.0772845e+000  1.3112828e+000
  4.7919801e+000  2.9603603e+000
  8.0064780e+000  5.8483717e+000
  3.8745998e+000  8.3495399e+000
  6.6767467e+000  8.0892400e+000
  5.7068583e+000  1.6096060e+000
  5.9943868e+000  5.7740993e+000
  3.3036921e+000  1.8754446e+000
  7.5633170e+000  8.2889862e+000
  7.6430906e+000  6.1346988e+000
  8.2884179e+000  5.8153662e+000
  1.2705713e+000  6.6589232e+000
  6.1341452e+000  2.0413502e+000
  1.4740752e+000  7.1885210e+000
  1.1735759e+000  7.1977563e+000
  6.4965958e+000  6.5135691e+000
  1.9839626e+000  6.5927710e+000
  3.2951764e+000  2.2723925e+000
  6.6968565e+000  8.1940866e+000
  5.5071616e+000  3.3675127e+000
  1.2581757e+000  4.4244919e+000
  2.2180472e+000  4.3377103e+000
  5.4765843e+000  3.6782166e+000
  7.7909926e+000  2.6692620e+000
  7.4451170e+000  2.6556486e+000
  8.3058038e+000  5.6393691e+000
  6.2899835e+000  7.0855325e+000
  7.9579028e+000  2.4129682e+000
  6.3831174e+000  6.4522231e+000
  5.1959641e+000  3.4687245e+000
  8.6967873e+000  5.9468910e+000
  3.4610789e+000  2.1911762e+000
  4.2498928e+000  5.9219626e+000
  1.4645605e+000  3.9774840e+000
  1.6117991e+000  4.4158555e+000
  5.2163498e+000  3.2575565e+000
  6.7585917e+000  1.1629794e+000
  1.6883845e+000  1.3288580e+000
  7.1272455e+000  8.1066650e+000
  7.4960030e+000  2.6213060e+000
  5.5054857e+000  3.1463113e+000
  7.7243390e+000  2.8221749e+000
  1.4515440e+000  2.0277835e+000
  5.6491548e+000  8.1915790e+000
  5.4344228e+000  4.9904103e+000
  8.1984850e+000  8.1032061e+000
  6.5912591e+000  6.6963022e+000
  1.4898337e+000  4.5942035e+000
  5.2780051e+000  3.2122093e+000
  5.4081940e+000  3.7518289e+000
  6.5069075e+000  7.5951160e+000
  8.5060648e+000  2.6692732e+000
  3.5003535e+000  4.6920989e+000
  5.5340631e+000  2.9001639e+000
  8.7975365e+000  5.6777742e+000
  6.0598104e+000  4.0737022e+000
  8.4820638e+000  4.2086740e+000
  5.0306917e+000  4.1093839e+000
  3.5389195e+000  3.0345661e+000
  2.2848821e+000  3.7358751e+000
  8.6923795e+000  5.9718577e+000
  9.2083390e-001  7.3448532e+000
  7.8486485e+000  2.0983818e+000
  7.2023373e+000  8.1471419e+000
  8.1671366e+000  5.6757296e+000
  5.0634451e+000  2.9093324e+000
  6.8776726e+000  6.2823340e+000
  1.6996780e+000  4.2408783e+000
  3.2338170e+000  9.4590278e+000
  8.2966235e+000  2.5652610e+000
  8.5483707e+000  7.6008005e+000
  8.6800780e+000  5.3914443e+000
  2.1549679e+000  1.4717102e+000
  1.2905390e+000  4.3745091e+000
  5.8180909e+000  3.3087398e+000
  6.5599919e+000  7.2286948e+000
  8.1599671e+000  6.5132849e+000
  5.8871053e+000  6.7409517e+000
  1.8132875e+000  2.2709443e+000
  1.9896668e+000  7.0533129e+000
  3.8345795e+000  8.3280791e+000
  1.5131973e+000  4.0078165e+000
  5.4525195e+000  3.3965551e+000
  1.3087846e+000  7.4987527e+000
  2.7664234e+000  8.1753097e+000
  1.2942220e+000  8.7471534e+000
  6.6467381e+000  1.6086892e+000
  8.7300070e+000  5.9295386e+000
  1.9294181e+000  6.8346189e+000
  8.7947579e+000  7.7075012e+000
  6.4263314e+000  2.1455066e+000
  1.1887426e+000  6.9359733e+000
  1.7509117e+000  8.2217806e+000
  6.1503456e+000  5.9001083e+000
  3.2316358e+000  9.4181150e+000
  1.7429056e+000  1.3924244e+000
  6.6089453e+000  4.3346619e+000
  7.5355064e+000  5.6931121e+000
  8.7727635e+000  8.3898716e+000
  3.1625769e+000  9.2639365e+000
  2.3927286e+000  2.3299179e+000
  1.7119947e+000  7.0347520e+000
  4.6449312e-001  7.0997495e+000
  3.6745339e+000  2.4136884e+000
  6.4659557e+000  4.1898843e+000
  2.5455940e+000  4.2178482e+000
  5.4044949e+000  3.5289837e+000
  6.9797138e+000  4.8977721e+000
  6.5416727e+000  6.7911678e+000
  5.4326657e+000  3.6863066e+000
  2.0201188e+000  1.4261663e+000
  4.5956666e+000  3.1657245e+000
  1.5611639e+000  7.1731860e+000
  7.8891675e+000  2.3668825e+000
  1.4915387e+000  6.7459986e+000
  2.4058129e+000  6.7412053e+000
  8.6050527e+000  8.3810498e+000
  1.5808530e+000  4.4331674e+000
  3.6193560e+000  8.1841056e+000
  4.9729479e+000  4.0862244e+000
  1.8952232e+000  6.5501869e+000
  1.1187777e+000  7.5044123e+000
  1.9721536e+000  7.7920766e+000
  6.6719531e+000  2.3337536e+000
  3.0433955e+000  2.2342428e+000
  5.3333596e+000  3.2451656e+000
  5.5142628e+000  3.0457229e+000
  2.3576061e+000  2.1050378e+000
  1.7610289e+000  8.8038226e+000
  1.7148275e+000  4.4780485e+000
  2.0200514e+000  4.7024984e+000
  5.5668804e+000  3.4882200e+000
  1.8634342e+000  2.5063642e+000
  1.6609568e+000  7.2284358e+000
  4.2267785e+000  6.3679825e+000
  4.7396462e+000  6.2798524e+000
  7.1689879e+000  4.9085988e+000
  5.2533005e+000  3.6564526e+000
  8.5334037e+000  5.7308923e+000
  8.0300656e+000  2.1328860e+000
  1.6379998e+000  4.1591835e+000
  6.4818342e+000  8.3487615e+000
  6.5092782e+000  1.6935479e+000
  5.4647168e+000  3.4322434e+000
  1.4806277e+000  7.0491050e+000
  3.2313345e+000  8.4934986e+000
  4.5015261e+000  8.5842525e+000
  6.8575058e+000  6.1194264e+000
  8.4273476e+000  2.8854280e+000
  1.8047474e+000  1.9765953e+000
  5.5089637e+000  4.3681965e+000
  5.0008835e+000  3.7776952e+000
  5.1736706e+000  2.6483956e+000
  6.5999483e+000  6.2397375e+000
  7.0879161e+000  7.9591446e+000
  1.7449640e+000  2.3273153e+000
  6.1240410e+000  7.9069269e+000
  3.9508084e+000  8.3082035e+000
  2.0659913e+000  8.4070727e+000
  7.7772293e+000  6.3284289e+000
  6.2875341e+000  7.7042622e+000
  5.0521581e+000  5.2975018e+000
  1.2361334e+000  7.7130301e+000
  7.5889779e+000  2.0457952e+000
  7.9059980e+000  5.9709747e+000
  6.3479881e+000  8.0819738e+000
  1.6828938e+000  4.2972459e+000
  2.5705813e+000  2.3535926e+000
  3.4082192e+000  9.3500156e+000
  4.6052566e+000  2.9871364e+000
  1.2691133e+000  8.4118929e+000
  4.8602449e+000  3.3249705e+000
  3.8520273e+000  8.0259685e+000
  8.3632292e+000  8.4666819e+000
  8.3109373e+000  2.5859105e+000
  6.0321036e+000  2.1088198e+000
  7.5102027e+000  1.7422921e+000
  8.3330754e+000  7.5509922e+000
  2.0652476e+000  5.0450906e+000
  4.9579793e+000  3.7158380e+000
  6.1928254e+000  7.5393259e+000
  6.7821535e+000  7.8229516e+000
  5.3265718e+000  2.9365624e+000
  8.2248013e+000  7.9414371e+000
  7.1159450e+000  1.4221021e+000
  8.7520108e+000  6.2738539e+000
  7.1843833e+000  1.7388090e+000
  6.4433757e+000  5.0308451e+000
  6.9696638e+000  7.9773512e+000
  5.5269435e+000  5.2849750e+000
  1.7070478e+000  2.2472221e+000
  6.0988190e+000  3.0651395e+000
  8.2493282e+000  2.8060496e+000
  1.8657630e+000  7.2761804e+000
  5.8899023e+000  2.2626475e+000
  8.2749686e+000  5.7100163e+000
  3.2582347e+000  8.8074639e+000
  4.2060999e+000  6.4763927e+000
  1.5941957e+000  7.0240557e+000
  6.5275895e+000  4.6961960e+000
  2.5869099e+000  1.8117805e+000
  7.6376679e+000  2.6540942e+000
  1.1272029e+000  7.3476871e+000
  3.1099187e+000  8.5573425e+000
  4.9049009e+000  3.1435609e+000
  3.4029762e+000  8.6341984e+000
  6.6419434e+000  8.0941369e+000
  3.2464388e+000  4.1861467e+000
  3.0899336e+000  7.6959964e+000
  3.1572405e+000  6.5796739e+000
  3.1359218e+000  1.5366842e+000
  8.3333147e+000  5.6361453e+000
  4.4675264e+000  8.1205875e+000
  5.6157332e+000  2.9995623e+000
  1.4774994e+000  5.7052483e+000
  4.9145213e+000  9.1113432e+000
  5.0012036e+000  2.9816012e+000
  5.1706717e+000  5.2787702e+000
  2.0154816e+000  3.9154402e+000
  1.4275326e+000  4.7030528e+000
  3.3339055e+000  8.8203941e+000
  3.6783829e+000  8.9378418e+000
  8.6993969e+000  2.0484454e+000
  5.3025018e+000  3.6159267e+000
  4.8642764e+000  7.2919356e+000
  8.8463016e+000  7.7148126e+000
  7.0747647e+000  8.0144316e+000
  8.5245830e+000  2.4332778e+000
  7.8661465e+000  5.8115143e+000
  1.9796753e+000  4.0922648e+000
  7.7578732e+000  2.1494375e+000
  2.4438175e+000  8.7632361e+000
  5.5766422e+000  6.8527896e+000
  6.4340656e+000  7.9106593e+000
  5.6877317e+000  5.8781455e+000
  1.6275634e+000  8.2928781e+000
  2.0489055e+000  1.4982738e+000
  2.7529811e+000  2.4655746e+000
  6.3209615e+000  4.2101216e+000
  8.2875493e+000  1.7924885e+000
  2.0361624e+000  1.8987254e+000
  3.3760204e+000  9.7410412e-001
  7.0341592e+000  4.9915351e+000
  5.5747617e+000  2.9304705e+000
  7.1688251e+000  6.0286164e+000
  5.7082338e-001  7.1393796e+000
  6.2613971e+000  7.3921541e+000
  2.9910811e+000  2.4953161e+000
  3.1418215e+000  7.8364226e+000
  6.8697671e+000  6.3423967e+000
  3.9118034e+000  8.3421339e+000
  7.3375978e+000  8.0411252e+000
  2.4909718e+000  4.2343110e+000
  8.4208050e+000  8.2662648e+000
  5.6405425e+000  2.8082159e+000
  2.0364015e+000  7.4172194e+000
  1.3637335e+000  7.3805957e+000
  1.6305800e+000  1.7671268e+000
  5.3809363e+000  5.0037634e+000
  8.0237799e+000  1.6066031e+000
  2.1200079e+000  7.5831979e+000
  6.8222697e+000  1.3872500e+000
  1.6607977e+000  2.0119350e+000
  8.0184743e+000  1.9809536e+000
  8.6069621e+000  7.3722394e+000
  4.6228429e+000  3.2783005e+000
  6.0292778e+000  6.7320006e+000
  5.1987337e+000  2.7739560e+000
  7.9808771e+000  2.4110760e+000
  6.0655643e+000  7.4723831e+000
  1.4674689e+000  7.0250943e+000
  2.1081630e+000  4.2546139e+000
  3.4108169e+000  1.2349583e+000
  7.8118299e+000  2.1423573e+000
  3.5316747e+000  9.0060483e+000
  3.6382821e+000  2.1206973e+000
  7.0904465e+000  5.8205759e+000
  6.6645554e+000  6.2434797e+000
  5.1634083e+000  3.6794179e+000
  8.2298888e+000  5.7036525e+000
  5.3786733e+000  5.5621322e+000
  1.2529315e+000  4.4346268e+000
  1.7268709e+000  1.9593165e+000
  8.1403728e+000  8.0020659e+000
  8.2783591e+000  2.7358993e+000
  8.3066212e+000  2.6016263e+000
  7.5827670e+000  5.7587701e+000
  8.2682594e+000  6.1323934e+000
  5.2055032e+000  2.8189934e+000
  2.7195383e+000  1.7972240e+000
  7.9942588e+000  8.7932625e+000
  3.7451957e+000  1.9530555e+000
  5.9232531e+000  8.2209351e+000
  1.5524148e+000  4.3127994e+000
  5.1776752e+000  3.0856579e+000
  6.9667986e+000  7.6713794e+000
  8.7441910e+000  5.7298607e+000
  5.5457960e+000  3.0419986e+000
  5.6318388e+000  3.1432171e+000
  1.8690136e+000  1.6449718e+000
  1.3713075e+000  4.5262875e+000
  6.5994958e+000  2.4095839e+000
  1.5358608e+000  4.2900927e+000
  6.6505766e+000  6.3269885e+000
  1.3272816e+000  4.2709035e+000
  3.6903379e+000  2.4311977e+000
  4.8022113e+000  3.3420726e+000
  6.3971725e+000  8.1179936e+000
  3.7416871e+000  2.4083740e+000
  1.7822661e+000  7.3229276e+000
  7.3003658e+000  5.9815418e+000
  3.3651667e+000  9.6179664e+000
  2.6823516e+000  6.9343716e+000
  8.4009741e+000  2.7543422e+000
  1.8937239e+000  6.4949608e+000
  6.3346178e+000  7.9997613e+000
  6.2844046e+000  7.5512650e+000
  1.8731295e+000  4.2073406e+000
  5.9940889e+000  3.4396251e+000
  8.6445129e+000  5.9741714e+000
  1.7196787e+000  7.0677811e+000
  6.4866009e+000  6.8416492e+000
  1.3745167e+000  7.5333888e+000
  1.3740390e+000  7.7585206e+000
  8.1235058e+000  8.6276789e+000
  6.3406232e+000  6.7017015e+000
  8.6994970e+000  1.9677580e+000
  8.6621037e+000  5.7900944e+000
  2.3433665e+000  4.5275208e+000
  6.6315137e+000  6.6676174e+000
  4.0656765e+000  6.1090031e+000
  6.8566569e+000  8.0134815e+000
  3.8815092e+000  4.2209003e+000
  7.3886526e+000  1.8835135e+000
  4.7659097e+000  2.9380885e+000
  2.3365977e+000  4.2635297e+000
  8.8083248e+000  1.8681009e+000
  2.9269355e+000  8.5136006e+000
  1.7369109e+000  6.9752702e+000
  5.8947520e+000  3.0111692e+000
  2.4319641e+000  7.1324267e+000
  8.7694202e-001  7.3488258e+000
  6.5521656e+000  2.1142140e+000
  2.3131154e+000  6.7339709e+000
  7.6339393e+000  2.3452527e+000
  8.1144966e+000  5.7164326e+000
  2.0327782e+000  1.5225859e+000
  3.2937931e+000  8.2185868e+000
  7.5369238e+000  5.9402717e+000
  1.9917259e+000  1.8056156e+000
  5.8910523e+000  5.3396676e+000
  3.2760535e+000  8.2506529e+000
  5.7189897e+000  2.0123026e+000
  7.8535260e+000  5.4582630e+000
  1.4917254e+000  2.3522376e+000
  6.8735292e+000  8.2790587e+000
  8.8096423e+000  1.7626563e+000
  4.1337348e+000  8.1575088e+000
  1.6046099e+000  7.8047341e+000
  7.0516903e+000  6.3011594e+000
  2.3008057e+000  7.5322765e+000
  2.1420107e+000  4.2564868e+000
  5.3451849e+000  2.0661861e+000
  7.6811506e+000  3.9923999e+000
  5.4424656e+000  3.5448650e+000
  7.4703973e+000  5.5169733e+000
  6.9712483e+000  5.6861585e+000
  7.9996941e+000  1.9702034e+000
  8.7333864e+000  8.0137683e+000
  1.6365859e+000  8.2746149e+000
  7.9908250e+000  2.5787533e+000
  1.9373599e+000  3.9024359e+000
  2.7499974e+000  2.1050700e+000
  5.6065615e+000  3.4398640e+000
  8.0518072e+000  8.5466149e+000
  3.1923536e+000  8.7812196e+000
  7.3890205e+000  7.8683839e+000
  5.5910894e+000  2.8327681e+000
  6.5618538e+000  7.7858358e+000
  9.0639546e-001  6.8773716e+000
  7.8440966e+000  2.4298822e+000
  3.7001763e+000  1.9652864e+000
  6.7924303e+000  6.1904404e+000
  1.6072443e+000  7.2649771e+000
  2.1126883e+000  2.2607198e+000
  5.4013340e+000  8.4209995e+000
  8.8743805e+000  1.6459789e+000
  2.9644521e+000  4.7084016e+000
  3.3912400e+000  1.9446998e+000
  8.9203189e+000  8.3354584e+000
  8.6376768e+000  1.7099808e+000
  2.3702319e+000  4.9333908e+000
  2.4346277e+000  3.9303923e+000
  3.1702277e+000  4.8426804e+000
  4.9732884e+000  7.6051574e+000
  2.1934316e+000  4.5092644e+000
  5.1453253e+000  3.4465480e+000
  6.7507959e+000  6.5062254e+000
  6.4684322e+000  7.3769476e+000
  2.4842283e+000  4.3603651e+000
  1.9751559e+000  4.1905958e+000
  6.8697718e+000  6.2472791e+000
  3.0387204e+000  1.7272878e+000
  7.7627915e+000  2.0207164e+000
  7.9513336e+000  2.4095242e+000
  8.3572116e+000  7.0962518e+000
  2.3849245e+000  4.3634153e+000
  1.6977861e+000  4.3273734e+000
  8.2636878e+000  2.3234779e+000
  6.3929835e+000  6.2872458e+000
  3.6096501e+000  7.9878363e+000
  3.4615859e+000  1.1007123e+000
  8.4578511e+000  8.0272734e+000
  7.5522063e+000  6.6316079e+000
  8.8733436e+000  1.6541507e+000
  2.6212109e+000  8.9323423e+000
  3.3310496e+000  2.1827375e+000
  3.5806114e+000  8.2169175e+000
  6.7736956e+000  8.2514776e+000
  4.9939191e+000  3.0795001e+000
  6.6743713e+000  8.2672861e+000
  2.3909652e+000  3.9804662e+000
  7.6652875e+000  5.7550837e+000
  3.4637381e+000  8.9757763e+000
  2.1784286e+000  2.3628741e+000
  5.5063584e+000  5.3167478e+000
  7.9696690e+000  5.6738254e+000
  1.7425048e+000  4.4266396e+000
  8.4914336e+000  7.9445370e+000
  7.7806245e+000  2.0928999e+000
  6.8441252e+000  7.5275118e+000
  3.1435988e+000  2.1006017e+000
  6.5436216e+000  6.7614251e+000
  5.3902538e+000  3.0553912e+000
  9.0143036e+000  1.5308219e+000
  2.8323368e+000  2.3227843e+000
  7.1126071e+000  5.4631214e+000
  6.3019992e+000  7.3600982e+000
  5.6730806e+000  5.5979681e+000
  3.7554633e+000  8.4760937e+000
  3.6144778e+000  8.6356520e+000
  7.0612381e+000  5.0526585e+000
  8.0868658e+000  1.5252627e+000
  3.3016846e+000  9.0345357e+000
  1.9062106e+000  2.3804209e+000
  6.4406739e+000  7.6521626e+000
  5.3925175e+000  4.2530757e+000
  6.9561937e+000  8.3195763e+000
  5.3098339e+000  8.2216462e+000
  1.7722607e+000  7.6758184e+000
  8.0330395e+000  8.3651145e+000
  1.7526592e+000  7.4958610e+000
  5.7366796e+000  3.3455546e+000
  2.2566792e+000  6.6918988e+000
  1.6802486e+000  4.4742909e+000
  7.2678902e+000  2.3168003e+000
  4.0843767e+000  6.2106028e+000
  8.2342955e+000  1.9038107e+000
  3.5844883e+000  2.3163508e+000
  6.3494669e+000  7.7746949e+000
  8.5030729e+000  4.0077204e+000
  6.7081437e+000  6.3984626e+000
  2.3193093e+000  4.3372453e+000
  3.2526020e+000  8.6375261e+000
  4.7856105e+000  3.4897781e+000
  2.3188945e+000  6.5890001e+000
  1.8927843e+000  6.6238995e+000
  3.3695978e+000  1.8510299e+000
  5.6501064e+000  1.8747918e+000
  7.7978404e+000  1.7844342e+000
  3.4235498e+000  8.6783328e+000
  6.6980321e+000  1.6403365e+000
  2.2199943e+000  7.5239966e+000
  3.9702803e+000  9.3529530e+000
  1.2283760e+000  8.2734987e+000
  6.9534131e+000  6.2556393e+000
  8.2310974e+000  6.8647807e+000
  6.0632847e+000  6.4929413e+000
  6.5616551e+000  4.6922244e+000
  8.1614721e+000  5.6276726e+000
  8.1942511e+000  2.2791317e+000
  5.7021041e+000  3.4029354e+000
  8.0171764e+000  8.4212867e+000
  2.4281077e+000  2.3385079e+000
  1.2187598e+000  7.8559275e+000
  1.4923089e+000  4.4295626e+000
  6.9810390e+000  2.3194525e+000
  2.1642470e+000  7.0349705e+000
  7.0504396e+000  5.7755241e+000
  2.8585190e+000  7.1204206e+000
  1.8683912e+000  2.3859618e+000
  7.1491722e+000  7.7831342e+000
  8.8289512e+000  2.0651015e+000
  5.8552604e+000  1.7498347e+000
  5.6821542e+000  3.3301277e+000
  2.5313987e+000  3.9584780e+000
  6.6273451e+000  6.3006333e+000
  8.4075488e+000  8.0606660e+000
  6.5059327e+000  6.2568035e+000
  7.4931715e+000  8.4842098e+000
  8.6712672e+000  6.0825792e+000
  1.7733023e+000  1.6764747e+000
  7.1417085e+000  6.3134358e+000
  2.2964462e+000  4.4286814e+000
  6.4847300e+000  7.3849103e+000
  2.4389094e+000  4.0650867e+000
  4.5384715e+000  8.0200846e+000
  5.3308100e+000  4.8829913e+000
  2.7098185e+000  2.3323678e+000
  3.5886872e+000  8.8333918e+000
  1.3554310e+000  4.6338700e+000
  3.6712637e+000  8.3684832e+000
  2.3211355e+000  4.0380824e+000
  1.7822894e+000  4.0052508e+000
  7.6247967e+000  1.9090650e+000
  7.7899247e+000  1.8159540e+000
  8.7186860e+000  8.0765537e+000
  8.7012183e+000  5.7427338e+000
  3.3841802e+000  2.0100744e+000
  3.8109778e+000  8.6836131e+000
  8.5301731e+000  1.6606305e+000
  5.4461584e+000  2.9292947e+000
  4.7183787e+000  3.9485324e+000
  8.3602698e+000  2.4419387e+000
  1.7848067e+000  6.4883905e+000
  5.2534482e+000  2.8430424e+000
  7.4967646e+000  1.7665576e+000
  3.5028520e+000  9.1459438e+000
  8.7310996e+000  8.1735972e+000
  7.6923523e+000  5.8801565e+000
  7.0247638e+000  1.6295698e+000
  2.6214063e+000  1.2788915e+000
  5.6551195e+000  3.2231953e+000
  3.4110458e+000  1.3316223e+000
  9.9678221e-001  6.3545059e+000
  2.5048783e+000  7.7134543e+000
  7.0311858e+000  8.0488110e+000
  5.9014241e-001  7.0421370e+000
  7.8965333e+000  1.4602949e+000
  8.4285879e+000  6.8559666e+000
  5.1911198e+000  3.3994128e+000
  8.9002494e+000  5.7541000e+000
  4.3599121e+000  6.2101554e+000
  1.8570627e+000  2.0115999e+000
  2.2254052e+000  4.5637940e+000
  4.5131476e+000  3.2547727e+000
  1.6292938e+000  4.2744616e+000
  4.8192671e+000  2.8427034e+000
  1.4129954e+000  4.2814234e+000
  3.5524753e+000  7.8034459e+000
  6.9981083e+000  7.5795214e+000
  2.5848040e+000  4.8494580e+000
  3.0040679e+000  1.8628628e+000
  1.6070827e+000  2.5673615e+000
  7.8882010e+000  2.5544449e+000
  2.0333681e+000  7.6784200e+000
  8.6513838e+000  1.9470457e+000
  2.2235868e+000  4.3689772e+000
  5.7922909e+000  3.5612692e+000
  8.4998874e+000  7.7863553e+000
  8.3261935e+000  2.8156696e+000
  8.3552923e+000  2.7195269e+000
  7.1320089e+000  1.7507383e+000
  3.3059557e+000  9.1400291e+000
  8.5914281e+000  1.5635887e+000
  6.8559377e+000  6.5002202e+000
  2.4398281e+000  1.7352770e+000
  3.8162507e+000  8.3552400e+000
  5.6423068e+000  1.6868117e+000
  5.7849088e+000  8.0070898e+000
  1.8420054e+000  2.3662616e+000
  6.5784646e+000  8.1086727e+000
  2.1826838e+000  4.3950470e+000
  2.4095563e+000  4.0632947e+000
  8.3892899e+000  8.6311627e+000
  6.3699522e+000  1.9247557e+000
  3.1588824e+000  8.9018864e-001
  1.4790225e+000  7.4411555e+000
  8.3067315e-001  7.1608146e+000
  8.7969447e+000  1.5470703e+000
  5.2017695e+000  3.2390754e+000
  8.6964582e+000  3.5237481e+000
  6.7029127e+000  8.0729850e+000
  1.5590576e+000  2.5503424e+000
  8.1750528e+000  5.6916701e+000
  6.3761438e+000  7.5064533e+000
  4.9238537e+000  3.6987342e+000
  7.8851698e+000  5.4628691e+000
  6.7625000e+000  6.4038344e+000
  1.1991152e+000  7.7062611e+000
  8.4196294e+000  7.8178627e+000
  7.9407197e+000  8.3295604e+000
  3.7242168e+000  8.8436540e+000
  5.2484917e+000  3.9159384e+000
  2.2105743e+000  4.0442134e+000
  2.4452809e+000  3.8857727e+000
  6.8559690e+000  8.2491969e+000
  5.1035761e+000  4.7439372e+000
  5.6691985e+000  2.4752232e+000
  2.4974358e+000  7.3826250e+000
  6.2763693e+000  8.2174415e+000
  2.7386492e+000  2.4179663e+000
  5.3545916e+000  1.5112712e+000
  7.8396585e+000  1.7574114e+000
  4.6127857e+000  3.0642156e+000
  8.3607501e+000  2.5440653e+000
  7.6986997e+000  6.0760751e+000
  8.9248355e+000  5.7309766e+000
  7.0868606e+000  6.0783209e+000
  3.2292406e+000  1.8648717e+000
  1.9454523e+000  4.1763107e+000
  3.1325768e+000  1.1744315e+000
  1.5721222e+000  6.9914725e+000
  6.7265480e+000  4.2121310e+000
  3.7136579e+000  8.7103934e+000
  5.4557269e+000  3.5722228e+000
  1.7600434e+000  7.7741794e+000
  7.8945670e+000  1.8634518e+000
  8.5655049e+000  1.6309515e+000
  2.6486236e+000  9.3446130e+000
  1.5589822e+000  1.5642918e+000
  8.4469137e+000  8.6802206e+000
  2.8609375e+000  1.3624312e+000
  5.3549675e+000  3.1876826e+000
  7.6019774e+000  1.5651459e+000
  1.7547322e+000  4.4144258e+000
  8.0876250e+000  8.7100330e+000
  8.5261740e+000  2.0964564e+000
  3.2728890e+000  9.4339271e-001
  5.6633866e+000  3.2083211e+000
  4.6900090e+000  3.0488318e+000
  3.5258483e+000  8.3739838e+000
  8.1309648e+000  6.1540875e+000
  5.7841994e+000  3.0180850e+000
  8.8640795e-001  6.8133077e+000
  3.3162631e+000  7.8414020e+000
  7.4740921e+000  2.4713523e+000
  3.4654791e+000  8.7623176e+000
  8.3482152e+000  5.1601184e+000
  7.6079575e+000  5.5751587e+000
  2.5340968e+000  1.7411118e+000
  1.8521086e+000  7.1951231e+000
  6.6999042e+000  8.3427293e+000
  9.0761792e+000  5.3066746e+000
  1.4121433e+000  4.3909520e+000
  2.0642334e+000  1.5888669e+000
  1.6306795e+000  5.5273593e+000
  4.8304646e+000  3.1492455e+000
  5.1128317e+000  3.3864458e+000
  5.4328043e+000  7.7669435e+000
  6.8926382e+000  5.2203548e+000
  4.1545071e+000  8.1330650e+000
  6.7674218e+000  6.3248537e+000
  9.0314267e+000  4.4263202e+000
  8.3298504e+000  8.5775454e+000
  7.7429117e+000  2.6849456e+000
  6.5556622e+000  5.0290806e+000
  8.4072761e+000  5.8879337e+000
  3.2639848e+000  8.5397857e+000
  3.8243085e+000  8.0063866e+000
  8.1404834e+000  1.8434620e+000
  6.6004197e+000  6.3117845e+000
  6.7281960e+000  6.2694965e+000
  6.6226073e+000  8.2099944e+000
  8.8859899e+000  5.8331296e+000
  3.4576694e+000  2.0339812e+000
  6.7872332e+000  4.8137862e+000
  8.2417396e+000  5.2622789e+000
  7.5518686e+000  5.8435206e+000
  6.6261770e+000  1.8087937e+000
  1.5692611e+000  2.0602627e+000
  1.4504066e+000  1.9278157e+000
  6.7718923e+000  7.5868556e+000
  5.2472239e+000  3.4472333e+000
  7.0876945e+000  6.3011701e+000
  8.0539644e+000  8.5871236e+000
  8.9904978e+000  1.4156425e+000
  8.5145586e+000  5.8808847e+000
  5.4557470e+000  2.6568702e+000
  7.0049014e+000  2.2843533e+000
  5.3861576e+000  3.5681825e+000
  4.9990755e+000  3.1470447e+000
  6.4126848e+000  7.0816308e+000
  6.8284160e+000  1.7625467e+000
  1.2602128e+000  7.3007774e+000
  3.7692095e+000  7.8646951e+000
  5.5472529e+000  3.7355849e+000
  8.4980495e+000  1.8309365e+000
  8.4287653e+000  5.6501695e+000
  4.9932303e+000  3.2980555e+000
  3.4010887e+000  9.5108395e+000
  8.1293603e+000  7.4911445e+000
  2.1270690e+000  2.2283689e+000
  8.1322253e+000  1.6601865e+000
  7.7612748e+000  1.9590250e+000
  1.7344561e+000  7.5575893e+000
  3.8331328e+000  4.0408948e+000
  6.6131240e+000  6.7513917e+000
  6.1311349e+000  2.1145493e+000
  8.5890656e+000  2.1989324e+000
  6.3172551e+000  1.9672846e+000
  5.4814388e+000  3.0886350e+000
  8.0732754e+000  2.2127348e+000
  7.5818586e+000  5.5549670e+000
  2.6302978e+000  2.5937514e+000
  6.9864593e+000  6.0749268e+000
  8.7727367e+000  8.2610537e+000
  5.1335210e+000  2.9180642e+000
  3.5211885e+000  2.4101894e+000
  3.4560202e+000  8.4062371e+000
  1.9625052e+000  8.0955283e+000
  2.7984157e+000  1.4636206e+000
  1.6388184e+000  6.6540755e+000
  1.9783534e+000  1.5034148e+000
  1.6236540e+000  6.5568278e+000
  2.2326455e+000  4.5011726e+000
  8.8765991e+000  4.9746677e+000
  3.7796278e+000  7.8764633e+000
  8.5868119e+000  1.7758881e+000
  6.2302014e+000  6.4337041e+000
  1.4647010e+000  6.1887034e+000
  1.3152966e+000  1.7623106e+000
  1.9489765e+000  1.2329216e+000
  3.6964139e+000  2.2409207e+000
  6.8187089e+000  6.6582772e+000
  6.7497011e+000  5.9962468e+000
  2.6934245e+000  6.8052768e+000
  6.4424758e+000  7.5073069e+000
  6.3906719e+000  7.2676361e+000
  3.3561083e+000  1.0645073e+000
  1.7900439e+000  4.4295749e+000
  7.4852262e+000  1.6790100e+000
  5.8870962e+000  2.9606199e+000
  7.8250777e+000  5.8742757e+000
  2.3767780e+000  3.8935983e+000
  5.3617965e+000  3.0263203e+000
  3.1906292e+000  2.0089054e+000
  8.9282726e+000  1.4542317e+000
  5.1697236e+000  4.3203943e+000
  8.6717762e+000  6.3063248e+000
  1.3754465e+000  4.1223703e+000
  2.1887837e+000  4.2929353e+000
  8.4006179e+000  2.1306013e+000
  6.2746554e+000  6.3323395e+000
  3.1891712e+000  3.5726598e+000
  5.5536977e+000  3.4770302e+000
  2.4079430e+000  4.4773075e+000
  6.4736041e+000  6.1460113e+000
  3.2635602e+000  2.5077887e+000
  7.0695748e+000  5.7857318e+000
  1.5198771e+000  7.4772581e+000
  4.6518513e+000  3.2919063e+000
  6.5180027e+000  6.4778494e+000
  4.7610458e+000  4.7157728e+000
  8.5751862e+000  6.2962898e+000
  3.9852161e+000  2.8050650e+000
  6.9218926e+000  5.5787454e+000
  7.6244085e+000  5.5026638e+000
  2.2322970e+000  1.3184069e+000
  3.3146960e+000  8.0531544e+000
  6.4737922e+000  6.7492961e+000
  5.2337124e+000  4.6317526e+000
  1.2107984e+000  6.6932240e+000
  8.7282680e+000  7.5874952e+000
  7.8868541e+000  2.8936531e+000
  7.5793855e+000  5.7823956e+000
  1.6798696e+000  6.9636297e+000
  5.7505704e+000  3.2165912e+000
  3.3782881e+000  8.6367147e+000
  7.3218344e+000  2.3889658e+000
  3.6283003e+000  7.8236428e+000
  8.6657010e+000  2.6955086e+000
  7.1594414e+000  7.8770005e+000
  6.7975919e+000  7.5935742e+000
  5.2745615e+000  3.7298778e+000
  3.1548118e+000  2.1618491e+000
  8.4432162e+000  8.1477725e+000
  6.9972899e+000  2.6139353e+000
  7.0786520e+000  1.7550482e+000
  3.5504993e+000  2.6534395e+000
  6.2114230e+000  8.1965431e+000
  5.7790941e+000  7.8542679e+000
  5.3252121e+000  3.4222101e+000
  1.6442532e+000  2.5778308e+000
  7.8623840e+000  8.5226661e+000
  2.4230630e+000  3.9306940e+000
  1.3538474e+000  4.5519572e+000
  8.7274845e+000  1.7700944e+000
  7.4283973e+000  5.6731933e+000
  8.1241496e+000  5.8982284e+000
  6.7614881e+000  5.2649729e+000
  1.2764570e+000  8.5024128e+000
  5.3118034e+000  6.5250921e+000
  3.7275324e+000  8.7868878e+000
  7.0907002e+000  4.7464582e+000
  7.8776401e+000  5.9132623e+000
  7.7828873e+000  5.9541924e+000
  6.3766648e+000  7.9077608e+000
  4.7799487e+000  2.8140760e+000
  6.5684504e+000  6.1333125e+000
  5.4989286e+000  3.3231566e+000
  7.9937066e+000  5.8675983e+000
  1.6271175e+000  6.6319104e+000
  1.5170849e+000  2.4534424e+000
  6.5371388e-001  6.9873227e+000
  4.8709676e+000  4.7742690e+000
  6.7719656e+000  7.6962967e+000
  6.3009814e+000  7.1895369e+000
  1.9771525e+000  7.0757173e+000
  5.5059727e+000  3.0538264e+000
  1.0225160e+000  8.2291271e+000
  8.6297912e+000  6.3806789e+000
  5.8071100e+000  1.8463316e+000
  1.5526228e+000  2.4291223e+000
  6.6087426e+000  6.0382656e+000
  1.8818621e+000  4.1079364e+000
  1.9133931e+000  6.6959050e+000
  6.2599998e+000  6.2113140e+000
  3.5364235e+000  4.3753520e+000
  8.3122212e+000  5.5895225e+000
  1.5434334e+000  7.3477162e+000
  8.2271282e+000  5.8849798e+000
  6.6940673e+000  4.7500223e+000
  3.3895414e+000  8.4836912e+000
  2.3532440e+000  4.3877557e+000
  6.1402381e+000  7.2214427e+000
  3.1212773e+000  8.1761569e+000
  6.1754263e+000  1.5865827e+000
  2.3588440e+000  4.2045004e+000
  5.2112862e+000  2.9629207e+000
  8.7508866e+000  7.7268606e+000
  1.9329172e+000  7.0353525e+000
  8.7897781e+000  8.4172972e+000
  3.5838823e+000  8.6812954e+000
  5.6397604e+000  3.5093016e+000
  4.7685271e+000  8.4647871e+000
  7.0371587e+000  8.1025454e+000
  7.8686082e+000  1.5495312e+000
  6.7502291e+000  6.2393052e+000
  1.5812134e+000  7.8624194e+000
  6.7924012e+000  7.8769318e+000
  7.6006981e+000  5.7402019e+000
  6.7023442e+000  8.0090194e+000
  6.9497774e+000  6.0465439e+000
  4.6562305e+000  2.5901497e+000
  6.3792643e+000  8.0997482e+000
  7.7518548e+000  2.1403714e+000
  6.7550304e+000  5.3153199e+000
  6.7930511e+000  8.0950059e+000
  3.8435864e+000  1.6769304e+000
  6.9718813e+000  2.2878861e+000
  8.5642955e+000  1.5598960e+000
  6.4533727e+000  7.3925975e+000
  5.8303015e+000  3.0926000e+000
  1.8008816e+000  4.1566418e+000
  1.6337763e+000  7.3622300e+000
  3.6636039e+000  6.7135609e+000
  7.7343547e+000  5.6492570e+000
  4.8202479e+000  3.5115054e+000
  1.5825231e+000  1.8821482e+000
  7.9685317e+000  1.8908784e+000
  6.8111844e+000  7.6834776e+000
  4.8092606e+000  3.5991827e+000
  3.4804271e+000  1.5510659e+000
  6.9732023e+000  5.8390908e+000
  7.2724124e+000  5.8840298e+000
  4.9236914e-001  7.0124854e+000
  3.4913175e+000  2.4323736e+000
  8.6972587e+000  5.5916564e+000
  8.8891335e+000  5.7936924e+000
  1.6539900e+000  6.9981985e+000
  8.0746192e+000  2.1961582e+000
  7.5841806e+000  7.6637480e+000
  7.0312303e+000  8.5970148e+000
  5.8185085e+000  7.3792155e+000
  4.1746681e+000  5.6697814e+000
  2.9142230e+000  2.2311319e+000
  1.1890620e+000  6.7898385e+000
  2.1906462e+000  6.7422131e+000
  8.2572649e+000  2.5869787e+000
  4.9723455e+000  3.1513281e+000
  5.1253618e+000  3.2673677e+000
  7.7306841e+000  6.0719022e+000
  5.4854027e+000  2.8313083e+000
  2.8126262e+000  2.3378731e+000
  1.7148246e+000  6.9168435e+000
  3.2271504e+000  2.6348399e+000
  1.8972261e+000  5.4889575e+000
  4.1264615e+000  8.8756140e+000
  6.6234219e+000  6.4780159e+000
  1.5855003e+000  6.8331617e+000
  2.5879329e+000  7.6953025e+000
  5.9699397e+000  3.3672330e+000
  3.2070800e+000  2.5130045e+000
  1.6534883e+000  6.8993272e+000
  7.6049292e+000  2.3875607e+000
  7.1661023e+000  5.8948308e+000
  5.8046047e+000  3.2201293e+000
  3.3942202e+000  8.2946012e+000
  2.2056686e+000  7.2574009e+000
  1.3206746e+000  4.1674265e+000
  6.5361840e+000  6.0043358e+000
  2.4625516e+000  1.9920518e+000
  7.7864791e+000  2.7894411e+000
  3.2760833e+000  8.5076874e+000
  7.6654968e+000  1.9373668e+000
  3.0219143e+000  1.4007762e+000
  1.8145836e+000  3.9531577e+000
  3.8715022e+000  8.4217899e+000
  8.4127401e+000  7.5593421e+000
  1.5114172e+000  4.4300745e+000
  2.6956549e+000  2.2435226e+000
  1.5947479e+000  7.1480926e+000
  5.2203766e+000  3.8089474e+000
  1.3204580e+000  4.3990709e+000
  9.1042092e+000  2.3575458e+000
  1.2735449e+000  7.6417285e+000
  6.9529095e+000  6.2359160e+000
  1.3334870e+000  4.0616175e+000
  1.9023777e+000  3.9548100e+000
  5.4341717e+000  7.9276679e+000
  2.7991851e+000  5.0502686e+000
  2.4156482e+000  2.1949089e+000
  1.3433110e+000  6.1833896e+000
  7.8255404e+000  5.2318906e+000
  5.9312034e+000  1.8647769e+000
  3.1120557e+000  2.0416071e+000
  1.5978066e+000  6.5678619e+000
  1.6011274e+000  7.8184896e+000
  4.4192597e+000  3.3007725e+000
  2.5035342e+000  4.7138392e+000
  8.1495634e+000  7.8850367e+000
  4.9863280e+000  3.8926750e+000
  2.2533583e+000  4.5053021e+000
  4.5795048e+000  3.1935044e+000
  3.5537524e+000  2.2667335e+000
  5.2474524e+000  7.7516438e+000
  6.9194812e+000  5.8749792e+000
  7.3986281e+000  6.0068082e+000
  5.3188094e+000  2.9726746e+000
  5.7125349e+000  3.4921638e+000
  3.2156098e+000  2.0761136e+000
  2.1708123e+000  4.6753222e+000
  5.2931008e+000  4.4822796e+000
  7.3490009e+000  5.4150533e+000
  8.3517133e+000  7.8697444e+000
  2.2429721e+000  1.9318037e+000
  3.7136696e+000  1.9108878e+000
  8.4360067e+000  5.5714444e+000
  8.3551031e+000  5.7984872e+000
  1.6008733e+000  4.6174787e+000
  1.9309883e+000  6.7792105e+000
  4.5453555e+000  3.2571643e+000
  6.7427177e+000  8.2926798e+000
  2.0636066e+000  2.0745837e+000
  8.0320683e+000  1.7465713e+000
  2.4462963e+000  1.8022698e+000
  7.7777473e+000  1.9531460e+000
  2.2953598e+000  6.8547114e+000
  1.2546599e+000  7.6948844e+000
  1.7576529e+000  4.6442581e+000
  8.6240997e+000  6.1593889e+000
  1.6448385e+000  2.1844549e+000
  8.1640682e+000  2.2944428e+000
  5.2770686e+000  3.2276963e+000
  1.7670794e+000  8.0067756e+000
  2.0507894e+000  2.4892553e+000
  2.6103451e+000  2.0144271e+000
  3.5813933e+000  8.5585357e+000
  8.2077523e+000  6.4327658e+000
  7.8074408e+000  2.3572960e+000
  3.5042783e+000  9.2264412e+000
  5.7934398e+000  7.5243826e+000
  5.5297243e+000  3.3183497e+000
  3.7020699e+000  1.8880171e+000
  5.1691838e+000  2.8307103e+000
  2.0019261e+000  4.2001783e+000
  5.9389360e+000  2.0340199e+000
  8.6846846e+000  5.9503593e+000
  7.8955274e+000  2.4104062e+000
  6.4128965e+000  1.8804566e+000
  6.5302490e+000  6.7503019e+000
  8.6433468e+000  8.5758423e+000
  8.5207721e+000  1.7729822e+000
  2.1505261e+000  6.8168292e+000
  2.1022306e+000  6.5050813e+000
  5.3148664e+000  5.3287759e+000
  7.4959843e+000  2.4325048e+000
  4.5740664e+000  3.3578232e+000
  5.5421955e+000  2.9760450e+000
  4.7562546e+000  2.5374395e+000
  1.3077594e+000  7.0835212e+000
  1.9441514e+000  4.5706534e+000
  5.3695282e+000  3.7161907e+000
  7.8791146e+000  2.1153287e+000
  5.5124456e+000  2.2546011e+000
  1.9785875e+000  7.6929987e+000
  8.5682614e+000  8.3551679e+000
  3.3492585e+000  7.8151642e+000
  3.0292881e+000  1.9518012e+000
  7.2356670e+000  6.0913689e+000
  7.6869173e+000  5.7809294e+000
  5.4634048e+000  7.9849195e+000
  7.0824030e+000  8.4236211e+000
  5.3948491e+000  2.9972834e+000
  8.6927295e+000  7.0228957e+000
  6.9327987e+000  4.3470013e+000
  1.2259673e+000  7.5366282e+000
  5.7698476e+000  3.8598414e+000
  8.4126218e+000  7.7545313e+000
  8.0857637e+000  7.8982626e+000
  8.2125669e+000  2.8497876e+000
  8.4719582e+000  5.4868664e+000
  1.4902673e+000  6.6945151e+000
  5.6843798e+000  2.8255344e+000
  6.9812681e+000  6.1133045e+000
  8.1204033e+000  2.7864154e+000
  8.1958927e+000  2.4563243e+000
  1.7580777e+000  6.7343459e+000
  3.3125033e+000  8.6965975e+000
  3.8974253e+000  7.8442955e+000
  1.4705769e+000  1.6974376e+000
  1.8003039e+000  6.5478901e+000
  7.1269480e+000  4.8007289e+000
  5.2067715e+000  3.6651125e+000
  1.3910213e+000  1.5353942e+000
  3.3223151e+000  8.6934857e+000
  5.1893861e+000  4.6584090e+000
  3.4764299e+000  5.3382250e+000
  1.8205804e+000  1.7133356e+000
  6.0484830e+000  7.9652709e+000
  5.4137529e+000  3.0587581e+000
  5.2690660e+000  3.0234525e+000
  3.4793854e+000  8.3261000e+000
  8.0381284e+000  5.9559919e+000
  4.4829229e+000  2.4140210e+000
  5.1152706e+000  8.2263936e+000
  6.8178491e+000  7.6923079e+000
  1.8845623e+000  1.7693213e+000
  1.8608667e+000  1.4714476e+000
  1.5078277e+000  2.5555385e+000
  1.4738658e+000  4.2420224e+000
  6.3430809e+000  6.4066315e+000
  5.8470903e+000  7.5037534e+000
  2.1692992e+000  1.8430683e+000
  8.1783015e+000  8.6647360e+000
  1.5316779e+000  3.1468504e+000
  4.7462399e+000  1.6517456e+000
  2.6847202e+000  8.4177861e+000
  4.5542370e+000  3.0338654e+000
  8.8661154e+000  5.7633253e+000
  6.9049056e+000  1.7770869e+000
  7.4418896e-001  7.4108593e+000
  5.8242595e+000  7.2516088e+000
  8.1436856e+000  2.2842480e+000
  1.5066829e+000  7.0055737e+000
  5.2261967e+000  3.3454143e+000
  7.0326804e+000  8.2467316e+000
  6.6035910e+000  6.2523287e+000
  7.6852675e+000  1.8640260e+000
  6.4794575e+000  6.4867935e+000
  7.2601505e+000  7.8177623e+000
  1.2875431e+000  7.2048668e+000
  5.7255662e+000  3.5845233e+000
  4.8362116e+000  3.0655661e+000
  3.5531886e+000  8.0834808e+000
  4.6556472e+000  2.8648901e+000
  7.4808676e+000  5.1365316e+000
  3.1806978e+000  1.3032137e+000
  1.4586457e+000  4.6828044e+000
  4.9399206e+000  3.1312489e+000
  4.1467513e+000  6.4268024e+000
  2.1262489e+000  5.4928251e+000
  5.5235901e+000  2.3006906e+000
  6.7088461e+000  6.3537785e+000
  8.9519538e+000  8.1992315e+000
  1.3996252e+000  4.8889207e+000
  7.9180444e+000  7.4667608e+000
  4.5877713e+000  2.8492960e+000
  6.6032168e+000  7.6159331e+000
  5.2934554e+000  3.4645064e+000
  3.1341533e+000  1.9335880e+000
  8.0219314e+000  1.9041415e+000
  9.7179486e-001  6.9082213e+000
  1.7943010e+000  2.4376829e+000
  3.3436465e+000  1.0913770e+000
  7.7776980e+000  2.6827747e+000
  1.4057644e+000  6.6427074e+000
  3.8972615e+000  8.0029036e+000
  1.7234781e+000  5.1435272e+000
  5.1191239e+000  3.7529328e+000
  6.3779323e+000  6.5233919e+000
  7.9301533e+000  1.8371060e+000
  6.0599923e+000  2.0097390e+000
  5.1817361e+000  3.7288864e+000
  5.6432435e+000  4.1236615e+000
  1.0267948e+000  7.1589658e+000
  7.9552070e+000  8.3085264e+000
  1.9588336e+000  1.5519588e+000
  7.9082951e+000  1.9402728e+000
  7.8850159e+000  5.8141927e+000
  8.7256955e+000  6.2240152e+000
  6.7968478e+000  7.6808378e+000
  2.1690415e+000  7.2281721e+000
  8.5065719e+000  7.7670789e+000
  3.3586121e+000  2.5757125e+000
  2.0623599e+000  7.0654487e+000
  2.4291477e+000  7.6231398e+000
  3.7784585e+000  8.5727706e+000
  8.6109697e+000  2.1536261e+000
  6.4987125e+000  6.0231502e+000
  5.2012271e+000  3.7508226e+000
  7.8992657e-001  7.2412436e+000
  3.2869265e+000  2.2572136e+000
  6.6782105e+000  6.5187271e+000
  8.5254198e+000  5.5339309e+000
  6.9886309e-001  7.3440637e+000
  6.6870484e+000  5.1262834e+000
  8.5472871e+000  2.3636905e+000
  1.8695128e+000  7.2467936e+000
  5.1553059e+000  3.5398354e+000
  6.9338891e+000  5.5627408e+000
  3.3681212e+000  8.3874097e+000
  1.6739859e+000  7.6654257e+000
  6.0785507e+000  4.1858271e+000
  4.9242083e+000  1.9467973e+000
  3.2144588e+000  2.3626028e+000
  5.4899631e+000  3.8226411e+000
  1.5008875e+000  7.2849966e+000
  3.5463041e+000  7.8362214e+000
  5.1453930e+000  6.9174058e+000
  8.6678631e+000  8.0624084e+000
  1.5095272e+000  7.9097557e+000
  5.1456021e+000  3.8377342e+000
  3.7880164e+000  2.5724480e+000
  1.1294168e+000  7.2400045e+000
  3.4273872e+000  8.6710654e+000
  2.4756775e+000  4.3734598e+000
  6.0355755e+000  6.0330949e+000
  8.4895661e+000  8.0593970e+000
  6.3295314e+000  1.7301590e+000
  2.7807188e+000  2.2149744e+000
  8.9023375e+000  8.5178181e+000
  7.8336341e+000  1.9066509e+000
  1.8637576e+000  6.7499598e+000
  1.7354562e+000  7.0151436e+000
  2.1253662e+000  7.1236311e+000
  7.7328902e+000  2.0680995e+000
  6.6599017e+000  6.3061811e+000
  6.6766934e+000  7.7358585e+000
  3.1163446e+000  5.8540573e+000
  8.1638933e+000  1.7120949e+000
  6.6722379e+000  6.8280829e+000
  7.7888242e+000  5.6437508e+000
  8.4117574e+000  2.6568572e+000
  6.4704475e+000  6.9760382e+000
  8.0194294e+000  2.0399278e+000
  6.7776104e+000  4.9780241e+000
  3.6037180e+000  8.5008902e+000
  4.5838095e+000  2.2696066e+000
  1.7922967e+000  6.8738774e+000
  6.7562168e+000  4.7882357e+000
  6.5550453e+000  8.4275770e+000
  8.0828861e+000  5.8133133e+000
  3.6141075e+000  5.6998771e+000
  1.5286733e+000  7.4724019e+000
  2.4747637e+000  2.4942008e+000
  6.4453861e+000  6.3358307e+000
  3.3201688e+000  8.8410416e+000
  6.9377768e+000  6.1551581e+000
  2.0422124e+000  7.3424489e+000
  1.4958683e+000  2.6928283e+000
  3.6751131e+000  5.8060113e+000
  2.0595215e+000  1.5033507e+000
  2.0927419e+000  5.1051746e+000
  2.5082147e+000  2.3423087e+000
  1.7644710e+000  4.1768236e+000
  8.5863099e+000  2.0061191e+000
  5.5035092e+000  3.2899642e+000
  2.3187594e+000  4.1473934e+000
  1.2110636e+000  2.5415341e+000
  4.4856906e+000  5.9407719e+000
  8.1623079e+000  5.9088489e+000
  7.6105978e+000  1.4909735e+000
  6.1808476e+000  7.0447862e+000
  3.8195730e+000  1.4635892e+000
  5.1184736e+000  3.1041173e+000
  5.1664096e+000  3.3802187e+000
  1.4051329e+000  4.5051524e+000
  2.1324680e+000  3.1314442e+000
  8.1967151e+000  5.8103432e+000
  6.0773509e+000  2.0084101e+000
  5.5983640e+000  3.1397310e+000
  1.5755737e+000  7.8231556e+000
  8.4181666e+000  1.7380093e+000
