  5.0951760e+000  5.1692807e+000
  5.4655174e+000  7.5520422e+000
  1.6219622e+000  7.2270038e+000
  8.7401792e+000  1.6392072e+000
  6.9790969e+000  6.2621394e+000
  6.4533352e+000  7.1644503e+000
  7.9755842e+000  1.2212149e+000
  8.9246027e-001  2.1689510e+000
  8.0305523e-001  3.9202758e+000
  1.5394859e+000  7.5607805e+000
  6.3411228e+000  8.8299283e+000
  3.2669125e+000  4.2290546e+000
  8.7757586e+000  5.6380679e+000
  2.4627301e+000  2.6880176e+000
  5.4044824e+000  1.4491020e+000
  8.9557627e+000  5.1696760e+000
  3.2688927e+000  8.8549679e+000
  8.0806913e+000  8.8806384e+000
  8.8679043e+000  2.3014359e+000
  4.8111615e+000  7.9312783e+000
  7.1062752e+000  8.9998960e+000
  2.4820483e+000  9.1850274e+000
  6.0655292e+000  9.2256850e-001
  5.3234216e+000  3.0624466e+000
  5.2461898e+000  5.5055184e+000
  6.7388369e+000  4.8805375e+000
  1.2656568e+000  7.0983630e+000
  7.9013894e+000  1.4926062e+000
  8.4921634e+000  4.6008430e+000
  4.3393531e+000  4.2568571e+000
  9.0528751e+000  5.1753265e+000
  8.7450618e+000  1.1563547e+000
  3.6182822e+000  1.1813578e+000
  2.9503504e+000  4.0888463e+000
  2.6226712e+000  1.8198109e+000
  8.9902174e+000  5.8532236e+000
  6.4518707e+000  8.4613934e+000
  1.6918173e+000  8.3847355e+000
  2.7472365e+000  8.8146887e+000
  9.1265899e+000  1.0163337e+000
  1.5581686e+000  9.8063534e-001
  6.1705166e+000  1.0357149e+000
  2.2493243e+000  1.5259662e+000
  8.8273731e+000  2.3292794e+000
  1.9031264e+000  3.2826925e+000
  2.4634791e+000  8.3596420e+000
  1.2714308e+000  3.0628939e+000
  5.0620028e+000  8.1829536e+000
  8.0488006e+000  2.0517630e+000
  1.2308288e+000  6.9452396e+000
  7.5320979e+000  1.9188684e+000
  2.5743504e+000  8.8103327e+000
  8.4700396e+000  4.9681259e+000
  5.7292996e+000  7.1457848e+000
  5.5605736e+000  6.7202162e+000
  7.0131614e+000  4.4326320e+000
  1.7769419e+000  4.1884974e+000
  7.4940476e+000  8.6338694e+000
  1.2058323e+000  4.4885632e+000
  8.9288388e+000  5.6650516e+000
  1.9770996e+000  4.1838999e+000
  1.2289324e+000  6.9697392e+000
  5.4089174e+000  2.9656626e+000
  8.0498432e+000  3.0235402e+000
  8.0943836e+000  6.8301167e+000
  1.5264451e+000  1.7346670e+000
  4.9031771e+000  6.5697527e+000
  5.2498474e+000  3.0861948e+000
  1.4857343e+000  6.5489208e+000
  6.9771856e+000  6.7747179e+000
  5.3254154e+000  2.8588022e+000
  1.5025914e+000  4.9796878e+000
  9.1988137e-001  6.9201863e+000
  1.7275480e+000  5.1427485e+000
  9.0003422e+000  5.2315088e+000
  5.6482889e+000  2.8108007e+000
  8.7138471e+000  1.1694832e+000
  3.9405798e+000  8.8060237e+000
  3.8204173e+000  2.8745661e+000
  3.0484589e+000  1.4449363e+000
  6.6905900e+000  7.3216777e+000
  7.4705442e+000  8.7665377e+000
  3.7001335e+000  8.8155891e+000
  8.6436439e+000  1.7867939e+000
  4.6495646e+000  7.5618895e-001
  4.9270727e+000  2.7516580e+000
  2.0836880e+000  8.8022118e-001
  3.3818013e+000  1.8022116e+000
  4.2928507e+000  2.1897111e+000
  8.1998290e+000  3.6399111e+000
  3.8888893e+000  7.1133966e+000
  2.8813068e+000  2.9651825e+000
  3.2917363e+000  1.2223116e+000
  8.5706702e+000  1.4581728e+000
  4.5524229e+000  1.4225340e+000
  6.9056216e+000  9.7128499e-001
  1.0154764e+000  4.0062822e+000
  1.2271202e+000  6.8700427e+000
  3.8637936e+000  1.4782255e+000
  3.1478118e+000  1.7225959e+000
  6.8794050e+000  6.1739935e+000
  1.1153096e+000  2.1805571e+000
  8.6494997e+000  3.3604989e+000
  6.0349498e+000  9.3643855e+000
  8.4319948e+000  1.8143061e+000
  1.8696700e+000  8.1037339e+000
  1.0117986e+000  2.1087641e+000
  1.5961787e+000  5.1376731e+000
  5.7011692e+000  2.5523747e+000
  1.2731457e+000  7.1113904e+000
  5.5589368e+000  2.5049134e+000
  8.1104177e+000  1.1505705e+000
  8.6708460e+000  1.5776705e+000
  1.0086025e+000  7.7663876e+000
  2.8588149e+000  4.8737148e+000
  8.5772469e+000  7.4458958e+000
  8.7266257e+000  6.8503963e+000
  5.4546995e+000  2.2070915e+000
  4.6023966e+000  1.9414361e+000
  1.5602570e+000  6.7800050e+000
  6.2814207e+000  7.2284856e+000
  3.3713858e+000  5.8423980e+000
  5.9342116e+000  3.4137576e+000
  8.7869553e+000  4.7956547e+000
  3.6933730e+000  1.7656673e+000
  2.0085586e+000  8.8986902e+000
  3.4345447e+000  6.5451781e+000
  1.3284860e+000  7.3535615e+000
  3.3225728e+000  1.2903572e+000
  7.2446330e+000  6.7654570e+000
  3.4409719e+000  1.1182642e+000
  4.9237526e+000  3.4439195e+000
  7.9598167e+000  6.9601567e+000
  3.4068533e+000  9.1938386e+000
  2.7514859e+000  1.8215842e+000
  7.9555820e-001  1.2625330e+000
  3.2714467e+000  1.3848027e+000
  1.4743634e+000  1.2473456e+000
  2.0312005e+000  5.2967505e+000
  5.8730007e+000  2.5450614e+000
  1.4370925e+000  8.2146810e+000
  3.0088216e+000  2.6834331e+000
  8.9349147e+000  5.4276246e+000
  9.0989614e+000  2.9452842e+000
  1.8328807e+000  8.4359095e+000
  5.7511883e+000  2.7242542e+000
  8.9344307e+000  5.9733812e+000
  1.6765609e+000  6.3561713e+000
  7.4360479e+000  7.1956397e+000
  9.1405694e+000  8.5558222e+000
  8.9759778e+000  8.8150570e+000
  8.6086917e+000  4.5759405e+000
  1.5879208e+000  5.4223419e+000
  5.7401946e+000  4.8560849e+000
  2.6438339e+000  2.2053240e+000
  4.1623081e+000  6.0309563e+000
  8.1450728e+000  8.0039086e+000
  1.1533610e+000  1.5427551e+000
  2.9798894e+000  1.6917453e+000
  7.3067028e+000  5.4604370e+000
  1.4343364e+000  6.2539628e+000
  3.2998924e+000  8.7818713e+000
  2.6009764e+000  2.3807655e+000
  8.6904780e+000  2.3368397e+000
  3.7226378e+000  1.8457333e+000
  1.6159202e+000  7.0846108e+000
  5.0817641e+000  3.8385703e+000
  8.8027537e+000  2.4103452e+000
  7.3032994e+000  3.4627929e+000
  3.7005401e+000  3.7333781e+000
  5.7868153e+000  7.3359767e+000
  2.4226627e+000  3.2339745e+000
  2.5704140e+000  1.6087688e+000
  2.0337358e+000  7.7780590e+000
  2.2355569e+000  8.6910794e+000
  1.2275687e+000  7.8147399e+000
  5.3972275e+000  6.0245630e+000
  1.4866685e+000  7.6999575e+000
  8.6387470e+000  1.9501913e+000
  3.4112700e+000  7.0420376e+000
  3.2567166e+000  7.6065363e-001
  1.5868464e+000  1.5682034e+000
  5.2331431e+000  3.5069596e+000
  8.9401897e+000  2.4499366e+000
  8.4979667e+000  8.4927648e+000
  3.5694497e+000  1.2118325e+000
  5.2538711e+000  2.6085286e+000
  5.5605790e+000  7.4365158e+000
  8.0664905e+000  5.0365564e+000
  7.3904292e+000  9.3586266e+000
  8.9021100e+000  5.3365788e+000
  3.1268515e+000  1.5534889e+000
  6.6923186e+000  8.2475483e+000
  9.0376686e+000  8.8094710e+000
  1.6103544e+000  6.3726775e+000
  5.2679745e+000  2.9449029e+000
  8.4739021e+000  1.0528711e+000
  8.9165729e+000  6.2091360e+000
  8.2883489e+000  6.2685032e+000
  7.4447003e+000  1.3094501e+000
  4.6370293e+000  8.8141111e+000
  8.9805402e+000  8.7429619e+000
  6.3360904e+000  8.0560429e+000
  3.2194957e+000  2.0256318e+000
  5.4742353e+000  5.0991670e+000
  7.8643710e+000  9.2604630e-001
  8.8784767e+000  2.9227288e+000
  6.0928871e+000  6.3898845e+000
  8.8720684e+000  4.4756753e+000
  6.1635259e+000  7.2912151e+000
  8.7641666e+000  2.3921885e+000
  9.8080251e-001  8.8160847e+000
  4.8631645e+000  2.4588299e+000
  5.3250908e+000  1.1909349e+000
  1.8240781e+000  6.8858460e+000
  8.3727306e+000  2.1747696e+000
  6.5987614e+000  9.3103873e+000
  5.5802974e+000  8.5782659e-001
  4.9076400e+000  3.9303617e+000
  8.7231466e+000  2.4583946e+000
  8.7840243e+000  2.3076577e+000
  1.2157120e+000  7.2799270e+000
  2.3344103e+000  5.7216070e+000
  6.6021890e+000  7.2116633e+000
  4.0700074e+000  6.1608368e+000
  3.7737617e+000  1.2950005e+000
  3.9159549e+000  2.0358083e+000
  8.4694944e+000  1.1400966e+000
  1.8367573e+000  8.3714532e+000
  2.7306672e+000  2.1400203e+000
  4.0807496e+000  4.8213751e+000
  6.6517616e+000  6.4794639e+000
  4.6046634e+000  8.8040659e+000
  9.0676619e+000  3.6848376e+000
  5.8479500e+000  8.4788346e+000
  5.0530579e+000  2.9981304e+000
  1.6087195e+000  1.1732211e+000
  3.5553597e+000  5.0819874e+000
  2.1379180e+000  2.3306235e+000
  9.1709700e+000  8.2922084e+000
  5.1744752e+000  3.4853196e+000
  2.7378157e+000  4.9030127e+000
  9.0475140e+000  6.5260729e+000
  6.8703150e-001  3.2239318e+000
  5.2909409e+000  3.7779119e+000
  5.8099538e+000  9.1783393e+000
  8.8412185e+000  2.1148616e+000
  8.9213578e+000  5.1833751e+000
  4.5170248e+000  9.0283705e+000
  1.6324004e+000  5.8623213e+000
  5.0793923e+000  2.9592044e+000
  8.9789424e+000  4.3002607e+000
  5.3271416e+000  3.0481180e+000
  7.1748604e+000  6.2044709e+000
  3.3652825e+000  3.4620645e+000
  7.5418093e+000  7.1611253e+000
  9.9088543e-001  1.8756212e+000
  8.5599615e+000  4.0716639e+000
  7.5251972e+000  5.5116356e+000
  1.7489123e+000  7.8100773e+000
  1.5135753e+000  7.0905180e+000
  2.4956730e+000  8.6430103e+000
  8.9713931e-001  7.9422706e+000
  4.3431521e+000  9.1105808e+000
  7.4471501e+000  1.8329167e+000
  6.0582485e+000  6.8436968e+000
  5.1209761e+000  6.9022683e+000
  5.9347384e+000  7.8277380e+000
  7.7772651e+000  1.5463770e+000
  8.0856843e+000  1.4946940e+000
  7.1378303e+000  5.5748503e+000
  1.5104407e+000  4.1362996e+000
  5.1646582e+000  4.7351311e+000
  8.7833603e+000  5.6930927e+000
  2.7045854e+000  1.0077062e+000
  5.1323987e+000  2.9034617e+000
  2.8450121e+000  8.6103548e+000
  7.4575982e-001  4.8708295e+000
  4.8569374e+000  8.4476564e+000
  1.1941363e+000  6.8144109e+000
  2.8578650e+000  5.0653484e+000
  8.8324170e+000  5.0501663e+000
  4.5474470e+000  2.8335438e+000
  8.4266079e+000  7.0737386e+000
  1.3423672e+000  4.0969174e+000
  9.2633775e+000  7.4862240e+000
  6.6599600e+000  1.3342789e+000
  9.2543887e+000  3.7021371e+000
  8.7643362e+000  1.4634458e+000
  5.2033568e+000  3.1442093e+000
  4.7172425e+000  9.1068392e+000
  2.8415530e+000  4.6786272e+000
  8.8716518e+000  4.8562923e+000
  9.0082140e+000  4.8858113e+000
  7.0567664e+000  8.4881713e+000
  5.4055967e+000  6.9992904e+000
  3.3243194e+000  4.0643978e+000
  8.8111488e+000  1.3576684e+000
  5.6527440e+000  2.0795695e+000
  1.4715998e+000  1.4541782e+000
  5.3673519e+000  9.1704796e+000
  5.1825694e+000  3.5628144e+000
  4.3312289e+000  6.0037328e+000
  5.0901900e+000  6.4565616e+000
  9.1696606e+000  7.5287457e+000
  8.4099045e+000  2.5188427e+000
  8.7207954e+000  2.6352104e+000
  9.9565886e-001  2.0816188e+000
  8.8127177e+000  7.8121025e+000
  8.4502003e-001  1.8858812e+000
  4.0471519e+000  2.2898099e+000
  1.0050998e+000  1.2831991e+000
  1.2060842e+000  6.8754922e+000
  8.8900844e+000  2.6463627e+000
  1.4604452e+000  4.2002735e+000
  6.4038810e+000  4.7518425e+000
  8.3106379e+000  1.4027651e+000
  5.8772979e+000  3.0908123e+000
  5.8851219e+000  4.7529613e+000
  1.5044135e+000  1.1914354e+000
  2.3885193e+000  2.5115820e+000
  6.8299363e+000  1.8672638e+000
  5.0959069e+000  3.5560306e+000
  9.7265490e-001  1.8085219e+000
  8.6405693e+000  8.6383269e+000
  3.7429995e+000  8.7434456e+000
  6.5866126e+000  7.4968937e+000
  8.7874991e+000  8.8148290e+000
  8.9465692e+000  2.0025162e+000
  8.7150831e+000  2.4617716e+000
  8.4330074e+000  1.2704858e+000
  8.6624983e+000  7.6211884e+000
  4.9662431e+000  2.4886001e+000
  8.6525738e+000  2.4746854e+000
  8.7059379e+000  4.9715523e+000
  8.3264437e+000  6.3370208e+000
  1.3204078e+000  7.9691282e+000
  8.7774469e+000  2.0183357e+000
  3.7515974e+000  8.9651637e+000
  1.6534066e+000  5.8222186e+000
  7.3044314e+000  5.9259385e+000
  1.0372462e+000  7.0490470e+000
  5.4254141e+000  3.0110046e+000
  3.7222573e+000  8.6937184e-001
  8.9582267e+000  6.3953465e+000
  3.5456461e+000  9.1753395e+000
  7.3351410e+000  5.8674068e+000
  5.5661349e+000  1.3593396e+000
  6.9384877e+000  3.9370472e+000
  3.8456167e+000  6.9392420e+000
  1.6271875e+000  4.4809783e+000
  1.4452137e+000  1.3751289e+000
  2.3433195e+000  8.3133105e+000
  8.9470319e+000  2.0288449e+000
  2.7229148e+000  4.5643986e+000
  8.2371654e+000  8.7696104e-001
  9.0020058e+000  5.8810028e+000
  1.0488938e+000  6.5341982e+000
  5.8182576e+000  7.6303793e+000
  1.2395258e+000  7.2004649e+000
  1.1666703e+000  4.0061215e+000
  8.8309707e+000  6.7411658e+000
  7.8802902e+000  1.0548682e+000
  5.7807449e-001  2.6066647e+000
  2.3605962e+000  7.9261960e+000
  7.2791881e+000  6.3818550e+000
  3.9508114e+000  1.9283242e+000
  5.4895158e+000  1.0363845e+000
  6.8435840e+000  4.4895374e+000
  1.5332769e+000  6.3286812e+000
  8.9434451e+000  5.7841945e+000
  8.0811852e+000  2.2459537e+000
  2.9965912e+000  8.8311702e+000
  8.7648266e+000  3.4951876e+000
  5.8775523e+000  8.9735567e+000
  3.0307426e+000  1.7145929e+000
  8.7735808e+000  5.8558248e+000
  4.6922277e+000  8.7392619e+000
  8.9526839e+000  2.3553131e+000
  8.3773903e+000  1.0196342e+000
  8.7720194e+000  7.9309828e+000
  3.9878301e+000  1.8618417e+000
  4.7664158e+000  4.3862005e+000
  5.9238002e-001  9.7069346e+000
  5.4949357e+000  2.9492165e+000
  8.0883581e+000  3.2052375e+000
  3.2598938e+000  1.2706783e+000
  1.4159361e+000  5.1948012e-001
  9.2150095e+000  8.7203132e+000
  4.1479653e-001  3.9960336e+000
  2.1671439e+000  4.1370849e+000
  7.8739510e+000  5.8627430e+000
  8.8248136e+000  6.1821799e+000
  9.1779246e+000  4.9170088e+000
  4.8647443e+000  2.5969502e+000
  1.0752645e+000  8.7773496e+000
  1.3956068e+000  3.5849014e+000
  1.0880629e+000  2.1227127e+000
  1.2450103e+000  7.1675138e+000
  7.2448015e+000  6.0529844e+000
  8.8834562e-001  3.9105560e+000
  4.6975659e+000  9.0494880e+000
  5.6324491e+000  3.0943384e+000
  1.9380556e+000  1.6486626e+000
  9.3521033e-001  2.3752703e+000
  4.8073214e+000  4.4591475e+000
  5.3852412e+000  5.4528817e+000
  8.1774238e+000  8.3532089e+000
  4.7302748e+000  8.9127223e+000
  5.9646623e+000  5.2677256e+000
  5.1279899e+000  9.0477876e+000
  1.6906235e+000  7.8142647e+000
  4.1884854e+000  1.1623351e+000
  8.2766773e-001  8.7396405e+000
  3.8170929e+000  8.8945197e+000
  3.6385983e+000  1.7116047e+000
  9.3235521e+000  7.3602630e-001
  2.1673560e+000  8.7797632e+000
  5.0722200e+000  3.3133998e+000
  8.8618054e+000  2.3745674e+000
  1.8373367e+000  3.7392068e+000
  2.0552122e+000  5.0374566e+000
  3.7589527e+000  5.1682762e+000
  6.6196688e+000  8.7615707e+000
  3.0178286e+000  1.5089652e+000
  3.9254262e+000  5.6223621e+000
  5.6130789e+000  3.7680735e+000
  7.3143923e+000  3.9161974e+000
  8.9610464e+000  3.0208298e+000
  1.3305875e+000  1.0647687e+000
  8.9199125e+000  3.9850978e+000
  1.3118418e+000  7.1867082e+000
  7.5459514e+000  2.4994798e+000
  3.8960088e+000  9.0351998e+000
  9.3559179e+000  8.5868473e+000
  9.2908239e+000  7.7088681e+000
  9.1025984e+000  6.8254071e+000
  6.9657322e+000  5.2016660e+000
  5.6537707e+000  5.6590476e+000
  9.0512326e+000  5.0055499e+000
  3.4096322e+000  2.2808458e+000
  7.1682431e+000  8.8081384e+000
  5.5817838e+000  7.2388138e+000
  3.4722789e+000  1.7092264e+000
  5.0168653e+000  4.2691928e+000
  6.5449393e-001  8.9472735e+000
  4.0965139e+000  2.1116029e+000
  3.1651248e+000  8.9426687e+000
  1.6148842e+000  6.2390312e+000
  4.4973302e+000  9.9114346e-001
  1.1936216e+000  7.0466344e+000
  6.0691173e+000  6.5709409e+000
  9.1741823e+000  6.4991575e+000
  3.7128292e+000  2.2037711e+000
  8.6562591e+000  7.6528802e+000
  4.0828632e+000  9.1672792e+000
  9.1622800e+000  4.6470784e+000
  8.9137453e+000  2.2267756e+000
  9.3609688e-001  1.9330333e+000
  8.8820136e+000  3.7257353e+000
  2.9438261e+000  1.2973620e+000
  9.5668114e+000  9.4426094e+000
  1.5747205e+000  1.6188002e+000
  3.6248400e+000  9.2660975e-001
  8.6591926e+000  6.3460236e-001
  8.7875836e+000  6.6972363e+000
  7.7369614e-001  2.6012979e+000
  1.4343467e+000  7.6255370e+000
  1.0699046e+000  9.0905980e+000
  2.0076605e+000  8.6277234e+000
  5.2516294e+000  2.8871422e+000
  8.0561979e+000  4.9679370e+000
  1.3897531e+000  5.1750087e+000
  9.0372081e+000  9.1352277e+000
  1.3631828e+000  6.9810998e+000
  1.1599040e+000  1.0268620e+000
  8.6029556e+000  8.9162146e-001
  5.2654334e+000  7.2123246e+000
  4.2003658e+000  5.9825011e+000
  9.1041507e+000  6.5078408e+000
  6.9942024e+000  9.0227396e+000
  4.8716040e+000  2.1216564e+000
  8.5408745e+000  1.3392107e+000
  1.3942927e+000  5.4893419e+000
  8.9823304e+000  6.2769745e+000
  8.9025023e+000  6.5251170e+000
  5.5118310e+000  3.5787265e+000
  7.8952377e+000  1.6372430e+000
  4.8146552e+000  3.7761878e+000
  5.2369257e+000  9.0367972e+000
  4.2699567e+000  9.2319161e+000
  9.2601582e+000  6.4494469e+000
  5.9763313e+000  8.4069059e+000
  4.2094242e+000  9.1214988e+000
  4.8357464e+000  8.2912959e+000
  5.6421590e+000  8.6411120e+000
  6.3691457e+000  7.2431625e+000
  9.3058310e+000  9.7375839e-001
  7.9692311e+000  6.1182960e+000
  3.3303819e+000  1.0460128e+000
  8.9862393e+000  4.9120349e+000
  8.3839116e+000  7.1692925e+000
  8.4037338e+000  8.2381185e+000
  5.5070295e+000  4.4063325e+000
  1.7002924e+000  4.1836693e+000
  1.1020845e+000  5.1880459e+000
  1.5891476e+000  2.8223946e+000
  3.0512006e+000  1.8232625e+000
  1.3843077e+000  6.8513707e+000
  1.4230398e+000  9.0317199e+000
  8.8226099e+000  6.6175608e+000
  1.6786779e+000  5.9487653e+000
  1.5117770e+000  7.3302633e+000
  5.5668535e+000  1.3565352e+000
  2.5130686e+000  8.7734643e+000
  5.6466364e+000  7.3907717e+000
  8.7494852e+000  1.0754587e+000
  8.4864864e+000  1.7530905e+000
  8.6691816e+000  3.0381037e+000
  7.4202544e-001  9.1870272e+000
  7.0328131e+000  1.2894557e+000
  4.0881664e+000  2.4577354e+000
  1.3690273e+000  6.8838378e+000
  8.5240473e+000  9.6277662e+000
  1.2592883e+000  7.0324669e+000
  5.1374232e+000  4.3975154e+000
  3.3197329e+000  1.2510743e+000
  5.6887712e+000  3.3610569e+000
  6.7632001e+000  9.1064274e+000
  1.4418602e+000  6.5260965e+000
  9.1319311e+000  2.7577604e+000
  6.9389693e+000  5.8414870e+000
  6.6809672e+000  7.0493711e+000
  1.4205936e+000  2.3632883e+000
  3.4588095e+000  8.8553694e+000
  3.2229102e+000  1.1151671e+000
  9.3021209e-001  5.9761362e+000
  7.2445458e+000  2.0116180e+000
  8.1384712e+000  5.3678454e+000
  9.1045240e+000  8.5949136e+000
  1.8947140e+000  1.8637017e+000
  5.5083602e+000  5.5879012e+000
  2.2600222e+000  5.8090981e+000
  8.5948794e+000  5.5871971e+000
  4.8137971e+000  2.3851662e+000
  1.5114060e+000  5.0363261e+000
  6.5608140e+000  4.3620222e+000
  1.0713898e+000  5.8302955e+000
  3.0021026e+000  8.9677591e+000
  9.0757107e+000  5.0028227e+000
  1.5807683e+000  3.4928987e+000
  8.7402042e+000  9.0569169e+000
  5.6516004e+000  6.9995389e+000
  5.1216625e+000  4.8729704e+000
  9.1183693e+000  5.2134572e+000
  4.3198364e+000  8.9059208e+000
  2.2096983e+000  3.5174165e+000
  3.3956482e+000  2.3730906e+000
  1.3168942e+000  2.6554293e+000
  1.7606955e+000  4.8166998e+000
  6.8747191e+000  3.3264856e+000
  2.5054846e+000  4.1052937e+000
  6.0364096e+000  8.7565105e+000
  6.2007533e+000  8.0988924e+000
  1.1714265e+000  4.6358821e+000
  5.1811498e+000  9.1696847e+000
  8.9642467e+000  3.2637621e+000
  3.8521617e+000  1.1576215e+000
  1.7705701e+000  8.4098482e+000
  1.7492137e+000  3.5159738e+000
  9.1281475e+000  8.7485552e+000
  3.0540799e+000  1.2590656e+000
  5.1389708e+000  7.9553116e+000
  2.1394314e+000  3.3599005e+000
  4.5737900e+000  2.0710412e+000
  9.1180657e+000  3.1668497e+000
  8.7908402e+000  6.2679282e+000
  2.1022678e+000  7.0367158e+000
  7.1054979e+000  1.4680781e+000
  9.0636546e+000  6.4997339e+000
  2.5037571e+000  7.6415006e+000
  5.8259748e+000  3.3134174e+000
  7.1771149e+000  3.5726331e+000
  6.0359863e+000  7.0855191e+000
  1.1759722e+000  7.1201509e+000
  2.9069707e+000  1.4309903e+000
  2.0630354e+000  4.7383779e+000
  8.8456476e+000  4.3767059e+000
  7.6116341e+000  1.3778339e+000
  9.9148143e-001  4.2772074e+000
  1.3677570e+000  7.3008149e+000
  8.6915168e+000  4.5463989e+000
  1.0226185e+000  7.1299106e+000
  1.4679288e+000  6.5493491e+000
  7.8767619e+000  4.5325411e+000
  3.2344520e+000  1.2675107e+000
  8.8489851e+000  4.6164353e+000
  4.9207961e+000  6.6478877e+000
  8.2707705e+000  7.6901856e+000
  7.1532723e+000  7.1792926e+000
  1.0649671e+000  2.0067242e+000
  1.1264356e+000  6.7987505e+000
  9.4261990e+000  8.4604554e+000
  8.6287637e-001  3.5907914e+000
  4.8705545e+000  3.9437674e+000
  1.0884879e+000  1.6112320e+000
  5.0372327e+000  5.0314535e-001
  1.6650639e+000  1.4463656e+000
  2.2287596e+000  5.9905806e+000
  1.8827313e+000  2.3655826e+000
  8.8593362e+000  8.1819892e-001
  1.2681221e+000  7.2688425e+000
  8.2939732e+000  1.3231314e+000
  7.8923203e+000  4.1237110e-001
  5.5876423e+000  7.9751288e+000
  1.4656026e+000  6.0138077e+000
  2.7141014e+000  8.6470050e+000
  6.5867497e+000  6.1310761e+000
  4.5940917e+000  8.5094622e+000
  8.5411895e+000  9.5014209e-001
  5.1046858e-001  8.8965193e+000
  7.5262653e+000  2.2984351e+000
  5.8188620e+000  6.6802205e+000
  1.3225524e+000  1.0134704e+000
  7.9649382e+000  8.8060218e+000
  6.1575234e+000  2.9087500e+000
  1.1920903e+000  6.8188872e+000
  4.4675804e+000  8.9172851e+000
  4.3602283e+000  4.8462739e+000
  6.4491661e+000  8.9189265e+000
  6.9101178e+000  1.4196830e+000
  6.5273370e+000  8.7355143e-001
  5.8098726e-001  9.0524842e+000
  8.9167732e-001  2.3682192e+000
  9.1285260e+000  4.1727190e+000
  6.4660834e+000  6.6398863e+000
  2.6052408e+000  6.2642449e+000
  4.8278199e+000  4.8233747e+000
  8.7783486e+000  5.7977031e+000
  3.6719989e+000  8.8291463e+000
  1.0059349e+000  4.4353879e+000
  8.7481081e+000  2.4499886e+000
  6.0366621e+000  9.3589726e+000
  6.9128995e+000  6.7392411e+000
  5.7866589e+000  9.4339889e+000
  4.0023245e+000  7.5674741e+000
  6.9847594e+000  5.7218470e+000
  4.8599151e+000  2.7914236e+000
  9.3248673e+000  3.5206613e+000
  6.9127726e+000  3.8184416e+000
  7.3936265e+000  5.0173893e+000
  1.5048242e+000  6.4075306e+000
  7.1135745e+000  8.8137337e+000
  3.4007228e+000  8.2012424e+000
  9.8803692e-001  2.3740776e+000
  4.5741925e+000  2.4384517e+000
  9.1996406e+000  8.9622580e+000
  8.8612534e+000  5.6644650e+000
  2.7318938e+000  1.6697040e+000
  8.9930870e+000  5.4537352e+000
  8.5647507e+000  1.1369609e+000
  3.9888099e+000  7.5119258e+000
  3.1445127e+000  5.3861369e+000
  1.1518772e+000  6.8394243e+000
  1.7372895e+000  2.1183760e+000
  9.0538117e+000  6.7117684e+000
  2.9491807e+000  1.5312267e+000
  6.8396722e+000  3.0422850e+000
  8.4745733e+000  8.2043046e+000
  3.0672887e+000  4.8114530e+000
  9.0430158e+000  5.2121629e+000
  1.3316436e+000  8.4521162e-001
  9.2073230e+000  8.3855000e+000
  1.0853206e+000  5.8616858e+000
  1.4286139e+000  6.8251503e+000
  6.5090088e+000  2.9734269e+000
  1.1217277e+000  1.9179074e+000
  7.3435292e+000  8.7770144e+000
  4.9625942e+000  8.8985491e+000
  4.9236095e+000  4.7461371e+000
  1.4557688e+000  6.8599579e+000
  9.1097694e+000  8.9110585e+000
  9.1221178e-001  3.8120636e+000
  5.2903927e+000  2.2750905e+000
  4.2406346e+000  8.8917614e+000
  8.7747100e+000  2.2228776e+000
  7.5639598e+000  1.2171001e+000
  1.2327952e+000  7.1459241e+000
  5.2878289e+000  4.5030113e+000
  9.0351628e+000  4.9560171e+000
  2.3188100e+000  7.8769720e+000
  8.8252326e+000  1.8322365e+000
  6.9905025e+000  1.7607307e+000
  2.6864679e+000  1.4642365e+000
  7.4395354e+000  6.2762218e+000
  7.6742007e+000  7.2532431e+000
  8.2676952e+000  1.1290758e+000
  1.0277505e+000  8.5047681e+000
  8.8236763e+000  6.5865455e+000
  6.5656146e+000  3.8297555e+000
  1.6032362e+000  2.1064182e+000
  1.6457946e+000  3.0855579e+000
  4.5280173e+000  2.6454964e+000
  4.9301014e+000  4.3835037e+000
  5.1970697e+000  1.2913261e+000
  8.5908065e+000  7.7413234e+000
  8.6784394e+000  7.0318392e+000
  9.0967632e+000  8.4879905e+000
  6.8444649e+000  7.7835158e+000
  5.4306677e+000  6.0537255e+000
  8.7432440e+000  5.9954818e+000
  8.8703627e+000  5.0650899e+000
  9.4535134e+000  9.0064625e+000
  7.1477876e+000  8.0086455e+000
  5.4412228e+000  2.7033785e+000
  8.8714279e+000  5.9397712e+000
  7.9577480e-001  8.7571935e+000
  3.7704879e+000  8.9691748e+000
  3.6482280e+000  8.9607104e+000
  2.6202121e+000  2.1410278e+000
  9.0512476e+000  4.6664192e+000
  6.7204806e+000  4.3912881e+000
  1.5582094e+000  1.7834526e+000
  9.1573230e+000  7.6857819e+000
  2.0656400e+000  4.1219803e+000
  4.9301235e+000  8.0751458e+000
  4.7871799e+000  1.4762638e+000
  8.3617320e-001  9.1827184e+000
  7.1933888e+000  1.3388035e+000
  1.6283951e+000  3.6880439e+000
  3.0512211e+000  2.1227931e+000
  9.0340137e+000  6.0328597e+000
  1.6036707e+000  6.7497633e+000
  7.0572638e+000  8.0625432e+000
  6.8853350e+000  1.1501153e+000
  9.0127835e+000  4.5657124e+000
  8.8689436e+000  2.4871236e+000
  3.4143288e+000  1.6101830e+000
  7.7338351e+000  8.9554770e+000
  1.2771461e+000  7.4731472e+000
  6.9690413e+000  1.6014905e+000
  5.0357370e+000  4.4570276e+000
  8.9685935e+000  5.4717890e+000
  1.0018040e+000  8.5230902e+000
  6.9759740e+000  4.2334998e+000
  3.3023014e+000  9.0796755e+000
  1.0285285e+000  7.3562457e-001
  3.6255086e+000  9.6340991e-001
  1.9998290e+000  5.0255816e+000
  7.1661437e+000  5.0954970e+000
  8.2922872e-001  2.0766690e+000
  8.0309118e+000  7.8466002e+000
  1.4750913e+000  8.2996001e+000
  9.1347529e+000  6.8945886e+000
  7.1568984e+000  8.8464927e+000
  3.7867837e+000  8.8832004e+000
  9.0615097e+000  8.9226445e+000
  7.4183645e+000  1.7529184e+000
  7.0453070e+000  8.6496211e+000
  8.9321349e+000  2.2985449e+000
  1.5128379e+000  4.0884500e+000
  2.3411872e+000  9.1213609e+000
  8.9753214e+000  2.8285781e+000
  8.9064986e+000  3.9213845e+000
  3.1128955e+000  1.4325735e+000
  5.1207942e+000  4.2177396e+000
  7.8883432e+000  4.5745470e+000
  3.0740133e+000  8.8815126e+000
  8.9905151e+000  7.1812380e+000
  3.4223794e+000  1.1995955e+000
  4.1960112e+000  2.6345677e+000
  6.0303603e+000  6.4248085e+000
  3.8330534e+000  9.1096932e+000
  8.5371340e+000  3.8078728e+000
  3.4567002e+000  9.2862746e+000
  5.8500861e+000  2.0188511e+000
  3.3996645e+000  9.0057863e+000
  1.1595443e+000  1.9887155e+000
  2.0622423e+000  4.7828052e+000
  5.0455069e+000  8.0936010e+000
  6.1341840e+000  5.6705851e+000
  4.9863328e+000  4.3970591e+000
  6.6427841e-001  3.0381177e+000
  6.8317778e+000  8.6046031e+000
  3.7074619e+000  8.7299046e+000
  8.7637380e+000  1.6628742e+000
  5.3416445e+000  3.4876944e+000
  8.3295034e+000  5.7907625e+000
  1.1126436e+000  6.9615809e+000
  1.1243673e+000  1.4415702e+000
  5.9748922e+000  3.1805371e+000
  7.9469791e+000  2.0180084e+000
  4.7562217e+000  2.5831603e+000
  1.3758677e+000  1.5262240e+000
  9.8900208e-001  8.4098302e+000
  1.5054265e+000  4.3964295e+000
  9.1782549e+000  1.0900548e+000
  4.5343058e+000  8.8517344e+000
  8.9988184e+000  1.0007060e+000
  6.3086552e+000  1.2471750e+000
  2.1475298e+000  4.1278925e+000
  1.6987643e+000  4.2422904e+000
  5.0550868e+000  9.5466639e-001
  3.2030766e+000  1.4562402e+000
  8.4879737e+000  5.4231850e+000
  3.1909211e+000  2.6597685e+000
  5.8889490e+000  4.1410090e+000
  9.0001923e+000  4.8842140e+000
  3.1546098e+000  8.9073322e+000
  6.6511396e+000  7.9339958e+000
  5.7224017e+000  7.7327632e-001
  5.5915719e+000  5.6682308e+000
  3.2688570e+000  1.3317049e+000
  7.8687851e+000  8.6307239e+000
  8.9413114e+000  6.8569968e+000
  7.8513048e+000  4.8549188e+000
  1.4490001e+000  7.4938211e+000
  5.9211196e+000  8.5395261e-001
  1.4880416e+000  9.1466965e+000
  1.4750572e+000  6.9317729e+000
  7.2480394e+000  7.0218917e+000
  1.0648809e+000  7.3596747e+000
  2.5042500e+000  1.2344427e+000
  6.2495594e+000  8.3026720e+000
  5.1061230e+000  2.6758451e+000
  2.4750878e+000  3.8481569e+000
  2.8922646e+000  3.9667861e+000
  5.0162281e+000  2.3549687e+000
  8.6108092e+000  1.1338130e+000
  8.9416622e+000  8.6281838e-001
  8.7407933e+000  5.1614791e+000
  5.7858791e+000  7.4755069e+000
  7.1123098e+000  1.0472063e+000
  7.0999772e+000  6.8561266e+000
  5.0754032e+000  2.6682005e+000
  8.8499074e+000  6.7468162e+000
  3.2347521e+000  1.1646937e+000
  3.9041214e+000  6.3232412e+000
  1.4500293e+000  3.0662115e+000
  1.6865252e+000  4.2446121e+000
  5.2922849e+000  3.1062662e+000
  6.8723848e+000  2.0779871e+000
  1.8835107e+000  2.2514779e+000
  7.4848914e+000  7.8553550e+000
  9.0512944e+000  9.4590754e-001
  4.8735262e+000  4.1308796e+000
  8.7254155e+000  1.0742711e+000
  1.6788361e+000  1.3846267e+000
  5.0804863e+000  7.9680179e+000
  4.9908220e+000  5.5634593e+000
  9.2634610e+000  8.6776182e+000
  7.2184064e+000  6.9464393e+000
  1.6448111e+000  3.8749531e+000
  5.1743976e+000  2.8891327e+000
  4.9782827e+000  2.2808368e+000
  7.1223746e+000  8.7461079e+000
  7.5580626e+000  1.1034788e+000
  3.4756178e+000  4.5350608e+000
  5.1015037e+000  3.9533091e+000
  8.8160121e+000  4.6729809e+000
  6.6242956e+000  3.9059196e+000
  9.0157033e+000  3.9293399e+000
  3.8639867e+000  4.1242900e+000
  3.3844324e+000  3.2147223e+000
  2.8314164e+000  3.3801532e+000
  8.0795950e+000  5.9113064e+000
  1.7478826e+000  6.3870551e+000
  8.7825913e+000  1.9060031e+000
  6.6849481e+000  8.8830706e+000
  8.9121547e+000  5.1028918e+000
  5.3902885e+000  4.1240873e+000
  6.8934830e+000  5.7109638e+000
  1.2603890e+000  4.2773042e+000
  3.0069131e+000  8.4307425e+000
  8.2136998e+000  1.1876544e+000
  8.0817186e+000  7.5977543e+000
  9.0511145e+000  5.0622156e+000
  2.0103828e+000  1.8559619e+000
  2.5410817e+000  4.1040786e+000
  4.4944018e+000  4.0232300e+000
  5.4246431e+000  7.1475917e+000
  7.8853625e+000  7.0013309e+000
  5.0032470e+000  6.7446829e+000
  1.3781282e+000  1.1860368e+000
  1.2415787e+000  7.2061018e+000
  3.1402963e+000  8.8116993e+000
  1.6478775e+000  4.7646974e+000
  4.7551979e+000  2.0772729e+000
  6.7205910e-001  8.8613123e+000
  2.2588570e+000  8.6917097e+000
  2.0070472e-001  8.9719332e+000
  6.4352941e+000  1.1395518e+000
  8.4198586e+000  6.3634841e+000
  1.1108581e+000  7.3613336e+000
  8.9950572e+000  9.3574048e+000
  6.4625692e+000  2.1374405e+000
  1.3046940e+000  7.0609389e+000
  7.6659091e-001  9.2571728e+000
  5.9863780e+000  5.4610045e+000
  3.1935222e+000  7.9964390e+000
  1.2562278e+000  1.7467106e+000
  6.8037421e+000  3.9707078e+000
  7.2153316e+000  5.2147495e+000
  8.3709024e+000  8.5915650e+000
  2.8252802e+000  8.4170024e+000
  2.1713230e+000  1.1042481e+000
  1.4654260e+000  7.2951932e+000
  2.1605444e+000  7.2555042e+000
  3.0986089e+000  1.1608238e+000
  6.5106192e+000  4.1183385e+000
  8.0166364e-001  4.2705838e+000
  5.1063033e+000  2.4715785e+000
  7.4343586e+000  4.3142495e+000
  5.8875569e+000  6.5944602e+000
  4.7378284e+000  4.6393115e+000
  9.5764968e-001  2.0286647e+000
  6.2553572e+000  3.2852198e+000
  1.4709958e+000  7.0827969e+000
  7.2335310e+000  1.1165444e+000
  1.3542036e+000  7.5039045e+000
  8.7625921e-001  7.9965797e+000
  9.6096903e+000  9.5999162e+000
  2.5705966e+000  3.8796270e+000
  3.2975440e+000  8.9951085e+000
  4.9939388e+000  4.9179052e+000
  1.1617276e+000  7.7189322e+000
  1.5967584e+000  6.4819656e+000
  9.5309359e-001  8.6198529e+000
  6.3262030e+000  1.0959515e+000
  3.3346611e+000  1.0566951e+000
  4.9287440e+000  3.9429359e+000
  5.0554206e+000  4.3765864e+000
  9.5239482e-001  1.3468216e+000
  6.0977687e-001  9.1470188e+000
  1.5767602e+000  4.3575607e+000
  1.2793627e+000  3.5295920e+000
  5.0596267e+000  2.5533773e+000
  1.1306345e+000  7.3295197e-001
  1.4402816e+000  8.5577869e+000
  4.0346531e+000  6.6228430e+000
  4.5411795e+000  6.4750137e+000
  7.1077051e+000  4.4068674e+000
  5.1049798e+000  5.0015047e+000
  8.0373559e+000  5.7464399e+000
  8.7833092e+000  1.8361831e+000
  2.0977676e+000  4.8955739e+000
  6.6479620e+000  8.3507479e+000
  6.4610500e+000  1.9485265e+000
  4.8189086e+000  4.3221616e+000
  1.5569152e+000  7.0908708e+000
  3.6730659e+000  9.0269815e+000
  5.0423448e+000  8.9409922e+000
  6.8333063e+000  5.8072610e+000
  8.1958281e+000  1.1228333e+000
  1.0142758e+000  1.4132942e+000
  4.7282159e+000  5.2924992e+000
  5.4099827e+000  2.2972212e+000
  5.1076525e+000  1.2760014e+000
  6.2436741e+000  6.3464781e+000
  6.5254803e+000  8.7300089e+000
  1.2389831e+000  7.3920793e-001
  5.8691388e+000  7.7880609e+000
  4.8329826e+000  8.9178629e+000
  6.7525562e-001  8.6778474e+000
  7.6276712e+000  7.0376224e+000
  6.7029023e+000  7.5900514e+000
  4.3763060e+000  5.5354547e+000
  1.7119549e+000  6.4514818e+000
  9.2596433e+000  3.1392298e+000
  8.7749562e+000  4.7527577e+000
  5.3588972e+000  7.9686160e+000
  1.2721975e+000  3.9456374e+000
  3.5717947e+000  1.4183392e+000
  3.2289117e+000  8.7992853e+000
  5.8453176e+000  3.1579029e+000
  6.6251127e-001  9.5872151e+000
  5.5910542e+000  2.7914284e+000
  2.7557034e+000  9.1234719e+000
  9.0372837e+000  8.1310167e+000
  8.2320585e+000  1.0773078e+000
  6.7919780e+000  2.5346251e+000
  9.2297530e+000  2.9496041e+000
  9.0688028e+000  8.8631937e+000
  2.8649226e+000  5.3719859e+000
  5.4283704e+000  2.5792671e+000
  6.6755338e+000  7.5432312e+000
  7.3798497e+000  7.7544173e+000
  5.1921230e+000  3.7898043e+000
  9.5453057e+000  9.1173876e+000
  6.8912665e+000  2.0095465e+000
  8.4032026e+000  6.9438815e+000
  6.9195447e+000  2.1347178e+000
  7.1992167e+000  4.4813739e+000
  6.7352160e+000  8.9572112e+000
  5.4095477e+000  5.4405465e+000
  1.9407118e+000  1.1881459e+000
  4.2840805e+000  3.0755191e+000
  8.2290509e+000  1.2093179e+000
  1.0293079e+000  8.5596161e+000
  5.7036343e+000  7.4869240e-001
  9.0786899e+000  6.0489353e+000
  3.5873512e+000  8.9646394e+000
  3.8021845e+000  6.7868230e+000
  1.4652564e+000  8.5342518e+000
  6.5317445e+000  4.3376712e+000
  1.0093751e+000  1.7021767e+000
  8.6138013e+000  1.2023894e+000
  1.8274976e+000  5.9782381e+000
  4.0131549e+000  9.0616795e+000
  6.2780052e+000  3.8177856e+000
  4.5313459e+000  8.8270861e+000
  6.6974452e+000  8.7349692e+000
  3.3929820e+000  3.8326311e+000
  2.1872462e+000  9.1738437e+000
  3.3419399e+000  6.5498043e+000
  4.1506603e+000  1.8689742e+000
  8.9060796e+000  5.9155374e+000
  5.0729810e+000  8.9030631e+000
  4.8644502e+000  3.4119501e+000
  2.4270372e+000  5.5672771e+000
  4.8448738e+000  8.4375782e+000
  5.3881585e+000  3.2481306e+000
  4.4892442e+000  5.5469602e+000
  1.2884308e+000  4.8473891e+000
  1.8274505e+000  3.5726553e+000
  4.3783587e+000  8.9996886e+000
  3.2562926e+000  8.7652980e+000
  8.0112918e+000  1.7493116e+000
  5.0749477e+000  2.3208203e+000
  4.3633710e+000  7.3376474e+000
  8.3116488e+000  7.6818542e+000
  7.4887384e+000  9.0870959e+000
  7.4751577e+000  1.2247249e+000
  8.9262753e+000  6.6983272e+000
  1.2016205e+000  4.2136763e+000
  9.1908665e+000  3.3971289e+000
  2.8951934e+000  7.7369462e+000
  4.8241504e+000  6.7053359e+000
  6.7724962e+000  7.7150467e+000
  5.5678072e+000  5.7011903e+000
  9.4668383e-001  9.0021146e+000
  8.0093087e-001  2.3418108e+000
  3.8351889e+000  1.1816857e+000
  6.9337088e+000  3.7645056e+000
  8.8331622e+000  2.8386682e+000
  1.1551455e+000  1.7799876e+000
  3.1617276e+000  2.2057003e+000
  6.6849438e+000  4.7551753e+000
  5.1265172e+000  3.2553600e+000
  6.5843677e+000  5.9086129e+000
  2.3936368e+000  6.9403434e+000
  6.3094007e+000  7.2505585e+000
  2.9584256e+000  1.1954256e+000
  3.8950270e+000  9.1582334e+000
  7.2554116e+000  5.8803548e+000
  2.9431001e+000  8.8432218e+000
  7.7121491e+000  8.8299520e+000
  8.1368864e-001  4.0865500e+000
  8.1966179e+000  8.7206206e+000
  4.7597382e+000  3.7815225e+000
  1.3696336e+000  5.8478024e+000
  1.6378211e+000  5.8833669e+000
  1.3099344e+000  1.6410836e+000
  4.9717424e+000  5.4295461e+000
  8.9247384e+000  2.8640858e+000
  1.2775902e+000  6.9605573e+000
  7.0100836e+000  2.2261765e+000
  2.0598272e+000  2.7380945e+000
  8.7758719e+000  2.2187841e+000
  8.1354349e+000  7.3993454e+000
  5.7423319e+000  2.6127734e+000
  5.0651876e+000  6.6219293e+000
  5.6997638e+000  1.7475141e+000
  8.5794330e+000  1.4504894e+000
  5.5113866e+000  7.7890047e+000
  1.2570794e+000  7.2606389e+000
  9.0420163e-001  3.9089336e+000
  3.0493752e+000  1.5575248e+000
  8.6289157e+000  1.8192245e+000
  3.2536568e+000  8.8220468e+000
  3.0217119e+000  1.3604914e+000
  6.6523286e+000  5.3195637e+000
  7.2156520e+000  6.4811395e+000
  5.2787181e+000  2.5983631e+000
  9.0908474e+000  4.6824720e+000
  4.6796458e+000  5.9730056e+000
  1.8800654e+000  4.0627973e+000
  1.4402904e+000  1.4296561e+000
  9.2869010e+000  8.8301200e+000
  7.4331397e+000  9.3404855e-001
  7.5005732e+000  9.7796620e-001
  9.0035425e+000  5.4977331e+000
  9.0166971e+000  6.7911203e+000
  5.2499097e+000  3.3525538e+000
  3.8202624e+000  1.3561953e+000
  9.2776508e+000  8.6358626e+000
  2.8056949e+000  1.3423457e+000
  5.2223233e+000  8.1662792e+000
  2.5814651e+000  4.6399416e+000
  6.2464486e+000  3.8480172e+000
  6.5942901e+000  8.9487082e+000
  8.6750736e+000  5.3941915e+000
  4.8396310e+000  3.8687649e+000
  4.9919788e+000  3.7827622e+000
  2.0754798e+000  2.4385841e+000
  1.7509683e+000  4.0331238e+000
  6.2868322e+000  9.1437220e-001
  1.9664882e+000  4.9183508e+000
  6.9689627e+000  6.4873140e+000
  2.4709891e+000  3.5400987e+000
  3.1629170e+000  1.0891758e+000
  5.9532965e+000  2.2869924e+000
  6.5803500e+000  7.9886588e+000
  2.9489279e+000  1.0560261e+000
  8.3817199e-001  8.3535528e+000
  7.5987765e+000  6.6519601e+000
  3.4129066e+000  8.4118693e+000
  8.5929799e-001  7.3413591e+000
  7.9315664e+000  3.4491056e+000
  1.2242993e+000  7.4401936e+000
  5.3612690e+000  7.7846633e+000
  5.6727069e+000  7.6666965e+000
  1.2959335e+000  5.0647193e+000
  4.3817953e+000  3.8019144e+000
  8.5822982e+000  6.6311241e+000
  1.3335896e+000  7.1490112e+000
  6.4592853e+000  7.1669875e+000
  1.3013954e+000  6.4784195e+000
  1.6310325e+000  6.6101511e+000
  9.0195028e+000  8.3203028e+000
  6.0117072e+000  7.2364820e+000
  8.3229051e+000  2.1290858e+000
  8.3236486e+000  6.2839043e+000
  6.7143953e-001  3.7255192e+000
  6.4936240e+000  6.1222929e+000
  3.7092712e+000  6.2788105e+000
  7.0909260e+000  8.8249852e+000
  3.6136636e+000  4.5334913e+000
  6.8019353e+000  1.2289110e+000
  5.7478555e+000  4.0453884e+000
  3.1533044e+000  4.6079891e+000
  8.4370659e+000  2.2826260e+000
  2.2404050e+000  8.7066611e+000
  1.3258581e+000  7.3105552e+000
  4.8604936e+000  3.2490122e+000
  1.2195634e+000  7.0153099e+000
  1.8289295e+000  6.6020234e+000
  6.2905718e+000  1.1798301e+000
  1.2352331e+000  7.2210228e+000
  9.4768921e+000  9.4325780e-001
  8.9265312e+000  6.1345178e+000
  1.2001377e+000  1.9384470e+000
  4.0281443e+000  8.8340799e+000
  9.1277087e+000  6.5720071e+000
  1.1330052e+000  1.5848253e+000
  5.1268350e+000  5.8018852e+000
  4.0253290e+000  8.8626719e+000
  5.2252663e+000  9.4736920e-001
  9.2332535e+000  5.7263016e+000
  1.5472433e+000  1.1374990e+000
  6.7414055e+000  8.4210511e+000
  8.2065389e+000  2.1560328e+000
  5.0046953e+000  8.9754590e+000
  1.6326444e+000  6.1586857e+000
  7.0190401e+000  6.3301710e+000
  2.1486659e+000  8.4392943e+000
  9.0549812e-001  3.7735996e+000
  5.1411475e+000  1.0495008e+000
  8.8805249e+000  3.8481663e+000
  6.5989016e+000  3.6572610e+000
  9.3141946e+000  5.7966193e+000
  6.3885631e+000  5.1710682e+000
  8.9566957e+000  2.2791236e+000
  8.4654695e+000  9.1013378e+000
  4.5274997e-001  9.1183058e+000
  8.2082707e+000  1.2005581e+000
  1.0929347e+000  4.3534722e+000
  3.3908690e+000  1.3055153e+000
  5.0166154e+000  2.6825076e+000
  9.3604532e+000  8.6137711e+000
  3.6653491e+000  9.1225079e+000
  6.8533052e+000  9.1286096e+000
  4.8383722e+000  4.0991906e+000
  7.1302580e+000  9.2502168e+000
  1.7988771e+000  7.6726515e+000
  8.6531564e+000  1.4755046e+000
  3.0770788e+000  1.4417490e+000
  6.8969996e+000  5.9779714e+000
  1.4966091e+000  6.9056060e+000
  1.2342538e+000  1.1246012e+000
  5.2955714e+000  8.4777956e+000
  8.3806066e+000  2.7245427e+000
  3.2025466e+000  4.3337725e+000
  3.1874986e+000  1.2900295e+000
  8.7176006e+000  8.4938006e+000
  8.6402385e+000  2.4199713e+000
  2.8877708e+000  5.0311659e+000
  7.2450996e-001  4.9540081e+000
  3.2923464e+000  5.0303542e+000
  5.2853192e+000  8.8795500e+000
  3.0003478e+000  4.7780098e+000
  5.3499529e+000  2.8685442e+000
  6.4847858e+000  5.8927905e+000
  5.4225948e+000  7.2319888e+000
  6.8551575e-001  4.1257107e+000
  1.0838967e+000  4.0912869e+000
  6.0967661e+000  6.0724719e+000
  3.4767938e+000  1.4630772e+000
  6.9786961e+000  1.3690658e+000
  7.2162781e+000  7.8950691e-001
  8.9090480e+000  7.4777613e+000
  1.0174605e+000  4.0000331e+000
  1.3021156e+000  3.8367822e+000
  7.3806456e+000  1.1252266e+000
  7.1712274e+000  7.0769000e+000
  2.6446631e+000  8.9768857e+000
  2.9444936e+000  1.8383132e+000
  8.1732091e+000  8.6359944e+000
  7.6389457e+000  7.0834403e+000
  7.8895423e+000  2.2424247e+000
  2.8372993e+000  7.8191450e+000
  3.2095058e+000  1.1986362e+000
  3.4218450e+000  8.6956740e+000
  6.2998220e+000  8.5358137e+000
  5.3891676e+000  3.2590793e+000
  6.9027355e+000  7.9565495e+000
  1.0438240e+000  4.9451243e+000
  9.1114316e+000  6.7802186e+000
  3.6345115e+000  9.0558920e+000
  2.3518239e+000  2.8676082e+000
  5.5508570e+000  5.4840951e+000
  7.7289109e+000  5.2055865e+000
  2.7991415e+000  4.5425979e+000
  9.0223860e+000  8.9225414e+000
  8.7892987e+000  2.4277329e+000
  7.3776132e+000  8.9738665e+000
  4.3784848e+000  1.3726797e+000
  6.3414204e+000  7.3613337e+000
  5.0554545e+000  4.0505902e+000
  8.5560570e+000  2.6986900e+000
  3.8113466e+000  1.2106788e+000
  6.9524695e+000  5.0975416e+000
  6.3396113e+000  7.3432861e+000
  5.4732038e+000  5.6174268e+000
  3.2252566e+000  8.9105152e+000
  3.3306962e+000  8.8688993e+000
  7.2160652e+000  4.4609625e+000
  8.7259808e+000  2.7735339e+000
  3.7285374e+000  8.8807433e+000
  1.1569807e+000  5.9635028e-001
  6.0410073e+000  8.9928195e+000
  4.4143100e+000  5.0779700e+000
  6.6185851e+000  8.9234361e+000
  5.3710241e+000  8.4700022e+000
  1.4221409e+000  5.8895910e+000
  9.4527913e+000  8.8836365e+000
  1.2359716e+000  6.7957117e+000
  4.5051460e+000  4.2243297e+000
  1.1748786e+000  7.6139809e+000
  1.7726064e+000  5.2007623e+000
  7.1453437e+000  2.9004809e+000
  3.9476123e+000  6.3856367e+000
  8.8345794e+000  2.4297813e+000
  2.7751185e+000  1.1791239e+000
  5.8631853e+000  7.9735036e+000
  9.0866579e+000  3.8387300e+000
  6.0429955e+000  6.4852775e+000
  2.9778933e+000  3.8331045e+000
  3.4820552e+000  7.5960326e+000
  6.5144821e+000  3.3572356e+000
  1.0723220e+000  7.9539268e+000
  1.2135613e+000  7.3673609e+000
  3.2181480e+000  1.4203661e+000
  5.8105161e+000  9.9527616e-001
  9.1189971e+000  2.6975115e+000
  4.4793084e+000  8.9005531e+000
  6.6070763e+000  1.9568816e+000
  1.9215715e+000  9.2542278e+000
  4.3508632e+000  8.4213335e+000
  4.7594898e-001  9.4279967e+000
  6.7346491e+000  5.7476361e+000
  8.8328145e+000  7.2813407e+000
  5.0393173e+000  6.6877662e+000
  6.3641575e+000  4.6282166e+000
  8.9528157e+000  4.7444761e+000
  8.5375100e+000  1.7314870e+000
  4.5445604e+000  2.2989328e+000
  9.0985572e+000  8.4329344e+000
  1.1377790e+000  7.9961957e-001
  6.7914251e-001  9.0044338e+000
  1.4156515e+000  4.3382235e+000
  6.6064617e+000  9.8349738e-001
  1.2000576e+000  6.9834843e+000
  6.4850056e+000  5.3836219e+000
  6.6610653e-001  7.0171714e+000
  1.1335947e+000  5.1913219e-001
  7.0952086e+000  8.9943492e+000
  8.8876353e+000  3.2931335e+000
  5.8188461e+000  7.8473462e-001
  4.4244161e+000  4.2867586e+000
  9.3159950e-001  4.5045000e+000
  6.8569360e+000  6.2287281e+000
  9.0316856e+000  8.7436981e+000
  7.1368743e+000  6.3750712e+000
  7.7496561e+000  8.6355062e+000
  8.6204680e+000  6.9804118e+000
  1.0858517e+000  1.7889359e+000
  7.3990301e+000  5.7589150e+000
  1.0658871e+000  3.4243635e+000
  5.3567511e+000  7.3955847e+000
  8.8389085e-001  4.2327171e+000
  5.0131483e+000  8.9823894e+000
  4.8058079e+000  5.4360077e+000
  3.7039580e+000  1.0339506e+000
  3.2380589e+000  8.7995397e+000
  1.6192358e+000  3.6614282e+000
  2.9900341e+000  9.0224079e+000
  1.1061177e+000  4.2043603e+000
  1.4341288e+000  4.5785205e+000
  9.0556817e+000  3.0056943e+000
  8.9561651e+000  2.4508054e+000
  9.2769551e+000  9.3217807e+000
  8.6295055e+000  5.5436397e+000
  3.2506262e+000  1.3452287e+000
  2.7702651e+000  8.8494266e+000
  8.9009835e+000  2.7584205e+000
  5.0644141e+000  4.1545246e+000
  3.7423863e+000  3.8345624e+000
  8.4037813e+000  1.3782183e+000
  1.3548470e+000  7.8050225e+000
  5.1983790e+000  3.7069368e+000
  9.1779852e+000  2.6674601e+000
  2.8397915e+000  8.8665768e+000
  9.3358248e+000  8.9100175e+000
  9.0006582e+000  5.8462639e+000
  6.7848930e+000  1.5734894e+000
  2.2361977e+000  2.0774953e+000
  4.8567578e+000  4.4178510e+000
  3.1349669e+000  1.6175518e+000
  2.1697686e+000  5.9053180e+000
  1.0702900e+000  6.5322209e+000
  6.6305275e+000  8.9808203e+000
  2.4794938e+000  6.7399359e+000
  7.2122524e+000  1.9123908e+000
  8.6770228e+000  7.4120067e+000
  6.5477952e+000  3.4685466e+000
  8.3417036e+000  5.1202466e+000
  4.1293084e+000  5.9328624e+000
  6.8249167e-001  5.1305920e-001
  1.1145583e+000  4.0482680e+000
  5.8880980e+000  2.9087349e+000
  1.1803634e+000  4.0876121e+000
  5.5719557e+000  3.5774728e+000
  1.7285112e+000  4.3402806e+000
  2.6213201e+000  8.8598030e+000
  7.5074971e+000  7.6203342e+000
  3.1537236e+000  5.1169717e+000
  3.2432325e+000  1.3085003e+000
  1.3911315e+000  9.8516298e-001
  7.1431230e+000  9.2547743e-001
  1.2874650e+000  6.9007822e+000
  7.6616133e+000  1.5944811e+000
  1.0788177e+000  4.3080630e+000
  4.5894906e+000  4.1827011e+000
  9.2002405e+000  9.2413526e+000
  7.9346010e+000  4.9303387e-001
  8.1837978e+000  1.1138261e+000
  6.4662435e+000  1.5440262e+000
  2.6018157e+000  8.7289365e+000
  8.6537596e+000  2.7239230e+000
  6.0712846e+000  5.8587267e+000
  5.8376333e-001  1.9899036e+000
  3.2191893e+000  8.8070582e+000
  5.2890087e+000  6.1461748e-001
  4.8433632e+000  7.5775037e+000
  1.1419900e+000  9.9879881e-001
  6.8987028e+000  8.9674270e+000
  2.7637882e+000  4.7790088e+000
  8.3437336e-001  4.1931179e+000
  8.1935546e+000  8.6652883e+000
  6.0048562e+000  1.4275606e+000
  3.2499931e+000  2.1619462e+000
  1.8039235e+000  8.3856141e+000
  1.8874821e+000  6.2674894e+000
  7.6809443e+000  2.3472466e+000
  5.2051857e+000  3.1037093e+000
  8.0779349e+000  3.6590475e+000
  6.4307083e+000  8.2012895e+000
  1.9235708e+000  9.0654938e-001
  8.9028552e+000  5.6223120e+000
  7.3599579e+000  9.1166307e+000
  5.5052248e+000  2.6566876e+000
  8.9058026e+000  6.0437672e+000
  6.4175094e+000  6.2181820e+000
  2.1645336e+000  8.0398403e+000
  8.9883744e+000  9.3008081e+000
  9.2658480e+000  8.7067681e+000
  3.1762654e+000  8.5431283e+000
  5.1711996e+000  2.2434594e+000
  1.2353953e+000  4.4439505e+000
  6.1745630e-001  4.2769101e+000
  7.3559806e+000  8.5877754e+000
  4.6520397e+000  5.5135464e+000
  6.2682489e+000  2.0581166e+000
  9.9701779e-001  5.9169204e+000
  6.7306203e+000  8.0210864e+000
  4.1888990e+000  1.0296561e+000
  5.1559968e+000  5.2829391e-001
  9.0741007e+000  2.8514781e+000
  5.8393362e+000  3.1852074e+000
  8.1723239e+000  1.2473129e+000
  7.6024297e+000  5.5139945e+000
  8.4855774e+000  5.1291897e+000
  6.8451904e+000  5.8250022e+000
  3.2638195e+000  2.9479063e+000
  2.7424856e+000  3.7949401e+000
  2.4324369e+000  2.1481422e+000
  1.2559064e+000  6.9820231e+000
  6.6735904e+000  4.2539248e+000
  2.6431964e+000  8.5966956e+000
  5.0822468e+000  2.8277048e+000
  1.4693986e+000  6.6988308e+000
  8.8734120e+000  2.4305303e+000
  7.4638629e+000  2.1533686e+000
  2.7573486e+000  8.2384322e+000
  1.4566824e+000  1.8810627e+000
  8.9624063e+000  8.3563786e+000
  3.6978922e+000  1.7108252e+000
  3.8517580e+000  3.2666808e+000
  9.0163450e+000  2.7211842e+000
  1.3617796e+000  4.1923123e+000
  9.5716618e+000  8.5162769e+000
  8.4537081e+000  1.7383347e+000
  3.5593729e+000  2.1478891e+000
  4.6299680e+000  2.1919507e+000
  6.3275965e+000  2.5826907e+000
  4.3540849e+000  9.0782117e+000
  8.8219642e+000  6.7581900e+000
  4.5874583e+000  4.2878425e+000
  2.0331811e+000  7.6453360e+000
  3.8358428e+000  9.0922458e+000
  8.9039957e+000  1.5184437e+000
  3.3494515e+000  9.2409030e+000
  8.9643370e+000  4.2819173e+000
  9.1297904e+000  6.1730828e+000
  9.1863698e-001  1.8196318e+000
  1.3429167e+000  7.0302344e+000
  6.7796854e+000  8.4749720e+000
  8.5752466e+000  4.1945746e+000
  1.8665897e+000  4.1697393e+000
  1.1523592e+000  1.8215665e+000
  2.3441222e+000  5.6175163e+000
  5.5342005e+000  3.0789657e+000
  4.9136376e+000  4.3955231e+000
  4.7156136e+000  7.4041524e+000
  7.2929396e+000  4.7990038e+000
  5.0186967e+000  9.0927978e+000
  6.2728162e+000  6.1770207e+000
  8.6263352e+000  3.9620263e+000
  9.4595814e+000  9.3425946e+000
  8.5327127e+000  1.1108589e+000
  7.0540343e+000  4.3636887e+000
  8.8821526e+000  4.6805755e+000
  4.3601569e+000  8.7539356e+000
  3.5617305e+000  9.0168657e+000
  8.6869267e+000  2.2176647e+000
  5.7252142e+000  6.1351652e+000
  6.7808950e+000  5.7363150e+000
  6.0625025e+000  8.7302244e+000
  8.3159544e+000  5.4208850e+000
  3.3123170e+000  1.2079106e+000
  7.3135739e+000  4.1300529e+000
  7.8444654e+000  4.4547751e+000
  9.3642051e+000  6.3389936e+000
  6.5163229e+000  1.1726116e+000
  1.8214986e+000  1.4058165e+000
  1.3165329e+000  1.2722635e+000
  7.3153861e+000  8.9464887e+000
  4.7812659e+000  4.7051657e+000
  6.8481454e+000  5.7991763e+000
  9.5867479e+000  8.7279570e+000
  8.0643945e+000  2.6075129e+000
  8.7336655e+000  5.3947315e+000
  5.8017886e+000  1.5976926e+000
  6.6131820e+000  1.1395125e+000
  4.9472406e+000  1.9025822e+000
  5.2275595e+000  3.1936310e+000
  7.2123885e+000  7.4826155e+000
  6.7747402e+000  1.4833479e+000
  1.7459016e+000  5.7225370e+000
  3.3924096e+000  9.0552347e+000
  4.9818358e+000  2.5711551e+000
  8.9022519e+000  2.9556809e+000
  8.9648775e+000  5.2399530e+000
  5.6628934e+000  2.9270902e+000
  3.7553183e+000  8.5873821e+000
  8.8807423e+000  7.6237275e+000
  1.1690986e+000  6.3669415e-001
  8.9399603e+000  2.6382964e+000
  9.0033394e+000  3.3232422e+000
  1.3844026e+000  6.6120835e+000
  3.5529871e+000  4.2331012e+000
  6.4182456e+000  7.0246139e+000
  6.0396674e+000  1.5477955e+000
  7.7678509e+000  1.4528537e+000
  6.8112160e+000  2.4933075e+000
  5.0043838e+000  3.2641500e+000
  7.2063195e+000  1.4125364e+000
  8.9379358e+000  6.5825821e+000
  3.8124884e+000  9.0185594e-001
  7.5409216e+000  5.9372620e+000
  8.7528287e+000  8.8339144e+000
  5.1843650e+000  4.3865147e+000
  3.2076649e+000  1.2201221e+000
  2.4664767e+000  8.6499831e+000
  2.0517450e+000  8.6957725e+000
  2.2839484e+000  1.8153172e+000
  1.2142789e+000  7.3734998e+000
  9.0399882e-001  1.8404844e+000
  1.2673065e+000  7.4120576e+000
  1.0842109e+000  3.9135377e+000
  9.1029138e+000  4.1483217e+000
  3.0774328e+000  9.1661387e+000
  8.5443053e+000  2.4113612e+000
  5.4128946e+000  6.3179955e+000
  2.6273580e+000  6.0522106e+000
  1.5546676e+000  1.5519375e+000
  2.2882093e+000  2.3136670e+000
  4.4809871e+000  1.4591800e+000
  6.2417551e+000  6.0650353e+000
  6.0959863e+000  5.4765717e+000
  9.0520670e-001  7.4158425e+000
  6.2780328e+000  7.7941092e+000
  7.0297037e+000  7.3910489e+000
  3.1105403e+000  2.4389790e+000
  1.3159476e+000  3.9763257e+000
  7.0540171e+000  1.5373405e+000
  4.5890981e+000  3.8413166e+000
  9.0325635e+000  5.1951626e+000
  9.1795977e-001  5.0210257e+000
  5.1830971e+000  3.4807689e+000
  3.3125914e+000  1.2390964e+000
  8.2348034e+000  2.8596589e+000
  4.4091352e+000  5.0710340e+000
  8.4444643e+000  7.1144040e+000
  1.8773829e+000  4.8428875e+000
  1.0788715e+000  4.4113761e+000
  7.4750507e+000  1.4724915e+000
  5.2961663e+000  6.1491679e+000
  3.3174307e+000  3.3942141e+000
  4.6323418e+000  4.3581967e+000
  3.0398873e+000  4.1448584e+000
  6.5165671e+000  6.4027721e+000
  3.3803908e+000  1.2531882e+000
  7.1171551e+000  5.5178164e+000
  1.4335213e+000  6.6402701e+000
  6.0481802e+000  2.4335164e+000
  5.6408906e+000  6.4943292e+000
  4.3100916e+000  5.3640169e+000
  8.0350509e+000  6.8901932e+000
  3.6541558e+000  3.0686248e+000
  7.1577615e+000  4.8808893e+000
  8.8779187e+000  4.7866638e+000
  9.9423511e-001  1.9875337e+000
  3.6684986e+000  9.2025404e+000
  6.5588633e+000  7.3166625e+000
  5.4539331e+000  5.1600708e+000
  1.6643832e+000  7.7646343e+000
  8.7069627e+000  9.1007725e+000
  8.5755654e+000  1.0726435e+000
  9.0023045e+000  5.5234226e+000
  1.2561780e+000  7.0694272e+000
  4.5407723e+000  2.2948482e+000
  3.5940861e+000  8.9232537e+000
  6.9529340e+000  7.9912327e-001
  2.4398092e+000  9.3805449e+000
  7.8617977e+000  1.1212543e+000
  6.9315573e+000  8.8484519e+000
  6.4953705e+000  7.6240840e+000
  4.9116500e+000  4.8198057e+000
  2.6537930e+000  2.7374485e+000
  8.0948433e+000  7.9756191e+000
  7.2653913e+000  2.9945895e+000
  6.7775435e+000  1.4724449e+000
  3.0345159e+000  1.1005141e+000
  6.6694163e+000  7.9712940e+000
  5.0188005e+000  7.7398527e+000
  4.9648919e+000  4.6012706e+000
  1.4832538e+000  9.5760882e-001
  9.0909405e+000  8.0708410e+000
  5.9599382e-001  4.7207170e+000
  1.9613794e+000  4.0658378e+000
  8.1210092e+000  1.9344040e+000
  9.3118700e+000  5.4268067e+000
  7.7420936e+000  6.0659343e+000
  6.9467289e+000  4.7445148e+000
  6.3899618e-001  9.5855274e+000
  4.6041542e+000  6.8243261e+000
  2.5920872e+000  8.6000935e+000
  7.2652600e+000  4.2374232e+000
  8.8375252e+000  6.5855668e+000
  7.3431447e+000  5.9567775e+000
  6.9389545e+000  7.8566437e+000
  5.5910490e+000  3.5649524e+000
  7.0835205e+000  6.8799933e+000
  5.0936147e+000  2.9713815e+000
  8.8384121e+000  5.4354932e+000
  1.3204697e+000  7.9410081e+000
  1.5750146e+000  1.1884342e+000
  1.8779292e+000  6.9086109e+000
  5.1825331e+000  5.2775422e+000
  7.1609750e+000  8.8249420e+000
  5.9376313e+000  7.7897615e+000
  1.2524726e+000  7.1653822e+000
  5.1384025e+000  4.3234858e+000
  6.2591261e-001  9.4120676e+000
  8.8412411e+000  7.0980330e+000
  5.5913457e+000  1.1797562e+000
  1.3640974e+000  1.1772922e+000
  6.9388944e+000  5.7697521e+000
  1.4069932e+000  4.2922512e+000
  1.2488224e+000  7.2737032e+000
  5.5140482e+000  6.0643501e+000
  3.4800330e+000  4.0496191e+000
  9.0515639e+000  4.3713371e+000
  1.2602554e+000  6.7271223e+000
  8.8241820e+000  6.9716971e+000
  6.4048697e+000  4.7202331e+000
  4.5617811e+000  8.9518585e+000
  3.0710998e+000  3.9748941e+000
  5.7411727e+000  6.8920330e+000
  4.0103598e+000  8.7640817e+000
  6.4784821e+000  2.0468756e+000
  7.5615866e-001  4.0630804e+000
  4.3590377e+000  2.2250069e+000
  8.5012837e+000  9.4059513e+000
  1.3928284e+000  6.8963185e+000
  8.4940030e+000  8.2751427e+000
  3.4955480e+000  9.1564233e+000
  4.9351876e+000  2.6662426e+000
  5.1475919e+000  8.6188036e+000
  6.9834281e+000  8.9037996e+000
  8.9633659e+000  2.6946292e+000
  6.4107647e+000  6.3484884e+000
  1.5899508e+000  6.1701766e+000
  6.2045201e+000  8.7382166e+000
  9.0778519e+000  6.5015688e+000
  7.2346504e+000  8.6148184e+000
  7.0141012e+000  5.3576073e+000
  4.4646129e+000  1.9385018e+000
  6.0061001e+000  8.9804236e+000
  8.8844394e+000  1.9245218e+000
  6.3080889e+000  5.0697022e+000
  6.7425205e+000  8.8843368e+000
  2.8851301e+000  1.4196911e+000
  6.7062819e+000  6.4389660e-001
  8.6310669e+000  2.4581946e+000
  5.4585585e+000  7.2912399e+000
  4.8046162e+000  2.9908955e+000
  1.8698587e+000  5.0157680e+000
  1.6715206e+000  5.8664290e+000
  3.4669378e+000  6.8045609e+000
  8.7416714e+000  4.8288006e+000
  5.5870917e+000  2.8001874e+000
  4.3582684e-001  2.5468628e+000
  8.7439072e+000  2.2093822e+000
  7.0813488e+000  8.7487300e+000
  5.5942584e+000  4.4951664e+000
  3.0610126e+000  1.5186208e+000
  7.4024171e+000  5.9194811e+000
  7.5274725e+000  5.8250179e+000
  2.0173193e+000  6.8378267e+000
  3.2559687e+000  1.0777188e+000
  8.1012813e+000  5.9396121e+000
  8.4791509e+000  4.6997519e+000
  1.3154285e+000  8.5202061e+000
  8.5872819e+000  1.8352233e+000
  7.8324773e+000  8.9703386e+000
  7.4438922e+000  8.5921279e+000
  4.7592830e+000  7.4952304e+000
  3.8100324e+000  5.6903716e+000
  4.3295194e+000  1.0118398e+000
  1.8629086e+000  5.7167253e+000
  1.1650265e+000  7.4704903e+000
  8.4492856e+000  1.3588867e+000
  5.3169839e+000  4.4054507e+000
  5.2297622e+000  2.9325706e+000
  7.7552396e+000  6.2464984e+000
  5.0987154e+000  3.7019229e+000
  3.7515981e+000  1.0666191e+000
  1.2158804e+000  8.7568282e+000
  3.2573966e+000  1.0056119e+000
  2.7236015e+000  5.8962384e+000
  4.6853612e+000  8.4066146e+000
  6.3190167e+000  5.6841282e+000
  1.8203145e+000  8.7033940e+000
  9.1714977e-001  6.2183665e+000
  4.4185675e+000  3.9253130e+000
  2.4342551e+000  1.0583333e+000
  1.0359096e+000  8.5541696e+000
  8.6898746e+000  1.5192681e+000
  7.6109344e+000  5.8698774e+000
  4.7338833e+000  4.0579480e+000
  4.3661890e+000  9.1809988e+000
  1.3726784e+000  7.0281422e+000
  2.3070575e+000  4.5551901e+000
  6.2332840e+000  6.0205728e+000
  2.3790960e+000  2.7698377e+000
  9.3688772e+000  3.5359709e+000
  3.5596731e+000  8.7493710e+000
  8.8946521e+000  2.1471404e+000
  3.9682886e+000  1.9439174e+000
  1.4676613e+000  4.4768437e+000
  3.4112219e+000  9.1300608e+000
  8.8387550e+000  7.6768455e+000
  1.5818773e+000  4.4233582e+000
  3.8813330e+000  1.3407341e+000
  1.0448865e+000  8.8069111e+000
  5.2663558e+000  2.2363384e+000
  2.0749342e+000  4.1712539e+000
  8.4743097e+000  3.4100658e+000
  1.6702641e+000  6.2818838e+000
  7.0399679e+000  6.2509530e+000
  2.2797102e+000  3.3483603e+000
  1.1392059e+000  3.0860574e+000
  5.2099715e+000  8.1027313e+000
  3.1937099e+000  5.1626803e+000
  5.7965516e-001  1.1983465e+000
  2.4425489e+000  5.9668747e+000
  8.8277165e+000  4.3036545e+000
  5.8917310e+000  5.4968650e-001
  3.4080396e+000  1.2512496e+000
  1.3111335e+000  7.6870198e+000
  1.4418278e+000  6.5270369e+000
  6.0607118e+000  2.9908928e+000
  1.0423745e+000  5.3558626e+000
  8.0616064e+000  8.9863531e+000
  3.8808948e+000  4.3962562e+000
  4.6661139e-001  3.7521232e+000
  5.7266086e+000  3.0827834e+000
  2.6681499e+000  1.1440425e+000
  5.3470657e+000  9.3528220e+000
  7.5000585e+000  5.9452437e+000
  7.4557706e+000  5.4828343e+000
  5.1457285e+000  3.4496854e+000
  4.9409997e+000  2.6580698e+000
  4.4546241e+000  1.1672934e+000
  9.1034750e-001  3.5575158e+000
  4.5572697e+000  5.3195068e+000
  6.7779131e+000  4.8518638e+000
  8.9976858e+000  8.8642556e+000
  9.5594637e-001  1.6655626e+000
  2.7106506e+000  1.5924397e+000
  8.8543566e+000  5.4736841e+000
  8.8040309e+000  5.0874963e+000
  1.8779485e+000  3.4355195e+000
  1.1128343e+000  8.1883921e+000
  6.1078596e+000  2.5967502e+000
  6.9215663e+000  8.1356652e+000
  3.0483456e-001  2.0575341e+000
  8.8270600e+000  2.5198307e+000
  2.3217209e+000  2.6638222e+000
  9.2101126e+000  3.2250734e+000
  9.1562828e-001  8.0409543e+000
  1.8376280e+000  6.2051926e+000
  2.4863953e+000  5.2129729e+000
  8.2526403e+000  6.9013478e+000
  1.1876426e+000  1.4536850e+000
  8.4031950e+000  1.6711067e+000
  5.0850740e+000  1.2861465e+000
  7.6726656e-001  8.8846623e+000
  1.1557921e+000  8.8425715e-001
  3.5417273e+000  1.2809345e+000
  3.2178378e+000  9.1567884e+000
  8.8708502e+000  6.8251549e+000
  9.0642317e+000  3.5350307e+000
  3.4867996e+000  8.9075885e+000
  5.5764308e+000  8.0298543e+000
  4.9459963e+000  2.2142632e+000
  3.1455788e+000  1.1748827e+000
  5.1911489e+000  3.3832448e+000
  1.2159008e+000  4.2683456e+000
  5.5531077e+000  1.2394886e+000
  7.9298641e+000  5.2097387e+000
  8.8691476e+000  1.7523212e+000
  6.2566819e+000  1.6671005e+000
  5.9947172e+000  6.8029476e+000
  9.0365306e+000  8.3453715e+000
  7.4664049e+000  1.9909508e+000
  1.2191335e+000  7.2645882e+000
  1.0934899e+000  7.8192602e+000
  5.4491809e+000  5.3459768e+000
  7.0886822e+000  1.1945034e+000
  5.8356378e+000  2.7552449e+000
  4.7219553e+000  3.9082512e+000
  5.5916620e+000  3.5390339e+000
  1.7008564e+000  8.1810166e+000
  1.1044169e+000  3.3858315e+000
  5.1228470e+000  2.4803951e+000
  8.6685999e+000  2.0980625e+000
  5.6571068e+000  8.0151614e-001
  1.3222025e+000  6.8267841e+000
  8.8579713e+000  8.5272960e+000
  3.6353047e+000  9.0927144e+000
  3.1736955e+000  1.2411764e+000
  7.2398743e+000  5.4359163e+000
  8.9582425e+000  5.6832819e+000
  5.6031781e+000  9.4635355e+000
  7.5497680e+000  8.2100158e+000
  5.3127635e+000  3.2719451e+000
  8.5765476e+000  7.4087877e+000
  7.1260759e+000  4.1211490e+000
  1.8211065e+000  6.0936946e+000
  4.2982541e+000  4.0222056e+000
  8.9614733e+000  9.0355794e+000
  9.0515925e+000  7.6747230e+000
  8.4446681e+000  8.8117849e-001
  8.9188832e+000  5.4038539e+000
  1.8131428e+000  5.6792688e+000
  4.9228772e+000  3.6257029e+000
  6.4559655e+000  5.4718307e+000
  8.5288712e+000  1.2412768e+000
  8.5753323e+000  1.5209453e+000
  1.3342358e+000  7.3479573e+000
  4.1071916e+000  9.1033077e+000
  2.8485957e+000  9.0611141e+000
  1.7483873e+000  1.8223557e+000
  1.2543727e+000  7.7403325e+000
  6.8732336e+000  4.5102730e+000
  5.2277221e+000  2.8599744e+000
  1.4514107e+000  1.7649233e+000
  3.7710461e+000  9.2496255e+000
  5.3652099e+000  5.2176419e+000
  3.5573096e+000  5.5740376e+000
  1.3501457e+000  1.5637395e+000
  5.4979458e+000  8.0128618e+000
  5.0562945e+000  4.1330505e+000
  5.0158503e+000  4.3757253e+000
  3.6138430e+000  9.1065837e+000
  8.9694323e+000  6.6052327e+000
  4.7760464e+000  1.3706853e+000
  5.2737663e+000  8.7638078e+000
  6.9572437e+000  9.3031129e+000
  1.3628051e+000  1.6238772e+000
  1.1059817e+000  1.7634445e+000
  1.4836264e+000  6.3448377e-001
  1.7014234e+000  4.2486928e+000
  6.6625206e+000  6.8316349e+000
  4.6725682e+000  7.3570363e+000
  1.1177145e+000  1.7372599e+000
  9.7348301e+000  8.3930254e+000
  2.7387468e-001  3.0941205e+000
  4.9022188e+000  3.9748126e-001
  2.1899489e+000  8.6455596e+000
  5.9019062e+000  3.3547129e+000
  8.3251853e+000  5.5167930e+000
  6.5778718e+000  1.3855356e+000
  1.7660898e+000  6.6315914e+000
  5.2779641e+000  7.5452166e+000
  8.5000457e+000  1.7937417e+000
  1.9228036e+000  8.3250704e+000
  5.0248826e+000  1.6684603e+000
  6.4678482e+000  8.6694975e+000
  7.3995942e+000  6.6693507e+000
  9.0500936e+000  2.7360043e+000
  6.2201389e+000  6.5423604e+000
  7.7161948e+000  8.7897695e+000
  1.3902178e+000  7.1160970e+000
  4.3037718e+000  4.0504080e+000
  6.1607731e+000  3.7015063e+000
  3.5349808e+000  9.1427518e+000
  5.7657910e+000  3.4528880e+000
  7.6509309e+000  4.1791740e+000
  3.4595813e+000  1.7723030e+000
  1.8742791e+000  4.1007207e+000
  5.3858312e+000  2.9439045e+000
  3.9060132e+000  6.3181795e+000
  2.8345221e+000  5.7617051e+000
  5.7629749e+000  1.5763095e+000
  6.0397598e+000  6.5536628e+000
  8.7215816e+000  8.5632086e+000
  2.1910227e+000  5.3022825e+000
  8.9328303e+000  7.4844989e+000
  5.8892040e+000  3.4819674e+000
  6.6896176e+000  8.5930313e+000
  5.1541333e+000  2.9612547e+000
  2.4205868e+000  1.2515558e+000
  8.9902852e+000  3.3062284e+000
  2.6389335e+000  6.6632498e+000
  1.4688962e+000  9.6542863e-001
  2.9394159e+000  1.7630006e+000
  8.5455333e+000  1.0395019e+000
  1.5972434e+000  8.0428197e+000
  2.9244103e+000  8.8921776e+000
  2.4633501e+000  5.3727245e+000
  5.3872621e+000  2.4195750e+000
  6.5657173e+000  6.9677371e+000
  8.8905474e+000  2.2838850e+000
  6.4426151e+000  2.1156639e+000
  5.2604098e+000  2.5463651e+000
  6.4620266e+000  3.9770633e+000
  1.7003323e+000  6.0229845e+000
  7.9499165e+000  8.7649302e+000
  9.2147468e-001  2.5148719e+000
  8.8690658e+000  2.3231229e+000
  8.8474125e+000  4.8983833e+000
  8.3130443e+000  6.7037268e+000
  6.3212686e+000  8.8591282e+000
  1.1307433e+000  8.3827125e+000
  8.7020831e+000  8.6390644e+000
  3.1126184e+000  1.0697922e+000
  1.2083692e+000  7.0261396e+000
  1.0610876e+000  6.9427328e+000
  3.0759494e+000  8.9011663e+000
  7.7453333e+000  1.5969284e+000
  5.7820855e+000  5.8590513e+000
  5.1580614e+000  2.6620077e+000
  1.8262496e+000  6.7016873e+000
  3.4138735e+000  1.1650223e+000
  7.3195046e+000  7.0392842e+000
  9.0052173e+000  5.3872537e+000
  2.3530978e+000  7.5388271e+000
  7.0177714e+000  4.6499895e+000
  8.1708421e+000  1.5466484e+000
  1.1784159e+000  6.9399191e+000
  5.0782533e+000  4.5742859e+000
  7.0619065e+000  5.0498676e+000
  3.6341858e+000  8.9592415e+000
  1.4417325e+000  6.6964774e+000
  6.5632291e+000  4.0823065e+000
  4.9145327e+000  7.1436266e-001
  4.3658854e+000  1.2550919e+000
  4.9784280e+000  2.6279540e+000
  1.1176504e+000  8.9363145e+000
  3.4377773e+000  9.0486096e+000
  4.4852791e+000  6.9573288e+000
  8.2784398e+000  7.9646758e+000
  8.6370013e-001  9.1390797e+000
  5.2883687e+000  2.3808164e+000
  2.8043415e+000  1.0301961e+000
  1.6321144e+000  6.6191908e+000
  3.3795365e+000  8.7896881e+000
  5.7534860e-001  4.1499791e+000
  5.5856893e+000  5.7883691e+000
  8.3719753e+000  8.8795637e+000
  6.7663100e+000  2.3366019e+000
  3.6425690e+000  1.1382649e+000
  8.7804661e+000  8.5851144e+000
  8.9254415e+000  2.4603056e+000
  1.2180783e+000  7.3662349e+000
  1.2840483e+000  7.0091019e+000
  1.1340155e+000  7.1353651e+000
  8.7904035e+000  2.0406408e+000
  6.7912498e+000  6.5577417e+000
  7.3288815e+000  9.1430145e+000
  3.2744917e+000  6.3452737e+000
  8.9787746e+000  2.4719815e+000
  6.5395990e+000  6.3768124e+000
  8.9986051e+000  5.8102901e+000
  7.9229905e+000  9.7204805e-001
  5.7063707e+000  7.1960004e+000
  9.0246837e+000  2.2683716e+000
  6.9587537e+000  4.5182608e+000
  3.2623130e+000  8.8775177e+000
  4.2734027e+000  2.1258146e+000
  1.2888601e+000  7.2599747e+000
  6.6589188e+000  4.2789992e+000
  7.2092583e+000  8.7335726e+000
  7.6580213e+000  5.1538302e+000
  3.5787990e+000  5.9466963e+000
  1.9868200e+000  8.2318436e+000
  2.1942630e+000  7.4367042e-001
  6.4209826e+000  6.7289041e+000
  3.5913905e+000  9.0747616e+000
  6.1258061e+000  6.0525640e+000
  1.1454953e+000  7.0090711e+000
  7.1405451e-001  2.9126063e+000
  3.6111633e+000  6.1380302e+000
  6.7624762e-001  2.3151120e+000
  2.6823442e+000  5.4930372e+000
  3.7598941e+000  1.0947113e+000
  1.6765856e+000  4.9651166e+000
  7.8930246e+000  1.5319154e+000
  5.1516385e+000  2.6766268e+000
  1.1109516e+000  4.4244579e+000
  1.6728659e+000  1.0306373e+000
  4.3124852e+000  6.1272252e+000
  7.8768958e+000  6.2898284e+000
  9.0091469e+000  2.7339187e+000
  5.8155357e+000  7.2139751e+000
  3.0633359e+000  1.5319438e+000
  5.2487372e+000  3.2596448e+000
  5.2960868e+000  1.7811928e+000
  1.8633591e+000  3.7275519e+000
  7.4129576e-001  3.0296886e+000
  9.1184382e+000  6.4186887e+000
  6.0934768e+000  1.6669940e+000
  5.1799053e+000  3.1676661e+000
  1.4596510e+000  6.2652018e+000
  8.8587076e+000  2.6683033e+000
