  5.2002233e+000  3.3208996e+000
  7.2050713e+000  7.7869812e+000
  1.4911540e+000  6.9497073e+000
  7.5942094e+000  2.5088782e+000
  7.0321992e+000  6.0640645e+000
  6.4056234e+000  6.5092618e+000
  8.3563528e+000  3.1085799e+000
  3.3378019e+000  1.4446310e+000
  2.8905476e+000  4.7212768e+000
  1.9160243e+000  6.7336004e+000
  7.0728640e+000  7.1875734e+000
  2.4036831e+000  4.5590530e+000
  7.4781394e+000  5.9903218e+000
  2.6363530e+000  1.1379485e+000
  5.2661157e+000  3.9935352e+000
  7.4716125e+000  6.2126545e+000
  3.6981563e+000  8.2788088e+000
  8.2961037e+000  7.3014966e+000
  7.2410360e+000  1.7419880e+000
  6.4526678e+000  8.1570581e+000
  6.3149167e+000  6.9138724e+000
  4.3077367e+000  7.5947671e+000
  6.2069955e+000  3.1533767e+000
  5.4367065e+000  3.4975753e+000
  5.8603686e+000  5.2691163e+000
  7.5451518e+000  6.4037257e+000
  1.9204000e+000  7.3758462e+000
  8.3378065e+000  2.9866479e+000
  8.2477337e+000  6.7020143e+000
  6.1650428e+000  3.4273346e+000
  7.3460379e+000  6.2804809e+000
  7.6843966e+000  3.0219939e+000
  2.3860427e+000  2.2960069e+000
  9.7877634e-001  4.5856244e+000
  3.8584917e+000  1.5585197e+000
  7.4100285e+000  5.7929430e+000
  7.0273042e+000  7.6088670e+000
  1.6348892e+000  6.1793308e+000
  4.0597563e+000  8.4303336e+000
  7.0860206e+000  3.5046430e+000
  2.0718141e+000  2.9201751e+000
  7.2499647e+000  2.4926605e+000
  3.0352575e+000  2.2122544e+000
  7.7876569e+000  1.5708323e+000
  1.5877400e+000  5.3603834e+000
  3.1920555e+000  8.9639535e+000
  1.8402401e+000  4.6074276e+000
  6.4293299e+000  8.1466558e+000
  8.2001800e+000  2.2813039e+000
  2.2106584e+000  7.3965565e+000
  8.9145387e+000  2.4230692e+000
  4.2760675e+000  8.3394427e+000
  8.2801921e+000  6.3944126e+000
  7.0452871e+000  7.5159221e+000
  7.4857923e+000  6.3944876e+000
  6.8531964e+000  5.5120741e+000
  1.8109290e+000  4.4553049e+000
  6.1112090e+000  7.6426022e+000
  2.4559710e+000  4.1419823e+000
  7.4877028e+000  5.8874134e+000
  1.5078463e+000  4.4627090e+000
  1.7367287e+000  7.4190992e+000
  5.2377056e+000  3.5887760e+000
  8.5206463e+000  8.3696129e-001
  8.3372302e+000  5.2829367e+000
  2.0088257e+000  1.9058292e+000
  6.7394950e+000  6.8000176e+000
  5.1784785e+000  3.4831024e+000
  2.0267822e+000  7.8216982e+000
  6.3644745e+000  6.3064394e+000
  5.5862631e+000  3.4917927e+000
  2.1743684e+000  3.6385726e+000
  2.7665045e+000  7.4732105e+000
  1.8968768e+000  3.6155687e+000
  7.4490835e+000  6.2652645e+000
  5.2579732e+000  3.6335713e+000
  7.7689114e+000  2.9382248e+000
  2.9759010e+000  8.3941823e+000
  5.5717608e+000  2.5922796e+000
  3.4419897e+000  2.0313921e+000
  6.3992942e+000  7.0184022e+000
  6.8745555e+000  7.5846389e+000
  3.2925764e+000  8.4218142e+000
  7.4703448e+000  2.5080238e+000
  4.4072864e+000  3.4322387e+000
  5.1695312e+000  3.6743830e+000
  2.1772286e+000  2.9688049e+000
  2.9693389e+000  1.5138479e+000
  5.3599835e+000  2.8350716e+000
  9.3796632e+000  3.0322417e+000
  4.3560259e+000  6.9496235e+000
  2.5384250e+000  1.2258569e+000
  2.8012561e+000  2.2834951e+000
  7.6824734e+000  2.5966612e+000
  2.6693525e+000  2.5398805e+000
  7.5998000e+000  2.8600539e+000
  2.5791916e+000  4.6578101e+000
  2.0536961e+000  7.3928679e+000
  2.0947269e+000  2.2289228e+000
  3.3016035e+000  1.6691819e+000
  6.8227412e+000  6.3051528e+000
  2.6021045e+000  1.3691210e+000
  8.5269029e+000  1.6440437e+000
  6.9212555e+000  6.4175563e+000
  7.5637379e+000  2.5332563e+000
  1.4608209e+000  6.3307462e+000
  2.8040334e+000  1.4972391e+000
  1.9946404e+000  3.7143223e+000
  5.1020353e+000  3.8400729e+000
  1.6607576e+000  7.1972899e+000
  5.2743135e+000  3.8864747e+000
  8.2913661e+000  3.0241034e+000
  7.3108609e+000  2.5546841e+000
  2.2495004e+000  6.3646047e+000
  1.1838788e+000  4.0737324e+000
  8.3347209e+000  6.1975831e+000
  7.9951396e+000  5.3377034e+000
  5.0970812e+000  4.1730146e+000
  5.8213939e+000  4.2607108e+000
  1.9269257e+000  7.5902553e+000
  6.6834372e+000  7.3087195e+000
  3.6602155e+000  5.4958312e+000
  4.6576805e+000  2.9273201e+000
  8.0171984e+000  6.4223665e+000
  2.4521163e+000  1.7529799e+000
  2.0265866e+000  6.5125304e+000
  3.5757150e+000  6.3475867e+000
  1.7508239e+000  6.9745805e+000
  2.7823571e+000  2.2106364e+000
  6.3104392e+000  6.1834527e+000
  2.4715651e+000  2.5306623e+000
  5.1304017e+000  2.9501132e+000
  8.3736397e+000  5.1645922e+000
  3.5399030e+000  7.9103703e+000
  3.5011187e+000  1.6504004e+000
  3.5134652e+000  2.4196125e+000
  2.7723847e+000  2.1124234e+000
  2.0916857e+000  2.5550433e+000
  1.6048564e+000  3.7344154e+000
  4.8433455e+000  3.9362437e+000
  2.0004927e+000  6.1693309e+000
  2.7739563e+000  7.2833221e-001
  7.2503065e+000  6.2147243e+000
  7.2105315e+000  1.1375572e+000
  1.5289443e+000  6.5780728e+000
  5.0631760e+000  3.7340986e+000
  7.5052385e+000  5.6658721e+000
  1.3652319e+000  8.0385716e+000
  6.5127238e+000  6.0367667e+000
  7.7758627e+000  7.9244457e+000
  8.0340519e+000  7.6112833e+000
  8.3425075e+000  6.6316828e+000
  1.8250620e+000  4.5655837e+000
  4.8863777e+000  3.6079012e+000
  3.4466626e+000  1.0334528e+000
  4.8431904e+000  5.9971668e+000
  8.8133890e+000  8.3637092e+000
  2.4541202e+000  2.1337835e+000
  3.4301898e+000  1.7940116e+000
  7.0501666e+000  6.4382960e+000
  1.8691148e+000  8.2078486e+000
  3.5384228e+000  8.8348261e+000
  3.2241746e+000  9.1073432e-001
  7.7933402e+000  1.8190333e+000
  2.5127125e+000  1.5410918e+000
  1.8235969e+000  7.3026824e+000
  5.1813162e+000  2.5534744e+000
  7.8155527e+000  1.4765995e+000
  5.6683809e+000  3.8046551e+000
  5.9675985e+000  3.2265446e+000
  6.9367585e+000  7.1514079e+000
  1.7503907e+000  4.6402058e+000
  3.7486789e+000  1.9487605e+000
  1.1114917e+000  6.5688845e+000
  3.3920195e+000  7.6713801e+000
  1.9624232e+000  6.4375387e+000
  7.1952845e+000  6.4040760e+000
  1.9616917e+000  6.5809135e+000
  7.2763978e+000  2.3594283e+000
  3.4702970e+000  7.2454852e+000
  3.2754908e+000  3.3413292e+000
  1.9072328e+000  2.1287273e+000
  5.4549268e+000  3.1130820e+000
  7.5412291e+000  1.6686841e+000
  8.7628633e+000  8.1697746e+000
  2.3964354e+000  2.4322386e+000
  4.9130201e+000  3.7170708e+000
  7.0046231e+000  7.6583320e+000
  8.6544169e+000  6.3799781e+000
  6.2601322e+000  6.5009391e+000
  7.5964666e+000  6.1001694e+000
  3.3868289e+000  1.7536884e+000
  6.8645962e+000  7.8323829e+000
  7.6411191e+000  7.7250345e+000
  1.8668589e+000  8.0854746e+000
  5.2352992e+000  3.5670251e+000
  7.8049578e+000  3.1912633e+000
  7.5353177e+000  5.4841135e+000
  8.3422586e+000  5.3357741e+000
  8.7518543e+000  3.1322814e+000
  2.6388753e+000  8.2856565e+000
  8.3681340e+000  8.0830825e+000
  6.7204039e+000  7.4728302e+000
  3.2546115e+000  1.1047672e+000
  4.9043842e+000  4.0212296e+000
  8.5993661e+000  3.3022298e+000
  7.6773259e+000  1.0917838e+000
  7.1050221e+000  6.6186859e+000
  7.6730699e+000  6.7607613e+000
  6.7693922e+000  7.1452046e+000
  7.3553839e+000  1.8638066e+000
  2.1130712e+000  6.6190388e+000
  5.5860600e+000  3.9430745e+000
  5.6407444e+000  3.2146893e+000
  1.3852335e+000  7.4862576e+000
  7.7054506e+000  2.1097176e+000
  6.7590099e+000  6.4025390e+000
  5.4154673e+000  3.8834267e+000
  5.7053144e+000  2.5476691e+000
  7.5758194e+000  1.7221598e+000
  7.8229008e+000  1.6881610e+000
  2.2168650e+000  7.1833494e+000
  1.2805573e+000  4.1416318e+000
  6.4861256e+000  6.8439239e+000
  4.4695476e+000  6.0794557e+000
  2.2079286e+000  2.4177508e+000
  2.3038432e+000  1.3597435e+000
  7.8523862e+000  2.9926568e+000
  1.4083674e+000  6.2568058e+000
  3.8133758e+000  9.3427407e-001
  5.7429337e+000  3.2202630e+000
  6.7522101e+000  6.2494003e+000
  2.9258357e+000  8.1738144e+000
  8.1592666e+000  2.3651606e+000
  6.9880732e+000  7.0719998e+000
  5.1242361e+000  3.4131680e+000
  2.0621068e+000  2.6397482e+000
  3.0413119e+000  4.3535446e+000
  2.2582727e+000  1.1635093e+000
  7.8837085e+000  8.3275965e+000
  5.5820087e+000  3.1705653e+000
  1.1058555e+000  3.9629471e+000
  7.3093238e+000  5.2977873e+000
  2.6931828e+000  5.0902760e+000
  5.0365317e+000  2.7373231e+000
  6.8484549e+000  6.7638256e+000
  7.5731572e+000  1.9630516e+000
  7.4783494e+000  6.3441300e+000
  2.4877941e+000  8.0327842e+000
  1.7483985e+000  8.4920022e+000
  5.3568952e+000  3.6248276e+000
  7.6066051e+000  6.7017629e+000
  4.8398654e+000  3.3452127e+000
  6.6939637e+000  6.2661459e+000
  3.0471747e+000  3.3742517e+000
  6.3211188e+000  5.8820917e+000
  3.1357176e+000  1.8294958e+000
  8.9393670e+000  5.7322305e+000
  7.6496793e+000  6.1789795e+000
  1.5966418e+000  6.4035533e+000
  2.0405589e+000  7.2599292e+000
  4.2180595e+000  8.4695123e+000
  2.4516017e+000  6.1639090e+000
  2.8571066e+000  7.9953058e+000
  8.7907442e+000  2.5718543e+000
  7.0675212e+000  6.3925571e+000
  7.1630240e+000  7.0430567e+000
  6.9461931e+000  7.4394449e+000
  8.4990621e+000  2.9696179e+000
  8.1412400e+000  2.8919597e+000
  6.6002881e+000  6.8781368e+000
  2.1216848e+000  4.4055971e+000
  5.3834865e+000  2.2493812e+000
  7.6009536e+000  5.9948853e+000
  4.0887658e+000  2.9414819e+000
  5.1553217e+000  3.6250430e+000
  4.0826953e+000  8.5956351e+000
  3.0248884e+000  3.6220395e+000
  3.5845632e+000  8.5609976e+000
  2.1148222e+000  7.7364530e+000
  1.0717180e+000  3.8588885e+000
  7.8886956e+000  6.1816056e+000
  6.0895186e+000  3.3772635e+000
  8.2005074e+000  5.3683109e+000
  2.2717680e+000  4.4478219e+000
  6.8801665e+000  7.7090532e+000
  7.5666673e+000  2.3235423e+000
  8.3985410e+000  2.6296408e+000
  7.7128339e+000  2.7813975e+000
  4.8370845e+000  3.2927568e+000
  2.7689581e+000  7.9168325e+000
  1.0560956e+000  4.1194181e+000
  7.4882525e+000  6.5449351e+000
  7.6130666e+000  6.3650538e+000
  6.4615779e+000  7.8299824e+000
  7.2797441e+000  7.0123288e+000
  2.5017111e+000  4.3639329e+000
  7.4352890e+000  2.7213588e+000
  4.9614547e+000  4.3338799e+000
  2.0910434e+000  2.2788499e+000
  5.2301736e+000  6.8831355e+000
  5.3089171e+000  3.0367144e+000
  5.2552469e+000  5.3790327e+000
  6.6508255e+000  6.6719169e+000
  6.9450789e+000  7.8028312e+000
  7.8258438e+000  1.5879614e+000
  7.7314993e+000  1.3879652e+000
  3.0915054e+000  1.5178498e+000
  8.1568457e+000  8.4748494e+000
  3.0656534e+000  1.7910887e+000
  3.1672110e+000  1.1017821e+000
  2.9097849e+000  2.4044948e+000
  1.7548460e+000  7.5328132e+000
  7.6159191e+000  1.4326277e+000
  2.1689616e+000  4.4881198e+000
  7.1578316e+000  5.2929716e+000
  7.9571546e+000  2.6949378e+000
  4.7953328e+000  3.3020907e+000
  5.2900893e+000  4.5218225e+000
  2.0665871e+000  2.7073507e+000
  3.0565405e+000  9.3546947e-001
  8.5935341e+000  2.1733686e+000
  5.0759849e+000  2.9409676e+000
  3.0376979e+000  1.8952903e+000
  8.5641918e+000  7.5912415e+000
  3.2061369e+000  8.4821455e+000
  6.4817921e+000  6.9234408e+000
  8.3482150e+000  7.7465403e+000
  7.0386054e+000  2.4546027e+000
  7.7993099e+000  1.3954614e+000
  7.7805285e+000  2.9368585e+000
  8.3867655e+000  8.2799761e+000
  5.2797496e+000  3.8994271e+000
  7.7930583e+000  1.6771460e+000
  7.8476499e+000  6.3765286e+000
  8.3014600e+000  5.3962117e+000
  1.9677800e+000  6.2491745e+000
  7.3588017e+000  2.3018757e+000
  3.1905353e+000  8.2307488e+000
  1.5090261e+000  8.4031051e+000
  6.4454447e+000  6.5195448e+000
  2.2498740e+000  7.4194860e+000
  5.0569789e+000  3.5959992e+000
  2.2806333e+000  2.9227122e+000
  7.4005712e+000  5.4157392e+000
  3.3476116e+000  7.8765312e+000
  6.7640108e+000  6.3904575e+000
  5.3338265e+000  3.9139202e+000
  5.9962633e+000  4.9802129e+000
  4.2359678e+000  6.4004086e+000
  1.8420010e+000  4.2437124e+000
  2.1724717e+000  2.3717549e+000
  2.8807701e+000  8.4204889e+000
  7.5788091e+000  1.9498113e+000
  1.0598701e+000  4.2149000e+000
  8.1074047e+000  3.5439983e+000
  7.4622342e+000  5.7970860e+000
  2.6037657e+000  8.2605232e+000
  6.9812443e+000  7.7649861e+000
  1.7258961e+000  7.1501631e+000
  2.3379486e+000  4.6915412e+000
  7.6451941e+000  5.1604617e+000
  8.6063736e+000  3.0892925e+000
  3.1097275e+000  1.2658014e+000
  5.1923531e-001  7.7039144e+000
  6.7470374e+000  6.0162708e+000
  2.2590316e+000  1.5206436e+000
  5.4915042e+000  2.9001668e+000
  7.3150723e+000  5.8620071e+000
  1.9848300e+000  8.1291184e+000
  7.4775949e+000  5.8114726e+000
  8.3661363e+000  1.9185278e+000
  3.9449983e+000  8.3991962e+000
  7.7438001e+000  1.0505712e+000
  6.9210704e+000  6.5257874e+000
  3.3339658e+000  1.7771371e+000
  7.6965544e+000  5.8361316e+000
  2.8964002e+000  8.5614374e+000
  7.5294294e+000  1.6509683e+000
  8.0207958e+000  3.2104270e+000
  8.1825509e+000  8.4430205e+000
  2.2379924e+000  1.6133803e+000
  5.4868027e+000  2.1848621e+000
  1.7790516e+000  7.5812201e+000
  5.3564125e+000  3.5661001e+000
  8.6321731e+000  1.0977603e+000
  3.0857011e+000  2.3602754e+000
  2.2559391e+000  3.4658701e+000
  7.6751523e+000  7.7520932e+000
  3.2904731e+000  4.6216236e+000
  1.3212200e+000  4.4957391e+000
  8.3656427e+000  5.7742563e+000
  7.2370399e+000  5.6022226e+000
  7.2023228e+000  6.4664600e+000
  5.3369560e+000  3.8217760e+000
  2.1726325e+000  6.1313871e+000
  2.1992504e+000  5.0476552e+000
  2.5355647e+000  1.3992408e+000
  1.7937302e+000  7.1744510e+000
  6.6970777e+000  6.3568363e+000
  2.7798079e+000  4.6909958e+000
  2.6801644e+000  8.0320893e+000
  5.2458518e+000  3.2813761e+000
  1.8941292e+000  2.0941939e+000
  3.1410501e+000  1.2181855e+000
  5.8540410e+000  2.2798366e+000
  5.5617792e+000  5.1499054e+000
  8.6554092e+000  8.1515223e+000
  2.8898766e+000  8.3184590e+000
  7.0339466e+000  6.4654620e+000
  3.7411217e+000  7.4743917e+000
  1.6719645e+000  6.3743895e+000
  1.8105542e+000  2.4353556e+000
  2.4086305e+000  6.7719178e+000
  3.1355145e+000  8.2647255e+000
  2.3773994e+000  1.8660593e+000
  6.8993750e+000  3.6604220e+000
  3.6036708e+000  7.6331300e+000
  5.3787696e+000  3.2787050e+000
  7.0968777e+000  1.8887167e+000
  1.6509122e+000  4.8964281e+000
  1.5305403e+000  3.6387912e+000
  4.6105634e+000  4.7605307e+000
  7.0118547e+000  7.5377478e+000
  3.3100028e+000  2.0740873e+000
  4.4236766e+000  5.6711529e+000
  5.1857599e+000  2.6739117e+000
  6.7810892e+000  5.6550223e+000
  7.5987256e+000  9.8295518e-001
  2.2920854e+000  2.7758477e+000
  8.4787395e+000  4.4382770e+000
  1.6381496e+000  7.2143501e+000
  9.0518615e+000  1.5824317e+000
  3.1139025e+000  7.9830886e+000
  7.2991593e+000  8.0171420e+000
  7.0922629e+000  8.1902150e+000
  7.4099560e+000  5.2444899e+000
  7.4553359e+000  6.3692730e+000
  6.8069057e+000  6.0553838e+000
  7.4335860e+000  6.3515450e+000
  2.9534179e+000  7.2887706e-001
  6.4938707e+000  7.4383959e+000
  7.1519310e+000  6.7937982e+000
  2.8380769e+000  1.6071093e+000
  5.2656232e+000  2.2795333e+000
  2.1455597e+000  6.5383289e+000
  3.1388052e+000  1.1764238e+000
  3.6592239e+000  8.6142036e+000
  1.8049198e+000  8.2483642e+000
  1.9521917e+000  2.6147227e+000
  2.0851857e+000  7.4603702e+000
  7.0362977e+000  6.6804646e+000
  6.9343735e+000  5.3833371e+000
  2.6776788e+000  7.9262154e-001
  8.2688308e+000  8.0084466e+000
  2.8241588e+000  7.9122126e+000
  7.3645878e+000  6.5678706e+000
  7.6269676e+000  1.6933314e+000
  3.0486757e+000  1.7352581e+000
  9.0407171e+000  3.0926878e+000
  3.7268224e+000  2.3731668e+000
  7.4604200e+000  7.1245320e+000
  2.0162617e+000  2.0409049e+000
  2.3385478e+000  2.8133450e+000
  7.4528389e+000  3.7854061e+000
  7.6812449e+000  5.1591187e+000
  2.9296062e+000  1.1445717e+000
  1.7124952e+000  6.7011241e+000
  2.0055927e+000  6.5301886e+000
  1.7232022e+000  6.7346489e+000
  5.6267105e+000  3.5738430e+000
  8.5854326e+000  6.4588037e+000
  2.2222463e+000  3.5353331e+000
  7.5814299e+000  7.3060349e+000
  1.9112931e+000  7.3265834e+000
  2.6732686e+000  2.7558450e+000
  7.7760608e+000  3.3979026e+000
  7.2701063e+000  7.6136804e+000
  4.7697267e+000  5.9443097e+000
  6.8298577e+000  5.4352860e+000
  6.4611272e+000  6.9824883e+000
  5.6511767e+000  4.2881049e+000
  7.6534939e+000  2.8335441e+000
  2.6549597e+000  4.7192230e+000
  7.0522434e+000  5.5590700e+000
  7.2846073e+000  5.3516984e+000
  5.1981581e+000  3.0157951e+000
  8.3424474e+000  2.8748311e+000
  5.9230725e+000  2.7473759e+000
  5.0826928e+000  7.0200480e+000
  2.6825543e+000  7.8123590e+000
  7.1257875e+000  5.3480899e+000
  6.9704062e+000  7.4403773e+000
  2.5810303e+000  7.9030830e+000
  5.5051217e+000  9.0344387e+000
  6.7990636e+000  7.2668599e+000
  6.7607020e+000  6.3039469e+000
  6.8332034e+000  3.5074163e+000
  8.5182420e+000  5.5287554e+000
  2.7438542e+000  2.5612675e+000
  7.4800870e+000  6.4295270e+000
  8.3437011e+000  5.6186047e+000
  8.6984692e+000  8.2561909e+000
  5.1958183e+000  2.2442963e+000
  1.9183046e+000  4.4058592e+000
  2.6104990e+000  3.4733327e+000
  2.0779318e+000  1.7943508e+000
  3.3379560e+000  1.5595087e+000
  1.7145923e+000  7.6676781e+000
  1.8495187e+000  5.9689932e+000
  7.6211157e+000  5.2136715e+000
  1.4801128e+000  8.4683123e+000
  2.0298161e+000  7.0300934e+000
  5.7575745e+000  3.2502126e+000
  4.3665898e+000  8.3656949e+000
  6.9864523e+000  7.2145262e+000
  7.4882060e+000  3.2905282e+000
  7.5445394e+000  2.5214259e+000
  7.5221511e+000  1.0874184e+000
  2.1641917e+000  7.9308521e+000
  8.5256151e+000  2.7491285e+000
  5.3733871e+000  1.7933640e+000
  2.2689045e+000  7.4457012e+000
  8.8111302e+000  6.9091942e+000
  2.1214841e+000  7.4776557e+000
  5.6179362e+000  2.3672137e+000
  2.9318490e+000  2.3633832e+000
  5.0624741e+000  3.1042633e+000
  6.8890011e+000  6.8240213e+000
  2.1472351e+000  7.8533618e+000
  6.9783722e+000  1.4829313e+000
  7.1112100e+000  6.3296455e+000
  6.6088807e+000  6.1881718e+000
  1.9965181e+000  9.5286499e-001
  3.5240446e+000  8.3051599e+000
  3.1219988e+000  2.5537366e+000
  2.6513840e+000  8.6439373e+000
  8.7527887e+000  2.2002515e+000
  8.5286519e+000  6.1183636e+000
  7.7687041e+000  7.8694516e+000
  1.5389070e+000  1.6920136e+000
  5.8774326e+000  6.2082960e+000
  7.5755707e-001  6.3264842e+000
  7.8606866e+000  6.0325652e+000
  5.4951913e+000  4.0746697e+000
  2.0771398e+000  3.6602288e+000
  6.7416069e+000  4.8541483e+000
  2.2734983e+000  8.4950194e+000
  3.9431258e+000  8.1297763e+000
  7.2389949e+000  6.4024859e+000
  1.9857490e+000  5.1602360e+000
  8.3743189e+000  7.3068057e+000
  7.2229318e+000  6.6433937e+000
  5.3532068e+000  2.2734376e+000
  6.8913410e+000  6.4082253e+000
  2.6474514e+000  8.2115318e+000
  1.3314785e+000  5.1108453e+000
  2.9139060e+000  6.9635158e-001
  2.3041744e+000  1.0421528e+000
  1.7425098e+000  3.8657881e+000
  4.2320585e+000  3.3048658e+000
  9.6715440e-001  4.6179293e+000
  6.9383292e+000  6.4889229e+000
  6.8359211e+000  7.4736030e+000
  2.4577158e+000  3.9813063e+000
  4.6632212e+000  7.1092348e+000
  7.3138770e+000  1.0471132e+000
  2.0302969e+000  2.4892331e+000
  1.4977283e+000  6.0683665e+000
  1.7822126e+000  5.1582309e+000
  7.8824550e+000  7.6912109e+000
  2.8925696e+000  2.2782096e+000
  6.8693408e+000  7.7256302e+000
  1.2987374e+000  5.0370576e+000
  5.9128257e+000  4.2055364e+000
  7.0511122e+000  1.0655612e+000
  7.6720386e+000  5.4175437e+000
  4.1614430e-001  7.1958206e+000
  8.7390583e+000  2.7127248e+000
  7.4765400e+000  5.3954150e+000
  4.1045904e-001  7.3103063e+000
  4.7073535e+000  3.2119786e+000
  5.9782965e+000  4.6438238e+000
  6.9172214e+000  6.8067127e+000
  2.4595804e+000  7.1951745e+000
  3.5238307e+000  2.1750452e+000
  1.5024950e+000  3.9009343e+000
  7.8646203e+000  6.6264278e+000
  8.7799092e+000  2.7950366e+000
  2.6065369e+000  4.4245421e+000
  1.5738896e+000  7.1165075e+000
  7.9129090e+000  6.7113151e+000
  2.0932047e+000  7.2442795e+000
  1.8159376e+000  7.7681771e+000
  8.3476920e+000  6.4983038e+000
  3.0382769e+000  2.3438335e+000
  8.0006415e+000  6.5117968e+000
  7.1259520e+000  7.0978629e+000
  8.7391783e+000  8.2358462e+000
  6.3959277e+000  5.8562578e+000
  3.0311602e+000  1.6450369e+000
  2.1915195e+000  7.4771675e+000
  7.1818440e+000  8.3058637e+000
  2.7438501e+000  5.0914302e+000
  5.8860329e+000  2.5870755e+000
  2.7540001e+000  2.0925497e+000
  5.2291185e+000  2.9171499e+000
  1.8173873e+000  2.3033884e+000
  1.0610969e+000  8.0994222e+000
  1.6613676e+000  1.0744678e+000
  7.3342909e+000  3.5484064e+000
  1.7888410e+000  6.9716240e+000
  7.8493201e+000  2.9656141e+000
  8.3688045e+000  4.0267722e+000
  7.0192064e+000  7.3670459e+000
  1.6074435e+000  8.3746611e+000
  4.0883249e+000  8.7130161e+000
  6.8991986e+000  6.5634532e+000
  3.3260995e+000  8.9934531e+000
  7.8401615e+000  3.2941567e+000
  2.4791036e+000  6.8078470e+000
  9.0116138e+000  1.9152630e+000
  7.1351396e+000  6.8350930e+000
  2.3145692e+000  2.9155320e+000
  8.5175891e+000  7.6121268e+000
  4.2420701e+000  3.5648107e+000
  2.2862140e+000  7.5285756e+000
  2.5504810e+000  8.1870764e+000
  5.9035577e+000  2.9007062e+000
  6.7706594e+000  6.7887923e+000
  8.2601550e+000  2.4874470e+000
  7.3905264e+000  2.7887634e+000
  2.2029141e+000  7.1113946e+000
  3.2212563e+000  1.2519883e+000
  7.6096101e+000  6.4720098e+000
  6.7616268e+000  6.5598127e+000
  5.5422829e-001  7.8354993e+000
  5.6251923e+000  2.9017247e+000
  7.7599127e+000  5.8544794e+000
  3.2687253e+000  8.3305942e+000
  2.5932428e+000  4.2089260e+000
  7.7958093e+000  1.5480273e+000
  6.9034246e+000  6.4051560e+000
  6.4042987e+000  6.2956408e+000
  6.7916405e+000  6.6163775e+000
  3.9975529e+000  8.9351230e+000
  6.8037496e+000  6.4629857e+000
  5.2357415e+000  3.6311530e+000
  7.3053472e+000  1.4591663e+000
  5.6446460e+000  4.4291195e+000
  7.1647371e+000  6.4521860e+000
  1.8905715e+000  7.9875108e+000
  6.2657416e+000  7.0052899e+000
  3.3954726e+000  9.7149421e+000
  3.0312765e+000  1.1980369e+000
  5.7485075e+000  4.0003480e+000
  7.9318642e+000  7.5976433e+000
  7.6450597e+000  5.8327508e+000
  3.9095417e+000  1.7595180e+000
  7.4226170e+000  6.0451711e+000
  7.9224306e+000  3.1196361e+000
  3.6927442e+000  8.8289653e+000
  1.8548875e+000  4.1444571e+000
  2.2022718e+000  7.7152996e+000
  1.6907394e+000  1.3346080e+000
  7.4270554e+000  5.2033065e+000
  3.4912564e+000  2.0263581e+000
  4.4005074e+000  3.3361162e+000
  8.6036008e+000  8.4312730e+000
  1.7603109e+000  4.1506928e+000
  7.2125109e+000  6.2340397e+000
  2.0473970e+000  3.3654859e+000
  7.2530607e+000  8.2066725e+000
  2.3089481e+000  8.5661544e+000
  1.5698405e+000  7.4523458e+000
  3.8599305e+000  3.4482766e+000
  2.8986490e+000  1.7556834e+000
  6.3199241e+000  7.3091060e+000
  2.8829812e+000  8.1301257e+000
  5.4323177e+000  2.1495028e+000
  1.5859195e+000  7.4723709e+000
  7.9144375e+000  7.6797349e+000
  2.7126816e+000  4.8215537e+000
  5.4525907e+000  4.0742753e+000
  2.7680833e+000  8.3937826e+000
  7.2345611e+000  2.1191806e+000
  8.8290051e+000  2.9808950e+000
  1.7904561e+000  7.2937544e+000
  5.3900796e+000  2.1777579e+000
  7.0126630e+000  6.5815863e+000
  5.9445329e-001  7.1933253e+000
  7.5947859e+000  2.3814982e+000
  8.5009815e+000  2.2854248e+000
  3.9307393e+000  2.1367776e+000
  6.5214727e+000  6.1720167e+000
  7.6523636e+000  5.4820379e+000
  8.1145882e+000  2.9945351e+000
  2.2782788e+000  6.3448590e+000
  7.6622830e+000  5.3054005e+000
  4.6390772e+000  3.1814543e+000
  1.7153105e+000  1.2129337e+000
  1.7737962e+000  4.7091003e+000
  5.8779677e+000  3.8030923e+000
  5.6382507e+000  2.2439144e+000
  5.3696516e+000  4.3091564e+000
  8.2606424e+000  8.3719020e+000
  7.9069011e+000  5.5053031e+000
  7.7355241e+000  7.9110466e+000
  6.3290365e+000  8.0086088e+000
  7.2494022e+000  6.4136531e+000
  7.7316378e+000  5.6110025e+000
  7.3505205e+000  6.4479367e+000
  7.3499071e+000  7.4815562e+000
  6.0870852e+000  7.8863220e+000
  4.9968578e+000  3.6999064e+000
  7.5559198e+000  5.6563248e+000
  2.4549716e+000  6.0476781e+000
  3.1119889e+000  8.1935259e+000
  3.2996976e+000  8.1417951e+000
  3.7452723e+000  1.0633229e+000
  7.6556727e+000  6.4251681e+000
  7.1494592e+000  4.9782064e+000
  1.9099812e+000  1.8016237e+000
  7.4707292e+000  8.2993225e+000
  1.4451509e+000  4.5249210e+000
  6.1664549e+000  8.6761120e+000
  5.5761310e+000  4.3255591e+000
  2.0266787e+000  7.4946231e+000
  8.9798159e+000  2.7390687e+000
  1.9505756e+000  4.9527149e+000
  3.4509676e+000  9.5901000e-001
  7.3437365e+000  5.6670543e+000
  1.8156548e+000  7.6393546e+000
  6.4749246e+000  8.0630761e+000
  8.3117865e+000  2.7193357e+000
  7.4447003e+000  6.7223071e+000
  7.1255730e+000  1.7339352e+000
  2.8106792e+000  1.9118731e+000
  6.7684347e+000  7.2388162e+000
  1.9850865e+000  6.8772603e+000
  8.2875265e+000  2.3519778e+000
  5.6461742e+000  2.2670182e+000
  7.3918693e+000  6.1238907e+000
  2.4681045e+000  6.4314333e+000
  6.5146768e+000  4.8295683e+000
  3.6480730e+000  7.9954045e+000
  2.7314820e+000  3.1850973e+000
  2.4318034e+000  2.6803963e+000
  1.5999453e+000  3.8413354e+000
  7.3123557e+000  6.5434743e+000
  3.4399373e+000  1.5615440e+000
  8.6551023e+000  8.3630318e+000
  1.8020262e+000  6.0974976e+000
  7.0236934e+000  5.2159040e+000
  6.3211169e+000  6.8015889e+000
  3.1479986e+000  8.3320374e+000
  7.7117325e+000  7.6166574e+000
  8.8800842e+000  2.6781649e+000
  6.5563007e+000  7.5738913e+000
  7.1523285e+000  2.1444869e+000
  2.1278052e+000  4.5666098e+000
  4.2337327e+000  7.7402929e+000
  7.5501221e+000  1.1665448e+000
  8.3581985e+000  4.7661856e+000
  3.2889494e+000  2.1136748e+000
  5.4871842e+000  2.3085015e+000
  8.3751343e+000  6.5584944e+000
  3.8816481e+000  8.3277840e+000
  7.3076078e+000  5.2594198e+000
  2.5669638e+000  2.3517298e+000
  6.3237758e+000  3.7457527e+000
  7.1200855e+000  6.6552787e+000
  3.0864080e+000  8.0436686e+000
  8.9761409e+000  3.6194185e+000
  3.4901314e+000  7.7920582e+000
  4.7996778e+000  4.3134298e+000
  3.5658545e+000  8.1859376e+000
  2.8536491e+000  1.6868108e+000
  1.5005009e+000  3.8626003e+000
  6.8388796e+000  7.9253747e+000
  7.4031289e+000  6.5375528e+000
  5.3950277e+000  2.1634239e+000
  2.4995622e+000  2.9500124e+000
  6.5768782e+000  7.3718080e+000
  3.1034348e+000  8.7573448e+000
  7.4109198e+000  2.2636450e+000
  4.7370212e+000  3.0111440e+000
  8.3103061e+000  5.7392378e+000
  2.0914609e+000  7.4924228e+000
  3.2018126e+000  2.1491181e+000
  4.5960669e+000  3.2140070e+000
  8.5057656e+000  2.3030057e+000
  5.4633822e+000  3.8888638e+000
  2.7979270e+000  2.0875720e+000
  2.2114412e+000  6.1028148e+000
  2.1493062e+000  4.2476618e+000
  7.0011733e+000  3.4088984e+000
  2.6791047e+000  8.2651112e+000
  7.2226997e+000  3.3426222e+000
  6.8499816e+000  2.8831974e+000
  1.3417235e+000  4.5305074e+000
  1.9247111e+000  4.3876755e+000
  5.1864444e+000  4.1247798e+000
  2.9744827e+000  2.0269490e+000
  8.0876603e+000  6.0529662e+000
  2.9735121e+000  6.3711224e-001
  4.6285511e+000  2.2826480e+000
  7.4104006e+000  6.5125294e+000
  3.8466499e+000  8.2922000e+000
  6.5864571e+000  7.8651732e+000
  5.7723751e+000  2.5738427e+000
  6.8395761e+000  6.2241444e+000
  2.9616441e+000  2.2619584e+000
  7.3594263e+000  7.7636619e+000
  7.0725856e+000  5.2862047e+000
  8.4707574e+000  6.5207713e+000
  2.0804467e+000  6.8290835e+000
  6.1405170e+000  3.0683185e+000
  1.8052931e+000  5.8192647e+000
  2.1253122e+000  7.4267661e+000
  6.1874037e+000  6.1548375e+000
  2.3493095e+000  7.0582280e+000
  3.6196932e+000  2.2999085e+000
  6.9600561e+000  7.6093940e+000
  5.0816101e+000  3.7586339e+000
  9.7252664e-001  4.8620651e+000
  1.2343376e+000  4.6434283e+000
  5.3585589e+000  4.0298808e+000
  7.8679073e+000  3.0808857e+000
  7.3179417e+000  3.6042956e+000
  7.8046534e+000  6.3106219e+000
  7.0065739e+000  6.8680984e+000
  8.8980119e+000  2.9874385e+000
  6.2595485e+000  6.2289047e+000
  5.7926703e+000  3.6888002e+000
  7.7357222e+000  5.2210400e+000
  3.1114702e+000  2.4465634e+000
  4.4754005e+000  5.7169657e+000
  1.9659013e+000  5.1089011e+000
  1.9050605e+000  4.3618613e+000
  5.1666400e+000  3.3147918e+000
  6.9558462e+000  1.0850829e+000
  1.7888209e+000  1.2140470e+000
  6.6100918e+000  8.1334246e+000
  7.1990720e+000  3.5243075e+000
  5.4891965e+000  2.3348164e+000
  7.7180787e+000  3.0966707e+000
  1.8691760e+000  2.3758496e+000
  6.4812493e+000  8.0200786e+000
  5.7020815e+000  4.4166437e+000
  7.5162350e+000  7.7722125e+000
  6.2034938e+000  6.4087984e+000
  1.9537848e+000  4.7436886e+000
  5.3860293e+000  3.6425883e+000
  5.6081838e+000  4.0859408e+000
  6.2104593e+000  6.9275072e+000
  8.9053307e+000  2.9812772e+000
  3.2765845e+000  4.7165120e+000
  5.0566201e+000  2.5285127e+000
  7.8740641e+000  6.5083424e+000
  5.1435907e+000  3.7224542e+000
  8.1480321e+000  4.5434306e+000
  6.1140016e+000  3.2352264e+000
  3.6233288e+000  2.5271216e+000
  1.5530539e+000  4.5345894e+000
  8.4959728e+000  5.6530868e+000
  1.5792630e+000  8.0889726e+000
  7.5878019e+000  2.3673197e+000
  7.1809855e+000  7.3304217e+000
  7.5775809e+000  6.3583222e+000
  5.2087188e+000  2.3676313e+000
  6.8960974e+000  6.6351157e+000
  2.4252549e+000  4.3496875e+000
  3.7245455e+000  9.3122912e+000
  8.0786359e+000  3.1651843e+000
  8.7591116e+000  7.9488916e+000
  7.6246018e+000  6.1761346e+000
  2.3985827e+000  1.8372154e+000
  9.2787234e-001  4.6053444e+000
  5.8326456e+000  2.4097054e+000
  7.2702928e+000  7.2184475e+000
  8.2476421e+000  5.4609725e+000
  7.1589084e+000  6.8275955e+000
  2.3653078e+000  2.5647427e+000
  1.7461186e+000  7.1527671e+000
  3.8462656e+000  8.4269559e+000
  1.9958561e+000  3.8268730e+000
  5.7516250e+000  4.3172963e+000
  2.3201390e+000  6.3594811e+000
  3.3950896e+000  7.8563893e+000
  2.1239598e+000  8.1748538e+000
  7.0669796e+000  2.2767781e+000
  8.1533530e+000  5.3621118e+000
  2.2532965e+000  7.0574366e+000
  8.1921759e+000  6.9251078e+000
  6.3528936e+000  2.1475047e+000
  2.2374897e+000  7.3018182e+000
  2.2772318e+000  6.9201415e+000
  6.9162151e+000  6.5752941e+000
  3.5872045e+000  9.7568183e+000
  2.4212580e+000  1.9139599e+000
  6.3368294e+000  4.6550567e+000
  7.8615204e+000  6.3087981e+000
  8.7306615e+000  7.9687321e+000
  3.8355512e+000  9.0874759e+000
  2.5705307e+000  2.5335513e+000
  1.5452832e+000  7.0561985e+000
  4.2124653e-001  6.9656370e+000
  3.5907555e+000  2.5975315e+000
  6.0994048e+000  4.1824122e+000
  2.9107351e+000  4.3726425e+000
  5.2690630e+000  3.9363955e+000
  6.8291097e+000  5.8100862e+000
  7.1023630e+000  6.8370344e+000
  5.6178486e+000  2.3251792e+000
  2.9422854e+000  1.6254873e+000
  4.0709462e+000  3.0907683e+000
  1.8225344e+000  7.2501497e+000
  8.8009181e+000  2.9192897e+000
  2.1950420e+000  6.8784098e+000
  2.4329298e+000  6.1923844e+000
  7.6896967e+000  7.3037365e+000
  1.0065220e+000  4.7991036e+000
  3.6539607e+000  8.2061048e+000
  5.3894977e+000  2.7454955e+000
  2.1864117e+000  6.5895913e+000
  1.9148653e+000  7.9597464e+000
  2.2825601e+000  6.5811848e+000
  7.1008837e+000  2.8787888e+000
  2.7815280e+000  2.5638890e+000
  5.6671492e+000  2.4769555e+000
  5.1860676e+000  2.1931591e+000
  3.1552216e+000  2.3044051e+000
  2.4533100e+000  8.0672162e+000
  2.0313091e+000  4.1991202e+000
  2.2281980e+000  5.1251773e+000
  5.0962315e+000  3.8473863e+000
  2.5844512e+000  3.2097259e+000
  1.8330440e+000  6.1078915e+000
  4.3538831e+000  6.1637674e+000
  4.8971847e+000  6.1066594e+000
  7.2748584e+000  5.8572998e+000
  5.3566632e+000  2.1780692e+000
  8.4941322e+000  5.8312642e+000
  7.3037436e+000  2.5390867e+000
  1.4581940e+000  3.7921945e+000
  6.5962661e+000  7.6720044e+000
  6.7899728e+000  1.7016161e+000
  5.5546997e+000  2.2902081e+000
  1.6943710e+000  7.3415790e+000
  3.2630284e+000  8.0700329e+000
  3.6249457e+000  8.1455210e+000
  7.0124222e+000  6.4710833e+000
  8.1800423e+000  3.0405308e+000
  2.8056824e+000  2.3033259e+000
  5.7645740e+000  3.1514300e+000
  5.3493018e+000  4.0693785e+000
  5.4116880e+000  4.2625964e+000
  7.1511835e+000  6.3817948e+000
  7.0447545e+000  7.3166917e+000
  2.4308055e+000  3.1562675e+000
  6.8151680e+000  7.7023324e+000
  2.8952927e+000  8.0970431e+000
  2.8430079e+000  7.6151379e+000
  7.7985760e+000  5.2911560e+000
  6.3399438e+000  7.6750489e+000
  5.5607557e+000  5.0524529e+000
  1.6102764e+000  7.9678501e+000
  7.2259227e+000  9.3311559e-001
  7.5561386e+000  6.6176992e+000
  7.2323272e+000  7.7229699e+000
  2.3684773e+000  4.7186445e+000
  2.1561459e+000  1.9999841e+000
  3.6446585e+000  8.7378465e+000
  4.7716257e+000  3.3495636e+000
  1.8775456e+000  7.1648836e+000
  5.1798690e+000  3.6775552e+000
  4.2720679e+000  7.9430005e+000
  7.8841709e+000  8.3981911e+000
  8.0153453e+000  3.3614366e+000
  5.3269339e+000  2.1706610e+000
  7.1885411e+000  1.0190940e+000
  7.8006653e+000  7.2227655e+000
  1.3615829e+000  4.1398377e+000
  5.3999275e+000  3.7052223e+000
  6.3364726e+000  7.5011153e+000
  6.1439270e+000  7.8390601e+000
  5.1661464e+000  2.6957387e+000
  7.2629319e+000  7.3291443e+000
  7.7267495e+000  1.6250244e+000
  8.2920735e+000  5.3235252e+000
  7.9966040e+000  1.7357723e+000
  6.2750744e+000  5.7211079e+000
  6.8086445e+000  7.0783711e+000
  5.6831095e+000  5.1519709e+000
  1.8690588e+000  2.5918921e+000
  6.3332023e+000  3.3332894e+000
  8.2721493e+000  2.7609181e+000
  2.1796500e+000  6.1393941e+000
  5.7033849e+000  3.6301280e+000
  7.3092277e+000  5.6022643e+000
  3.3529487e+000  8.1484433e+000
  4.4543812e+000  6.2272679e+000
  1.8355464e+000  6.0156120e+000
  6.5844762e+000  5.0790204e+000
  3.3699052e+000  1.9097181e+000
  7.9000154e+000  2.8987328e+000
  1.5170306e+000  8.4431285e+000
  2.8850291e+000  7.9876531e+000
  4.1315396e+000  2.6540235e+000
  2.6169981e+000  8.2867561e+000
  6.6456659e+000  7.2254674e+000
  2.7619842e+000  4.4812766e+000
  3.7012431e+000  7.2236567e+000
  2.8003066e+000  6.7203637e+000
  2.1130494e+000  1.6375339e+000
  7.5244067e+000  5.7062958e+000
  3.6467472e+000  7.8271583e+000
  5.4965848e+000  3.0951137e+000
  1.0241319e+000  5.8311736e+000
  4.7444906e+000  9.2040611e+000
  5.4133393e+000  3.3528012e+000
  5.6659249e+000  5.0017086e+000
  2.3152961e+000  3.7404715e+000
  1.6843954e+000  5.1095957e+000
  2.6886757e+000  8.1206289e+000
  3.7058648e+000  8.4029648e+000
  8.1762961e+000  2.7064791e+000
  5.5574171e+000  4.0671223e+000
  5.2942319e+000  7.3762767e+000
  8.7964481e+000  8.0578019e+000
  6.5340037e+000  7.0694375e+000
  8.8787429e+000  3.0332897e+000
  7.3874606e+000  5.2114414e+000
  2.3675073e+000  4.5145367e+000
  7.3228277e+000  8.7053373e-001
  2.6200940e+000  9.1309609e+000
  6.7495566e+000  7.0057457e+000
  6.3444102e+000  7.8312688e+000
  6.3129375e+000  6.2087049e+000
  2.0951937e+000  7.1423460e+000
  3.1018560e+000  1.2844184e+000
  2.0823958e+000  2.3401971e+000
  5.5952996e+000  4.3382510e+000
  7.2683282e+000  1.3222070e+000
  2.7506722e+000  1.8343762e+000
  3.2937589e+000  8.4309881e-001
  7.4148003e+000  5.7729715e+000
  4.9930360e+000  3.2801113e+000
  7.5310114e+000  6.1733514e+000
  1.9073835e-001  7.4159936e+000
  6.6295739e+000  7.4064697e+000
  3.0311528e+000  2.3542003e+000
  2.7244466e+000  7.7307599e+000
  6.6505154e+000  6.5402890e+000
  4.0645368e+000  8.3671195e+000
  6.8822380e+000  7.4230522e+000
  2.8506566e+000  4.6047068e+000
  8.5627878e+000  7.7669992e+000
  5.7452195e+000  2.7176263e+000
  1.8066409e+000  8.4979133e+000
  1.7497154e+000  8.5028402e+000
  2.3910718e+000  2.0584675e+000
  5.6414558e+000  4.4985332e+000
  7.2605890e+000  1.3368053e+000
  1.7602857e+000  7.3677834e+000
  7.1335787e+000  1.2598266e+000
  1.7147860e+000  1.1911674e+000
  7.4552135e+000  1.9123219e+000
  8.7805666e+000  7.6211509e+000
  5.0670189e+000  3.8665642e+000
  7.2783800e+000  6.8648843e+000
  5.0189181e+000  4.2055422e+000
  7.7833352e+000  2.8348661e+000
  6.9916221e+000  7.2584049e+000
  2.3716665e+000  7.1000236e+000
  2.7033461e+000  4.7802865e+000
  3.3793413e+000  1.9071957e+000
  7.9344581e+000  2.3313428e+000
  3.6880569e+000  8.3602106e+000
  3.4835098e+000  2.1632448e+000
  7.5094165e+000  6.4388028e+000
  6.5016522e+000  6.1584805e+000
  5.3747932e+000  3.6696029e+000
  7.4025478e+000  6.6034869e+000
  5.9288538e+000  5.3228865e+000
  1.6577636e+000  4.5871905e+000
  2.2902429e+000  2.3145049e+000
  7.4310195e+000  7.5929455e+000
  8.9575462e+000  3.1111266e+000
  8.8626085e+000  3.1981709e+000
  7.1252753e+000  6.1669044e+000
  7.4600764e+000  5.2429431e+000
  5.3528269e+000  3.3216482e+000
  2.1035263e+000  2.3181874e+000
  7.3955149e+000  8.1641933e+000
  3.7950882e+000  2.2828668e+000
  6.8263527e+000  7.7946219e+000
  1.0176338e+000  4.0814221e+000
  4.1582806e+000  2.7433260e+000
  6.7790259e+000  6.8631468e+000
  7.8583675e+000  6.0444381e+000
  5.5817147e+000  2.5563401e+000
  5.1412169e+000  2.6157086e+000
  1.9278503e+000  1.1403574e+000
  1.8400028e+000  4.5850607e+000
  6.8476278e+000  3.1514367e+000
  1.6504942e+000  3.7397402e+000
  6.5997993e+000  6.2558501e+000
  1.0386693e+000  5.0921458e+000
  3.5355639e+000  2.7373943e+000
  4.6397855e+000  4.1496206e+000
  6.5344084e+000  7.7848096e+000
  3.8534301e+000  2.8071814e+000
  2.4193040e+000  6.2990925e+000
  7.2255646e+000  5.5392626e+000
  3.4379229e+000  9.5428748e+000
  2.6564067e+000  6.9280476e+000
  8.4212564e+000  1.4866643e+000
  2.0545606e+000  6.9273215e+000
  7.2273323e+000  7.7746676e+000
  7.0263686e+000  7.3994557e+000
  2.3709531e+000  3.5786419e+000
  6.0317988e+000  2.6135185e+000
  7.9736260e+000  5.2443895e+000
  1.9481924e+000  7.2377280e+000
  6.6399460e+000  6.5987311e+000
  2.3178242e+000  7.9077118e+000
  1.6124575e+000  7.6898323e+000
  7.7402279e+000  8.2917307e+000
  6.9839330e+000  6.4203340e+000
  7.7262944e+000  2.0729100e+000
  8.2373228e+000  5.3730826e+000
  3.0152113e+000  4.9261977e+000
  6.7803872e+000  6.9056694e+000
  4.3073192e+000  6.0049290e+000
  6.4827558e+000  7.2162151e+000
  4.1758672e+000  3.9488367e+000
  8.3390042e+000  2.6946122e+000
  4.8786261e+000  2.3583714e+000
  1.2621383e+000  4.1975237e+000
  7.7011160e+000  1.9000772e+000
  3.8653082e+000  8.2131711e+000
  1.9324917e+000  7.0588879e+000
  5.2490884e+000  3.1743763e+000
  1.8955739e+000  7.3685300e+000
  1.4666904e+000  7.8669459e+000
  6.9022984e+000  2.6722545e+000
  1.8410362e+000  7.0570796e+000
  6.7274658e+000  3.4866424e+000
  7.5013552e+000  5.5425119e+000
  2.7076321e+000  1.7398274e+000
  2.9298371e+000  8.3522639e+000
  6.8747068e+000  5.3857189e+000
  2.7530202e+000  2.1466175e+000
  6.6165397e+000  5.2932616e+000
  2.9228641e+000  8.3254603e+000
  5.8843104e+000  3.2194560e+000
  7.1112197e+000  5.9612012e+000
  1.9786839e+000  2.7204793e+000
  6.7769805e+000  7.6765687e+000
  8.0120453e+000  2.1188535e+000
  3.0863752e+000  7.9247901e+000
  1.3760403e+000  8.2811093e+000
  6.9400842e+000  6.0704077e+000
  1.7475846e+000  6.7531934e+000
  2.6674723e+000  4.9156278e+000
  5.5180833e+000  3.4297029e+000
  7.0942608e+000  4.0855086e+000
  4.2216427e+000  3.0079360e+000
  6.7684237e+000  5.9446261e+000
  7.5675042e+000  6.4485719e+000
  7.0953259e+000  1.9253409e+000
  8.6186852e+000  7.3311343e+000
  2.4070598e+000  7.1185370e+000
  8.3200923e+000  2.9011564e+000
  2.5335356e+000  4.3166182e+000
  2.4883216e+000  2.1637760e+000
  5.1177461e+000  3.7226345e+000
  7.3489239e+000  7.9725590e+000
  3.2591047e+000  7.9810784e+000
  7.2894384e+000  7.0622057e+000
  5.5203356e+000  2.3714847e+000
  6.3116272e+000  6.6225140e+000
  1.5063779e+000  6.5358185e+000
  7.8163892e+000  2.6913765e+000
  3.4010611e+000  2.0562929e+000
  6.8723630e+000  6.4463891e+000
  1.6354303e+000  7.4561863e+000
  2.6903603e+000  2.6089670e+000
  5.7100360e+000  8.0739472e+000
  7.9837560e+000  1.2872709e+000
  2.3024374e+000  4.6965326e+000
  3.0985362e+000  2.3048720e+000
  8.4956318e+000  8.0762694e+000
  7.4360669e+000  1.8378126e+000
  1.5804238e+000  4.2610360e+000
  3.0601259e+000  3.5232053e+000
  2.7438441e+000  4.5532012e+000
  4.9574143e+000  6.9891546e+000
  1.2042680e+000  4.1239518e+000
  5.1909392e+000  3.4659241e+000
  6.9244888e+000  6.8305890e+000
  7.2424347e+000  7.3956927e+000
  3.0456297e+000  4.5083103e+000
  2.5286116e+000  4.6107807e+000
  7.4149307e+000  6.4097268e+000
  2.6343311e+000  2.1339607e+000
  8.7376266e+000  2.7278159e+000
  8.7966458e+000  3.3619708e+000
  7.8827687e+000  6.8380834e+000
  2.5308913e+000  4.6941812e+000
  2.3126627e+000  4.8335619e+000
  8.8430518e+000  3.1782167e+000
  6.2330717e+000  5.9177144e+000
  4.1554005e+000  8.0545582e+000
  3.5608032e+000  1.4475883e+000
  8.6075432e+000  7.7812110e+000
  7.2741617e+000  5.7112954e+000
  8.6225367e+000  1.9409694e+000
  3.0613104e+000  9.3349994e+000
  3.0783837e+000  2.3487377e+000
  3.5275628e+000  8.5404302e+000
  7.0133776e+000  7.4802616e+000
  5.4498628e+000  3.2646102e+000
  6.4484125e+000  8.0073533e+000
  2.6225869e+000  3.5904570e+000
  7.0610638e+000  5.1850744e+000
  3.3300029e+000  8.1202575e+000
  2.1665302e+000  1.4821819e+000
  5.5902448e+000  5.2027722e+000
  8.2411721e+000  6.2765641e+000
  9.6046999e-001  4.2043685e+000
  7.9609225e+000  7.4999864e+000
  7.8230168e+000  1.4242449e+000
  6.2076453e+000  6.7619790e+000
  1.9499857e+000  2.1822747e+000
  6.7545104e+000  6.3753809e+000
  5.3370200e+000  2.4051273e+000
  8.1012701e+000  1.2412775e+000
  2.1536739e+000  2.2586637e+000
  7.4446688e+000  6.3002325e+000
  6.6225863e+000  7.3198283e+000
  6.1449482e+000  5.7672099e+000
  3.7366180e+000  8.2660627e+000
  3.6221608e+000  8.2776771e+000
  7.1327044e+000  6.0597185e+000
  7.5778026e+000  1.4480349e+000
  3.2051442e+000  8.3284443e+000
  2.5756965e+000  3.3032698e+000
  6.9291560e+000  6.6452512e+000
  5.8737272e+000  2.9783726e+000
  6.9941093e+000  7.2956573e+000
  5.5611143e+000  7.8734954e+000
  1.7920812e+000  8.5759941e+000
  7.2219768e+000  7.6472355e+000
  2.2212926e+000  7.4787575e+000
  5.8144662e+000  2.3098583e+000
  1.8794675e+000  6.6396297e+000
  1.8750134e+000  3.6124479e+000
  8.0609262e+000  1.5550056e+000
  4.2021288e+000  6.0852821e+000
  7.1579549e+000  1.7782834e+000
  3.8200884e+000  2.4846893e+000
  6.9600346e+000  7.4740219e+000
  8.1278441e+000  4.0408545e+000
  7.2512808e+000  6.3670815e+000
  1.3114423e+000  4.7088313e+000
  3.3773140e+000  9.3796289e+000
  3.9400265e+000  2.9916627e+000
  2.1175208e+000  6.2005610e+000
  2.0551539e+000  7.0766995e+000
  3.0412625e+000  2.1055371e+000
  5.5898332e+000  2.9644393e+000
  7.1170163e+000  1.4198048e+000
  2.6551065e+000  8.2047303e+000
  7.1317942e+000  1.6562340e+000
  1.9097114e+000  6.1909248e+000
  3.2243919e+000  9.2312618e+000
  2.0095905e+000  7.0419082e+000
  7.0687707e+000  6.5437948e+000
  7.7725956e+000  6.1384224e+000
  7.3542041e+000  6.5223462e+000
  6.7350743e+000  4.9321317e+000
  7.5630938e+000  6.5869642e+000
  7.6247815e+000  2.4450395e+000
  5.8873553e+000  4.1484886e+000
  7.5256853e+000  8.0612413e+000
  3.0668878e+000  2.9973750e+000
  2.1104206e+000  6.6504432e+000
  2.2602737e+000  4.2350754e+000
  7.7871115e+000  2.8658207e+000
  1.7729889e+000  7.4389949e+000
  7.5782926e+000  6.3961913e+000
  3.2754352e+000  7.5121019e+000
  2.5695081e+000  3.3832657e+000
  6.7181134e+000  7.0403372e+000
  7.6361178e+000  1.1589645e+000
  5.8933915e+000  2.7819072e+000
  5.9421759e+000  2.2796067e+000
  2.7842212e+000  4.0834725e+000
  6.7075866e+000  6.4529675e+000
  7.9037741e+000  7.7073302e+000
  6.4435516e+000  6.3341898e+000
  7.2995800e+000  7.8300666e+000
  7.9896249e+000  5.1516203e+000
  2.7085950e+000  1.8905542e+000
  6.9110778e+000  6.3819770e+000
  2.4429517e+000  5.2302264e+000
  7.2798462e+000  7.3257565e+000
  2.7630527e+000  4.4504656e+000
  3.8574443e+000  7.6479812e+000
  5.6700784e+000  4.2288922e+000
  2.1651387e+000  2.5570414e+000
  3.7134360e+000  8.3423712e+000
  1.9448500e+000  4.9897948e+000
  3.9667465e+000  8.1154105e+000
  2.4325472e+000  4.5116995e+000
  2.1763616e+000  4.0752997e+000
  7.4855653e+000  9.9100724e-001
  7.3989381e+000  1.6856279e+000
  7.9214027e+000  7.2628492e+000
  7.8840433e+000  5.9383740e+000
  3.0122024e+000  2.1515774e+000
  4.1960612e+000  8.2767311e+000
  7.2044575e+000  1.5069091e+000
  5.2336069e+000  2.3416176e+000
  6.0009957e+000  3.3137673e+000
  7.6611201e+000  2.9983599e+000
  1.7966561e+000  6.4700882e+000
  5.3514131e+000  2.8575457e+000
  7.2250166e+000  1.3141180e+000
  4.0191699e+000  8.4566104e+000
  7.8425139e+000  7.6592698e+000
  7.1861298e+000  5.8142956e+000
  7.6775020e+000  2.0998954e+000
  2.9401378e+000  1.4709906e+000
  5.3662183e+000  2.1944838e+000
  3.2462257e+000  1.8952825e+000
  8.3280582e-001  7.4215415e+000
  2.5041643e+000  8.2169197e+000
  6.9683383e+000  7.1137806e+000
  9.7884686e-002  7.6422483e+000
  8.6188156e+000  2.2272024e+000
  8.0782078e+000  6.1261471e+000
  4.0416331e+000  3.0344131e+000
  8.3739441e+000  6.2834048e+000
  4.5126336e+000  6.3270225e+000
  2.9642461e+000  3.0938211e+000
  2.4413987e+000  4.5386829e+000
  4.8162827e+000  3.5368304e+000
  2.4947933e+000  4.5413801e+000
  5.1934055e+000  2.9564552e+000
  1.8969561e+000  4.2831287e+000
  4.0418396e+000  7.9879900e+000
  6.2592423e+000  7.6296717e+000
  1.7319312e+000  4.2560606e+000
  2.8494063e+000  2.3424403e+000
  2.1572861e+000  3.0011367e+000
  8.8586110e+000  3.0543593e+000
  1.7854741e+000  7.4003668e+000
  8.6448751e+000  2.9578571e+000
  2.4995774e+000  4.2825557e+000
  5.7093299e+000  2.4553404e+000
  7.8045314e+000  7.1172352e+000
  8.4019612e+000  3.9918034e+000
  8.1347379e+000  3.1435398e+000
  8.0394366e+000  2.2190208e+000
  4.0825724e+000  8.6219770e+000
  7.4738226e+000  1.4654191e+000
  7.2558186e+000  6.7957110e+000
  3.5779540e+000  1.6253588e+000
  3.7643957e+000  8.4364236e+000
  5.8770838e+000  2.7939774e+000
  6.9024365e+000  8.0134305e+000
  2.6134524e+000  2.8111695e+000
  6.5003696e+000  7.0385277e+000
  1.2655948e+000  4.0795420e+000
  2.8215112e+000  4.4954078e+000
  8.5592983e+000  8.0061188e+000
  6.6826289e+000  2.3932762e+000
  3.1104442e+000  8.9892672e-001
  1.5334023e+000  6.3156364e+000
  1.2636537e+000  8.1421420e+000
  8.9703233e+000  1.7866326e+000
  5.5080293e+000  3.3387863e+000
  8.9241397e+000  3.0684171e+000
  6.7918108e+000  7.6432535e+000
  1.6461382e+000  3.1155929e+000
  7.5464758e+000  5.9568555e+000
  6.0448732e+000  6.5502024e+000
  5.2504827e+000  3.6063652e+000
  7.4979238e+000  5.6963822e+000
  7.0229657e+000  6.5001493e+000
  1.1000247e+000  6.7272990e+000
  7.9793280e+000  7.0573053e+000
  7.2673710e+000  7.7583632e+000
  3.7805451e+000  8.7265020e+000
  5.4716810e+000  4.1124948e+000
  2.2750220e+000  4.2481381e+000
  3.1595624e+000  4.3173705e+000
  6.3787470e+000  7.5716304e+000
  5.5170694e+000  3.8940800e+000
  4.8613183e+000  3.4278064e+000
  2.5772308e+000  8.5835960e+000
  6.3696487e+000  7.8455985e+000
  1.7491074e+000  2.5639128e+000
  5.5724488e+000  2.5232363e+000
  7.2308682e+000  1.2294868e+000
  4.8185207e+000  3.2924032e+000
  8.0992527e+000  3.0799760e+000
  7.8540819e+000  6.0945390e+000
  8.2220236e+000  6.2427074e+000
  7.2552256e+000  6.2849176e+000
  2.9621199e+000  8.6935352e-001
  1.1291365e+000  4.7862035e+000
  3.5208982e+000  1.1976607e+000
  2.2986969e+000  7.5052850e+000
  6.5851289e+000  4.3356502e+000
  4.2573648e+000  8.6034544e+000
  5.2168830e+000  3.4360688e+000
  1.5390926e+000  7.5763909e+000
  7.4761116e+000  1.6639444e+000
  9.0118531e+000  2.1121848e+000
  3.1523598e+000  9.5466673e+000
  2.1403810e+000  1.7297314e+000
  8.0475094e+000  8.3333186e+000
  2.3740373e+000  1.8808135e+000
  6.6212679e+000  3.1795451e+000
  7.4044294e+000  1.3768073e+000
  2.2871336e+000  4.3947486e+000
  7.2071138e+000  8.2051495e+000
  7.5167065e+000  2.6922523e+000
  2.7970372e+000  9.3085947e-001
  5.7307050e+000  4.2153049e+000
  4.1437493e+000  3.8265268e+000
  2.7645428e+000  8.0176750e+000
  7.6053926e+000  5.2458738e+000
  5.7096781e+000  2.1790740e+000
  1.0387412e+000  6.5459170e+000
  2.9716635e+000  7.8920237e+000
  7.5623319e+000  2.5023454e+000
  3.5880049e+000  7.8684059e+000
  7.7531441e+000  6.5248136e+000
  7.0519586e+000  5.6126835e+000
  3.3856769e+000  1.7950100e+000
  1.6534301e+000  7.3204501e+000
  6.6475578e+000  7.6187924e+000
  8.6191058e+000  6.4564311e+000
  1.7019030e+000  4.4762265e+000
  2.7815193e+000  1.8917300e+000
  1.2447774e+000  5.1873024e+000
  5.3550819e+000  3.4259399e+000
  5.7320007e+000  2.3069501e+000
  6.4272352e+000  7.9586977e+000
  6.9441536e+000  6.1311658e+000
  3.1076744e+000  7.8080719e+000
  7.1787466e+000  6.4666917e+000
  9.0839827e+000  4.9618083e+000
  7.5918662e+000  7.5354377e+000
  7.9821262e+000  3.0536438e+000
  6.5335344e+000  5.8342591e+000
  7.6385568e+000  6.6035144e+000
  2.6841632e+000  8.4143893e+000
  3.5404296e+000  8.0994183e+000
  7.4241602e+000  2.1793249e+000
  7.4319199e+000  6.5601772e+000
  6.8648699e+000  6.7137607e+000
  7.0488107e+000  7.2669208e+000
  8.3497263e+000  6.0478671e+000
  2.9699718e+000  2.4123425e+000
  6.5731796e+000  5.6260142e+000
  8.3862450e+000  6.5323242e+000
  6.7113763e+000  5.4973045e+000
  7.0136780e+000  2.4249191e+000
  1.8388306e+000  2.3252068e+000
  2.2746086e+000  2.4982003e+000
  6.2015486e+000  6.8197282e+000
  5.7029513e+000  2.1691109e+000
  7.1001002e+000  6.4305407e+000
  7.1573811e+000  7.9197979e+000
  8.6465459e+000  1.2490054e+000
  7.7330901e+000  6.0464401e+000
  5.0154111e+000  4.0569500e+000
  7.8517240e+000  2.7026981e+000
  5.5651836e+000  4.4804183e+000
  5.7823492e+000  3.2777974e+000
  6.0397215e+000  6.8725745e+000
  7.3526338e+000  2.1740100e+000
  1.6286731e+000  8.5524971e+000
  3.6692333e+000  7.9866640e+000
  5.3383509e+000  3.7301995e+000
  7.2295139e+000  1.2857351e+000
  7.4956205e+000  6.1986860e+000
  4.7295942e+000  3.5019069e+000
  3.1625191e+000  9.1781377e+000
  7.7630687e+000  7.7869612e+000
  2.7338466e+000  3.1837731e+000
  7.0747977e+000  1.6969937e+000
  7.5377148e+000  8.2781494e-001
  1.7828565e+000  7.7256674e+000
  4.1671916e+000  3.8512415e+000
  6.7205824e+000  6.4880755e+000
  5.9727192e+000  2.7725365e+000
  8.5092508e+000  3.0475534e+000
  6.0177584e+000  1.7301411e+000
  5.3820107e+000  3.2463671e+000
  8.9115769e+000  2.6533385e+000
  7.1691483e+000  5.3016935e+000
  1.9829945e+000  2.8300027e+000
  6.8212341e+000  6.2322713e+000
  8.3853098e+000  7.7038159e+000
  5.4779037e+000  2.1893150e+000
  3.2992034e+000  2.4129442e+000
  4.1958821e+000  8.4371764e+000
  1.7733997e+000  7.0075885e+000
  3.1299509e+000  1.8148220e+000
  2.3164535e+000  7.0638786e+000
  2.9830045e+000  1.8592724e+000
  2.2206199e+000  6.9971139e+000
  2.4514375e+000  4.7389351e+000
  8.1542858e+000  6.1060935e+000
  3.9560691e+000  7.8603578e+000
  7.4841508e+000  1.8240072e+000
  7.3269791e+000  6.6546688e+000
  8.5293620e-001  7.0554467e+000
  1.9046027e+000  2.1375245e+000
  1.9353248e+000  1.1196424e+000
  2.6610634e+000  2.4425853e+000
  7.0146179e+000  6.8487436e+000
  7.4280496e+000  6.6053360e+000
  2.6337261e+000  6.7511047e+000
  6.6991742e+000  7.3109161e+000
  6.1337611e+000  7.1894977e+000
  3.2973264e+000  6.1380794e-001
  2.3058360e+000  4.6567690e+000
  8.3141642e+000  2.4580035e+000
  5.7309552e+000  2.5235338e+000
  7.2674449e+000  6.3087008e+000
  2.8066896e+000  3.4557644e+000
  5.1186896e+000  3.0092690e+000
  2.8725216e+000  2.3513020e+000
  8.3392846e+000  9.9368371e-001
  5.7657880e+000  3.1195422e+000
  8.2239660e+000  5.2746362e+000
  1.7364305e+000  3.7564867e+000
  2.5159384e+000  4.1817460e+000
  8.8157217e+000  2.8838310e+000
  7.4138054e+000  6.6229827e+000
  2.8880874e+000  3.7066907e+000
  5.7141799e+000  2.3004922e+000
  1.3763547e+000  4.5440931e+000
  6.9266674e+000  6.3091712e+000
  2.9249056e+000  2.3322838e+000
  7.2478673e+000  6.3294045e+000
  2.0371631e+000  7.7295217e+000
  4.5382058e+000  4.0386043e+000
  7.3845164e+000  6.5315575e+000
  5.3281918e+000  4.0029778e+000
  8.5002648e+000  5.3093880e+000
  4.5442766e+000  2.4732625e+000
  7.0901059e+000  6.5245036e+000
  7.2508172e+000  6.5900021e+000
  3.0553791e+000  1.6773355e+000
  3.1934193e+000  7.8763932e+000
  6.5836196e+000  6.3944568e+000
  5.1486230e+000  3.7914661e+000
  1.7394452e+000  6.4905530e+000
  8.4129354e+000  7.0304828e+000
  7.9093974e+000  3.0307718e+000
  7.1168465e+000  6.1424540e+000
  2.2211529e+000  7.4272184e+000
  5.8221248e+000  4.1374084e+000
  3.3667661e+000  8.1980661e+000
  8.2949474e+000  3.1066030e+000
  4.3848723e+000  7.4684039e+000
  8.4677203e+000  3.2285284e+000
  6.8483319e+000  7.2342618e+000
  6.5941120e+000  7.5628062e+000
  5.5078214e+000  2.2994519e+000
  3.2679308e+000  1.2217373e+000
  8.6450313e+000  8.3297596e+000
  7.3668959e+000  1.8944972e+000
  7.8279091e+000  2.2778435e+000
  3.6878132e+000  2.7828493e+000
  6.3705662e+000  7.8605623e+000
  6.8489212e+000  7.7679674e+000
  5.4686043e+000  2.1720970e+000
  2.0716597e+000  3.0351928e+000
  7.3336759e+000  8.4218928e+000
  3.2103520e+000  3.7983003e+000
  1.5705094e+000  4.5628850e+000
  8.1251732e+000  2.5287794e+000
  6.7180267e+000  6.2725194e+000
  8.3369668e+000  5.6164526e+000
  6.9905496e+000  6.1760017e+000
  1.8673708e+000  7.3294999e+000
  6.1805162e+000  6.3909176e+000
  4.3139138e+000  8.5887448e+000
  6.9970418e+000  5.5737519e+000
  7.4544746e+000  5.2899638e+000
  8.0815200e+000  5.7968930e+000
  6.2154545e+000  7.7680075e+000
  5.1768369e+000  2.9659096e+000
  6.5040683e+000  5.8555101e+000
  5.0821391e+000  3.4347576e+000
  7.5699774e+000  6.0771789e+000
  2.1061313e+000  6.3591052e+000
  1.9311847e+000  2.6770819e+000
  1.0929609e+000  7.4047623e+000
  4.9390380e+000  4.1071999e+000
  6.2958333e+000  7.0004431e+000
  6.9079758e+000  6.8718889e+000
  1.7312136e+000  7.1986909e+000
  5.0795756e+000  2.2421710e+000
  1.7398789e+000  7.0596399e+000
  7.8544410e+000  5.3818036e+000
  5.9124007e+000  2.7421144e+000
  2.2081605e+000  2.6710083e+000
  6.7907125e+000  6.5522670e+000
  2.1286570e+000  4.4350243e+000
  1.9114813e+000  7.1967748e+000
  7.3105888e+000  6.5746891e+000
  3.3386792e+000  4.5692160e+000
  7.5369302e+000  6.7431836e+000
  2.3499907e+000  7.6579813e+000
  7.6545626e+000  5.0415887e+000
  6.9757635e+000  5.0934493e+000
  2.5721269e+000  8.1376630e+000
  1.3073121e+000  4.6273951e+000
  6.9702838e+000  7.3727153e+000
  2.8209336e+000  8.3579720e+000
  6.0868432e+000  1.5534155e+000
  2.9024822e+000  4.6269006e+000
  6.0540154e+000  3.9381147e+000
  8.6175731e+000  6.8640401e+000
  1.5369646e+000  7.5582544e+000
  8.6325685e+000  8.2861382e+000
  3.4656993e+000  7.9133559e+000
  5.2492900e+000  3.7251805e+000
  4.2380463e+000  8.2342910e+000
  6.7555823e+000  7.2381507e+000
  7.2375320e+000  1.6159743e+000
  7.1173096e+000  6.2894015e+000
  1.4889494e+000  8.2931482e+000
  6.9850528e+000  7.0932602e+000
  7.0413280e+000  5.3802823e+000
  6.2653767e+000  7.3794799e+000
  7.0506141e+000  6.6271139e+000
  5.3826922e+000  3.6209723e+000
  6.9134032e+000  6.9969912e+000
  7.5115381e+000  2.2171533e+000
  7.3624108e+000  6.0998211e+000
  6.7067918e+000  7.1418102e+000
  3.7515529e+000  2.1791210e+000
  7.6869655e+000  3.1628016e+000
  7.4727910e+000  1.8314663e+000
  7.2143051e+000  7.3857883e+000
  5.3664694e+000  3.4857408e+000
  1.6951960e+000  3.6739571e+000
  1.5229273e+000  8.4722863e+000
  3.7822887e+000  6.6875088e+000
  7.4544065e+000  6.5809872e+000
  5.2552024e+000  3.5305124e+000
  2.9716975e+000  1.3775722e+000
  7.5710890e+000  2.0622614e+000
  6.3515627e+000  7.0574682e+000
  5.0578727e+000  2.3391714e+000
  3.3147681e+000  2.0609817e+000
  6.9741833e+000  6.1534190e+000
  7.3053155e+000  6.0863012e+000
  6.1416521e-001  7.4629530e+000
  3.2114070e+000  2.6291607e+000
  8.5210859e+000  5.6454699e+000
  8.2681711e+000  6.5856668e+000
  1.9857679e+000  6.0161091e+000
  7.7326526e+000  2.3050962e+000
  7.2265897e+000  7.1779284e+000
  6.6269319e+000  7.8570437e+000
  7.1117705e+000  7.3540981e+000
  4.4291586e+000  5.7016691e+000
  1.7750331e+000  2.5827501e+000
  1.4400173e+000  8.1628269e+000
  1.8590413e+000  6.8396615e+000
  7.7185686e+000  2.8090301e+000
  5.3999743e+000  2.1997972e+000
  5.6003580e+000  3.5335732e+000
  7.8008429e+000  5.5928602e+000
  5.1216869e+000  2.8272077e+000
  2.1907512e+000  2.4911905e+000
  2.0591795e+000  5.8429847e+000
  3.0758807e+000  2.7511106e+000
  1.3011591e+000  4.9312237e+000
  3.1659482e+000  8.7630610e+000
  7.0041917e+000  7.0199731e+000
  1.4297687e+000  5.8440497e+000
  2.8691200e+000  8.6272285e+000
  5.9430011e+000  2.5001901e+000
  3.6039083e+000  2.6188708e+000
  2.3306026e+000  6.0025773e+000
  7.8636460e+000  2.5542330e+000
  7.1211851e+000  6.1077904e+000
  5.4624821e+000  2.3898452e+000
  2.6619925e+000  7.8819813e+000
  1.5624147e+000  7.3346464e+000
  1.1769680e+000  4.1181308e+000
  7.2015425e+000  6.4074311e+000
  2.5652585e+000  1.1336546e+000
  7.1905213e+000  1.4261858e+000
  3.3791638e+000  8.4856296e+000
  7.5941234e+000  2.0145647e+000
  2.1951407e+000  1.5081849e+000
  2.0828116e+000  4.2239953e+000
  3.5987585e+000  7.9488520e+000
  8.0517960e+000  7.8867079e+000
  2.0808204e+000  4.1480161e+000
  2.0039317e+000  2.0710031e+000
  2.2175277e+000  6.0008491e+000
  5.2615340e+000  4.1267026e+000
  1.4350068e+000  4.4916007e+000
  8.5290220e+000  1.3078407e+000
  1.7232652e+000  8.2046214e+000
  6.8777754e+000  6.1579532e+000
  1.2155016e+000  5.0959683e+000
  2.3150790e+000  5.1279516e+000
  6.0961503e+000  7.7440332e+000
  2.1788349e+000  4.5815727e+000
  3.5359491e+000  2.4653213e+000
  8.7970677e-001  7.0991952e+000
  7.4609300e+000  6.6212577e+000
  5.8993933e+000  3.0890017e+000
  2.7247348e+000  2.2998375e+000
  2.1762222e+000  6.6506156e+000
  1.8568824e+000  7.7942358e+000
  4.4548801e+000  3.3985697e+000
  2.7924934e+000  3.7388088e+000
  8.3040007e+000  7.3960659e+000
  6.1138433e+000  2.8335753e+000
  3.2360978e+000  4.8441919e+000
  5.1387903e+000  3.3424293e+000
  3.8592052e+000  2.5402275e+000
  5.5089782e+000  6.7601263e+000
  6.8552793e+000  6.1709246e+000
  7.4687717e+000  6.2520263e+000
  5.3618839e+000  3.1047545e+000
  5.1606443e+000  3.7424903e+000
  1.9520518e+000  2.4108599e+000
  2.7152134e+000  5.0818877e+000
  5.7450969e+000  3.3700622e+000
  7.8253759e+000  6.3439526e+000
  7.9026673e+000  7.5137417e+000
  3.0805186e+000  1.9537097e+000
  3.8373809e+000  1.8127665e+000
  7.6298197e+000  6.0488025e+000
  7.7012576e+000  6.3255125e+000
  1.6065002e+000  5.2314399e+000
  2.1465322e+000  6.1332679e+000
  4.4177584e+000  3.8863243e+000
  6.5140249e+000  7.9078723e+000
  3.4673418e+000  1.6794179e+000
  7.3569776e+000  1.7202199e+000
  2.5856784e+000  1.0540415e+000
  7.2321450e+000  8.8972461e-001
  2.3248778e+000  6.2248463e+000
  1.3191226e+000  8.2838698e+000
  1.2897734e+000  3.7650784e+000
  8.3296895e+000  5.1992073e+000
  2.5248428e+000  2.2385305e+000
  7.9803056e+000  2.4456247e+000
  5.4330016e+000  4.7048473e+000
  2.3152050e+000  6.7657180e+000
  2.6765174e+000  2.9670069e+000
  2.2480318e+000  2.3087288e+000
  3.7340724e+000  7.9066195e+000
  7.6139902e+000  5.4439252e+000
  7.4699961e+000  9.6177198e-001
  3.4635712e+000  8.4666717e+000
  6.6734642e+000  7.2314589e+000
  5.4041078e+000  4.2222596e+000
  3.3321221e+000  2.5389777e+000
  5.5895870e+000  3.2707522e+000
  2.3594265e+000  4.4126522e+000
  6.0022971e+000  2.9883338e+000
  8.6677895e+000  6.2615333e+000
  7.3742563e+000  2.1746514e+000
  6.6513739e+000  2.1405981e+000
  7.0355508e+000  6.6573183e+000
  8.0593059e+000  8.3149083e+000
  8.9424070e+000  2.3076938e+000
  1.7578591e+000  7.1082457e+000
  2.1281047e+000  6.3786451e+000
  5.2969478e+000  5.2323512e+000
  8.5195875e+000  2.6785338e+000
  4.9270416e+000  3.6974545e+000
  5.8692238e+000  2.5661317e+000
  4.9723629e+000  2.9259726e+000
  1.6713154e+000  6.2339760e+000
  2.4573037e+000  5.2370070e+000
  5.3163566e+000  3.8303947e+000
  7.9241146e+000  1.7894948e+000
  5.3617681e+000  3.8108218e+000
  1.7202985e+000  7.4649650e+000
  8.1727878e+000  8.0065608e+000
  3.1675672e+000  7.8864130e+000
  2.9219298e+000  2.4039716e+000
  7.2571469e+000  6.4114254e+000
  7.2558015e+000  5.9791313e+000
  5.8413818e+000  6.8799260e+000
  6.6122186e+000  8.0748409e+000
  4.8306447e+000  3.2655465e+000
  8.4266666e+000  6.7100453e+000
  6.6874904e+000  4.7562287e+000
  1.4712464e+000  8.4081080e+000
  6.1470996e+000  2.8138556e+000
  7.9832619e+000  7.2745577e+000
  7.5808111e+000  8.2676075e+000
  7.7871001e+000  3.5060767e+000
  7.5853669e+000  6.0816645e+000
  1.5426360e+000  8.1018893e+000
  5.2692625e+000  2.8605212e+000
  7.3627113e+000  6.5960036e+000
  7.7957338e+000  2.7964217e+000
  7.5203994e+000  2.6531990e+000
  1.8781541e+000  7.1197895e+000
  2.8846656e+000  7.9716916e+000
  4.2367897e+000  7.9062177e+000
  1.7897531e+000  1.7803039e+000
  2.0620222e+000  6.5754678e+000
  7.3208214e+000  5.5473077e+000
  5.4111212e+000  3.3120218e+000
  2.0330062e+000  1.8299431e+000
  3.1897731e+000  7.8293675e+000
  5.1608374e+000  3.8242923e+000
  3.3919490e+000  5.1679823e+000
  2.4197602e+000  2.2059205e+000
  6.9227160e+000  7.6264720e+000
  5.2927382e+000  2.3441739e+000
  5.5596682e+000  2.2004667e+000
  3.3377993e+000  8.0218680e+000
  7.4227095e+000  5.2632882e+000
  4.6509307e+000  3.5611123e+000
  5.0901873e+000  7.7691816e+000
  6.5005234e+000  6.5489544e+000
  2.4558408e+000  2.1106407e+000
  2.6837024e+000  1.9401906e+000
  1.9822145e+000  3.4861367e+000
  1.9057476e+000  4.4161245e+000
  6.6198783e+000  6.2686178e+000
  7.1628286e+000  7.5749036e+000
  2.8836813e+000  1.9009113e+000
  7.1369741e+000  8.2996276e+000
  2.5955921e+000  3.3290159e+000
  4.7011317e+000  2.7831961e+000
  3.4400913e+000  8.0609631e+000
  4.6950512e+000  3.0517531e+000
  8.3271470e+000  5.9644447e+000
  7.5850212e+000  2.2784481e+000
  1.4078014e+000  7.8287129e+000
  6.9149603e+000  7.1472245e+000
  7.8703839e+000  2.1762614e+000
  1.3049549e+000  6.1750187e+000
  5.5486596e+000  4.5654556e+000
  7.1441897e+000  7.4764188e+000
  6.3248888e+000  6.0414489e+000
  7.4399028e+000  1.2245032e+000
  7.0004958e+000  6.5201930e+000
  6.6637845e+000  7.3287172e+000
  2.2432611e+000  7.1972275e+000
  6.0914936e+000  2.5310423e+000
  4.1802251e+000  2.7399858e+000
  3.4175004e+000  8.0025096e+000
  4.8659723e+000  3.0372763e+000
  7.5051934e+000  6.4368142e+000
  2.7715198e+000  1.7113497e+000
  1.6724825e+000  4.4843112e+000
  5.5112714e+000  3.5976640e+000
  4.3094202e+000  6.4255625e+000
  1.5182867e+000  4.9928755e+000
  5.2388902e+000  3.6014555e+000
  7.2784612e+000  6.2842230e+000
  8.4997149e+000  7.9483072e+000
  1.3704534e+000  3.9356626e+000
  7.4010145e+000  7.7613722e+000
  4.5977030e+000  2.9630268e+000
  6.5174093e+000  7.0146015e+000
  5.4159558e+000  3.3184690e+000
  3.4434744e+000  2.4381016e+000
  7.4085788e+000  8.5993818e-001
  2.8455535e-001  7.6709510e+000
  2.2240172e+000  2.9052835e+000
  3.4883996e+000  1.5737281e+000
  7.9347272e+000  3.2260384e+000
  1.7341211e+000  6.2236498e+000
  4.1221394e+000  8.2073728e+000
  1.3171546e+000  4.2356683e+000
  5.1519334e+000  3.8947591e+000
  6.6576502e+000  6.3043519e+000
  7.2597200e+000  2.0754033e+000
  5.6508180e+000  2.2679384e+000
  5.3821830e+000  3.7186650e+000
  4.7701166e+000  3.3914548e+000
  1.6205501e+000  8.2835943e+000
  8.0720926e+000  7.7170947e+000
  2.9050237e+000  1.1243965e+000
  7.4438692e+000  1.7595481e+000
  7.5020546e+000  6.5255341e+000
  8.3350826e+000  5.3598449e+000
  6.8624887e+000  6.8530509e+000
  2.0784002e+000  6.2222390e+000
  8.2726361e+000  7.6348022e+000
  3.3504671e+000  2.6581752e+000
  1.7775065e+000  7.3981619e+000
  2.3550715e+000  7.6129993e+000
  3.8876833e+000  8.2402150e+000
  8.5784961e+000  2.7957841e+000
  7.3993727e+000  6.4870058e+000
  5.6325921e+000  3.5541290e+000
  1.3931976e+000  7.7302366e+000
  2.8062955e+000  2.3804992e+000
  6.2762748e+000  6.0813004e+000
  7.4826742e+000  6.0662001e+000
  4.5681744e-001  6.8131000e+000
  6.7964240e+000  5.9524283e+000
  7.9451887e+000  2.7391421e+000
  2.1669052e+000  7.4377101e+000
  5.4528952e+000  2.2529460e+000
  7.1645100e+000  6.4288351e+000
  3.3124358e+000  8.2199624e+000
  1.7033161e+000  7.5451070e+000
  5.3177453e+000  3.8343848e+000
  5.1257384e+000  3.2860619e+000
  2.0795197e+000  2.4008313e+000
  5.5138360e+000  3.6099561e+000
  2.1116348e+000  6.0333633e+000
  3.4905022e+000  7.9848677e+000
  5.8877639e+000  6.9300483e+000
  8.7029082e+000  8.2817416e+000
  2.1085253e+000  6.5353231e+000
  5.3764155e+000  3.9257587e+000
  4.2356450e+000  2.9651434e+000
  1.8577146e+000  7.8457196e+000
  3.5752875e+000  8.3870654e+000
  3.1951057e+000  4.4602928e+000
  6.9952908e+000  6.5170743e+000
  8.5196884e+000  7.5548430e+000
  6.1943269e+000  1.4764149e+000
  2.2824503e+000  2.4091874e+000
  8.4751261e+000  8.1004825e+000
  7.4783274e+000  1.5523895e+000
  2.0579902e+000  7.0819646e+000
  2.0772039e+000  7.4982113e+000
  1.8871622e+000  7.2153593e+000
  7.7785282e+000  1.9765448e+000
  6.7327222e+000  6.2078935e+000
  6.1995074e+000  6.7331925e+000
  3.0022165e+000  5.5863081e+000
  6.9974250e+000  1.9255245e+000
  6.6533569e+000  6.9203918e+000
  7.3221575e+000  5.8854304e+000
  8.4155987e+000  3.4262933e+000
  7.1206045e+000  6.8074433e+000
  6.9951743e+000  1.8892229e+000
  6.8865154e+000  5.7596101e+000
  3.6886165e+000  8.3101903e+000
  5.0573167e+000  2.9662659e+000
  1.9513725e+000  7.1979360e+000
  6.9404418e+000  5.4529543e+000
  6.2800912e+000  7.4815698e+000
  8.3822958e+000  6.2945424e+000
  3.6972037e+000  5.5847482e+000
  1.3448750e+000  6.4339147e+000
  2.6529910e+000  3.0869025e+000
  6.8895502e+000  6.2616194e+000
  3.3527168e+000  8.0413561e+000
  7.5097237e+000  6.3134955e+000
  1.9748951e+000  7.2728393e+000
  2.4350638e+000  2.1394248e+000
  3.7898500e+000  5.6472778e+000
  3.2304938e+000  1.3311957e+000
  1.4895857e+000  4.1722016e+000
  1.9369880e+000  2.4576077e+000
  1.9336136e+000  3.6798906e+000
  8.3502744e+000  3.0674824e+000
  5.0209214e+000  3.7767042e+000
  2.4375220e+000  4.2317913e+000
  1.5599547e+000  3.0672200e+000
  4.6322486e+000  5.8196957e+000
  8.2946305e+000  5.4406948e+000
  7.3634913e+000  1.4124954e+000
  6.9642007e+000  6.9551579e+000
  3.5329409e+000  1.9324305e+000
  5.5766003e+000  3.2488974e+000
  5.3083943e+000  4.5216198e+000
  1.6609579e+000  4.9599140e+000
  2.8972043e+000  3.2327545e+000
  7.2854297e+000  5.3579257e+000
  5.9220720e+000  2.5707609e+000
  4.8492500e+000  3.2828525e+000
  1.8810305e+000  8.1849633e+000
  7.1595586e+000  1.5998328e+000
