  5.0273574e+000  4.0395125e+000
  6.7539661e+000  7.8826524e+000
  9.6773636e-001  6.8304949e+000
  7.7278870e+000  2.4707050e+000
  6.9676140e+000  6.0562401e+000
  6.0006357e+000  6.5937720e+000
  8.4523076e+000  2.8432684e+000
  2.8447853e+000  1.3734835e+000
  2.7236196e+000  4.6827226e+000
  1.4992509e+000  6.5601851e+000
  7.0521132e+000  7.6999443e+000
  2.8360691e+000  4.5346983e+000
  7.6479283e+000  5.8697153e+000
  2.5650564e+000  1.5553126e+000
  5.2203282e+000  3.0854240e+000
  8.0825533e+000  6.0429289e+000
  3.8026058e+000  8.5623704e+000
  8.2240686e+000  7.4381244e+000
  7.6834603e+000  1.8814365e+000
  5.8994437e+000  8.2591633e+000
  6.4007938e+000  7.5028238e+000
  3.9811899e+000  7.6027477e+000
  6.2998386e+000  2.5905960e+000
  5.2091328e+000  3.2923024e+000
  5.6669773e+000  5.3171640e+000
  7.2780721e+000  5.8419972e+000
  1.9089952e+000  7.1371055e+000
  8.5731520e+000  2.5975181e+000
  8.6912905e+000  6.3240387e+000
  5.9398292e+000  3.9801506e+000
  7.7817696e+000  6.0520599e+000
  7.5255846e+000  2.9184044e+000
  2.6757628e+000  2.3918488e+000
  1.4539941e+000  4.4836488e+000
  3.7674581e+000  1.3629830e+000
  7.7461325e+000  5.6757563e+000
  7.0020297e+000  8.0300898e+000
  1.4839857e+000  6.6867375e+000
  3.7214029e+000  8.8309030e+000
  7.2230415e+000  2.9758682e+000
  1.8129916e+000  2.7158302e+000
  6.8500528e+000  2.0981187e+000
  2.8868370e+000  1.8966638e+000
  7.6835442e+000  1.7494529e+000
  1.5538782e+000  5.0147328e+000
  2.7822015e+000  9.0588323e+000
  1.4424087e+000  4.0269615e+000
  5.9617050e+000  8.3724804e+000
  8.5946939e+000  2.0078324e+000
  1.9951678e+000  7.3474960e+000
  8.9028683e+000  2.0679145e+000
  3.9481877e+000  8.6758230e+000
  8.7666716e+000  6.1294100e+000
  6.7041784e+000  7.5079834e+000
  7.1302054e+000  6.5474361e+000
  6.8120746e+000  5.0477378e+000
  1.4723439e+000  4.3709317e+000
  6.3375368e+000  8.1948561e+000
  2.1624790e+000  4.0865753e+000
  8.0011348e+000  5.7550702e+000
  1.2297878e+000  4.3951740e+000
  2.0834928e+000  7.2277600e+000
  5.0828265e+000  3.3718731e+000
  8.7797818e+000  1.2075588e+000
  8.4541509e+000  5.8511047e+000
  1.6055803e+000  1.7507366e+000
  5.9846174e+000  6.7123280e+000
  5.2114882e+000  3.2664241e+000
  1.6572984e+000  7.7711544e+000
  6.2785708e+000  6.3635911e+000
  5.2456477e+000  3.5188191e+000
  1.8852429e+000  3.8482782e+000
  2.8463584e+000  7.1680544e+000
  1.8389975e+000  4.0139082e+000
  7.8681515e+000  5.9377087e+000
  4.7753354e+000  3.4545256e+000
  7.6730124e+000  2.9202611e+000
  3.0235926e+000  8.4436508e+000
  4.9878213e+000  2.3596172e+000
  3.6385488e+000  2.0467535e+000
  6.3957207e+000  7.0999655e+000
  7.0974576e+000  8.0995454e+000
  3.4417943e+000  8.3041942e+000
  7.8223310e+000  2.3646738e+000
  4.3826444e+000  2.6848865e+000
  5.6277194e+000  3.4443126e+000
  2.0872209e+000  2.7435454e+000
  3.1695194e+000  1.1881829e+000
  5.0281052e+000  2.3055132e+000
  9.2697859e+000  3.2729502e+000
  4.2825093e+000  6.9485611e+000
  2.5706203e+000  1.7527669e+000
  2.9575965e+000  2.2606834e+000
  7.9151955e+000  2.6408732e+000
  3.2852406e+000  2.4584702e+000
  7.1619242e+000  2.5379468e+000
  2.5952782e+000  4.6092334e+000
  1.9792934e+000  7.4632728e+000
  2.4126300e+000  1.8333899e+000
  3.5087135e+000  1.3978464e+000
  6.6538697e+000  6.1295358e+000
  2.0856453e+000  1.2951713e+000
  8.9569421e+000  2.1470397e+000
  6.6092272e+000  7.1507367e+000
  8.0859103e+000  2.3292174e+000
  1.2420475e+000  6.7743582e+000
  2.2596656e+000  1.3587789e+000
  1.5951439e+000  4.1277514e+000
  4.7810578e+000  3.8107620e+000
  1.8893198e+000  7.2142150e+000
  4.9571926e+000  3.8172570e+000
  8.4780577e+000  3.0183151e+000
  7.8162043e+000  2.5677431e+000
  2.4223665e+000  6.4332273e+000
  1.6176394e+000  4.4429095e+000
  8.5754525e+000  6.6282159e+000
  8.5433073e+000  5.8219348e+000
  5.0312486e+000  4.0718176e+000
  5.6096080e+000  3.6308792e+000
  1.3152103e+000  7.4750482e+000
  6.5639002e+000  7.3450334e+000
  3.5879980e+000  5.5647785e+000
  4.4806305e+000  3.0121571e+000
  8.6540841e+000  6.0875480e+000
  2.7451364e+000  1.3995578e+000
  2.2947396e+000  7.0833347e+000
  3.5369733e+000  6.3861500e+000
  1.8811817e+000  6.6237000e+000
  2.9597186e+000  2.1629125e+000
  6.3963091e+000  6.3061663e+000
  2.6432142e+000  2.3523229e+000
  5.5641032e+000  3.0177589e+000
  8.4381464e+000  5.7338636e+000
  3.5375163e+000  8.0474629e+000
  3.4436387e+000  1.4073517e+000
  3.0342710e+000  2.2746957e+000
  2.9022879e+000  2.0454209e+000
  1.6539850e+000  2.2902640e+000
  1.5177481e+000  4.2740902e+000
  4.5846503e+000  3.6933227e+000
  1.6528656e+000  6.4669348e+000
  2.7710188e+000  9.9363248e-001
  7.4391667e+000  5.7620822e+000
  7.5278967e+000  1.3901384e+000
  1.4928100e+000  7.2662386e+000
  4.7137616e+000  3.5810870e+000
  8.0329229e+000  5.4946447e+000
  1.3690850e+000  8.0063993e+000
  6.7900448e+000  6.3863278e+000
  8.1234478e+000  8.0955263e+000
  8.3513357e+000  7.7899727e+000
  8.8540863e+000  6.2239906e+000
  1.6424705e+000  5.0513109e+000
  4.9737815e+000  4.1988280e+000
  3.2893833e+000  9.5499443e-001
  4.6951965e+000  6.0174105e+000
  8.7864871e+000  8.3070426e+000
  1.8330675e+000  1.8522561e+000
  3.4997973e+000  1.4939220e+000
  6.9979990e+000  6.1177980e+000
  1.7194200e+000  8.1341001e+000
  3.4193150e+000  9.2316261e+000
  3.0788810e+000  9.4378306e-001
  7.8777036e+000  1.7532130e+000
  2.8677218e+000  1.2314709e+000
  1.3147148e+000  7.0036821e+000
  5.3541986e+000  2.8119049e+000
  7.7447627e+000  1.7077808e+000
  6.2875429e+000  3.7658569e+000
  5.1414235e+000  3.5836658e+000
  6.4427108e+000  7.2084152e+000
  2.0818379e+000  4.0885270e+000
  3.6783906e+000  1.7067988e+000
  8.5828919e-001  6.9271185e+000
  3.1398913e+000  7.7246172e+000
  1.9673059e+000  6.3755945e+000
  6.5036473e+000  6.1621054e+000
  1.6047916e+000  6.4557799e+000
  7.9405941e+000  2.2013316e+000
  3.5129642e+000  7.0630228e+000
  3.3453374e+000  3.1103310e+000
  1.5237289e+000  1.9109331e+000
  5.2947213e+000  2.8963821e+000
  7.5092152e+000  1.6184625e+000
  8.9148116e+000  8.3933737e+000
  2.6327756e+000  2.2243570e+000
  5.1698735e+000  3.7382463e+000
  6.4804654e+000  7.7071594e+000
  8.8652361e+000  6.0289600e+000
  6.5729722e+000  7.1305210e+000
  8.2125731e+000  5.7843623e+000
  3.5209869e+000  1.3440145e+000
  6.9398600e+000  8.1400917e+000
  7.8796462e+000  8.1473320e+000
  1.4639417e+000  7.9430650e+000
  5.2097417e+000  3.4076500e+000
  8.0015580e+000  3.0762812e+000
  8.0099132e+000  5.3878584e+000
  8.6891009e+000  5.4125623e+000
  8.5900948e+000  2.5791040e+000
  3.0968875e+000  8.3113945e+000
  8.7179376e+000  8.4290988e+000
  6.6149561e+000  7.6819463e+000
  3.4221294e+000  1.0007156e+000
  4.9230681e+000  4.4805251e+000
  8.5123332e+000  3.0903917e+000
  7.7169647e+000  1.3322744e+000
  6.8008454e+000  6.5747377e+000
  8.0457985e+000  6.2920626e+000
  6.5383558e+000  7.2102234e+000
  7.7659602e+000  1.7773714e+000
  1.8432995e+000  7.3722071e+000
  5.6394540e+000  3.8403938e+000
  5.6252150e+000  2.4471762e+000
  9.2392883e-001  7.3220843e+000
  8.3488508e+000  1.9043657e+000
  6.9028341e+000  7.0500720e+000
  5.5761069e+000  2.9610841e+000
  5.5868501e+000  2.7082350e+000
  7.8439948e+000  1.6807554e+000
  7.6896771e+000  1.7358552e+000
  2.0068557e+000  6.9401768e+000
  1.3632751e+000  4.7497591e+000
  6.3682332e+000  6.9301263e+000
  4.3818037e+000  6.1038057e+000
  2.5274134e+000  2.0638737e+000
  2.7527453e+000  1.2574176e+000
  8.0252708e+000  2.9872551e+000
  1.5548145e+000  6.7129754e+000
  3.6861650e+000  9.1344906e-001
  5.2178805e+000  3.9011264e+000
  6.4367395e+000  6.1253362e+000
  3.4198850e+000  8.0622467e+000
  8.5802723e+000  2.8518300e+000
  6.6320337e+000  7.4576563e+000
  5.3836491e+000  3.3866768e+000
  1.7658881e+000  2.4111856e+000
  3.2946930e+000  4.5279164e+000
  2.1402286e+000  1.1692366e+000
  8.2850723e+000  8.4927759e+000
  5.3779028e+000  2.8712760e+000
  1.4328719e+000  4.3289995e+000
  7.6172136e+000  5.3595517e+000
  2.1670372e+000  4.5523739e+000
  5.1315119e+000  2.7202987e+000
  6.3984998e+000  7.4426821e+000
  7.6783812e+000  1.9753793e+000
  7.7388062e+000  5.9608433e+000
  2.8674068e+000  8.2437521e+000
  1.4973257e+000  7.9202520e+000
  5.4226587e+000  3.3384839e+000
  7.9628574e+000  5.9472442e+000
  5.0725430e+000  3.3434650e+000
  6.7150361e+000  6.2267642e+000
  3.1896154e+000  3.4425644e+000
  6.5202022e+000  6.1683580e+000
  2.6717362e+000  1.6105787e+000
  9.0592311e+000  5.1543667e+000
  7.5600400e+000  5.9548100e+000
  1.2512732e+000  6.4794343e+000
  1.6119654e+000  7.1815143e+000
  3.8567292e+000  8.5014337e+000
  2.5234265e+000  6.3497314e+000
  3.3000184e+000  8.3404004e+000
  8.6166013e+000  2.0137896e+000
  6.6654249e+000  6.4515076e+000
  6.4173122e+000  6.9973681e+000
  6.6929477e+000  7.5924986e+000
  8.6792685e+000  2.5133930e+000
  8.3987301e+000  2.6138220e+000
  6.6013112e+000  6.5710874e+000
  1.8036299e+000  4.6127634e+000
  5.1759084e+000  2.9841426e+000
  7.7558005e+000  5.6482020e+000
  3.8086383e+000  2.8204763e+000
  5.3266451e+000  3.3998596e+000
  3.8765973e+000  8.8272313e+000
  2.7410212e+000  3.7517855e+000
  4.1344290e+000  8.6318453e+000
  2.3751695e+000  7.6147681e+000
  1.4535611e+000  4.2061830e+000
  8.4897450e+000  5.7231896e+000
  6.2221971e+000  3.0460840e+000
  8.4768657e+000  5.9844895e+000
  2.0529889e+000  4.5521503e+000
  7.4387077e+000  7.5633872e+000
  7.1262256e+000  1.9937964e+000
  8.8038489e+000  2.9945330e+000
  7.6305502e+000  2.6330307e+000
  5.2344332e+000  3.2315842e+000
  3.3360399e+000  8.0059462e+000
  1.5224203e+000  4.0671842e+000
  7.7584041e+000  6.2505361e+000
  8.1562669e+000  5.7838982e+000
  6.5551108e+000  8.3437819e+000
  6.8076658e+000  7.0386907e+000
  2.9098707e+000  4.2508919e+000
  7.6404561e+000  2.7570585e+000
  4.8741605e+000  4.0435012e+000
  1.6303906e+000  2.0863662e+000
  5.1446323e+000  7.3468936e+000
  5.2984439e+000  2.8517076e+000
  5.0311512e+000  5.5199000e+000
  5.9495188e+000  6.5771524e+000
  7.4523146e+000  7.6386041e+000
  8.4605520e+000  1.5786517e+000
  7.9027343e+000  1.5331830e+000
  2.6321147e+000  1.5451452e+000
  8.3817134e+000  8.3713739e+000
  2.4359494e+000  1.6750051e+000
  3.6689168e+000  1.2198026e+000
  2.4291929e+000  2.3169630e+000
  2.0280744e+000  7.3707883e+000
  7.5824239e+000  1.4308644e+000
  1.8173324e+000  4.2678717e+000
  6.9283075e+000  4.9494955e+000
  8.1994150e+000  2.6853691e+000
  4.4619772e+000  3.2283094e+000
  5.4219428e+000  4.7555252e+000
  1.7908843e+000  2.6793534e+000
  2.9174577e+000  1.1288127e+000
  8.0620674e+000  1.8466366e+000
  5.3293835e+000  2.8776351e+000
  2.5377140e+000  1.7096168e+000
  8.8113393e+000  7.6520788e+000
  3.2833064e+000  8.3336445e+000
  6.3833602e+000  7.0413455e+000
  8.6154320e+000  8.0765038e+000
  7.5606228e+000  2.1764646e+000
  7.9153463e+000  1.7350049e+000
  8.0435396e+000  2.8511312e+000
  8.6196477e+000  8.0592491e+000
  5.4984487e+000  3.8410556e+000
  7.9401460e+000  1.6348951e+000
  8.3842249e+000  6.1004313e+000
  8.6965939e+000  5.6982242e+000
  1.8458183e+000  6.2579035e+000
  7.6909852e+000  2.1460892e+000
  3.2740032e+000  8.2487912e+000
  1.6735775e+000  7.8347489e+000
  6.3822706e+000  6.2486125e+000
  2.4818030e+000  7.3502184e+000
  5.0337295e+000  3.2824456e+000
  2.6297895e+000  2.8455635e+000
  7.7653008e+000  5.8158768e+000
  3.2436281e+000  8.1001834e+000
  6.7918663e+000  6.2352170e+000
  5.6298418e+000  3.1176561e+000
  6.2161519e+000  4.7611681e+000
  4.1481193e+000  6.5277595e+000
  1.8711782e+000  4.1011672e+000
  1.7246127e+000  2.2143830e+000
  2.5754763e+000  8.5962931e+000
  7.4669081e+000  2.0108790e+000
  1.4735196e+000  4.1879662e+000
  8.1686416e+000  3.1655582e+000
  7.8280034e+000  5.4510799e+000
  2.5301307e+000  8.0765926e+000
  6.6111327e+000  7.8905695e+000
  1.9234663e+000  7.0810650e+000
  2.2927130e+000  4.5164008e+000
  8.0314187e+000  5.4935076e+000
  8.5960802e+000  2.9978102e+000
  2.3972457e+000  1.5660851e+000
  7.0992301e-001  8.0514830e+000
  6.7451264e+000  6.0047547e+000
  2.7363613e+000  1.3641875e+000
  5.4568826e+000  2.1949958e+000
  7.1341505e+000  5.2486190e+000
  1.5658407e+000  7.9385956e+000
  7.9276084e+000  5.6979629e+000
  8.7671180e+000  1.7101817e+000
  3.8188271e+000  8.8370277e+000
  7.8394384e+000  1.7869635e+000
  6.4627213e+000  7.0671286e+000
  3.3986036e+000  1.4635556e+000
  7.8656505e+000  5.4530416e+000
  3.4501081e+000  8.9056640e+000
  7.5796642e+000  1.7451493e+000
  8.1653979e+000  3.1987396e+000
  8.3634115e+000  8.3979127e+000
  2.7350956e+000  1.3855814e+000
  5.6487498e+000  2.6646617e+000
  1.4388324e+000  8.2603564e+000
  4.9120617e+000  3.1994781e+000
  8.9235243e+000  1.6874288e+000
  3.4293163e+000  2.1240135e+000
  1.9768978e+000  2.9432047e+000
  8.0544609e+000  7.9635165e+000
  2.8072340e+000  4.4546224e+000
  1.2408304e+000  4.5796968e+000
  8.3361094e+000  5.7729827e+000
  7.4435504e+000  5.7317958e+000
  7.7098622e+000  6.1635280e+000
  5.7167865e+000  3.4512065e+000
  1.7581027e+000  6.7136857e+000
  1.9295796e+000  5.0464348e+000
  1.9561361e+000  1.3216005e+000
  2.0786091e+000  6.8604573e+000
  6.7511765e+000  6.2904802e+000
  2.6111445e+000  4.7304776e+000
  3.2263489e+000  8.2502329e+000
  4.8611098e+000  3.3092210e+000
  1.7255446e+000  1.7622429e+000
  2.6503921e+000  1.2708326e+000
  5.4638253e+000  2.7806616e+000
  5.4854870e+000  5.2463121e+000
  8.6027385e+000  8.2995511e+000
  3.4695980e+000  8.6930734e+000
  6.5264273e+000  6.0004732e+000
  4.1980517e+000  7.6507402e+000
  1.3011602e+000  6.4137278e+000
  2.3501842e+000  2.2580158e+000
  2.2186720e+000  7.4686816e+000
  3.1735079e+000  8.4307383e+000
  2.5975488e+000  1.5941989e+000
  7.3102712e+000  3.0922869e+000
  3.3003428e+000  7.6610608e+000
  5.4297791e+000  3.0656727e+000
  7.7305133e+000  1.8422686e+000
  1.5624899e+000  4.9229059e+000
  1.3181315e+000  3.9446297e+000
  4.3732251e+000  4.8683055e+000
  6.9894588e+000  8.1408997e+000
  3.4266408e+000  1.8191344e+000
  4.2973788e+000  5.6416014e+000
  4.8446750e+000  2.6823591e+000
  6.8537380e+000  5.0535372e+000
  7.6183534e+000  1.3407770e+000
  1.8264600e+000  2.5329630e+000
  8.6019041e+000  4.2953926e+000
  1.9107143e+000  6.9311352e+000
  8.8755477e+000  1.5102296e+000
  3.3490360e+000  7.8418898e+000
  7.6854878e+000  8.4016019e+000
  7.5503394e+000  8.0287069e+000
  7.9736862e+000  5.7102083e+000
  7.2599601e+000  5.9160063e+000
  6.2808359e+000  5.7635802e+000
  8.0321477e+000  5.9687051e+000
  3.1168059e+000  7.5253009e-001
  6.6553617e+000  8.0590937e+000
  6.6354642e+000  6.8861360e+000
  3.0447501e+000  1.2051903e+000
  5.4283658e+000  2.7571156e+000
  1.5172849e+000  7.1794434e+000
  3.6613535e+000  1.2050644e+000
  3.4925646e+000  9.0949532e+000
  1.4936427e+000  7.9892726e+000
  2.6701601e+000  2.4554543e+000
  2.3841014e+000  7.4287422e+000
  6.7787122e+000  6.6931822e+000
  7.2619525e+000  5.5021528e+000
  3.0208331e+000  7.6059066e-001
  8.4124402e+000  7.7806909e+000
  3.0704339e+000  8.0348690e+000
  7.9910583e+000  6.1191324e+000
  7.4750575e+000  1.8111739e+000
  2.5193095e+000  1.6188912e+000
  9.1707076e+000  3.3101382e+000
  3.8387667e+000  2.1953455e+000
  8.0106520e+000  7.6004181e+000
  1.6447735e+000  1.9999241e+000
  2.6213210e+000  2.7884280e+000
  7.9323831e+000  3.3206920e+000
  7.9933031e+000  5.3945729e+000
  2.2609968e+000  1.3713926e+000
  1.6763599e+000  6.4733345e+000
  1.7564776e+000  7.3402964e+000
  1.9081289e+000  7.4028380e+000
  5.3177739e+000  3.4527651e+000
  8.7477059e+000  6.1613615e+000
  2.1620830e+000  3.9059635e+000
  7.8617893e+000  7.7184614e+000
  1.7927409e+000  7.3164348e+000
  2.2653358e+000  2.5542338e+000
  7.8596280e+000  3.2775245e+000
  6.7350320e+000  7.6023057e+000
  4.6405455e+000  5.9614648e+000
  7.1429194e+000  5.6095075e+000
  6.5461269e+000  7.6249272e+000
  5.5618531e+000  3.8495840e+000
  7.9282569e+000  2.7831160e+000
  2.5578905e+000  5.1345850e+000
  7.2996962e+000  5.6374848e+000
  7.4985394e+000  5.4796784e+000
  4.9552056e+000  2.7829764e+000
  8.6465782e+000  2.4401796e+000
  5.7244623e+000  2.7778010e+000
  5.0426310e+000  7.4081767e+000
  2.9170160e+000  8.2876044e+000
  7.6777564e+000  5.4330577e+000
  6.6623906e+000  7.8974652e+000
  2.8724267e+000  8.0078747e+000
  5.3788643e+000  8.9960313e+000
  6.3017399e+000  7.7541513e+000
  6.4993181e+000  6.4741917e+000
  7.1236920e+000  3.0414927e+000
  8.6095964e+000  5.5701755e+000
  2.8951697e+000  2.6166616e+000
  8.0197143e+000  6.1271613e+000
  8.5799546e+000  6.2134682e+000
  8.8017547e+000  8.3109011e+000
  4.9090815e+000  2.8068007e+000
  1.5647219e+000  4.4793106e+000
  2.6018941e+000  3.8441198e+000
  1.8323779e+000  2.2366030e+000
  3.3712295e+000  1.2686832e+000
  1.7496388e+000  7.3437772e+000
  1.6605684e+000  6.6565888e+000
  7.8839130e+000  5.3591640e+000
  1.4974844e+000  8.0331029e+000
  1.5176127e+000  6.8390749e+000
  5.8832002e+000  2.5733304e+000
  4.0787839e+000  8.4902590e+000
  6.4474739e+000  7.2745059e+000
  7.6976240e+000  3.0241427e+000
  8.0043734e+000  2.3884417e+000
  8.0360472e+000  1.2729064e+000
  1.8456270e+000  8.4685099e+000
  7.9841441e+000  2.3433958e+000
  5.0841236e+000  1.6792934e+000
  1.7428782e+000  7.4063542e+000
  8.9829235e+000  7.4894617e+000
  1.9455061e+000  7.1911016e+000
  5.0871670e+000  2.8594880e+000
  3.2580410e+000  2.1656716e+000
  4.7691457e+000  3.0349830e+000
  7.1166461e+000  7.3086802e+000
  1.6524454e+000  7.8034224e+000
  7.4313286e+000  1.5178468e+000
  7.0406421e+000  6.2022902e+000
  6.5331153e+000  6.3632052e+000
  1.6587684e+000  1.0337028e+000
  3.6161834e+000  8.1074176e+000
  3.3669838e+000  2.3741828e+000
  2.5701283e+000  8.0412478e+000
  8.3903514e+000  1.7808938e+000
  8.7834033e+000  5.9252463e+000
  8.0774472e+000  8.0434552e+000
  1.3810759e+000  1.5673902e+000
  5.5967853e+000  6.0291596e+000
  9.2185615e-001  6.0356577e+000
  7.9999451e+000  5.7845061e+000
  5.6642853e+000  3.8114737e+000
  2.0750217e+000  4.0108743e+000
  6.7040566e+000  4.6555118e+000
  2.2975703e+000  7.8420585e+000
  3.8100988e+000  8.4408431e+000
  7.6504245e+000  6.2579726e+000
  1.6527305e+000  4.9558773e+000
  8.6183538e+000  7.5796820e+000
  6.8029322e+000  6.7401482e+000
  5.2633834e+000  3.0739858e+000
  7.2156193e+000  6.1290004e+000
  2.9451951e+000  8.2016577e+000
  1.4430589e+000  4.7101425e+000
  3.0589837e+000  7.8207059e-001
  1.8793595e+000  1.3516234e+000
  1.7940002e+000  3.8828118e+000
  4.9915874e+000  3.4883982e+000
  1.0759859e+000  4.4271716e+000
  6.7047812e+000  6.9565855e+000
  6.7027854e+000  7.7037243e+000
  2.2572811e+000  3.9738009e+000
  4.7949797e+000  7.4960209e+000
  7.9414647e+000  1.5271148e+000
  2.3793403e+000  2.2815068e+000
  1.4435046e+000  6.4815783e+000
  1.5625228e+000  4.9468254e+000
  8.2866253e+000  7.8425436e+000
  2.9444459e+000  2.2129944e+000
  6.2402966e+000  7.9208627e+000
  1.2103488e+000  4.4576186e+000
  5.6651647e+000  3.6711640e+000
  7.6431106e+000  1.3632135e+000
  8.1138615e+000  5.5482383e+000
  3.6699419e-001  7.0737718e+000
  8.2932064e+000  2.2727943e+000
  8.1344731e+000  5.7605875e+000
  6.2162549e-001  7.6839962e+000
  4.5611499e+000  2.9698761e+000
  6.3519739e+000  4.4090498e+000
  6.7142896e+000  6.9025899e+000
  1.9084123e+000  7.2102561e+000
  3.5835457e+000  1.7613673e+000
  1.4069301e+000  4.0095768e+000
  8.2967654e+000  5.9285790e+000
  8.7371486e+000  2.5993197e+000
  2.4514052e+000  4.1878283e+000
  1.7521981e+000  6.9172141e+000
  8.2607164e+000  6.2406520e+000
  2.3420089e+000  7.0869441e+000
  1.6559159e+000  7.9047352e+000
  8.3385605e+000  5.7666569e+000
  3.2978858e+000  2.1504545e+000
  8.6411731e+000  6.1034481e+000
  6.3280408e+000  6.9896490e+000
  8.7784548e+000  8.0309294e+000
  6.4584428e+000  6.0967180e+000
  2.5916014e+000  1.5237393e+000
  2.1266992e+000  7.5886597e+000
  7.5941980e+000  8.6493034e+000
  2.5723564e+000  4.8733191e+000
  5.6411694e+000  2.6940037e+000
  2.2144566e+000  1.9367805e+000
  5.1060786e+000  2.1429813e+000
  1.4926954e+000  1.9969440e+000
  1.1589628e+000  7.4106201e+000
  1.5518146e+000  1.2055016e+000
  7.5969548e+000  3.3191065e+000
  1.9546052e+000  7.2443432e+000
  8.1915893e+000  2.8078329e+000
  8.3694265e+000  3.3226910e+000
  6.5218873e+000  7.5756465e+000
  1.8582049e+000  8.0014355e+000
  3.7445373e+000  9.0528117e+000
  6.7467912e+000  6.4469864e+000
  3.8349064e+000  9.1744820e+000
  7.9430513e+000  3.2259959e+000
  2.1167863e+000  7.5315402e+000
  8.8436138e+000  1.6455073e+000
  6.8970386e+000  6.8672126e+000
  1.9596175e+000  2.7760035e+000
  8.4074861e+000  7.8021802e+000
  4.3359883e+000  3.3522910e+000
  2.0436185e+000  7.4781363e+000
  2.8915069e+000  8.3194451e+000
  5.6739036e+000  3.6948878e+000
  6.7995991e+000  7.2959154e+000
  7.6815228e+000  2.1933622e+000
  6.9914102e+000  2.3635977e+000
  1.7855019e+000  7.8288791e+000
  2.7448693e+000  1.4813812e+000
  8.0260643e+000  5.6128611e+000
  6.5666496e+000  6.5799248e+000
  7.6679307e-001  7.2127928e+000
  5.6317920e+000  3.6914027e+000
  8.0700879e+000  5.5233281e+000
  3.1816983e+000  8.5527546e+000
  2.5417395e+000  4.1231318e+000
  7.8438464e+000  1.6542918e+000
  6.5633131e+000  7.1295839e+000
  6.2428040e+000  6.3158217e+000
  6.3185496e+000  7.3637835e+000
  4.2741554e+000  8.5784487e+000
  6.6191008e+000  6.1048409e+000
  5.7111375e+000  3.4618313e+000
  7.6956668e+000  2.2398588e+000
  6.0600076e+000  4.3911261e+000
  7.0763884e+000  5.9145380e+000
  1.6278788e+000  7.9767612e+000
  6.3948455e+000  7.4535214e+000
  3.3106132e+000  9.6870662e+000
  2.5530498e+000  1.1894417e+000
  5.9534597e+000  3.5847287e+000
  8.3846531e+000  7.9214217e+000
  8.3123614e+000  5.6615722e+000
  3.9054034e+000  1.5353227e+000
  8.0005004e+000  5.8260552e+000
  7.7515069e+000  2.9085447e+000
  3.9947845e+000  8.4113603e+000
  2.3582894e+000  4.5695035e+000
  2.3181006e+000  7.7708582e+000
  1.4939454e+000  1.3224089e+000
  8.0185419e+000  5.4914511e+000
  3.6161359e+000  1.7622263e+000
  5.2422065e+000  3.2979333e+000
  8.6723009e+000  8.5741092e+000
  2.3320334e+000  4.3037293e+000
  7.5867004e+000  6.2017622e+000
  1.6292174e+000  2.9913058e+000
  7.5873335e+000  8.5181772e+000
  2.3567863e+000  7.9624564e+000
  1.7339750e+000  7.6838617e+000
  4.2532051e+000  3.2747526e+000
  2.4691415e+000  1.6073497e+000
  6.5782545e+000  7.8021498e+000
  3.5316257e+000  8.2832636e+000
  5.4781095e+000  2.8426399e+000
  1.6231402e+000  7.4314210e+000
  8.2436839e+000  8.0855183e+000
  2.5449564e+000  4.7567887e+000
  5.2398036e+000  4.0655875e+000
  3.0112530e+000  8.8559628e+000
  7.7314888e+000  1.9557729e+000
  8.7467637e+000  2.7566184e+000
  1.9403247e+000  7.0707941e+000
  5.1139427e+000  2.7009422e+000
  7.3180491e+000  6.2197361e+000
  6.7433789e-001  7.6309864e+000
  7.6375209e+000  2.2814948e+000
  7.9951937e+000  1.9090893e+000
  3.9105162e+000  1.8489195e+000
  6.5494756e+000  6.0929979e+000
  7.7351618e+000  6.1496258e+000
  8.2554520e+000  2.9893054e+000
  2.3404134e+000  6.9349488e+000
  8.0784279e+000  5.7373293e+000
  5.3377964e+000  3.5626016e+000
  1.4933946e+000  1.1452048e+000
  1.6106623e+000  4.0675686e+000
  6.0112437e+000  3.6999011e+000
  5.4392323e+000  2.7547202e+000
  5.3898644e+000  3.4289433e+000
  8.3379590e+000  8.2120385e+000
  8.2211142e+000  6.1372819e+000
  8.0428188e+000  7.9703041e+000
  6.3533206e+000  8.1826973e+000
  6.5648204e+000  6.1772241e+000
  8.2550018e+000  5.5302620e+000
  7.5667727e+000  6.0800359e+000
  7.8413821e+000  7.8263596e+000
  6.1794502e+000  8.1114586e+000
  5.0035143e+000  3.6230585e+000
  8.1324592e+000  5.6245475e+000
  2.0002591e+000  6.5423741e+000
  3.1930154e+000  8.1265986e+000
  3.2345374e+000  8.4424700e+000
  3.6095491e+000  1.0394289e+000
  8.2418263e+000  5.8033189e+000
  7.0686273e+000  4.6759990e+000
  1.5899068e+000  1.5481377e+000
  7.8119390e+000  8.1224774e+000
  1.3491904e+000  4.5255725e+000
  5.8202759e+000  8.7322339e+000
  5.1775512e+000  3.5801626e+000
  1.7294958e+000  8.1580294e+000
  8.6245443e+000  2.5119181e+000
  1.6609519e+000  4.8628072e+000
  3.4738772e+000  9.0913925e-001
  7.6692225e+000  5.5719421e+000
  1.2264766e+000  7.4098820e+000
  6.6411200e+000  8.3383158e+000
  7.6932489e+000  2.5707686e+000
  7.8351796e+000  6.2901165e+000
  7.7282152e+000  1.7497541e+000
  3.1499447e+000  1.6750596e+000
  7.1182047e+000  7.6379898e+000
  1.9210289e+000  6.5534831e+000
  7.7625833e+000  1.9743022e+000
  5.2855184e+000  2.8056073e+000
  7.6680037e+000  5.8884002e+000
  2.5135909e+000  6.9904579e+000
  6.6322722e+000  4.6120330e+000
  3.5721751e+000  8.3525821e+000
  2.2731046e+000  2.8743563e+000
  2.7615692e+000  2.5720840e+000
  1.4443231e+000  4.3099995e+000
  7.2289252e+000  6.1718444e+000
  2.9271870e+000  1.4397111e+000
  8.5545813e+000  8.2351757e+000
  1.6786629e+000  6.4394788e+000
  7.3879324e+000  5.6239160e+000
  6.6389436e+000  7.1936262e+000
  3.2279073e+000  8.2785488e+000
  7.9593755e+000  8.0526538e+000
  8.7586714e+000  2.1773637e+000
  6.6773942e+000  8.1350560e+000
  7.5422179e+000  1.9000745e+000
  1.7399915e+000  4.4176933e+000
  3.8429476e+000  7.7656830e+000
  7.5522731e+000  1.3535699e+000
  8.5007014e+000  4.4715113e+000
  3.4423251e+000  1.6565896e+000
  5.3356442e+000  2.5572846e+000
  8.3709141e+000  5.8836830e+000
  3.8532515e+000  8.3565526e+000
  7.6668147e+000  5.8801547e+000
  2.7508843e+000  2.2729374e+000
  6.1260075e+000  3.3269117e+000
  6.8481186e+000  6.6404774e+000
  3.0844859e+000  8.5534918e+000
  8.9552376e+000  3.7390008e+000
  3.5347941e+000  7.9158177e+000
  4.7915058e+000  3.7796969e+000
  3.6336601e+000  8.1012994e+000
  2.4407245e+000  1.4631343e+000
  1.4234226e+000  3.9710339e+000
  6.2540953e+000  8.2004366e+000
  7.0251773e+000  6.2572522e+000
  5.4294452e+000  2.5238642e+000
  1.9729843e+000  3.0069386e+000
  6.6733271e+000  7.8040972e+000
  3.0814748e+000  9.1282024e+000
  7.7254954e+000  2.4453004e+000
  5.1015221e+000  2.9429032e+000
  8.6770100e+000  5.6076655e+000
  2.3201622e+000  7.5029626e+000
  2.8453538e+000  2.1302276e+000
  4.4211760e+000  3.1862854e+000
  8.8280866e+000  1.9380900e+000
  5.7585881e+000  3.6172508e+000
  2.4963747e+000  2.0505128e+000
  2.2660239e+000  6.5798180e+000
  1.7955753e+000  4.1438433e+000
  7.1690957e+000  2.9597670e+000
  3.1086744e+000  8.3443009e+000
  7.4322233e+000  3.0952092e+000
  6.7064305e+000  2.6327900e+000
  1.2317523e+000  4.5132933e+000
  1.6173918e+000  4.3509262e+000
  4.8920918e+000  3.2061003e+000
  3.1250946e+000  1.9471139e+000
  8.5276986e+000  5.8691189e+000
  3.0466196e+000  9.2995823e-001
  4.6333198e+000  2.5811770e+000
  7.7755572e+000  6.2017564e+000
  3.9294012e+000  8.3166291e+000
  6.6262459e+000  8.0672230e+000
  5.7481173e+000  1.9583659e+000
  6.2713374e+000  5.9158203e+000
  3.2086978e+000  2.0663042e+000
  7.4943167e+000  8.1008365e+000
  7.3706524e+000  5.7130541e+000
  8.4453353e+000  6.1804829e+000
  1.5867085e+000  6.6477038e+000
  6.1947658e+000  2.4501004e+000
  1.5821642e+000  6.5027597e+000
  1.5356073e+000  7.3106764e+000
  6.2633541e+000  6.3227505e+000
  2.2154282e+000  6.7262446e+000
  3.4939046e+000  2.3241388e+000
  6.8260368e+000  8.0070701e+000
  5.3405912e+000  3.6119530e+000
  1.0453410e+000  4.6429227e+000
  1.7754613e+000  4.4887149e+000
  5.4589865e+000  3.9443875e+000
  7.7914462e+000  2.9433518e+000
  7.3312684e+000  3.1522261e+000
  8.1430180e+000  5.9441483e+000
  6.5720485e+000  6.9967579e+000
  8.4241422e+000  2.7257357e+000
  6.2256736e+000  6.3194782e+000
  5.4990727e+000  3.6448509e+000
  8.3484238e+000  5.5786075e+000
  3.3607816e+000  2.3493918e+000
  4.3483410e+000  5.8277339e+000
  1.6406821e+000  4.4800923e+000
  1.7054696e+000  4.3949160e+000
  5.1600994e+000  3.2954600e+000
  6.8026649e+000  1.0752090e+000
  1.6785494e+000  1.2199102e+000
  6.9151076e+000  8.1963514e+000
  7.3046584e+000  3.0972687e+000
  5.5502487e+000  2.7053414e+000
  7.6777810e+000  3.0359490e+000
  1.5533409e+000  2.1932959e+000
  5.9460242e+000  8.1751894e+000
  5.5540538e+000  4.7880339e+000
  7.9056806e+000  7.9630725e+000
  6.3373674e+000  6.5508736e+000
  1.6548448e+000  4.7158161e+000
  5.3361428e+000  3.4404016e+000
  5.5377658e+000  4.0109333e+000
  6.3081978e+000  7.3176424e+000
  8.7623117e+000  2.8585921e+000
  3.4398757e+000  4.7141375e+000
  5.3335403e+000  2.6295435e+000
  8.4835733e+000  6.0778117e+000
  5.7203320e+000  4.0043886e+000
  8.3386830e+000  4.3426851e+000
  5.5462582e+000  3.8272761e+000
  3.5855175e+000  2.8563603e+000
  1.9737738e+000  4.0346514e+000
  8.7096832e+000  5.8337735e+000
  1.1160527e+000  7.7246822e+000
  7.6914592e+000  2.2250478e+000
  7.2414735e+000  7.8190795e+000
  7.9465503e+000  5.9941420e+000
  5.0780772e+000  2.5572087e+000
  6.8734073e+000  6.4487209e+000
  2.0293267e+000  4.2684264e+000
  3.4476661e+000  9.4669637e+000
  8.2357558e+000  2.9107369e+000
  8.6822776e+000  7.7269917e+000
  8.2878257e+000  5.6906484e+000
  2.2153225e+000  1.5715963e+000
  1.0404336e+000  4.4843400e+000
  5.9424157e+000  2.8780938e+000
  6.9190895e+000  7.2480465e+000
  8.2595111e+000  6.1139062e+000
  6.3654508e+000  6.7706581e+000
  2.0032501e+000  2.4508562e+000
  1.9161240e+000  7.0688171e+000
  3.9043799e+000  8.3700948e+000
  1.6871183e+000  3.8618394e+000
  5.6529106e+000  3.8930344e+000
  1.7354035e+000  6.9685742e+000
  3.0254931e+000  8.0134182e+000
  1.6463146e+000  8.5693001e+000
  6.7681569e+000  1.8812648e+000
  8.5710441e+000  5.6485737e+000
  2.1380342e+000  6.8750196e+000
  8.5643827e+000  7.3313969e+000
  6.3934676e+000  2.1144537e+000
  1.6070599e+000  7.0643815e+000
  2.0058296e+000  7.7155842e+000
  6.3948196e+000  6.1533777e+000
  3.3822206e+000  9.6302632e+000
  1.9823148e+000  1.5656386e+000
  6.5124136e+000  4.4734659e+000
  7.6958183e+000  5.9653619e+000
  8.8049287e+000  8.2282746e+000
  3.4552545e+000  9.2673088e+000
  2.4598970e+000  2.4875132e+000
  1.6075335e+000  7.0039707e+000
  3.8289630e-001  7.0301641e+000
  3.6714115e+000  2.5275104e+000
  6.3591399e+000  4.2059702e+000
  2.7865983e+000  4.2750140e+000
  5.3635279e+000  3.8099034e+000
  6.8701871e+000  5.2025575e+000
  6.7964724e+000  6.8263048e+000
  5.5800012e+000  3.0811131e+000
  2.3959887e+000  1.4407291e+000
  4.2522430e+000  3.1374596e+000
  1.6484747e+000  7.2024131e+000
  8.3333732e+000  2.6672019e+000
  1.7990955e+000  6.7231379e+000
  2.4990641e+000  6.4305117e+000
  8.2208956e+000  7.9067301e+000
  1.2514693e+000  4.6245141e+000
  3.6696530e+000  8.1609564e+000
  5.1086688e+000  3.5720137e+000
  2.0656598e+000  6.4744845e+000
  1.4025118e+000  7.7781217e+000
  2.1754349e+000  7.2749426e+000
  6.8282759e+000  2.6028790e+000
  2.9604897e+000  2.4461441e+000
  5.5262453e+000  2.8436950e+000
  5.3884980e+000  2.5641468e+000
  2.7201497e+000  2.2357466e+000
  2.0548699e+000  8.5521633e+000
  1.8391209e+000  4.3546781e+000
  2.1414933e+000  4.9741866e+000
  5.3913552e+000  3.7378329e+000
  2.1585174e+000  2.8736362e+000
  1.7257999e+000  6.6615887e+000
  4.2831212e+000  6.2801102e+000
  4.8100677e+000  6.2063811e+000
  7.1848461e+000  5.2130336e+000
  5.2946151e+000  2.9778723e+000
  8.6132788e+000  5.7559839e+000
  7.6691976e+000  2.3369251e+000
  1.5030293e+000  3.9390974e+000
  6.5048488e+000  8.1348336e+000
  6.5829572e+000  1.6632556e+000
  5.5645284e+000  2.8817590e+000
  1.5212638e+000  7.1623669e+000
  3.2163942e+000  8.3046812e+000
  4.1923358e+000  8.3981536e+000
  6.8985816e+000  6.2694907e+000
  8.3605961e+000  3.0325495e+000
  2.2018777e+000  2.1377862e+000
  5.6824600e+000  3.9220145e+000
  5.1124775e+000  4.0245348e+000
  5.2675159e+000  3.3591445e+000
  6.8063482e+000  6.2888686e+000
  7.1217722e+000  7.7036690e+000
  2.0069492e+000  2.7480401e+000
  6.3770754e+000  7.8746016e+000
  3.5067548e+000  8.1897056e+000
  2.4139265e+000  8.1128913e+000
  7.8112800e+000  5.8825409e+000
  6.2407626e+000  7.7336224e+000
  5.2691744e+000  5.2071149e+000
  1.3361699e+000  7.9083118e+000
  7.3667987e+000  1.4865114e+000
  7.7894720e+000  6.3426036e+000
  6.7369831e+000  7.9942958e+000
  1.9901621e+000  4.5009540e+000
  2.3621578e+000  2.2396311e+000
  3.5187712e+000  9.1624724e+000
  4.5524927e+000  3.1319081e+000
  1.4994883e+000  7.9427010e+000
  4.9057471e+000  3.5353746e+000
  4.1031016e+000  7.9424442e+000
  8.1541833e+000  8.4930920e+000
  8.2094133e+000  3.0139244e+000
  5.7402500e+000  2.0476471e+000
  7.3105922e+000  1.3412944e+000
  8.1151133e+000  7.3735654e+000
  1.7387279e+000  4.7097681e+000
  5.1039698e+000  3.8177914e+000
  6.1691225e+000  7.5498178e+000
  6.4750785e+000  7.8865402e+000
  5.2417376e+000  2.7325244e+000
  7.8223581e+000  7.6509806e+000
  7.3351169e+000  1.4389947e+000
  8.6475189e+000  5.8690390e+000
  7.4917569e+000  1.6782344e+000
  6.3171515e+000  5.2776941e+000
  6.9376708e+000  7.6134368e+000
  5.5802535e+000  5.2358490e+000
  1.7075721e+000  2.4366186e+000
  6.3256168e+000  3.1925018e+000
  8.3005396e+000  2.8632037e+000
  2.0538596e+000  6.7126724e+000
  5.8988941e+000  2.8129470e+000
  7.8687819e+000  5.5910461e+000
  3.2729170e+000  8.5503194e+000
  4.3168298e+000  6.3685992e+000
  1.6808278e+000  6.4887403e+000
  6.5425562e+000  4.8310377e+000
  2.9611882e+000  1.8417413e+000
  7.7076112e+000  2.8494122e+000
  1.2195269e+000  7.8997571e+000
  2.9652417e+000  8.3183915e+000
  4.4574288e+000  2.8936464e+000
  3.0104609e+000  8.5131753e+000
  6.6346209e+000  7.7642663e+000
  3.0943315e+000  4.3129407e+000
  3.3803556e+000  7.4136278e+000
  3.0515572e+000  6.6149649e+000
  2.6793977e+000  1.5199113e+000
  8.0131680e+000  5.5989682e+000
  4.1710096e+000  7.9535920e+000
  5.6475818e+000  2.9977652e+000
  1.2418419e+000  5.7458506e+000
  4.8605209e+000  9.1708100e+000
  5.1342914e+000  3.1115640e+000
  5.3814913e+000  5.1762882e+000
  2.1750080e+000  3.7743310e+000
  1.4914124e+000  4.9564307e+000
  3.0009468e+000  8.5509017e+000
  3.7307615e+000  8.7589781e+000
  8.5673051e+000  2.3432810e+000
  5.4404917e+000  3.9251561e+000
  5.0414703e+000  7.3229635e+000
  8.8794287e+000  7.8517025e+000
  6.8627406e+000  7.6319564e+000
  8.7702476e+000  2.7394423e+000
  7.6463341e+000  5.4528824e+000
  2.1878030e+000  4.2528876e+000
  7.5188568e+000  1.5167660e+000
  2.4721644e+000  8.9810349e+000
  5.9781497e+000  6.9121132e+000
  6.3458900e+000  7.9378806e+000
  5.8736405e+000  5.9889998e+000
  1.8328177e+000  7.8683622e+000
  2.4901326e+000  1.3233692e+000
  2.4430692e+000  2.4769511e+000
  6.0540278e+000  4.3125421e+000
  7.8463838e+000  1.4954200e+000
  2.3134919e+000  1.8486761e+000
  3.3701774e+000  8.4789833e-001
  7.1708829e+000  5.2219094e+000
  5.3368202e+000  3.0377379e+000
  7.3310073e+000  6.1071339e+000
  3.3833884e-001  7.2594500e+000
  6.3606718e+000  7.4246929e+000
  3.0452763e+000  2.5032397e+000
  2.9675070e+000  7.7469577e+000
  6.7395874e+000  6.4276967e+000
  4.0551935e+000  8.3504336e+000
  7.1811572e+000  7.7983203e+000
  2.7301609e+000  4.3992659e+000
  8.5142094e+000  8.0564685e+000
  5.7694381e+000  2.6871250e+000
  1.9514176e+000  7.9780393e+000
  1.4855849e+000  7.9608219e+000
  1.8943296e+000  1.8734958e+000
  5.4940149e+000  4.8301690e+000
  7.6684106e+000  1.3908361e+000
  1.9990290e+000  7.5369904e+000
  6.9029473e+000  1.2716548e+000
  1.6095356e+000  1.6184101e+000
  7.7489540e+000  1.9091606e+000
  8.7223897e+000  7.4486434e+000
  4.6968881e+000  3.5929772e+000
  6.5253426e+000  6.7886874e+000
  5.0663018e+000  3.4169351e+000
  7.8777409e+000  2.6695777e+000
  6.4174240e+000  7.4036620e+000
  1.8779073e+000  7.0202214e+000
  2.4350693e+000  4.5021234e+000
  3.4617155e+000  1.4849940e+000
  7.8469909e+000  2.2340518e+000
  3.6247487e+000  8.7827998e+000
  3.6344463e+000  2.1559085e+000
  7.2698406e+000  6.0945079e+000
  6.5138810e+000  6.1668551e+000
  5.2405994e+000  3.7800325e+000
  7.9063278e+000  6.1484305e+000
  5.5965308e+000  5.4497912e+000
  1.3558349e+000  4.5198792e+000
  1.9053098e+000  2.1264422e+000
  7.8423266e+000  7.8120824e+000
  8.6429366e+000  2.9676388e+000
  8.6198760e+000  2.9295912e+000
  7.3645972e+000  5.9132466e+000
  7.9418435e+000  5.7155651e+000
  5.2560143e+000  2.9763403e+000
  2.4232816e+000  2.0309565e+000
  7.7218322e+000  8.5861079e+000
  3.8295477e+000  2.0988370e+000
  6.2645593e+000  8.1065936e+000
  1.2370763e+000  4.1826104e+000
  4.6317010e+000  2.8842657e+000
  6.9337059e+000  7.3343993e+000
  8.4454457e+000  5.8677342e+000
  5.6297984e+000  2.7494893e+000
  5.4603940e+000  2.8414222e+000
  1.8354410e+000  1.3616511e+000
  1.5189088e+000  4.5847078e+000
  6.7118898e+000  2.7606933e+000
  1.5295752e+000  3.9971362e+000
  6.5582486e+000  6.2661836e+000
  1.1155180e+000  4.6577069e+000
  3.6507835e+000  2.6029844e+000
  4.6125115e+000  3.7691518e+000
  6.4183826e+000  8.0459408e+000
  3.8090387e+000  2.6080083e+000
  2.1226065e+000  6.8237415e+000
  7.2370650e+000  5.7246939e+000
  3.3938437e+000  9.6443093e+000
  2.7668435e+000  6.8915781e+000
  8.4981812e+000  2.2079706e+000
  2.0003603e+000  6.5979441e+000
  6.7260059e+000  7.9680424e+000
  6.5915675e+000  7.5195792e+000
  2.1120833e+000  3.8727415e+000
  6.1426013e+000  3.0744043e+000
  8.4314255e+000  5.6142015e+000
  1.8320288e+000  7.1218771e+000
  6.4983450e+000  6.7273707e+000
  1.7746914e+000  7.7778366e+000
  1.4225388e+000  7.8104789e+000
  7.9478110e+000  8.5437159e+000
  6.5686932e+000  6.5662858e+000
  8.3537244e+000  1.9789681e+000
  8.5663257e+000  5.5567516e+000
  2.7120253e+000  4.7490729e+000
  6.6800613e+000  6.7812373e+000
  4.1708867e+000  6.0625979e+000
  6.6945802e+000  7.7070045e+000
  3.9834942e+000  4.1263994e+000
  7.7705370e+000  2.2426816e+000
  4.7281241e+000  2.5946946e+000
  1.8663137e+000  4.2053766e+000
  8.4061052e+000  1.8314916e+000
  3.3189217e+000  8.3905253e+000
  1.8352641e+000  6.9651596e+000
  5.7095915e+000  3.0537970e+000
  2.2796903e+000  7.2267109e+000
  1.0338122e+000  7.6163526e+000
  6.6792316e+000  2.3644910e+000
  2.1761660e+000  6.8164852e+000
  7.1689401e+000  2.9151376e+000
  7.8599318e+000  5.5634983e+000
  2.2896475e+000  1.5560330e+000
  3.0995281e+000  8.2719641e+000
  7.2068513e+000  5.6195091e+000
  2.2885464e+000  1.9447707e+000
  6.1641990e+000  5.2759660e+000
  3.0848501e+000  8.2802951e+000
  5.8495134e+000  2.4644996e+000
  7.5074287e+000  5.5879553e+000
  1.6385704e+000  2.5528887e+000
  6.8437672e+000  8.0904305e+000
  8.5539940e+000  1.8734554e+000
  3.7150425e+000  8.0067310e+000
  1.4677994e+000  8.1120329e+000
  6.9826803e+000  6.1983258e+000
  2.1218084e+000  7.1860618e+000
  2.4382231e+000  4.5725739e+000
  5.4340651e+000  2.5621316e+000
  7.4212734e+000  4.0435921e+000
  4.8256311e+000  3.3407262e+000
  7.1117140e+000  5.6111640e+000
  7.2171044e+000  5.9996204e+000
  7.5525146e+000  1.9142972e+000
  8.7297608e+000  7.6887911e+000
  1.9917175e+000  7.8405207e+000
  8.1561297e+000  2.7998820e+000
  2.2386691e+000  4.0326725e+000
  2.6348576e+000  2.1648432e+000
  5.4351610e+000  3.6418617e+000
  7.7391669e+000  8.3511822e+000
  3.1854236e+000  8.4495599e+000
  7.4114756e+000  7.5116680e+000
  5.6111048e+000  2.5251701e+000
  6.3984641e+000  7.2896048e+000
  1.0741158e+000  6.6658676e+000
  7.8014183e+000  2.6129971e+000
  3.6404513e+000  2.0100267e+000
  6.7881097e+000  6.2912137e+000
  1.5822824e+000  7.3743376e+000
  2.3454085e+000  2.4774218e+000
  5.4963573e+000  8.2976106e+000
  8.5581994e+000  1.4170676e+000
  2.7364810e+000  4.7453550e+000
  3.3245391e+000  2.1302870e+000
  8.7836242e+000  8.2460478e+000
  8.1622066e+000  1.6952329e+000
  2.0469765e+000  4.6984492e+000
  2.7715678e+000  3.7160673e+000
  3.0356058e+000  4.7425405e+000
  4.9590262e+000  7.3243202e+000
  1.7428484e+000  4.3372478e+000
  5.1211820e+000  3.5154333e+000
  6.8299236e+000  6.6662513e+000
  6.8381640e+000  7.4142020e+000
  2.8124102e+000  4.4335685e+000
  2.2656728e+000  4.3702725e+000
  7.1207625e+000  6.3438202e+000
  2.8830207e+000  1.8991342e+000
  8.2269815e+000  2.3412249e+000
  8.3622718e+000  2.9038926e+000
  8.1725880e+000  7.0108339e+000
  2.5235493e+000  4.5322710e+000
  1.9721388e+000  4.5823878e+000
  8.5956493e+000  2.7503323e+000
  6.2213393e+000  6.0761019e+000
  3.9035399e+000  7.9642377e+000
  3.5620374e+000  1.1970212e+000
  8.5582765e+000  7.9103821e+000
  7.4598139e+000  6.2873747e+000
  8.8532027e+000  1.7353633e+000
  2.7628620e+000  9.1696699e+000
  3.2731951e+000  2.3028604e+000
  3.5801504e+000  8.3536262e+000
  6.9010909e+000  7.9781118e+000
  5.1488590e+000  3.1356640e+000
  6.5562489e+000  8.2427651e+000
  2.5525737e+000  3.7622109e+000
  7.3688831e+000  5.3966354e+000
  3.3983778e+000  8.6456535e+000
  2.1220009e+000  1.9795272e+000
  5.5276298e+000  5.2748806e+000
  8.1403167e+000  5.9500298e+000
  1.3272083e+000  4.3202133e+000
  8.2762862e+000  7.7224676e+000
  7.7795991e+000  1.7411155e+000
  6.5442364e+000  7.2029793e+000
  2.6154358e+000  2.1702131e+000
  6.5900486e+000  6.5824995e+000
  5.3816488e+000  2.6711763e+000
  8.6806341e+000  1.3406040e+000
  2.5245704e+000  2.3509887e+000
  7.2294324e+000  5.7650360e+000
  6.3835703e+000  7.3655715e+000
  5.8214622e+000  5.6427891e+000
  3.8008487e+000  8.3860786e+000
  3.6499516e+000  8.4995495e+000
  7.0483996e+000  5.3881175e+000
  7.8684088e+000  1.3913738e+000
  3.2285949e+000  8.7852658e+000
  2.1783350e+000  2.8472088e+000
  6.6470641e+000  7.2274363e+000
  5.6713173e+000  3.7810125e+000
  7.0043492e+000  7.9265183e+000
  5.3794909e+000  8.0870754e+000
  1.7733742e+000  8.1741099e+000
  7.6846256e+000  8.0813204e+000
  1.9907126e+000  7.5383809e+000
  5.8817410e+000  2.8491674e+000
  2.1511135e+000  6.5888273e+000
  1.7346399e+000  4.0552695e+000
  7.5591311e+000  1.9655637e+000
  4.1344187e+000  6.1561829e+000
  7.7483591e+000  1.7905060e+000
  3.7300237e+000  2.4158103e+000
  6.6020271e+000  7.6878355e+000
  8.3396049e+000  4.0528890e+000
  6.9424092e+000  6.3941479e+000
  1.8822543e+000  4.5238486e+000
  3.2832200e+000  9.0381038e+000
  4.2929116e+000  3.2970366e+000
  2.2938233e+000  6.3353231e+000
  2.0054830e+000  6.7473744e+000
  3.2870881e+000  1.9717468e+000
  5.6475760e+000  2.2596708e+000
  7.4449610e+000  1.5481923e+000
  3.0416616e+000  8.5003351e+000
  6.8221383e+000  1.6079301e+000
  2.1542501e+000  6.9011384e+000
  3.6613433e+000  9.3737986e+000
  1.5347756e+000  7.8077842e+000
  7.0061230e+000  6.4038428e+000
  8.0679838e+000  6.6344775e+000
  6.5710525e+000  6.4916510e+000
  6.6318169e+000  4.7625288e+000
  7.9384396e+000  6.0837796e+000
  7.9512889e+000  2.3859164e+000
  5.8932123e+000  3.8016754e+000
  7.7985369e+000  8.3138268e+000
  2.7243902e+000  2.7088137e+000
  1.5661920e+000  7.3585293e+000
  1.8057276e+000  4.3388812e+000
  7.2619898e+000  2.6147280e+000
  2.0493775e+000  7.2035486e+000
  7.2740722e+000  6.0399715e+000
  3.0989946e+000  7.2407256e+000
  2.1541799e+000  2.8823044e+000
  7.0119737e+000  7.4745460e+000
  8.3846741e+000  1.6013353e+000
  5.9027141e+000  2.1324197e+000
  5.9066917e+000  2.8258864e+000
  2.7136827e+000  3.9750536e+000
  6.6012024e+000  6.3466000e+000
  8.1990579e+000  7.8969905e+000
  6.3868864e+000  6.2537751e+000
  7.4228855e+000  8.2599480e+000
  8.4554738e+000  5.6435062e+000
  2.1320653e+000  1.7299273e+000
  7.0428205e+000  6.3694885e+000
  2.4210633e+000  4.8426548e+000
  6.8698472e+000  7.3864237e+000
  2.6591223e+000  4.2123560e+000
  4.2947019e+000  7.8171022e+000
  5.4830531e+000  4.6577781e+000
  2.4578297e+000  2.4995156e+000
  3.6771409e+000  8.6628765e+000
  1.5684913e+000  4.8592805e+000
  3.8582401e+000  8.2383969e+000
  2.4369021e+000  4.2205621e+000
  1.9561403e+000  3.9762831e+000
  7.5189908e+000  1.4212475e+000
  7.5734082e+000  1.6927067e+000
  8.3961728e+000  7.6939055e+000
  8.4305468e+000  5.8191776e+000
  3.2803013e+000  2.0977745e+000
  4.0557387e+000  8.5270439e+000
  7.9734820e+000  1.5041782e+000
  5.3629158e+000  2.5583843e+000
  5.2646259e+000  3.7696230e+000
  8.0745126e+000  2.7615932e+000
  1.7893897e+000  6.3800754e+000
  5.2884534e+000  2.7510647e+000
  7.3130140e+000  1.4950900e+000
  3.7676698e+000  8.9117444e+000
  8.3660169e+000  7.9454586e+000
  7.4560403e+000  5.8148971e+000
  7.2422852e+000  1.7991525e+000
  2.7596136e+000  1.2797177e+000
  5.5915267e+000  2.6913740e+000
  3.4019249e+000  1.5363111e+000
  8.3303434e-001  6.7805632e+000
  2.5255274e+000  7.9706266e+000
  7.0517289e+000  7.6681503e+000
  3.0963089e-001  7.3057940e+000
  8.2643028e+000  1.7197953e+000
  8.3199991e+000  6.6139854e+000
  4.5721809e+000  3.2532922e+000
  8.7747456e+000  6.0071651e+000
  4.4288626e+000  6.2648650e+000
  2.3218529e+000  2.5483217e+000
  2.3830011e+000  4.5915944e+000
  4.5140399e+000  3.4078170e+000
  2.0176752e+000  4.3915722e+000
  4.8975174e+000  2.8122083e+000
  1.5702759e+000  4.2604498e+000
  3.8103887e+000  7.8174626e+000
  6.6807536e+000  7.6381629e+000
  2.2576710e+000  4.6357207e+000
  2.9700087e+000  2.0980202e+000
  1.8007545e+000  2.8010474e+000
  8.3530056e+000  2.8492866e+000
  1.9507117e+000  7.6178658e+000
  8.7521223e+000  2.3948053e+000
  2.4112940e+000  4.3261969e+000
  5.8757795e+000  3.0662627e+000
  8.2128481e+000  7.4564773e+000
  8.3888034e+000  3.4185855e+000
  8.2967720e+000  2.9885827e+000
  7.4717394e+000  1.9253710e+000
  3.6699275e+000  8.9873840e+000
  8.1450060e+000  1.4295098e+000
  7.0736300e+000  6.6699004e+000
  2.9665736e+000  1.6464846e+000
  3.8531358e+000  8.3926088e+000
  5.7682209e+000  2.0943468e+000
  6.2142660e+000  8.0772255e+000
  2.1472320e+000  2.6259208e+000
  6.5156418e+000  7.6849835e+000
  1.7660463e+000  4.2348167e+000
  2.6688412e+000  4.2330328e+000
  8.4882712e+000  8.4015358e+000
  6.4921635e+000  2.1077133e+000
  3.1538098e+000  8.1759701e-001
  1.4375637e+000  6.9085187e+000
  9.1793621e-001  7.6239348e+000
  8.9506323e+000  1.6063856e+000
  5.3457517e+000  3.2961057e+000
  8.8417597e+000  3.3699524e+000
  6.7478957e+000  7.9489934e+000
  1.5399888e+000  2.8300382e+000
  7.9291432e+000  5.7772527e+000
  6.1296582e+000  7.0823131e+000
  4.9974042e+000  3.7559472e+000
  7.7112738e+000  5.4596159e+000
  6.8664912e+000  6.4548511e+000
  1.0466789e+000  7.2912481e+000
  8.2440748e+000  7.4473147e+000
  7.6529768e+000  8.1145425e+000
  3.7950768e+000  8.8554192e+000
  5.3501128e+000  4.1227961e+000
  2.2896127e+000  4.0905761e+000
  2.8320861e+000  4.0426300e+000
  6.6356465e+000  8.0240776e+000
  5.2763901e+000  4.4499730e+000
  5.3185488e+000  2.8063217e+000
  2.5639182e+000  7.9411824e+000
  6.2630024e+000  8.1304801e+000
  2.2758732e+000  2.5486022e+000
  5.4444719e+000  1.8772477e+000
  7.5321572e+000  1.4368758e+000
  4.5756068e+000  3.1537533e+000
  8.2910455e+000  2.8553220e+000
  7.8003908e+000  6.1426120e+000
  8.7211503e+000  5.9719245e+000
  7.1553029e+000  6.1796122e+000
  3.1508177e+000  1.3692415e+000
  1.5405764e+000  4.4468592e+000
  3.3451894e+000  1.1124535e+000
  1.9123174e+000  7.2056329e+000
  6.6924093e+000  4.2600465e+000
  4.0211474e+000  8.7052556e+000
  5.3761107e+000  3.5882780e+000
  1.6421792e+000  7.7719775e+000
  7.6811812e+000  1.7087765e+000
  8.8540356e+000  1.7947453e+000
  2.8379148e+000  9.4834035e+000
  1.7440078e+000  1.5914371e+000
  8.2787813e+000  8.5880325e+000
  2.6344552e+000  1.5256935e+000
  6.0300758e+000  3.1849219e+000
  7.4706378e+000  1.3942690e+000
  1.9974241e+000  4.4135696e+000
  7.6911298e+000  8.5582248e+000
  8.1270181e+000  2.3808106e+000
  3.0761178e+000  8.5875821e-001
  5.7979471e+000  3.7147077e+000
  4.3247855e+000  3.4118680e+000
  3.1695885e+000  8.2018168e+000
  7.9269525e+000  5.7335446e+000
  5.8372102e+000  2.5704169e+000
  8.6068135e-001  6.6456100e+000
  3.1649215e+000  7.8058859e+000
  7.4351911e+000  2.5448137e+000
  3.5329452e+000  8.3751044e+000
  8.1383410e+000  5.7096433e+000
  7.3291409e+000  5.4847849e+000
  2.9336138e+000  1.7350921e+000
  1.7683485e+000  7.2551748e+000
  6.6694651e+000  8.1058883e+000
  8.9761563e+000  5.7988548e+000
  1.4744087e+000  4.4349131e+000
  2.3442787e+000  1.6730562e+000
  1.4315654e+000  5.4153946e+000
  4.9758727e+000  3.2755213e+000
  5.3934934e+000  2.8530242e+000
  5.7868979e+000  7.8830795e+000
  6.8554679e+000  5.5237936e+000
  3.7369959e+000  7.9346115e+000
  6.9430866e+000  6.3985327e+000
  9.0742567e+000  4.6411952e+000
  8.0099272e+000  8.1492072e+000
  7.8169442e+000  2.9397855e+000
  6.4903116e+000  5.3100123e+000
  8.1274023e+000  6.2819990e+000
  2.9559698e+000  8.5166443e+000
  3.7421153e+000  7.9945469e+000
  7.8165393e+000  1.9485825e+000
  6.9671160e+000  6.4350995e+000
  6.7590778e+000  6.4651182e+000
  6.8269309e+000  7.8531284e+000
  8.7568584e+000  5.9409493e+000
  3.3003535e+000  2.2389075e+000
  6.6553927e+000  5.0989128e+000
  8.3778169e+000  5.7889074e+000
  7.1361678e+000  5.6082820e+000
  6.7400660e+000  2.0707239e+000
  1.6061551e+000  2.1906291e+000
  1.7358828e+000  2.1934296e+000
  6.4901228e+000  7.2649165e+000
  5.4789998e+000  2.8282990e+000
  7.1065756e+000  6.3911817e+000
  7.6565576e+000  8.3540027e+000
  8.8959237e+000  1.2929260e+000
  8.2410760e+000  5.9800784e+000
  5.2585445e+000  3.2579488e+000
  7.3009543e+000  2.5168504e+000
  5.4975960e+000  4.0817593e+000
  5.3431665e+000  3.1943865e+000
  6.1478425e+000  6.9840965e+000
  6.9820487e+000  1.9263514e+000
  1.3575212e+000  7.9289221e+000
  3.7666238e+000  7.8525384e+000
  5.5024409e+000  3.8373539e+000
  7.9678530e+000  1.5036874e+000
  8.0703608e+000  5.8877017e+000
  4.7644194e+000  3.4214143e+000
  3.2836662e+000  9.4373544e+000
  7.9817212e+000  7.5868745e+000
  2.3827391e+000  2.7202384e+000
  7.6413554e+000  1.5957457e+000
  7.6330128e+000  1.3713322e+000
  1.7495983e+000  7.7079468e+000
  3.9474335e+000  3.9829748e+000
  6.6243654e+000  6.6320516e+000
  6.1145413e+000  2.3482284e+000
  8.6474474e+000  2.6036647e+000
  6.1850477e+000  1.8125044e+000
  5.4902040e+000  3.1366777e+000
  8.5192353e+000  2.4267628e+000
  7.3694512e+000  5.3230787e+000
  2.3295081e+000  2.7674112e+000
  6.8697330e+000  6.1216690e+000
  8.6458978e+000  8.0211563e+000
  5.2658308e+000  2.4772943e+000
  3.4687550e+000  2.4572510e+000
  3.8315603e+000  8.4259654e+000
  1.8895332e+000  7.6862987e+000
  2.9680287e+000  1.5643664e+000
  1.9675274e+000  6.7576803e+000
  2.3899845e+000  1.6026081e+000
  1.9046283e+000  6.6645017e+000
  2.3912829e+000  4.6509522e+000
  8.6386746e+000  5.4006679e+000
  3.9074185e+000  7.8043915e+000
  8.1549789e+000  1.7290639e+000
  6.6716039e+000  6.5250471e+000
  1.1217034e+000  6.4989282e+000
  1.4929928e+000  1.9146337e+000
  1.8974255e+000  1.1119134e+000
  3.2871841e+000  2.3765805e+000
  6.9369988e+000  6.7704590e+000
  7.0389863e+000  6.2694795e+000
  2.7596512e+000  6.7384701e+000
  6.5271629e+000  7.4518400e+000
  6.1868444e+000  7.2431058e+000
  3.3587546e+000  7.9661857e-001
  2.0313200e+000  4.5623878e+000
  7.8309109e+000  1.9808552e+000
  5.9203763e+000  2.7070333e+000
  7.5928992e+000  6.0986962e+000
  2.6226326e+000  3.6618273e+000
  5.2440317e+000  2.9583963e+000
  3.0960795e+000  2.1986485e+000
  8.7266972e+000  1.1893469e+000
  5.4578200e+000  3.8942808e+000
  8.5670797e+000  5.8669065e+000
  1.4723824e+000  3.9016873e+000
  2.3961057e+000  4.2233483e+000
  8.6796759e+000  2.4792190e+000
  6.7415838e+000  6.4546728e+000
  3.0934584e+000  3.6297849e+000
  5.7146686e+000  2.9250706e+000
  1.9730742e+000  4.5360731e+000
  6.6011243e+000  6.1802680e+000
  3.1539474e+000  2.4953191e+000
  7.1206400e+000  5.9979745e+000
  1.7327912e+000  7.6572708e+000
  4.4754901e+000  3.6761765e+000
  6.8978674e+000  6.5134159e+000
  4.9759886e+000  4.4762819e+000
  8.6370916e+000  5.8806490e+000
  4.1901800e+000  2.6417981e+000
  6.9476008e+000  5.9457593e+000
  7.4542898e+000  5.9631490e+000
  2.5797887e+000  1.3992847e+000
  3.2550216e+000  7.9214754e+000
  6.4515544e+000  6.5768708e+000
  5.1745409e+000  4.3512076e+000
  1.3775281e+000  6.5165255e+000
  8.6252503e+000  7.3105017e+000
  7.8754751e+000  3.0485331e+000
  7.3587713e+000  5.9169639e+000
  1.9489691e+000  7.1463075e+000
  5.9006980e+000  3.6774005e+000
  3.3602656e+000  8.4619189e+000
  7.6997141e+000  2.7819499e+000
  4.0052233e+000  7.5995694e+000
  8.6483482e+000  2.9916331e+000
  7.0750756e+000  7.6166327e+000
  6.7205566e+000  7.6178082e+000
  5.3980315e+000  3.0960294e+000
  3.2610035e+000  1.7348402e+000
  8.5646284e+000  8.2547790e+000
  7.0838936e+000  2.3278997e+000
  7.3372566e+000  1.9630349e+000
  3.6281499e+000  2.7549656e+000
  6.2224733e+000  8.1230936e+000
  6.1755939e+000  7.8656511e+000
  5.4094118e+000  2.8093689e+000
  1.7837690e+000  2.8203195e+000
  7.6230106e+000  8.5492129e+000
  2.8356927e+000  3.8355169e+000
  1.3775892e+000  4.5873661e+000
  8.5603484e+000  2.0759238e+000
  7.0701186e+000  5.8876134e+000
  8.2816327e+000  5.7570926e+000
  6.7996072e+000  5.5740987e+000
  1.5032660e+000  8.0674199e+000
  5.6122168e+000  6.4541093e+000
  4.0547870e+000  8.7454920e+000
  7.0224326e+000  5.0179994e+000
  7.6896882e+000  5.5668661e+000
  7.9487184e+000  5.8903350e+000
  6.2435439e+000  7.9028113e+000
  4.8653499e+000  2.8003714e+000
  6.4518041e+000  5.9527428e+000
  5.3348553e+000  3.4099745e+000
  7.8347635e+000  5.9788205e+000
  1.8431864e+000  6.4109840e+000
  1.6340640e+000  2.5910642e+000
  7.4344838e-001  7.1597132e+000
  4.8597921e+000  4.5460378e+000
  6.5427952e+000  7.4161023e+000
  6.5281004e+000  7.0576901e+000
  1.8994484e+000  7.1080534e+000
  5.3270927e+000  2.5912821e+000
  1.2692629e+000  7.7780110e+000
  8.3647312e+000  5.9743055e+000
  5.8872031e+000  2.1642710e+000
  1.7808515e+000  2.5813573e+000
  6.6214363e+000  6.2337410e+000
  2.0013844e+000  4.2210640e+000
  1.9463808e+000  6.8511791e+000
  6.6696834e+000  6.3528933e+000
  3.4877357e+000  4.4659766e+000
  8.0210231e+000  6.1408244e+000
  1.9122671e+000  7.5307671e+000
  8.0024119e+000  5.4309509e+000
  6.8024849e+000  4.8426382e+000
  2.9888315e+000  8.3436999e+000
  1.9024670e+000  4.5167505e+000
  6.4546672e+000  7.3098892e+000
  2.9493019e+000  8.2589661e+000
  6.1273590e+000  1.5295410e+000
  2.6779535e+000  4.3899603e+000
  5.6547882e+000  3.4110796e+000
  8.7345854e+000  7.3151906e+000
  1.7635430e+000  7.2669131e+000
  8.7660375e+000  8.3968085e+000
  3.5507729e+000  8.3435816e+000
  5.5300238e+000  3.6872284e+000
  4.5919536e+000  8.3700147e+000
  6.9455197e+000  7.7643122e+000
  7.5535372e+000  1.4922195e+000
  6.8836495e+000  6.2521266e+000
  1.5082987e+000  8.1513104e+000
  6.9173036e+000  7.5633701e+000
  7.3209592e+000  5.4801664e+000
  6.4795322e+000  7.7836095e+000
  6.9797247e+000  6.3097736e+000
  4.8892923e+000  2.9911230e+000
  6.5975026e+000  7.6612810e+000
  7.5878666e+000  2.1798375e+000
  6.9723807e+000  5.5651791e+000
  6.7672121e+000  7.7219537e+000
  3.8733795e+000  1.8851948e+000
  7.2170837e+000  2.7318289e+000
  8.1293386e+000  1.5980165e+000
  6.8125874e+000  7.4190891e+000
  5.7346667e+000  3.2737565e+000
  1.7254711e+000  3.8803376e+000
  1.5530312e+000  7.9376449e+000
  3.7170880e+000  6.6917382e+000
  7.6263461e+000  6.0806025e+000
  4.9199495e+000  3.5895839e+000
  2.1425884e+000  1.6110589e+000
  7.7739770e+000  1.9224261e+000
  6.6006140e+000  7.4354013e+000
  4.8112775e+000  3.0241788e+000
  3.4811471e+000  1.7562526e+000
  6.9214082e+000  5.9278281e+000
  7.2692927e+000  5.9517215e+000
  4.7180287e-001  7.2052664e+000
  3.4069402e+000  2.5741490e+000
  8.7181127e+000  5.5668132e+000
  8.7149572e+000  6.1865674e+000
  1.8001541e+000  6.4728155e+000
  7.9262024e+000  2.2568763e+000
  7.4904701e+000  7.4397567e+000
  6.8577182e+000  8.3634759e+000
  6.3149063e+000  7.3898131e+000
  4.2842294e+000  5.6782534e+000
  2.3934599e+000  2.4470833e+000
  1.2022249e+000  7.4027201e+000
  2.1035411e+000  6.7121889e+000
  8.0323032e+000  2.7642923e+000
  5.1094159e+000  2.6345670e+000
  5.3389661e+000  3.4223302e+000
  7.7816282e+000  5.8563100e+000
  5.3340589e+000  2.7305549e+000
  2.5327167e+000  2.4730183e+000
  1.8784814e+000  6.3475017e+000
  3.1910465e+000  2.7574045e+000
  1.6163030e+000  5.3011500e+000
  3.7464680e+000  8.8918340e+000
  6.7895037e+000  6.7317140e+000
  1.4756541e+000  6.3046308e+000
  2.7077948e+000  8.1309629e+000
  6.0859669e+000  2.9697581e+000
  3.4191212e+000  2.6183894e+000
  1.9761307e+000  6.4095070e+000
  7.6652674e+000  2.5176408e+000
  7.1152801e+000  5.9575676e+000
  5.7483597e+000  2.7959534e+000
  3.0492628e+000  8.0913197e+000
  1.9655311e+000  7.3031450e+000
  1.1737785e+000  4.1079953e+000
  6.7775596e+000  6.1508897e+000
  2.4843483e+000  1.5645308e+000
  7.4540118e+000  2.2224381e+000
  3.2980780e+000  8.5238134e+000
  7.5799674e+000  1.9372735e+000
  2.6459921e+000  1.3716815e+000
  1.9309028e+000  4.0149254e+000
  3.8057129e+000  8.1892228e+000
  8.2689076e+000  7.6697811e+000
  1.7269373e+000  4.2935392e+000
  2.3644948e+000  2.2038928e+000
  1.8803583e+000  6.5601680e+000
  5.2214382e+000  4.0707098e+000
  1.2901751e+000  4.4464095e+000
  8.9424340e+000  1.8707835e+000
  1.4170554e+000  7.9788505e+000
  6.8862004e+000  6.1891612e+000
  1.1981588e+000  4.5246107e+000
  2.1102195e+000  4.4752563e+000
  5.6458353e+000  7.8709788e+000
  2.5793954e+000  4.9046917e+000
  2.9396729e+000  2.3732504e+000
  1.0616216e+000  6.5199547e+000
  7.6709589e+000  5.7958540e+000
  5.9667696e+000  2.3372712e+000
  2.9764752e+000  2.1948625e+000
  1.8608231e+000  6.5070817e+000
  1.6964701e+000  7.9012689e+000
  4.3114483e+000  3.3694969e+000
  2.7098868e+000  4.2862068e+000
  8.2312599e+000  7.6358495e+000
  5.5204386e+000  3.4946338e+000
  2.7605081e+000  4.6936443e+000
  4.7010963e+000  3.2658455e+000
  3.7310434e+000  2.4127016e+000
  5.3094818e+000  7.3062630e+000
  6.8315957e+000  5.9554875e+000
  7.4405731e+000  6.1482891e+000
  5.3488045e+000  2.9719712e+000
  5.5343321e+000  3.6833876e+000
  2.6629109e+000  2.2688313e+000
  2.4670186e+000  4.9274807e+000
  5.5212684e+000  4.0888093e+000
  7.5572057e+000  5.7701325e+000
  8.1672655e+000  7.6828687e+000
  2.6060578e+000  1.9380443e+000
  3.8414043e+000  1.8556243e+000
  8.1368934e+000  5.7455624e+000
  8.1255928e+000  6.0724373e+000
  1.5626624e+000  4.9636576e+000
  2.0687566e+000  6.4008224e+000
  4.3634164e+000  3.5764877e+000
  6.6309251e+000  8.2118373e+000
  2.6844626e+000  1.8954008e+000
  7.7150922e+000  1.6593379e+000
  2.4832649e+000  1.4035334e+000
  7.4927367e+000  1.4007326e+000
  2.3903496e+000  6.5042510e+000
  1.2159503e+000  8.0361447e+000
  1.4961779e+000  4.2460236e+000
  8.5882365e+000  5.7274653e+000
  1.9701765e+000  2.2364431e+000
  8.1166487e+000  2.3922238e+000
  5.3539521e+000  3.9774547e+000
  2.0469163e+000  7.5100058e+000
  2.3111791e+000  2.7692371e+000
  2.4296847e+000  2.1730178e+000
  3.6849281e+000  8.2574554e+000
  7.9863131e+000  6.0472985e+000
  7.6182476e+000  1.6957906e+000
  3.4919932e+000  8.9688358e+000
  6.0788967e+000  7.4101713e+000
  5.5308036e+000  3.8035162e+000
  3.6036026e+000  2.1934428e+000
  5.3623401e+000  2.9590620e+000
  2.1989819e+000  4.2743885e+000
  6.0250273e+000  2.3896597e+000
  8.7778205e+000  6.1285882e+000
  7.6128035e+000  2.3447828e+000
  6.4913188e+000  1.9671238e+000
  6.7426984e+000  6.7173064e+000
  8.4047724e+000  8.5148772e+000
  8.8070255e+000  1.9704350e+000
  2.0298098e+000  6.8891684e+000
  2.1653930e+000  6.3590296e+000
  5.2973901e+000  5.2980218e+000
  7.9277602e+000  2.6036255e+000
  4.6010510e+000  3.5580923e+000
  5.7711725e+000  2.7204035e+000
  4.7720379e+000  2.6144390e+000
  1.3983108e+000  6.6337665e+000
  2.2042487e+000  4.9427329e+000
  5.3605418e+000  3.8785860e+000
  7.8958717e+000  1.9361581e+000
  5.4799598e+000  2.8646583e+000
  1.8802996e+000  7.6623027e+000
  8.4180898e+000  8.2312340e+000
  3.2728070e+000  7.7801821e+000
  3.0210552e+000  2.1879941e+000
  7.2555984e+000  6.2670941e+000
  7.4870887e+000  5.8336046e+000
  5.5444367e+000  7.4993133e+000
  6.8826102e+000  8.3613539e+000
  5.1081985e+000  3.0753705e+000
  8.6186832e+000  6.9120341e+000
  6.8321448e+000  4.4996355e+000
  1.2661168e+000  8.0017448e+000
  6.0635981e+000  3.4417473e+000
  8.2403676e+000  7.5055250e+000
  7.8670967e+000  8.0765119e+000
  8.0246669e+000  3.2333243e+000
  8.1366513e+000  5.7010474e+000
  1.4517377e+000  7.3094149e+000
  5.5586082e+000  2.7553195e+000
  7.1630947e+000  6.3575011e+000
  7.9747010e+000  2.8798997e+000
  7.8923512e+000  2.6102781e+000
  1.8190648e+000  6.8348895e+000
  3.0837726e+000  8.3940390e+000
  4.1066113e+000  7.8166007e+000
  1.5331444e+000  1.7042999e+000
  1.9380486e+000  6.4626807e+000
  7.1903446e+000  5.0257529e+000
  5.2941759e+000  3.5900430e+000
  1.5997536e+000  1.6278357e+000
  3.2386485e+000  8.3139744e+000
  5.1532094e+000  4.3782357e+000
  3.4513666e+000  5.2734595e+000
  2.0225921e+000  1.9108917e+000
  6.3826546e+000  7.8740781e+000
  5.3743948e+000  2.6436663e+000
  5.4075150e+000  2.5520893e+000
  3.4183238e+000  8.1624833e+000
  7.7744283e+000  5.5883253e+000
  4.4654617e+000  2.8803652e+000
  5.1003360e+000  8.0291382e+000
  6.6823505e+000  7.2028138e+000
  2.0782982e+000  1.8999323e+000
  2.1746805e+000  1.6232023e+000
  1.6697294e+000  2.9896479e+000
  1.6142636e+000  4.3017947e+000
  6.3718390e+000  6.3112601e+000
  6.3652149e+000  7.5681245e+000
  2.4609599e+000  1.8476547e+000
  7.7102106e+000  8.5746246e+000
  1.9842003e+000  3.2183371e+000
  4.7029380e+000  2.0784315e+000
  2.9782882e+000  8.2693954e+000
  4.4960645e+000  3.0174778e+000
  8.7357867e+000  5.8499549e+000
  7.1263675e+000  1.9846399e+000
  9.3526953e-001  7.6306816e+000
  6.2108930e+000  7.2146088e+000
  8.0485977e+000  2.2496089e+000
  1.3517626e+000  6.5591591e+000
  5.3777134e+000  3.9876890e+000
  7.1194409e+000  7.9613107e+000
  6.3904617e+000  6.1139240e+000
  7.5326077e+000  1.5025629e+000
  6.6667077e+000  6.4935584e+000
  7.0449508e+000  7.6243612e+000
  1.6788469e+000  7.1964905e+000
  6.0159994e+000  3.1265847e+000
  4.4405032e+000  2.8858908e+000
  3.5089278e+000  7.9935700e+000
  4.6383722e+000  2.8869214e+000
  7.4778732e+000  5.6252548e+000
  3.0264376e+000  1.4164133e+000
  1.4945984e+000  4.6388666e+000
  5.1437116e+000  3.3556766e+000
  4.2184581e+000  6.4288109e+000
  1.8606216e+000  5.3303675e+000
  5.4181398e+000  2.7847644e+000
  6.9487924e+000  6.3268078e+000
  8.8064641e+000  8.0995500e+000
  1.3126850e+000  4.4915638e+000
  7.7225326e+000  7.5725711e+000
  4.4871038e+000  2.8544735e+000
  6.5424520e+000  7.3768572e+000
  5.3653656e+000  3.4509628e+000
  3.3296602e+000  2.1881679e+000
  7.7411971e+000  1.3484866e+000
  5.7615245e-001  7.2342402e+000
  1.9369612e+000  2.6980458e+000
  3.4615909e+000  1.2433822e+000
  7.8161257e+000  3.0169661e+000
  1.5068164e+000  6.3617720e+000
  4.0651763e+000  8.0546097e+000
  1.4994031e+000  4.8111699e+000
  5.0893909e+000  3.9306486e+000
  6.4161134e+000  6.3993241e+000
  7.5890559e+000  1.8983812e+000
  5.9052439e+000  2.0477755e+000
  5.2583579e+000  3.8350902e+000
  5.2536394e+000  3.9102394e+000
  1.1965749e+000  7.7043605e+000
  8.0123541e+000  8.0654659e+000
  2.3422243e+000  1.2830299e+000
  7.6704692e+000  1.8073797e+000
  7.7450675e+000  6.1817392e+000
  8.6525649e+000  5.8546612e+000
  6.8640480e+000  7.3387617e+000
  2.2047554e+000  6.7255177e+000
  8.4288810e+000  7.6766791e+000
  3.3880694e+000  2.6721480e+000
  1.9828013e+000  7.2038955e+000
  2.4556061e+000  7.6388803e+000
  3.8898474e+000  8.4372070e+000
  8.6979352e+000  2.4507604e+000
  6.8587335e+000  6.2084950e+000
  5.4118546e+000  3.7676787e+000
  9.4651163e-001  7.4782960e+000
  3.1186456e+000  2.3685722e+000
  6.4219093e+000  6.2958351e+000
  8.1213670e+000  5.7267908e+000
  5.0989030e-001  7.1023400e+000
  6.6752420e+000  5.3991248e+000
  8.3514772e+000  2.5741236e+000
  2.0503502e+000  7.3466200e+000
  5.2721752e+000  2.9326800e+000
  6.9886929e+000  5.8881862e+000
  3.3292533e+000  8.3067042e+000
  1.6677785e+000  7.6894606e+000
  5.8059529e+000  4.1073105e+000
  4.9658997e+000  2.4348723e+000
  2.7242827e+000  2.4451083e+000
  5.5544801e+000  3.8324038e+000
  1.7590632e+000  6.6629950e+000
  3.5416277e+000  7.8315226e+000
  5.4090763e+000  6.9176806e+000
  8.7300624e+000  8.1755651e+000
  1.7689265e+000  7.3393766e+000
  5.2292095e+000  3.9966949e+000
  3.9693255e+000  2.7604011e+000
  1.3714220e+000  7.5501125e+000
  3.4991254e+000  8.5803762e+000
  2.8729234e+000  4.4181092e+000
  6.3637735e+000  6.2057468e+000
  8.5360255e+000  7.8210554e+000
  6.2521911e+000  1.5775205e+000
  2.5560762e+000  2.3570823e+000
  8.7600610e+000  8.3697255e+000
  7.6420664e+000  1.6839197e+000
  1.9897912e+000  6.8291380e+000
  1.9115098e+000  7.2196415e+000
  2.0838179e+000  7.1489551e+000
  7.7165755e+000  2.0031578e+000
  6.6290041e+000  6.2336791e+000
  6.4211334e+000  7.3119505e+000
  3.0765500e+000  5.7374603e+000
  7.6194644e+000  1.7405605e+000
  6.6484261e+000  6.8782742e+000
  7.5742861e+000  5.6830243e+000
  8.4659378e+000  3.0732363e+000
  6.7624277e+000  6.9148874e+000
  7.5149811e+000  1.9449721e+000
  6.7798427e+000  5.2295452e+000
  3.6768567e+000  8.4255012e+000
  4.7317497e+000  2.4865810e+000
  1.8848979e+000  6.9678332e+000
  6.8095357e+000  5.0047952e+000
  6.3938475e+000  8.0898036e+000
  8.2788339e+000  6.0653823e+000
  3.6468460e+000  5.6462941e+000
  1.3743095e+000  6.9905196e+000
  2.5584787e+000  2.8311791e+000
  6.5702293e+000  6.2722546e+000
  3.3142288e+000  8.5177766e+000
  7.1972251e+000  6.2465887e+000
  2.0690604e+000  7.3273748e+000
  1.8518337e+000  2.4910113e+000
  3.7200390e+000  5.7314525e+000
  2.5584615e+000  1.3483823e+000
  1.8210447e+000  4.7645000e+000
  2.2226727e+000  2.4526069e+000
  1.8202882e+000  3.8959654e+000
  8.5759260e+000  2.4915127e+000
  5.3040774e+000  3.5667669e+000
  2.4375439e+000  4.1529643e+000
  1.3069165e+000  2.7947791e+000
  4.5503380e+000  5.8867369e+000
  8.2828204e+000  5.6690263e+000
  7.4581582e+000  1.3673694e+000
  6.4705465e+000  7.0100891e+000
  3.7691209e+000  1.6452902e+000
  5.3181730e+000  3.1461195e+000
  5.2061564e+000  3.9915263e+000
  1.4574429e+000  4.7583961e+000
  2.4880266e+000  3.1972509e+000
  7.8050976e+000  5.5326355e+000
  6.0481742e+000  2.1919757e+000
  5.2769893e+000  3.1918487e+000
  1.6916615e+000  8.0835163e+000
  7.8770494e+000  1.5951035e+000
