  5.1646234e+000  5.2618013e+000
  5.2988945e+000  7.4340511e+000
  2.0598230e+000  7.3255462e+000
  8.8473506e+000  1.5564604e+000
  6.9035939e+000  6.3151647e+000
  6.6998481e+000  7.2791597e+000
  7.9929585e+000  1.0764442e+000
  5.0813079e-001  2.2391676e+000
  4.6928164e-001  3.7708771e+000
  1.7259228e+000  7.7366823e+000
  6.2369961e+000  8.9212251e+000
  3.2523971e+000  4.1665765e+000
  9.2012924e+000  5.5788480e+000
  2.4425357e+000  2.6891932e+000
  5.4787954e+000  1.3596884e+000
  8.8798322e+000  5.0371479e+000
  3.1074452e+000  8.8413155e+000
  8.1401564e+000  9.2626028e+000
  8.8327407e+000  2.1945481e+000
  4.6712460e+000  7.9167030e+000
  7.2432588e+000  9.1580127e+000
  2.3338248e+000  9.5815160e+000
  6.0484267e+000  6.4449838e-001
  5.4485190e+000  3.1260023e+000
  5.1664660e+000  5.5046957e+000
  6.6771815e+000  4.7861815e+000
  1.1657114e+000  7.1886116e+000
  7.8303595e+000  1.4716193e+000
  8.3847816e+000  4.3833702e+000
  4.1489719e+000  4.0982346e+000
  9.1866541e+000  5.0738525e+000
  9.1594894e+000  9.2651980e-001
  3.6948208e+000  8.2108239e-001
  3.0835038e+000  4.0594889e+000
  2.4908760e+000  1.9438242e+000
  9.1857073e+000  5.8460376e+000
  6.3501230e+000  8.4655195e+000
  1.7207716e+000  8.4728150e+000
  2.7950012e+000  8.5911875e+000
  9.4420607e+000  9.7869169e-001
  1.4516140e+000  6.9855806e-001
  6.0585265e+000  9.5111522e-001
  2.1747256e+000  1.5966464e+000
  9.2852731e+000  2.1767788e+000
  1.8696606e+000  3.0972625e+000
  2.5671917e+000  8.1818542e+000
  1.3951430e+000  3.0335788e+000
  4.9084040e+000  8.1125965e+000
  7.9828370e+000  2.0794274e+000
  1.3386296e+000  6.8904461e+000
  7.3942509e+000  1.9021282e+000
  2.5067130e+000  8.6503660e+000
  8.2968680e+000  4.8351244e+000
  5.6158961e+000  7.0430859e+000
  5.3125627e+000  6.7945809e+000
  7.0437002e+000  4.3898032e+000
  1.9034599e+000  4.1844711e+000
  7.6812335e+000  8.5791971e+000
  1.1876935e+000  4.4845633e+000
  8.9281377e+000  5.6310332e+000
  2.1764259e+000  4.1706044e+000
  7.6363220e-001  7.0314503e+000
  5.4375064e+000  3.0270077e+000
  7.9481258e+000  3.1695365e+000
  8.1276351e+000  6.8504352e+000
  1.5787099e+000  1.7204565e+000
  4.8245155e+000  6.5343340e+000
  5.1883656e+000  3.1602582e+000
  1.6352654e+000  6.4605945e+000
  7.0781162e+000  6.7788206e+000
  5.5558794e+000  2.7530495e+000
  1.5565165e+000  5.0207015e+000
  4.0476274e-001  7.0651384e+000
  1.6573344e+000  5.1607590e+000
  9.1232443e+000  5.2090980e+000
  5.9754390e+000  2.8340402e+000
  9.0330930e+000  8.8783281e-001
  4.0924031e+000  9.0723341e+000
  3.7591247e+000  2.9227319e+000
  2.8646103e+000  1.1390264e+000
  6.6351019e+000  7.3286228e+000
  7.4287813e+000  8.7564810e+000
  3.6363621e+000  9.2136892e+000
  8.6138395e+000  1.7833359e+000
  4.6265754e+000  4.8236481e-001
  4.6192066e+000  2.7966162e+000
  2.0657177e+000  6.3082195e-001
  3.3263704e+000  2.0369003e+000
  4.2024318e+000  2.2767921e+000
  8.0239871e+000  3.6209146e+000
  3.8220029e+000  7.1110423e+000
  2.9592587e+000  3.0540920e+000
  3.4196518e+000  1.0161488e+000
  8.6034618e+000  1.2584817e+000
  4.6433372e+000  1.2128362e+000
  6.9834000e+000  7.5747404e-001
  6.0124789e-001  3.9163352e+000
  1.2052996e+000  6.7231279e+000
  4.0100799e+000  1.5934355e+000
  2.9909296e+000  1.8572035e+000
  6.9461553e+000  6.2641420e+000
  1.0643722e+000  2.2875858e+000
  8.4524812e+000  3.3401419e+000
  6.0326217e+000  9.6535334e+000
  8.3075188e+000  1.8183254e+000
  1.9498725e+000  8.0972621e+000
  9.1457331e-001  2.2232253e+000
  1.8147597e+000  5.1078557e+000
  5.9074020e+000  2.3793413e+000
  9.3213897e-001  6.9964546e+000
  5.7362435e+000  2.3874164e+000
  8.0376379e+000  7.1191774e-001
  8.4795491e+000  1.4358511e+000
  5.7684988e-001  7.9121456e+000
  2.9490753e+000  4.8279099e+000
  8.5359493e+000  7.5848302e+000
  8.5536911e+000  6.8998933e+000
  5.4688719e+000  1.9738963e+000
  4.5127086e+000  1.8377170e+000
  1.9321736e+000  6.7484498e+000
  6.2026267e+000  7.1563035e+000
  3.3222098e+000  5.8887582e+000
  6.1182343e+000  3.3634717e+000
  8.5450484e+000  4.6547247e+000
  3.7297885e+000  1.9129124e+000
  1.9176351e+000  9.1483241e+000
  3.4539952e+000  6.5348156e+000
  9.9855853e-001  7.6404584e+000
  3.4274546e+000  1.1074575e+000
  7.3028990e+000  6.7384561e+000
  3.6513000e+000  1.0525446e+000
  4.6268797e+000  3.3880146e+000
  7.9471301e+000  7.0551421e+000
  3.4096111e+000  9.2965928e+000
  2.7784158e+000  1.9145909e+000
  4.0922090e-001  1.1663984e+000
  3.4382481e+000  1.2096411e+000
  1.5301476e+000  1.1866866e+000
  2.1109297e+000  5.3167313e+000
  6.0892699e+000  2.5067146e+000
  1.5642297e+000  8.3247225e+000
  3.1387540e+000  2.8027034e+000
  9.3861099e+000  5.5174341e+000
  9.2908607e+000  3.0250615e+000
  1.8551118e+000  8.4159578e+000
  5.9556565e+000  2.6972054e+000
  8.8930625e+000  6.0611073e+000
  1.4891236e+000  6.0951512e+000
  7.4511700e+000  7.2563978e+000
  9.2333108e+000  8.6889626e+000
  9.0215386e+000  9.0215920e+000
  8.3697344e+000  4.3717997e+000
  1.7013006e+000  5.3868721e+000
  5.8343359e+000  4.8759247e+000
  2.6437247e+000  2.4163328e+000
  4.0722800e+000  6.0118504e+000
  8.0655897e+000  8.0373250e+000
  1.2949365e+000  1.6058838e+000
  2.9632424e+000  1.8209825e+000
  7.3663682e+000  5.4163353e+000
  1.4321498e+000  6.0094934e+000
  3.3774459e+000  8.4404893e+000
  2.6010536e+000  2.5530921e+000
  9.0025766e+000  2.3230532e+000
  3.6740619e+000  2.0356372e+000
  1.8456453e+000  7.2558865e+000
  4.9124882e+000  3.7556777e+000
  9.2457238e+000  2.2419994e+000
  7.4489583e+000  3.4944310e+000
  3.5703636e+000  3.7759694e+000
  5.7948118e+000  7.3607838e+000
  2.3247901e+000  3.1987843e+000
  2.4698577e+000  1.6564430e+000
  2.2307185e+000  7.6769530e+000
  2.1061153e+000  8.9552392e+000
  1.0474879e+000  8.0173777e+000
  5.3048826e+000  6.0602977e+000
  1.6281395e+000  7.8901555e+000
  8.3829963e+000  1.9722819e+000
  3.3981300e+000  7.0300778e+000
  3.1900016e+000  3.1559561e-001
  1.6694688e+000  1.5656930e+000
  5.3221860e+000  3.6280729e+000
  9.3779784e+000  2.5395950e+000
  8.3829371e+000  8.4397273e+000
  3.7083737e+000  1.1722243e+000
  5.0181208e+000  2.4620023e+000
  5.5214628e+000  7.3483046e+000
  7.9596470e+000  4.9906092e+000
  7.4575914e+000  9.6956510e+000
  8.7854146e+000  5.3465108e+000
  3.0261121e+000  1.8920463e+000
  6.5678409e+000  8.2809317e+000
  9.3460922e+000  8.7618067e+000
  1.8131648e+000  6.2494099e+000
  5.2526458e+000  2.9713836e+000
  8.4874287e+000  7.8779539e-001
  8.9208168e+000  6.3421966e+000
  8.1701950e+000  6.3900688e+000
  7.3752969e+000  1.3068887e+000
  4.8045664e+000  9.0295524e+000
  8.8621840e+000  8.6330735e+000
  6.3068444e+000  8.1827014e+000
  3.0720501e+000  2.1638526e+000
  5.5633037e+000  5.1258873e+000
  7.9015807e+000  6.0012743e-001
  9.3114674e+000  2.9671825e+000
  6.0600616e+000  6.3854430e+000
  9.0495318e+000  4.2979884e+000
  6.1144704e+000  7.2779569e+000
  8.7879809e+000  2.4402418e+000
  8.9502058e-001  8.9299853e+000
  4.8538402e+000  2.3024513e+000
  5.2804427e+000  1.0838790e+000
  2.1169203e+000  6.8837717e+000
  8.1488031e+000  2.2470280e+000
  6.5267219e+000  9.6500377e+000
  5.6094530e+000  5.3018242e-001
  4.9736426e+000  4.0039922e+000
  8.8965179e+000  2.4768110e+000
  9.2766393e+000  2.2332246e+000
  1.3164438e+000  7.3790753e+000
  2.4423342e+000  5.8662682e+000
  6.5956181e+000  7.2147897e+000
  4.0271241e+000  6.1563724e+000
  3.8682953e+000  1.3737435e+000
  3.9648226e+000  2.0652279e+000
  8.5103268e+000  8.2593916e-001
  1.6992225e+000  8.5271484e+000
  2.6190963e+000  2.3520080e+000
  4.0225865e+000  4.9108043e+000
  6.8084243e+000  6.6265342e+000
  4.6788766e+000  9.1588519e+000
  9.0061376e+000  3.7450254e+000
  5.7824020e+000  8.6741362e+000
  4.9030110e+000  2.9349089e+000
  1.5229318e+000  1.0566036e+000
  3.5766702e+000  5.2019024e+000
  2.0847282e+000  2.4477867e+000
  9.1410230e+000  8.2767282e+000
  5.3294943e+000  3.6782999e+000
  2.8490187e+000  4.8701885e+000
  9.2890493e+000  6.6814920e+000
  6.2046953e-001  3.1303363e+000
  5.1273000e+000  3.8325059e+000
  5.7812960e+000  9.3510141e+000
  9.0434276e+000  2.0410832e+000
  9.2366770e+000  5.1823436e+000
  4.7202883e+000  9.1435623e+000
  1.7669419e+000  5.7765036e+000
  5.0842396e+000  3.0772927e+000
  9.1854830e+000  4.2011913e+000
  5.0740267e+000  2.9619885e+000
  7.1874368e+000  6.1725704e+000
  3.3570263e+000  3.5049627e+000
  7.6964144e+000  7.2717706e+000
  6.8354223e-001  1.9478023e+000
  8.4411350e+000  4.0023593e+000
  7.5564325e+000  5.5036690e+000
  1.8993919e+000  7.9330894e+000
  1.6511896e+000  7.0419903e+000
  2.3876703e+000  8.7597491e+000
  5.1079059e-001  8.1288589e+000
  4.3054681e+000  9.0589272e+000
  7.4201956e+000  1.9365335e+000
  6.0529720e+000  6.9569944e+000
  5.0553496e+000  6.9241387e+000
  5.8244039e+000  7.8792346e+000
  7.6774977e+000  1.5572700e+000
  8.0866118e+000  1.4378350e+000
  7.2524427e+000  5.4003673e+000
  1.5511258e+000  3.8772872e+000
  5.1733342e+000  4.8683128e+000
  9.1670510e+000  5.8045503e+000
  2.6028980e+000  5.4030749e-001
  5.0232417e+000  2.9732341e+000
  2.7692072e+000  8.5781382e+000
  4.6222682e-001  4.9861837e+000
  4.9124873e+000  8.4461793e+000
  6.2924910e-001  6.7040164e+000
  3.0099528e+000  5.1352472e+000
  8.6671965e+000  5.1017190e+000
  4.2660517e+000  3.0417796e+000
  8.4430798e+000  7.1368934e+000
  1.2654410e+000  3.9274320e+000
  9.5863987e+000  7.5149968e+000
  6.6518864e+000  1.2968505e+000
  9.1126612e+000  3.7878138e+000
  9.0480318e+000  1.4256986e+000
  4.8708898e+000  3.1110681e+000
  4.8056671e+000  9.3083800e+000
  2.8961495e+000  4.8679013e+000
  9.2160052e+000  4.7160111e+000
  8.9728052e+000  4.9421976e+000
  7.1381010e+000  8.3806797e+000
  5.2654474e+000  7.0196094e+000
  3.3289129e+000  4.0799113e+000
  8.8454778e+000  1.1430969e+000
  5.7441714e+000  1.8805999e+000
  1.5513380e+000  1.3826036e+000
  5.4168302e+000  9.4876770e+000
  5.1544387e+000  3.6780055e+000
  4.2193436e+000  6.1070218e+000
  5.0909205e+000  6.4301196e+000
  9.5114362e+000  7.5633345e+000
  8.1772664e+000  2.5955641e+000
  9.0145074e+000  2.5880044e+000
  6.7600324e-001  1.9957972e+000
  8.8498119e+000  7.7758493e+000
  7.7094262e-001  1.8715322e+000
  3.9799349e+000  2.4337466e+000
  8.4662706e-001  1.1195249e+000
  8.4184614e-001  6.9138206e+000
  9.3802582e+000  2.7649086e+000
  1.5119205e+000  4.2970954e+000
  6.3458838e+000  4.7892887e+000
  8.3407168e+000  1.1788457e+000
  6.2104936e+000  3.0878517e+000
  5.9090667e+000  4.6551243e+000
  1.4130538e+000  7.6712293e-001
  2.2873519e+000  2.5917535e+000
  6.7011744e+000  1.8379308e+000
  4.8832999e+000  3.5938981e+000
  7.5402016e-001  1.8261422e+000
  8.5237756e+000  8.9699903e+000
  3.7704501e+000  9.1874236e+000
  6.5663776e+000  7.6012249e+000
  8.7715903e+000  8.8227268e+000
  8.7696123e+000  2.1636547e+000
  9.0245836e+000  2.2242970e+000
  8.4168653e+000  1.0962256e+000
  8.5983353e+000  7.5913331e+000
  4.8163361e+000  2.3332034e+000
  8.9484295e+000  2.4828084e+000
  8.6552295e+000  4.8650938e+000
  8.1909344e+000  6.3036019e+000
  1.2497537e+000  8.2253807e+000
  8.7714939e+000  2.0599818e+000
  3.7768824e+000  9.2260989e+000
  1.4545867e+000  5.6953616e+000
  7.5090402e+000  5.9267343e+000
  5.7310130e-001  6.9346354e+000
  5.3403518e+000  3.1369672e+000
  3.8008201e+000  4.6576534e-001
  9.1491475e+000  6.2874856e+000
  3.7071429e+000  9.2257494e+000
  7.4053986e+000  5.8159147e+000
  5.4941658e+000  1.1477608e+000
  7.0774310e+000  3.8085017e+000
  3.8147186e+000  6.9784288e+000
  1.3848215e+000  4.5716638e+000
  1.4721071e+000  1.2473526e+000
  2.3640555e+000  8.2400203e+000
  9.3536756e+000  1.9273750e+000
  2.7387993e+000  4.6737749e+000
  8.3011267e+000  7.2280102e-001
  9.1317529e+000  6.0544477e+000
  6.2401627e-001  6.2887847e+000
  5.7440540e+000  7.5169789e+000
  9.4361270e-001  7.1538267e+000
  9.0835954e-001  4.0428569e+000
  8.9194489e+000  6.8432347e+000
  7.8794246e+000  6.5801983e-001
  3.9515388e-001  2.6311976e+000
  2.6530438e+000  7.7242123e+000
  7.3022849e+000  6.4357023e+000
  3.9673972e+000  1.9616690e+000
  5.5578302e+000  9.2267957e-001
  6.7802675e+000  4.4110113e+000
  1.7564276e+000  6.2558181e+000
  9.0041500e+000  5.7655752e+000
  7.8718237e+000  2.3916560e+000
  2.9439383e+000  8.5928519e+000
  9.1540276e+000  3.5420531e+000
  5.8867526e+000  9.3123843e+000
  3.0564362e+000  1.8490657e+000
  9.1008995e+000  6.0599887e+000
  4.7594986e+000  8.5517476e+000
  9.2553735e+000  2.2996523e+000
  8.3982080e+000  5.4566727e-001
  8.8533844e+000  7.9197156e+000
  3.9861811e+000  1.9605379e+000
  4.5304049e+000  4.5202096e+000
  4.3286216e-001  9.8879689e+000
  5.7893022e+000  3.1299672e+000
  7.9400583e+000  3.2014611e+000
  3.0417382e+000  1.2527605e+000
  1.2650802e+000  2.3422941e-001
  9.3321670e+000  8.8731580e+000
  1.8869875e-001  3.9525449e+000
  2.2530240e+000  3.9797607e+000
  7.9309814e+000  5.8784231e+000
  9.2610350e+000  6.1139691e+000
  9.2857870e+000  4.7791179e+000
  4.6101462e+000  2.7090716e+000
  1.1245218e+000  9.0523628e+000
  1.3651495e+000  3.3218594e+000
  1.1514893e+000  2.2312674e+000
  8.0632307e-001  7.3773966e+000
  7.2715065e+000  5.9831750e+000
  6.1360193e-001  3.7046071e+000
  4.8014580e+000  9.1102431e+000
  5.8114031e+000  2.9848106e+000
  1.9283253e+000  1.7585326e+000
  5.9694721e-001  2.4421572e+000
  4.9333451e+000  4.6210176e+000
  5.3685753e+000  5.4663111e+000
  8.1863522e+000  8.3861048e+000
  4.7882227e+000  8.7679392e+000
  5.9361097e+000  5.2107717e+000
  5.2481178e+000  9.3358655e+000
  1.8814113e+000  7.9833951e+000
  4.3144009e+000  1.0483665e+000
  5.8499129e-001  8.8274784e+000
  3.8975872e+000  9.0268912e+000
  3.7913421e+000  1.7007306e+000
  9.5523421e+000  4.9755804e-001
  1.9771337e+000  9.0576772e+000
  5.0768037e+000  3.4161327e+000
  8.6852630e+000  2.4254328e+000
  1.7723763e+000  3.5198779e+000
  2.2731633e+000  5.0862344e+000
  3.6416288e+000  5.2152906e+000
  6.5806117e+000  8.6583406e+000
  3.0257603e+000  1.5270208e+000
  3.8673654e+000  5.6177241e+000
  5.8446832e+000  3.8443638e+000
  7.3238075e+000  3.7650847e+000
  9.4233834e+000  3.0474942e+000
  1.3589391e+000  9.0958229e-001
  8.9433557e+000  4.0069583e+000
  8.8315822e-001  7.3352784e+000
  7.4945426e+000  2.6051168e+000
  3.8638930e+000  9.5151982e+000
  9.6425790e+000  8.5076769e+000
  9.5819144e+000  7.7621601e+000
  9.0743365e+000  6.8834110e+000
  6.9279418e+000  5.1922863e+000
  5.6125693e+000  5.7292933e+000
  8.9957364e+000  4.9575925e+000
  3.3931076e+000  2.4682765e+000
  7.2062952e+000  8.7568776e+000
  5.5152920e+000  7.3444773e+000
  3.4530736e+000  2.0187664e+000
  4.8064183e+000  4.2980143e+000
  7.2198313e-001  9.2719371e+000
  3.9591963e+000  2.2860345e+000
  3.2441678e+000  8.5665863e+000
  1.7418072e+000  6.1618594e+000
  4.6553968e+000  7.5509771e-001
  6.2233703e-001  6.8900899e+000
  6.0106799e+000  6.5388965e+000
  9.5395566e+000  6.5826088e+000
  3.6608396e+000  2.4691183e+000
  8.7290578e+000  7.7105161e+000
  4.1576915e+000  9.3587703e+000
  9.1257709e+000  4.5144758e+000
  9.4231181e+000  2.1182460e+000
  7.3885190e-001  1.9243565e+000
  8.7021523e+000  3.7485574e+000
  2.6878225e+000  1.1301889e+000
  9.7556394e+000  9.6987449e+000
  1.5735699e+000  1.4312741e+000
  3.7549910e+000  5.1862082e-001
  8.5098918e+000  3.5951241e-001
  8.9389282e+000  6.8391760e+000
  6.6620574e-001  2.6858839e+000
  1.2468778e+000  7.8713036e+000
  9.5774334e-001  9.2544534e+000
  1.9894625e+000  8.7150299e+000
  5.4837780e+000  2.8834278e+000
  8.0216007e+000  4.8485381e+000
  1.2413712e+000  5.2267573e+000
  9.3728762e+000  9.2428396e+000
  1.3082115e+000  6.8938165e+000
  9.8493958e-001  8.6976592e-001
  8.7423114e+000  4.7281234e-001
  5.1079452e+000  7.1293134e+000
  4.1438436e+000  5.9676265e+000
  9.5419099e+000  6.5438555e+000
  7.0896397e+000  9.1019888e+000
  4.8753145e+000  2.0669362e+000
  8.5229988e+000  1.1772756e+000
  1.1119887e+000  5.4982437e+000
  9.4154914e+000  6.2722552e+000
  9.2840607e+000  6.6204842e+000
  5.6115480e+000  3.7483223e+000
  7.7669475e+000  1.6804897e+000
  4.9852775e+000  3.9009461e+000
  5.2600353e+000  9.3525321e+000
  4.4428129e+000  9.1017699e+000
  9.2793561e+000  6.5666135e+000
  5.9447830e+000  8.3868382e+000
  4.3874852e+000  9.3950810e+000
  4.6735699e+000  8.1060303e+000
  5.5827960e+000  8.7135886e+000
  6.3538711e+000  7.3892152e+000
  9.6262110e+000  8.0053848e-001
  7.9294976e+000  6.2007788e+000
  3.4741272e+000  6.6667481e-001
  8.9977430e+000  4.7966633e+000
  8.3649600e+000  7.2301183e+000
  8.3469769e+000  8.2955633e+000
  5.6337977e+000  4.4619070e+000
  1.8159122e+000  4.0403371e+000
  7.4442403e-001  5.2709649e+000
  1.4536855e+000  2.7933466e+000
  3.0861106e+000  2.0028745e+000
  1.1823072e+000  7.0194360e+000
  1.3986118e+000  9.3190023e+000
  9.0371871e+000  6.7729242e+000
  1.5777165e+000  5.8061460e+000
  1.7605202e+000  7.4150534e+000
  5.4758845e+000  1.2437644e+000
  2.3513033e+000  8.8158179e+000
  5.6391207e+000  7.4171650e+000
  8.7952958e+000  9.6023414e-001
  8.3981620e+000  1.7106067e+000
  8.7095994e+000  3.1850674e+000
  5.2335937e-001  9.1448307e+000
  7.0185417e+000  1.1983561e+000
  3.9341850e+000  2.6693396e+000
  1.6746220e+000  6.8177259e+000
  8.3667713e+000  9.8682819e+000
  1.3167759e+000  7.1616438e+000
  5.3843877e+000  4.4940549e+000
  3.1839868e+000  1.2056612e+000
  5.8116228e+000  3.3613622e+000
  6.6073888e+000  9.3950616e+000
  1.7316441e+000  6.4188219e+000
  9.1733318e+000  2.9242865e+000
  6.8862722e+000  5.8328462e+000
  6.6134216e+000  7.1269629e+000
  1.4611992e+000  2.5730282e+000
  3.3668445e+000  9.3393726e+000
  3.1005753e+000  1.0137325e+000
  5.6284170e-001  5.8750782e+000
  7.2167360e+000  2.0628620e+000
  8.0766927e+000  5.3248143e+000
  9.2495694e+000  8.7384067e+000
  2.0004955e+000  1.9023449e+000
  5.5774249e+000  5.4845590e+000
  2.4950856e+000  5.8846171e+000
  8.9465645e+000  5.6221115e+000
  4.6942443e+000  2.3088805e+000
  1.3332033e+000  4.9957721e+000
  6.5597689e+000  4.3276973e+000
  8.4535480e-001  5.7557421e+000
  2.9851153e+000  8.8989360e+000
  9.3053234e+000  4.7922404e+000
  1.6640040e+000  3.3679632e+000
  8.7319870e+000  9.2822601e+000
  5.5352143e+000  7.0876705e+000
  5.0603292e+000  5.0351848e+000
  9.5683389e+000  5.0884276e+000
  4.4817040e+000  9.2329831e+000
  2.1844972e+000  3.4952073e+000
  3.4284039e+000  2.5055161e+000
  1.2482762e+000  2.7127260e+000
  1.5673044e+000  4.9421848e+000
  7.0438230e+000  3.3016225e+000
  2.6610131e+000  4.1688585e+000
  5.9888762e+000  9.1623109e+000
  6.1336051e+000  8.2064919e+000
  1.0659911e+000  4.6492603e+000
  5.2102925e+000  9.4630563e+000
  8.9548632e+000  3.3297446e+000
  3.9995668e+000  1.0931235e+000
  1.7681864e+000  8.6208870e+000
  1.7853794e+000  3.3997234e+000
  9.1320070e+000  8.9689041e+000
  3.2740995e+000  1.0978401e+000
  5.0194973e+000  7.9803121e+000
  2.3195560e+000  3.4224527e+000
  4.5489043e+000  1.9532591e+000
  9.1274431e+000  3.3334715e+000
  8.8272149e+000  6.2804656e+000
  2.4452676e+000  7.0932018e+000
  7.0557439e+000  1.3988798e+000
  8.9209437e+000  6.4784806e+000
  2.7417525e+000  7.4407011e+000
  5.9352449e+000  3.4832327e+000
  7.2808804e+000  3.4810421e+000
  5.9187031e+000  7.1000036e+000
  1.5600452e+000  7.0116776e+000
  2.8805408e+000  1.6396128e+000
  2.1192496e+000  4.7732139e+000
  8.9094334e+000  4.3083913e+000
  7.5629348e+000  1.1279330e+000
  7.9409338e-001  4.3920891e+000
  1.0095352e+000  7.3627299e+000
  8.8328982e+000  4.4094154e+000
  6.7588015e-001  7.1759042e+000
  1.4362209e+000  6.2522746e+000
  7.8855356e+000  4.5148565e+000
  3.1541299e+000  1.2175116e+000
  8.6167232e+000  4.4566370e+000
  4.7843163e+000  6.5716273e+000
  8.2156155e+000  7.6887818e+000
  7.1544806e+000  7.3345229e+000
  7.4744321e-001  2.0207002e+000
  1.1033629e+000  6.5890662e+000
  9.7374406e+000  8.2953012e+000
  5.4870905e-001  3.4831043e+000
  5.0247300e+000  4.0769506e+000
  1.0226087e+000  1.5485903e+000
  5.0737114e+000  2.7415025e-001
  1.7295510e+000  1.4997482e+000
  2.1922818e+000  5.9198308e+000
  1.8846420e+000  2.4606125e+000
  8.9416477e+000  4.1907202e-001
  9.8479979e-001  6.9550487e+000
  8.2125289e+000  1.1929841e+000
  7.8206831e+000  1.6453572e-001
  5.5057576e+000  8.0672166e+000
  1.1106581e+000  5.8919212e+000
  2.7177062e+000  8.4012662e+000
  6.6008760e+000  6.1047874e+000
  4.5624696e+000  8.3050003e+000
  8.6425899e+000  5.2811731e-001
  2.8581717e-001  9.0851361e+000
  7.4838530e+000  2.4228477e+000
  5.6702381e+000  6.6289512e+000
  1.2369683e+000  6.4866418e-001
  7.9080038e+000  9.0068555e+000
  6.2300782e+000  2.9270743e+000
  1.3328372e+000  6.7685290e+000
  4.6619560e+000  9.0886431e+000
  4.2140502e+000  4.9042201e+000
  6.4316731e+000  9.1944874e+000
  6.9126362e+000  1.2859686e+000
  6.4807716e+000  7.2901596e-001
  4.4442576e-001  9.1936922e+000
  5.0811833e-001  2.2722497e+000
  9.2640586e+000  4.0759350e+000
  6.4801757e+000  6.6139255e+000
  2.7971156e+000  6.2460579e+000
  4.6411765e+000  4.8387484e+000
  8.9400727e+000  5.9484974e+000
  3.8130473e+000  8.9080524e+000
  6.9288077e-001  4.4623966e+000
  9.1049817e+000  2.3640888e+000
  6.0539237e+000  9.6574763e+000
  7.0604766e+000  6.7778933e+000
  5.7534036e+000  9.6816084e+000
  3.8844939e+000  7.4962722e+000
  7.1209880e+000  5.7799028e+000
  4.5306539e+000  2.7887289e+000
  9.5233981e+000  3.5376716e+000
  7.0366771e+000  3.7535318e+000
  7.4743623e+000  4.9668355e+000
  1.5821950e+000  6.1997180e+000
  7.2143959e+000  9.0888316e+000
  3.4838982e+000  7.9659788e+000
  6.8337291e-001  2.5128842e+000
  4.3450984e+000  2.4401475e+000
  9.1664126e+000  9.0668702e+000
  8.6675412e+000  5.6737507e+000
  2.5323544e+000  1.7672384e+000
  8.9384131e+000  5.4207401e+000
  8.9123532e+000  1.0186141e+000
  3.9600653e+000  7.4582077e+000
  3.2257636e+000  5.5077705e+000
  7.3500812e-001  6.5464329e+000
  1.7606485e+000  2.1993930e+000
  8.9789220e+000  6.8308206e+000
  2.8578069e+000  1.5785155e+000
  6.9184320e+000  2.9924664e+000
  8.4980037e+000  8.0989902e+000
  3.0520796e+000  4.9037697e+000
  9.3218172e+000  4.9799542e+000
  1.4714451e+000  4.5757021e-001
  9.5629979e+000  8.2893451e+000
  7.7118406e-001  5.7458150e+000
  1.0584258e+000  6.5099324e+000
  6.6682910e+000  2.9770583e+000
  8.4408077e-001  1.9191807e+000
  7.3916931e+000  8.9053673e+000
  5.1158146e+000  8.9683386e+000
  4.7615204e+000  4.9143672e+000
  1.2037180e+000  6.8015181e+000
  9.2032625e+000  8.8981634e+000
  6.5254965e-001  3.6790763e+000
  5.4215389e+000  2.0084143e+000
  4.3577054e+000  8.6481662e+000
  8.6809364e+000  2.2990779e+000
  7.4794422e+000  9.5539635e-001
  9.8604661e-001  7.2288205e+000
  5.3546984e+000  4.6381235e+000
  9.4958067e+000  4.8266527e+000
  2.5930759e+000  7.7187052e+000
  9.0228222e+000  1.8197822e+000
  6.9518440e+000  1.7299749e+000
  2.4953976e+000  1.5241257e+000
  7.5871862e+000  6.2969645e+000
  7.6605383e+000  7.3608529e+000
  8.3032538e+000  7.6694764e-001
  7.0358140e-001  8.5892408e+000
  8.8912639e+000  6.5587638e+000
  6.6308009e+000  3.8604016e+000
  1.6444599e+000  2.3412532e+000
  1.6208853e+000  3.1005794e+000
  4.3882636e+000  2.4422236e+000
  4.9472429e+000  4.4776093e+000
  5.1574947e+000  1.0637278e+000
  8.7381297e+000  7.7182806e+000
  8.7702618e+000  7.0381778e+000
  9.2529059e+000  8.7208976e+000
  6.9010010e+000  7.7095137e+000
  5.3383339e+000  6.1019604e+000
  8.6833868e+000  6.0444801e+000
  9.3031004e+000  5.0111278e+000
  9.6610363e+000  9.1625477e+000
  7.3178268e+000  8.0571006e+000
  5.3440815e+000  2.6474002e+000
  8.7890308e+000  5.9262038e+000
  7.9370812e-001  9.1555757e+000
  3.8388974e+000  9.3402661e+000
  3.7627824e+000  8.9465405e+000
  2.5098347e+000  2.2735814e+000
  8.9752395e+000  4.6770397e+000
  6.6359618e+000  4.4080330e+000
  1.5726707e+000  1.9369755e+000
  9.3603024e+000  7.6936319e+000
  2.0813960e+000  4.0413102e+000
  4.7702177e+000  7.8934936e+000
  4.7770008e+000  1.2469621e+000
  6.7680507e-001  9.2038306e+000
  7.0986836e+000  1.0897857e+000
  1.6717550e+000  3.5738921e+000
  2.9857900e+000  2.2889118e+000
  9.2477015e+000  6.0641676e+000
  1.9586652e+000  6.8202090e+000
  7.0335241e+000  8.0339222e+000
  6.8817354e+000  8.3871741e-001
  9.2297708e+000  4.3975069e+000
  8.7447125e+000  2.5254989e+000
  3.2870847e+000  1.5974934e+000
  7.8081475e+000  9.1716463e+000
  1.1717241e+000  7.7650162e+000
  6.9701358e+000  1.5659580e+000
  5.1453748e+000  4.5649825e+000
  9.2716722e+000  5.4446205e+000
  6.0657895e-001  8.6204535e+000
  7.0261204e+000  4.2401701e+000
  3.3343928e+000  8.9789181e+000
  9.0181538e-001  4.1962135e-001
  3.6476646e+000  7.7357874e-001
  2.1246712e+000  4.9045269e+000
  7.1484377e+000  4.9603446e+000
  4.4380396e-001  2.1618249e+000
  8.0041028e+000  7.8616545e+000
  1.4245451e+000  8.4391114e+000
  9.4507087e+000  6.9843569e+000
  7.1170257e+000  9.2714544e+000
  3.8330063e+000  9.2295328e+000
  9.3371412e+000  8.8980913e+000
  7.3087316e+000  1.7778804e+000
  7.0747874e+000  8.6075295e+000
  8.9125413e+000  2.4855199e+000
  1.6013946e+000  4.1187356e+000
  2.2093873e+000  9.3946360e+000
  9.4488399e+000  2.8941227e+000
  8.9723267e+000  3.8657482e+000
  3.0682194e+000  1.7027357e+000
  5.1209144e+000  4.3512753e+000
  7.9058137e+000  4.5333510e+000
  2.9740948e+000  9.0933043e+000
  9.2378460e+000  7.2989145e+000
  3.5829574e+000  1.0459598e+000
  4.0750624e+000  2.5999155e+000
  5.9595133e+000  6.3959392e+000
  3.9783067e+000  8.8735618e+000
  8.5129935e+000  3.8051372e+000
  3.4352083e+000  9.4167622e+000
  5.9671070e+000  1.9155602e+000
  3.3211829e+000  9.3494659e+000
  8.7166951e-001  2.0994621e+000
  2.1051376e+000  4.8430105e+000
  4.8503560e+000  8.0579820e+000
  6.0598823e+000  5.6860182e+000
  4.8414206e+000  4.5840885e+000
  5.5910320e-001  3.0858747e+000
  6.8498885e+000  8.7477941e+000
  3.8684561e+000  8.4773885e+000
  8.7249091e+000  1.4143265e+000
  4.9785761e+000  3.5012232e+000
  8.2661438e+000  5.8538824e+000
  6.8053218e-001  6.7761114e+000
  7.1073636e-001  1.2759086e+000
  6.1690791e+000  3.1535184e+000
  7.7428686e+000  2.1763668e+000
  4.5728386e+000  2.5794249e+000
  1.0173866e+000  1.3600949e+000
  7.0197538e-001  8.5665000e+000
  1.5754417e+000  4.4249621e+000
  9.4928578e+000  1.0215272e+000
  4.6496257e+000  9.0294362e+000
  9.1474039e+000  7.6456896e-001
  6.2642106e+000  8.8592876e-001
  2.2444766e+000  4.0583237e+000
  1.7565476e+000  4.2020758e+000
  5.1729700e+000  6.1989935e-001
  3.2849013e+000  1.2903979e+000
  8.4698621e+000  5.3868641e+000
  3.2387839e+000  2.7536458e+000
  6.0279482e+000  4.2724563e+000
  9.2348427e+000  4.7606413e+000
  2.9643936e+000  9.1365398e+000
  6.5902365e+000  7.9421287e+000
  5.7689938e+000  6.7875902e-001
  5.5413572e+000  5.6859456e+000
  3.2329419e+000  1.2866458e+000
  7.9671393e+000  8.6942818e+000
  9.3271623e+000  6.9051818e+000
  7.8655804e+000  4.7166179e+000
  1.7207914e+000  7.6280318e+000
  5.8963356e+000  6.2514266e-001
  1.5141238e+000  9.5097470e+000
  1.7995517e+000  6.9207594e+000
  7.3461063e+000  7.0607279e+000
  1.1138260e+000  7.6195336e+000
  2.4359331e+000  9.2440666e-001
  6.1883285e+000  8.2768149e+000
  4.9282666e+000  2.6617885e+000
  2.6733824e+000  3.8132827e+000
  2.9133382e+000  3.9281039e+000
  4.9327169e+000  2.1774810e+000
  8.8788637e+000  9.5543725e-001
  9.3292423e+000  6.9007514e-001
  8.9067007e+000  5.1664098e+000
  5.7307244e+000  7.5876991e+000
  7.0290310e+000  7.8185785e-001
  7.2158540e+000  6.8752204e+000
  5.3439313e+000  2.5734089e+000
  8.6894282e+000  6.8464756e+000
  3.1087426e+000  9.8073882e-001
  3.8263712e+000  6.4388827e+000
  1.4814700e+000  2.9765858e+000
  1.6382063e+000  4.1515908e+000
  5.2383347e+000  3.0392243e+000
  6.9619475e+000  2.3031876e+000
  1.8319504e+000  2.3745519e+000
  7.4834341e+000  7.8952659e+000
  9.3650911e+000  7.9431642e-001
  4.7631659e+000  4.1763244e+000
  9.0012191e+000  7.6428027e-001
  1.7099469e+000  1.2744921e+000
  5.0009468e+000  7.9275222e+000
  4.8863183e+000  5.6697041e+000
  9.4456197e+000  8.8506081e+000
  7.2637699e+000  6.8919002e+000
  1.6874226e+000  3.7746308e+000
  5.2292963e+000  2.9420838e+000
  5.0115380e+000  2.0442834e+000
  7.2461774e+000  9.1081946e+000
  7.4870737e+000  7.2043339e-001
  3.4325941e+000  4.4628195e+000
  4.8174822e+000  4.0396688e+000
  8.6756636e+000  4.5629508e+000
  6.7126935e+000  3.8719490e+000
  9.1135450e+000  3.9005136e+000
  3.6935382e+000  4.0966891e+000
  3.2976464e+000  3.2363594e+000
  2.8907149e+000  3.3606935e+000
  8.0107019e+000  5.8009027e+000
  2.0510019e+000  6.4366528e+000
  8.9457187e+000  1.9239289e+000
  6.5251590e+000  8.9436410e+000
  9.0807406e+000  5.0804496e+000
  5.3829983e+000  4.2227984e+000
  6.8886324e+000  5.6038989e+000
  1.3318955e+000  4.2539780e+000
  3.0947552e+000  8.1679488e+000
  8.2470248e+000  1.0802326e+000
  8.0426891e+000  7.6221811e+000
  8.8696720e+000  5.1100375e+000
  1.8987172e+000  1.9277157e+000
  2.7266533e+000  4.1057139e+000
  4.2922645e+000  4.0444636e+000
  5.2071645e+000  7.1352586e+000
  7.8952482e+000  7.0137316e+000
  4.8993627e+000  6.7732079e+000
  1.2412345e+000  9.8433236e-001
  9.7243772e-001  7.1707016e+000
  2.9638075e+000  9.1238525e+000
  1.7431974e+000  4.8463418e+000
  4.7220543e+000  1.9486216e+000
  7.0617040e-001  9.2075151e+000
  2.2343922e+000  8.8056475e+000
  2.8324571e-002  8.9887021e+000
  6.4191046e+000  1.1631462e+000
  8.3375820e+000  6.3492032e+000
  1.1595732e+000  7.4329750e+000
  8.9552368e+000  9.6806558e+000
  6.3917750e+000  2.0396524e+000
  1.7248277e+000  7.1598205e+000
  5.0067438e-001  9.4034214e+000
  6.0471467e+000  5.4276750e+000
  3.2430407e+000  7.8140628e+000
  1.1822792e+000  1.9429941e+000
  6.8207104e+000  3.9323519e+000
  7.0965297e+000  5.1798880e+000
  8.3236612e+000  8.5868043e+000
  2.9136358e+000  8.2336663e+000
  2.1320194e+000  8.6106568e-001
  1.1674916e+000  7.2290196e+000
  2.4827405e+000  7.1958085e+000
  2.9048081e+000  7.9558497e-001
  6.4868704e+000  4.1096349e+000
  4.2345567e-001  4.2734134e+000
  5.0406754e+000  2.3952111e+000
  7.5001615e+000  4.2345546e+000
  5.8136256e+000  6.5427585e+000
  4.6197997e+000  4.7170182e+000
  8.1345326e-001  2.1378108e+000
  6.3945364e+000  3.2725122e+000
  1.3899291e+000  7.0109885e+000
  7.2404807e+000  8.7576299e-001
  1.5453982e+000  7.5749074e+000
  5.3215185e-001  8.1308926e+000
  9.7752051e+000  9.7637846e+000
  2.6452516e+000  3.8245783e+000
  3.2405266e+000  9.2887081e+000
  5.0612497e+000  5.0011815e+000
  1.1359132e+000  7.8983162e+000
  1.8859823e+000  6.4495959e+000
  7.4029002e-001  8.6793029e+000
  6.2688285e+000  7.6364290e-001
  3.4364306e+000  9.2559518e-001
  5.0024819e+000  3.8857989e+000
  4.7986451e+000  4.5352253e+000
  6.5453588e-001  1.1989658e+000
  3.1733110e-001  9.0946143e+000
  1.5113680e+000  4.1765318e+000
  1.0407714e+000  3.3928857e+000
  4.8493805e+000  2.4775904e+000
  1.0224109e+000  4.3724215e-001
  1.3821686e+000  8.6997796e+000
  4.0115516e+000  6.6617374e+000
  4.5350341e+000  6.5054531e+000
  7.0189553e+000  4.3451942e+000
  5.0328193e+000  5.2388535e+000
  8.0633729e+000  5.7584786e+000
  8.7176665e+000  1.9017342e+000
  2.0555494e+000  4.9903360e+000
  6.7651445e+000  8.3030798e+000
  6.4534658e+000  1.9630846e+000
  4.7122825e+000  4.3451173e+000
  1.4206534e+000  7.1198038e+000
  3.7908719e+000  9.0751869e+000
  5.0920413e+000  8.9169559e+000
  6.8291613e+000  5.7980586e+000
  8.1637409e+000  7.1345706e-001
  1.0244288e+000  1.3305578e+000
  4.5387138e+000  5.4493190e+000
  5.5538850e+000  2.0749317e+000
  5.1192175e+000  1.0603268e+000
  6.2416555e+000  6.4489008e+000
  6.3791175e+000  8.8940664e+000
  1.1683773e+000  5.6466214e-001
  5.8985213e+000  7.7155136e+000
  4.9340343e+000  9.0624263e+000
  3.6971233e-001  8.6362897e+000
  7.5755068e+000  7.1220061e+000
  6.7785255e+000  7.5707846e+000
  4.2591112e+000  5.5566841e+000
  1.7617600e+000  6.2563291e+000
  9.6608495e+000  3.1410625e+000
  9.1559016e+000  4.5639043e+000
  5.1433472e+000  7.9089210e+000
  1.3147450e+000  4.0081643e+000
  3.8327443e+000  9.0041801e-001
  3.2732164e+000  8.4655299e+000
  5.9980089e+000  3.2662412e+000
  5.2218548e-001  9.7984971e+000
  5.6869060e+000  2.7831572e+000
  2.6039423e+000  9.4018165e+000
  9.1421503e+000  8.1166007e+000
  8.2174453e+000  9.9708610e-001
  6.9284275e+000  2.5685654e+000
  9.6518948e+000  3.0297953e+000
  9.2196977e+000  9.2799322e+000
  3.0024457e+000  5.3749463e+000
  5.6047932e+000  2.3526637e+000
  6.7879289e+000  7.5489915e+000
  7.4323879e+000  7.8469814e+000
  5.0653624e+000  3.8166794e+000
  9.7543837e+000  9.3740563e+000
  6.9019782e+000  2.1065667e+000
  8.3048076e+000  7.0005768e+000
  6.9208140e+000  2.0782255e+000
  7.4241771e+000  4.3904396e+000
  6.6770885e+000  9.0875876e+000
  5.3707976e+000  5.4609388e+000
  1.9550220e+000  9.9513167e-001
  4.0589171e+000  3.1327646e+000
  8.3793397e+000  7.8303038e-001
  8.9763136e-001  8.7271649e+000
  5.6759998e+000  4.1049458e-001
  9.0409463e+000  6.0481964e+000
  3.6961814e+000  8.8406649e+000
  3.7109293e+000  6.8310115e+000
  1.4487270e+000  8.7339248e+000
  6.5683322e+000  4.2340110e+000
  5.8327155e-001  1.6176544e+000
  9.0072238e+000  9.7182322e-001
  2.0282795e+000  5.9036812e+000
  4.1857635e+000  9.0477009e+000
  6.4097941e+000  3.9081157e+000
  4.6804941e+000  8.8656411e+000
  6.7812114e+000  8.8160202e+000
  3.3946830e+000  3.7790686e+000
  2.0614548e+000  9.4936719e+000
  3.4252454e+000  6.4908271e+000
  4.2314257e+000  1.8882167e+000
  8.9135615e+000  5.9359539e+000
  5.1658585e+000  9.0875530e+000
  4.8486798e+000  3.4820830e+000
  2.5996892e+000  5.5025303e+000
  4.7572730e+000  8.2074275e+000
  5.5261158e+000  3.3473665e+000
  4.3655061e+000  5.5672637e+000
  1.1532604e+000  4.9666221e+000
  1.8763221e+000  3.4209676e+000
  4.4971540e+000  8.8619752e+000
  3.1531113e+000  8.6711941e+000
  7.8945772e+000  1.7794702e+000
  5.1527663e+000  2.1896897e+000
  4.3160360e+000  7.3617136e+000
  8.1949773e+000  7.7258838e+000
  7.5078266e+000  9.2240968e+000
  7.3510263e+000  1.0094278e+000
  9.2162640e+000  6.8143827e+000
  1.0777441e+000  4.3351131e+000
  9.5436260e+000  3.4788353e+000
  3.0214774e+000  7.6201929e+000
  4.7239885e+000  6.6615991e+000
  6.8028583e+000  7.7031567e+000
  5.6152293e+000  5.6768932e+000
  7.9674341e-001  9.0394452e+000
  6.2052363e-001  2.4120338e+000
  3.9561843e+000  7.2997452e-001
  7.0492405e+000  3.7130699e+000
  8.8083096e+000  2.8851088e+000
  9.4987124e-001  1.5947261e+000
  3.0909375e+000  2.3489205e+000
  6.6311051e+000  4.7636951e+000
  4.8497897e+000  3.3785667e+000
  6.4160133e+000  5.9644582e+000
  2.5954269e+000  6.9054038e+000
  6.3527405e+000  7.1659806e+000
  3.1475257e+000  7.4375632e-001
  4.0429748e+000  9.5892253e+000
  7.2966193e+000  5.7471976e+000
  2.7396931e+000  9.0978510e+000
  7.7639087e+000  8.9985391e+000
  4.5536359e-001  4.1396341e+000
  8.2310720e+000  8.7662518e+000
  4.7425791e+000  3.9841116e+000
  1.1320985e+000  5.7151545e+000
  1.7831913e+000  5.7881833e+000
  1.3026285e+000  1.6085190e+000
  4.8761561e+000  5.4634234e+000
  9.0269380e+000  3.0200746e+000
  8.7256579e-001  6.6935645e+000
  7.1380536e+000  2.3524285e+000
  2.1061331e+000  2.7812397e+000
  8.8578176e+000  2.1634170e+000
  8.0952465e+000  7.3719857e+000
  5.9923557e+000  2.6548625e+000
  4.9364252e+000  6.6047526e+000
  5.7929028e+000  1.6952639e+000
  8.7174786e+000  1.4133761e+000
  5.4674598e+000  7.8926566e+000
  1.5694273e+000  7.2243358e+000
  7.7466808e-001  3.9799822e+000
  3.0410002e+000  1.8334202e+000
  8.9814946e+000  1.7556377e+000
  3.2404113e+000  8.6497668e+000
  2.8706960e+000  1.0625660e+000
  6.5696536e+000  5.2954959e+000
  7.2734132e+000  6.4854259e+000
  5.3517040e+000  2.3929195e+000
  9.1703235e+000  4.5757246e+000
  4.5153466e+000  6.0700032e+000
  2.0276022e+000  4.0204815e+000
  1.3319152e+000  1.3549336e+000
  9.5116899e+000  9.0368580e+000
  7.3981907e+000  5.1435825e-001
  7.4674487e+000  6.9598058e-001
  9.4439537e+000  5.4609622e+000
  9.0545196e+000  6.8247945e+000
  5.2855866e+000  3.5477673e+000
  3.9547777e+000  1.3672327e+000
  9.5833364e+000  8.4467551e+000
  2.6311079e+000  1.2263165e+000
  5.0661202e+000  8.1413040e+000
  2.6777264e+000  4.6789255e+000
  6.2449043e+000  3.9960638e+000
  6.5079874e+000  9.2342103e+000
  8.5476300e+000  5.3384200e+000
  4.8048498e+000  3.9049192e+000
  4.7367425e+000  3.7156803e+000
  2.0458994e+000  2.4241629e+000
  1.8494060e+000  3.9324186e+000
  6.2266744e+000  5.4507927e-001
  2.0106734e+000  4.9178567e+000
  6.9874966e+000  6.4781425e+000
  2.6842120e+000  3.5149270e+000
  2.9299395e+000  7.7094748e-001
  6.0621635e+000  2.1993408e+000
  6.6597822e+000  7.9730246e+000
  2.7567623e+000  7.7263354e-001
  8.3916240e-001  8.4565994e+000
  7.6607769e+000  6.7632683e+000
  3.4447396e+000  8.1035365e+000
  4.0138728e-001  7.3595158e+000
  7.9599722e+000  3.5001457e+000
  1.1330851e+000  7.7246911e+000
  5.1710786e+000  7.6952636e+000
  5.5888843e+000  7.6873226e+000
  1.2849832e+000  5.0844249e+000
  4.1087310e+000  3.7259695e+000
  8.5219731e+000  6.6784490e+000
  1.2894512e+000  7.1316879e+000
  6.4127807e+000  7.2111857e+000
  1.6533699e+000  6.4459012e+000
  1.5706843e+000  6.3277345e+000
  9.2709636e+000  8.2239608e+000
  5.9928482e+000  7.3939065e+000
  8.1371757e+000  2.0710639e+000
  8.2934294e+000  6.3132923e+000
  4.0450954e-001  3.6144249e+000
  6.5064033e+000  5.9673950e+000
  3.6287839e+000  6.3071010e+000
  7.0815619e+000  8.9751612e+000
  3.5530571e+000  4.6258598e+000
  6.7154746e+000  1.1804578e+000
  5.8912299e+000  4.1226287e+000
  3.2714085e+000  4.7209760e+000
  8.1451976e+000  2.2921736e+000
  2.1904861e+000  8.6733628e+000
  1.2615020e+000  7.2774947e+000
  4.5335707e+000  3.3253116e+000
  6.4462839e-001  7.0194610e+000
  2.0695639e+000  6.6055272e+000
  6.2659883e+000  9.5143644e-001
  7.1667764e-001  7.3865342e+000
  9.7533831e+000  7.9762708e-001
  9.0742001e+000  6.1410916e+000
  9.7317380e-001  1.9806217e+000
  4.1177532e+000  9.2183412e+000
  9.5265013e+000  6.6054393e+000
  9.7241328e-001  1.5597569e+000
  4.9396984e+000  5.9432102e+000
  4.1189319e+000  9.2127420e+000
  5.0957776e+000  7.4936755e-001
  9.4107625e+000  5.8453035e+000
  1.5627719e+000  8.9329404e-001
  6.6910735e+000  8.4487400e+000
  8.0049922e+000  2.2558954e+000
  5.1439977e+000  9.1613872e+000
  1.4183793e+000  5.9197549e+000
  6.9034463e+000  6.2814152e+000
  2.0048315e+000  8.7014983e+000
  7.2396314e-001  3.8599549e+000
  5.1070186e+000  8.8032174e-001
  9.3150892e+000  3.8108260e+000
  6.7230975e+000  3.6827813e+000
  9.7005374e+000  5.8976516e+000
  6.2899608e+000  5.1411444e+000
  8.8850934e+000  2.2952754e+000
  8.4449688e+000  9.2312829e+000
  2.1140231e-001  9.2765428e+000
  8.5038983e+000  9.8643953e-001
  1.0551365e+000  4.5378279e+000
  3.6195356e+000  1.0661818e+000
  4.8111927e+000  2.6116901e+000
  9.6188543e+000  8.5573946e+000
  3.8080366e+000  8.9293541e+000
  6.6287153e+000  9.3188884e+000
  4.6900704e+000  4.2970775e+000
  7.2767247e+000  9.4566349e+000
  2.0582927e+000  7.6785912e+000
  8.8803921e+000  1.3830173e+000
  2.8575853e+000  1.2082878e+000
  6.9110744e+000  5.9718997e+000
  1.2979815e+000  6.8728067e+000
  9.7574772e-001  9.5476373e-001
  5.2675771e+000  8.4390308e+000
  8.1714543e+000  2.8168062e+000
  3.1805187e+000  4.2081375e+000
  3.1331252e+000  1.2209014e+000
  8.5975788e+000  8.5452318e+000
  8.3660016e+000  2.5634435e+000
  2.9067037e+000  4.9635833e+000
  4.1343021e-001  5.0800396e+000
  3.2577751e+000  5.0537269e+000
  5.3742412e+000  9.2399088e+000
  3.0881793e+000  4.8107746e+000
  5.3330708e+000  2.7459719e+000
  6.4668503e+000  5.7661068e+000
  5.2371583e+000  7.1939083e+000
  3.7212221e-001  4.0614982e+000
  1.0126628e+000  4.1759616e+000
  5.9559002e+000  6.1107683e+000
  3.5171046e+000  1.4322710e+000
  6.8893073e+000  1.2533400e+000
  7.1390604e+000  5.8568363e-001
  8.9824601e+000  7.5862059e+000
  6.5867369e-001  4.0121277e+000
  1.3087269e+000  3.9103009e+000
  7.3060928e+000  1.0003846e+000
  7.2960092e+000  7.2283078e+000
  2.5637905e+000  9.3100321e+000
  2.9083783e+000  2.0551386e+000
  8.1860721e+000  8.8323247e+000
  7.6525269e+000  7.0956220e+000
  7.7697846e+000  2.3349576e+000
  2.9193083e+000  7.6911205e+000
  3.1855208e+000  9.8882311e-001
  3.3522262e+000  9.1593486e+000
  6.2498881e+000  8.5085447e+000
  5.5435739e+000  3.2755605e+000
  6.8880828e+000  7.9306442e+000
  7.2436430e-001  5.0332755e+000
  9.4580292e+000  6.9469775e+000
  3.6258219e+000  8.7955244e+000
  2.3628154e+000  2.9168554e+000
  5.5814904e+000  5.5430580e+000
  7.7772728e+000  5.1883988e+000
  2.9128701e+000  4.5387430e+000
  9.1070450e+000  9.1276522e+000
  9.2098240e+000  2.2067109e+000
  7.4131879e+000  9.3688948e+000
  4.4812892e+000  1.1752646e+000
  6.2483538e+000  7.5102698e+000
  4.9483815e+000  4.0771848e+000
  8.1980240e+000  2.9138963e+000
  3.8807678e+000  8.5132453e-001
  6.9236898e+000  5.1056103e+000
  6.3639322e+000  7.3035894e+000
  5.4593066e+000  5.6366527e+000
  3.0947794e+000  9.0457975e+000
  3.2653966e+000  8.9223093e+000
  7.1984447e+000  4.3746301e+000
  8.9302336e+000  2.9450249e+000
  3.7959769e+000  8.6801702e+000
  9.9635364e-001  3.5948086e-001
  6.0428327e+000  9.2533048e+000
  4.2414257e+000  5.1927737e+000
  6.5709741e+000  8.8843195e+000
  5.4132660e+000  8.5081721e+000
  1.3394726e+000  5.6841092e+000
  9.7421487e+000  8.9054479e+000
  1.3479349e+000  6.6566993e+000
  4.3091617e+000  4.2954703e+000
  7.2746043e-001  7.7056641e+000
  1.7906260e+000  5.2275764e+000
  7.1266423e+000  2.9647008e+000
  3.9450520e+000  6.4147965e+000
  8.7124133e+000  2.4447189e+000
  2.6949883e+000  8.7092240e-001
  5.8038617e+000  8.0195826e+000
  9.1685758e+000  3.7904910e+000
  5.9415632e+000  6.5513210e+000
  3.0257724e+000  3.7505108e+000
  3.5650536e+000  7.5134432e+000
  6.7287547e+000  3.2261348e+000
  6.5353227e-001  8.1387608e+000
  1.1436833e+000  7.5917991e+000
  3.1594829e+000  1.3096003e+000
  5.9236391e+000  8.5247896e-001
  9.2508755e+000  2.7700285e+000
  4.5918956e+000  8.8853242e+000
  6.6154177e+000  1.9616086e+000
  1.8402568e+000  9.5590952e+000
  4.2875011e+000  8.1932357e+000
  3.5020738e-001  9.6703219e+000
  6.6751357e+000  5.6701041e+000
  8.9734682e+000  7.3198744e+000
  4.8895101e+000  6.7845220e+000
  6.3428867e+000  4.6348548e+000
  9.1337774e+000  4.7028221e+000
  8.5496098e+000  1.6394364e+000
  4.4294318e+000  2.1411690e+000
  9.3920748e+000  8.4473573e+000
  7.4232743e-001  6.2189832e-001
  6.9111189e-001  9.2679637e+000
  1.5668467e+000  4.1781332e+000
  6.5552384e+000  6.8271002e-001
  8.3394324e-001  7.0856610e+000
  6.3784502e+000  5.4086274e+000
  2.2499310e-001  7.0540808e+000
  9.8925343e-001  2.5125483e-001
  6.9716645e+000  9.2496421e+000
  8.6940935e+000  3.4110115e+000
  5.8513193e+000  6.5016409e-001
  4.2613766e+000  4.4059204e+000
  5.2672686e-001  4.6246114e+000
  6.9088083e+000  6.2188848e+000
  9.1477482e+000  8.9120246e+000
  7.2546447e+000  6.3784435e+000
  7.7863783e+000  8.5941037e+000
  8.5357693e+000  7.1082687e+000
  1.0722057e+000  1.7729480e+000
  7.4164143e+000  5.5887287e+000
  6.8528310e-001  3.3990748e+000
  5.1395904e+000  7.4034437e+000
  5.5085526e-001  4.3578573e+000
  5.0500591e+000  9.2125088e+000
  4.7018293e+000  5.5062473e+000
  3.8755832e+000  8.0486949e-001
  3.1945665e+000  8.7519051e+000
  1.7611426e+000  3.5580240e+000
  2.9452980e+000  9.1278797e+000
  7.6722046e-001  4.3697854e+000
  1.3855131e+000  4.6581648e+000
  9.5054341e+000  2.9891472e+000
  9.1663957e+000  2.4875691e+000
  9.2813937e+000  9.4931618e+000
  8.5414633e+000  5.4904254e+000
  3.1665298e+000  1.1548479e+000
  2.6299968e+000  8.8117638e+000
  8.6551469e+000  2.9546151e+000
  4.8739117e+000  4.2775022e+000
  3.5985176e+000  3.8216552e+000
  8.2826674e+000  1.3468797e+000
  1.1650491e+000  8.0156119e+000
  5.1913945e+000  3.8047832e+000
  9.5658232e+000  2.7181530e+000
  2.8483225e+000  8.5705642e+000
  9.2718339e+000  9.0462664e+000
  9.3675117e+000  5.7424152e+000
  6.7981757e+000  1.5789140e+000
  2.1366832e+000  2.1951165e+000
  4.5803502e+000  4.5411157e+000
  3.0910179e+000  1.7902542e+000
  2.4171045e+000  5.9736113e+000
  5.8870621e-001  6.3844023e+000
  6.5417971e+000  9.0703001e+000
  2.7382907e+000  6.7728892e+000
  7.1795897e+000  2.0442834e+000
  8.7462458e+000  7.5290314e+000
  6.6498578e+000  3.4650973e+000
  8.2328513e+000  5.0572369e+000
  4.1022244e+000  5.8218779e+000
  5.1875862e-001  3.1304487e-001
  8.5168473e-001  3.8989900e+000
  6.1334511e+000  2.8912885e+000
  1.3086808e+000  4.1029609e+000
  5.7185940e+000  3.6811476e+000
  1.8240623e+000  4.3045925e+000
  2.5101161e+000  9.3181447e+000
  7.5609029e+000  7.7069543e+000
  3.2386654e+000  5.1404560e+000
  3.4023715e+000  1.3068345e+000
  1.3747653e+000  6.3470193e-001
  7.0933578e+000  5.7939543e-001
  9.5383343e-001  6.5901680e+000
  7.5298840e+000  1.6847075e+000
  8.5270001e-001  4.1908152e+000
  4.3397653e+000  4.1458558e+000
  9.2884876e+000  9.5316649e+000
  7.8839728e+000  1.8188102e-001
  8.1841185e+000  8.7905045e-001
  6.3221078e+000  1.4937547e+000
  2.6364355e+000  8.4648276e+000
  8.4665151e+000  2.9219917e+000
  5.9225393e+000  5.7371784e+000
  2.5950044e-001  1.9402402e+000
  3.0455150e+000  9.1129011e+000
  5.2111280e+000  4.3419091e-001
  4.7087922e+000  7.4754386e+000
  1.0665070e+000  7.7958738e-001
  7.0301227e+000  9.0195984e+000
  2.7289355e+000  4.8489505e+000
  5.3485666e-001  4.3264921e+000
  8.2412680e+000  8.5269567e+000
  5.9210810e+000  1.3244497e+000
  3.3060676e+000  2.3808278e+000
  1.8356695e+000  8.4282767e+000
  2.1769006e+000  6.3589925e+000
  7.5922763e+000  2.4760684e+000
  5.3390777e+000  3.0580970e+000
  8.0154495e+000  3.6452405e+000
  6.3797342e+000  8.2490888e+000
  1.9818980e+000  5.8436478e-001
  9.0363063e+000  5.6073337e+000
  7.5991317e+000  9.4859255e+000
  5.6221580e+000  2.4133405e+000
  9.2178866e+000  6.1858492e+000
  6.3656708e+000  6.1977450e+000
  2.2920825e+000  7.9729459e+000
  9.1519544e+000  9.5462192e+000
  9.5932589e+000  8.7409124e+000
  3.0249221e+000  8.6684228e+000
  5.2306546e+000  1.9201873e+000
  9.3579837e-001  4.5318289e+000
  3.2350773e-001  4.4840522e+000
  7.3879925e+000  8.6697800e+000
  4.6087524e+000  5.6730549e+000
  6.2943386e+000  1.9697804e+000
  6.0235474e-001  5.8286114e+000
  6.8939339e+000  7.9873213e+000
  4.3741744e+000  6.7268597e-001
  5.1312433e+000  3.7662892e-001
  9.2599951e+000  2.9157467e+000
  5.9889705e+000  3.2298971e+000
  8.1824372e+000  1.1253091e+000
  7.6215117e+000  5.3640712e+000
  8.3327163e+000  5.0681514e+000
  6.7500300e+000  5.8252212e+000
  3.2356716e+000  3.0656048e+000
  2.7882439e+000  3.8116198e+000
  2.3133201e+000  2.2866814e+000
  1.4894655e+000  7.1200468e+000
  6.6573571e+000  4.3257975e+000
  2.4827736e+000  8.6593847e+000
  4.9915653e+000  2.6192744e+000
  1.1577092e+000  6.3974721e+000
  9.0630278e+000  2.4123701e+000
  7.3757247e+000  2.2117698e+000
  2.9519210e+000  8.0137978e+000
  1.4373157e+000  1.8970234e+000
  9.0591643e+000  8.2338825e+000
  3.8019524e+000  1.8134123e+000
  3.7163969e+000  3.2866268e+000
  9.4262885e+000  2.8825670e+000
  1.3480329e+000  4.0919301e+000
  9.8078921e+000  8.4051430e+000
  8.2228943e+000  1.8277065e+000
  3.4837481e+000  2.3385468e+000
  4.4769467e+000  2.1453408e+000
  6.5182696e+000  2.5784684e+000
  4.3750624e+000  9.1815117e+000
  9.0009398e+000  6.7669415e+000
  4.3311078e+000  4.4864942e+000
  2.1363802e+000  7.7568281e+000
  3.8950238e+000  9.5552859e+000
  9.2852277e+000  1.3288388e+000
  3.3795678e+000  9.0002938e+000
  9.0915738e+000  4.2355189e+000
  9.4994024e+000  6.2729431e+000
  5.2487261e-001  1.7528265e+000
  1.0773653e+000  6.9832030e+000
  6.8228487e+000  8.4634317e+000
  8.4070838e+000  4.0420845e+000
  1.9044300e+000  4.1314312e+000
  9.3075447e-001  1.8601194e+000
  2.4240251e+000  5.6229575e+000
  5.7222285e+000  3.1022371e+000
  5.0179308e+000  4.4802515e+000
  4.6610227e+000  7.3240474e+000
  7.3845894e+000  4.7839130e+000
  5.1516677e+000  9.2806040e+000
  6.2063459e+000  6.1982641e+000
  8.5310393e+000  3.9074533e+000
  9.6887384e+000  9.3086835e+000
  8.8752700e+000  8.9543604e-001
  7.2063618e+000  4.2251830e+000
  8.9309340e+000  4.5005684e+000
  4.5282475e+000  8.9261934e+000
  3.3739847e+000  9.4130798e+000
  8.6964319e+000  2.3191565e+000
  5.5978388e+000  6.1595994e+000
  6.8255861e+000  5.6576715e+000
  6.0027958e+000  8.7206141e+000
  8.2007989e+000  5.3258157e+000
  3.1491073e+000  1.1279154e+000
  7.4003414e+000  4.0118487e+000
  7.8076249e+000  4.4022524e+000
  9.6996076e+000  6.3538704e+000
  6.5431395e+000  1.1071690e+000
  1.8257215e+000  1.2530599e+000
  1.4185776e+000  1.2738907e+000
  7.3615197e+000  9.3091845e+000
  4.7775588e+000  4.8878444e+000
  6.7424421e+000  5.6942520e+000
  9.8572443e+000  8.6676285e+000
  7.8546329e+000  2.8325540e+000
  8.7260747e+000  5.2643222e+000
  5.8608476e+000  1.4450878e+000
  6.5670082e+000  8.4442240e-001
  4.8935815e+000  1.6896892e+000
  5.5729748e+000  3.1812193e+000
  7.3217118e+000  7.6137764e+000
  6.8454587e+000  1.4204733e+000
  1.9464124e+000  5.5203289e+000
  3.2479805e+000  9.5118241e+000
  4.8765829e+000  2.3100692e+000
  8.7459656e+000  3.0448112e+000
  8.9135791e+000  5.2128454e+000
  5.5036358e+000  2.8703142e+000
  3.7719643e+000  8.2806884e+000
  9.0947215e+000  7.7155721e+000
  8.9067332e-001  4.9811549e-001
  8.8572956e+000  2.8292969e+000
  9.4185859e+000  3.4060187e+000
  1.2540127e+000  6.5301969e+000
  3.4778529e+000  4.3257835e+000
  6.3201328e+000  7.0512379e+000
  6.0168319e+000  1.4137210e+000
  7.6872165e+000  1.4349745e+000
  6.9045070e+000  2.5296156e+000
  5.0017207e+000  3.2897431e+000
  7.1614639e+000  1.1766203e+000
  9.3729286e+000  6.7879988e+000
  4.0303424e+000  5.1217393e-001
  7.6858869e+000  5.9071370e+000
  8.7283750e+000  8.8664587e+000
  5.2111347e+000  4.6022552e+000
  3.0669712e+000  8.0662417e-001
  2.3468813e+000  8.8049035e+000
  2.1076541e+000  8.7208664e+000
  2.1951650e+000  1.8675150e+000
  1.4275646e+000  7.5649242e+000
  8.2161966e-001  1.9491970e+000
  1.4302196e+000  7.6577883e+000
  8.0629302e-001  3.8570849e+000
  8.9816052e+000  4.0356448e+000
  2.9623603e+000  9.5401673e+000
  8.3556443e+000  2.4744160e+000
  5.3302776e+000  6.3202439e+000
  2.7880102e+000  6.0747640e+000
  1.6770878e+000  1.5553540e+000
  2.3920896e+000  2.4761202e+000
  4.5178570e+000  1.2663148e+000
  6.1343035e+000  5.9143683e+000
  5.9934786e+000  5.4413699e+000
  3.9650894e-001  7.4900774e+000
  6.2493210e+000  7.9074740e+000
  7.0890631e+000  7.4086097e+000
  3.0321004e+000  2.5460445e+000
  1.2757755e+000  3.9532980e+000
  7.0674137e+000  1.5660050e+000
  4.3630821e+000  3.9704906e+000
  9.3390554e+000  5.0761934e+000
  6.3341044e-001  5.1770720e+000
  5.0515489e+000  3.4751776e+000
  3.3313288e+000  1.1577392e+000
  8.0454230e+000  3.0670701e+000
  4.3310278e+000  5.1699315e+000
  8.3890657e+000  7.2262999e+000
  2.0286472e+000  4.8937088e+000
  8.8405783e-001  4.3122991e+000
  7.4214111e+000  1.3745447e+000
  5.1350029e+000  6.1173791e+000
  3.3083224e+000  3.3695014e+000
  4.5094838e+000  4.4107119e+000
  3.0822251e+000  4.0720109e+000
  6.6100375e+000  6.5324933e+000
  3.3284968e+000  7.4554808e-001
  7.1133898e+000  5.5430480e+000
  1.5278177e+000  6.6038022e+000
  6.2247328e+000  2.3829075e+000
  5.5381038e+000  6.5515749e+000
  4.3032812e+000  5.5013678e+000
  7.9633871e+000  6.9257659e+000
  3.6218789e+000  3.0632258e+000
  7.2201425e+000  4.7699144e+000
  9.3466401e+000  4.8063917e+000
  7.1709759e-001  2.1845288e+000
  3.7410242e+000  9.4514367e+000
  6.5143219e+000  7.4419130e+000
  5.4570673e+000  5.2399486e+000
  1.7888882e+000  7.8597101e+000
  8.7037060e+000  9.4637236e+000
  8.8153848e+000  6.8604299e-001
  9.4432490e+000  5.4736650e+000
  1.3978581e+000  7.1910826e+000
  4.3667299e+000  2.2346067e+000
  3.6315794e+000  8.9450845e+000
  6.9444905e+000  5.1023944e-001
  2.2972815e+000  9.6974810e+000
  7.6848240e+000  8.5834739e-001
  6.7869400e+000  9.0727257e+000
  6.2950300e+000  7.6595825e+000
  4.8444823e+000  4.9524429e+000
  2.5034330e+000  2.6821944e+000
  8.0885393e+000  8.0259052e+000
  7.3638985e+000  3.0331469e+000
  6.7761357e+000  1.4269969e+000
  2.9500227e+000  5.9735741e-001
  6.8480054e+000  7.9199211e+000
  4.9289349e+000  7.7454668e+000
  4.8739374e+000  4.7279880e+000
  1.4184385e+000  6.0510697e-001
  9.4379917e+000  8.0074587e+000
  3.0790443e-001  4.8364880e+000
  2.0250933e+000  3.9473501e+000
  7.9865433e+000  2.1298679e+000
  9.7295112e+000  5.4239345e+000
  7.7026794e+000  6.0684714e+000
  7.0377627e+000  4.6690841e+000
  4.8851421e-001  9.7679110e+000
  4.4780488e+000  6.9191143e+000
  2.4166511e+000  8.5916222e+000
  7.2264966e+000  4.1789446e+000
  9.1466452e+000  6.6292240e+000
  7.1611278e+000  5.9617592e+000
  7.0378975e+000  7.9363699e+000
  5.7674435e+000  3.6933635e+000
  7.1294216e+000  7.0292384e+000
  4.9294639e+000  2.9052041e+000
  9.1296529e+000  5.3295589e+000
  1.3851304e+000  8.0717605e+000
  1.5674331e+000  8.4950718e-001
  2.1869248e+000  7.0269278e+000
  5.3128787e+000  5.3237250e+000
  7.1770540e+000  9.1424213e+000
  5.9024463e+000  7.9799052e+000
  9.8135926e-001  7.1349313e+000
  4.8561932e+000  4.4559610e+000
  6.0868263e-001  9.6544067e+000
  8.7492309e+000  7.1829177e+000
  5.5592381e+000  1.0965053e+000
  1.3929500e+000  8.6456783e-001
  7.0606736e+000  5.7882867e+000
  1.2595110e+000  4.3893663e+000
  1.0877626e+000  7.4851946e+000
  5.4280850e+000  6.0755055e+000
  3.4401906e+000  3.9808318e+000
  9.1450906e+000  4.2121816e+000
  1.5307426e+000  6.7395812e+000
  8.9430642e+000  7.1511241e+000
  6.3740465e+000  4.7619085e+000
  4.7188741e+000  9.0333372e+000
  3.1528360e+000  3.9035353e+000
  5.7774949e+000  6.7976656e+000
  4.1889385e+000  9.2101573e+000
  6.5644292e+000  2.1484769e+000
  5.0463890e-001  4.1272989e+000
  4.3443773e+000  2.0764861e+000
  8.4738779e+000  9.7030364e+000
  1.0058278e+000  7.0333493e+000
  8.4519728e+000  8.2783484e+000
  3.4379758e+000  8.9915144e+000
  4.7728845e+000  2.5460486e+000
  5.2222030e+000  8.6245169e+000
  6.9022317e+000  8.9919446e+000
  9.1064236e+000  2.9270202e+000
  6.3593716e+000  6.4257803e+000
  1.4401229e+000  5.9108270e+000
  6.1190322e+000  8.8984879e+000
  9.4625310e+000  6.5980508e+000
  7.2938503e+000  8.8070989e+000
  7.0396481e+000  5.2423122e+000
  4.4709846e+000  1.8355092e+000
  6.0120872e+000  9.0395786e+000
  9.0615945e+000  1.8816854e+000
  6.2523787e+000  5.1067451e+000
  6.7679415e+000  8.9556956e+000
  2.6342385e+000  1.4778176e+000
  6.6687186e+000  3.4327840e-001
  8.4094700e+000  2.7048409e+000
  5.2825331e+000  7.2617090e+000
  4.6059632e+000  3.0721850e+000
  1.7544853e+000  5.1170532e+000
  1.5757265e+000  5.7452960e+000
  3.4427554e+000  6.7822968e+000
  9.1975558e+000  4.7974197e+000
  5.7427660e+000  2.6464893e+000
  3.6674246e-001  2.6053417e+000
  8.9035626e+000  2.2407388e+000
  7.0686372e+000  9.0818170e+000
  5.7396444e+000  4.5318682e+000
  2.9999214e+000  1.6000308e+000
  7.4839610e+000  6.0017725e+000
  7.5953386e+000  5.8499804e+000
  2.3613050e+000  6.9471013e+000
  3.1063754e+000  7.5768972e-001
  8.0483408e+000  6.0383429e+000
  8.3731279e+000  4.5617077e+000
  1.2879423e+000  8.7262340e+000
  8.7215718e+000  1.7394654e+000
  7.8906257e+000  9.3258488e+000
  7.4519853e+000  8.4958504e+000
  4.6037316e+000  7.5850234e+000
  3.7061224e+000  5.6979572e+000
  4.4956017e+000  7.8607751e-001
  2.0713758e+000  5.6356788e+000
  7.8608960e-001  7.5549947e+000
  8.4055009e+000  1.1827412e+000
  5.4029546e+000  4.5328410e+000
  5.4343719e+000  2.9256280e+000
  7.8269369e+000  6.2063127e+000
  4.8903986e+000  3.8168498e+000
  3.8476602e+000  8.0296642e-001
  1.1363051e+000  9.1014360e+000
  3.2825693e+000  5.6981055e-001
  2.8385469e+000  5.9853836e+000
  4.7413736e+000  8.3402107e+000
  6.3443154e+000  5.5328525e+000
  1.8311098e+000  9.0751262e+000
  4.7422949e-001  6.1007859e+000
  4.1282163e+000  3.9055062e+000
  2.3418188e+000  6.6644057e-001
  1.0730476e+000  8.8672449e+000
  9.0977784e+000  1.3919503e+000
  7.7647120e+000  5.8971558e+000
  4.4478285e+000  4.0711391e+000
  4.4485590e+000  9.2906343e+000
  7.9910397e-001  6.9458625e+000
  2.4302689e+000  4.6382328e+000
  6.2794080e+000  6.1488622e+000
  2.3322284e+000  2.8356335e+000
  9.7111760e+000  3.5597480e+000
  3.6513263e+000  9.0135344e+000
  9.2115036e+000  2.1578258e+000
  4.0485055e+000  1.9566519e+000
  1.3572029e+000  4.6257786e+000
  3.2013730e+000  9.1425488e+000
  8.9149752e+000  7.7844626e+000
  1.6690493e+000  4.2549585e+000
  4.0274781e+000  9.5057248e-001
  1.0243236e+000  9.1331055e+000
  5.2555207e+000  1.9965423e+000
  2.1515957e+000  4.1397350e+000
  8.2890683e+000  3.4739773e+000
  1.7845239e+000  6.1793199e+000
  6.9764232e+000  6.2295727e+000
  2.4747408e+000  3.3592883e+000
  9.4847019e-001  3.0144753e+000
  5.2279374e+000  8.2027948e+000
  3.2427632e+000  5.1415764e+000
  2.9605131e-001  1.0008671e+000
  2.5778424e+000  6.0023096e+000
  9.2218652e+000  4.2515976e+000
  5.9044014e+000  3.2246254e-001
  3.4297428e+000  1.1242711e+000
  1.4426941e+000  7.8519900e+000
  1.4182128e+000  6.2640100e+000
  6.3219525e+000  2.9065322e+000
  7.0820726e-001  5.3747289e+000
  8.1008183e+000  9.2112664e+000
  3.7245398e+000  4.5041877e+000
  2.4553348e-001  3.6032129e+000
  6.0145371e+000  3.0603129e+000
  2.5792023e+000  9.0698713e-001
  5.3426490e+000  9.6876649e+000
  7.6484198e+000  6.0125023e+000
  7.4616300e+000  5.3762124e+000
  5.1545751e+000  3.5027478e+000
  4.6896988e+000  2.5467394e+000
  4.5716308e+000  1.0133604e+000
  6.9469646e-001  3.3911846e+000
  4.4342355e+000  5.4660544e+000
  6.6275534e+000  4.7741762e+000
  9.1587311e+000  9.1132067e+000
  7.1262892e-001  1.5120968e+000
  2.5381148e+000  1.3011848e+000
  8.8461961e+000  5.5110224e+000
  8.9008154e+000  5.0004535e+000
  1.8173898e+000  3.3054018e+000
  1.0021196e+000  8.3329698e+000
  6.3178932e+000  2.5751737e+000
  6.9034465e+000  8.1498825e+000
  8.3017742e-002  1.9025200e+000
  8.9121739e+000  2.6005263e+000
  2.2589353e+000  2.7112658e+000
  9.5004376e+000  3.2936621e+000
  6.3694643e-001  8.1202685e+000
  1.8020376e+000  6.0053725e+000
  2.5428019e+000  5.2461156e+000
  8.2133101e+000  6.9789085e+000
  1.2258642e+000  1.2034264e+000
  8.5875359e+000  1.5312715e+000
  5.0490158e+000  9.1390184e-001
  5.7530143e-001  9.0202381e+000
  9.4134110e-001  5.9946310e-001
  3.7985381e+000  1.1595174e+000
  3.2051840e+000  9.0543283e+000
  8.9984719e+000  6.7695461e+000
  9.4386207e+000  3.6364778e+000
  3.4633593e+000  8.5923430e+000
  5.6298469e+000  8.2017831e+000
  4.8342377e+000  2.2157710e+000
  2.9060717e+000  1.2394949e+000
  5.3693273e+000  3.5608692e+000
  1.0806044e+000  4.2918903e+000
  5.4493720e+000  1.1157538e+000
  7.8397406e+000  5.0606522e+000
  8.8883095e+000  1.5378521e+000
  6.2333426e+000  1.5845871e+000
  5.9261631e+000  6.8155040e+000
  9.0025457e+000  8.2948047e+000
  7.4017179e+000  1.9610142e+000
  8.2170787e-001  7.3729476e+000
  8.7895371e-001  8.0298218e+000
  5.4786097e+000  5.3080787e+000
  7.1442904e+000  8.3557402e-001
  6.0649032e+000  2.7112675e+000
  4.7781620e+000  4.0351929e+000
  5.7635404e+000  3.8651780e+000
  1.7925486e+000  8.2153216e+000
  9.5714211e-001  3.2678241e+000
  5.0843547e+000  2.2708148e+000
  9.0337307e+000  1.8778032e+000
  5.7467916e+000  4.8804421e-001
  9.8840077e-001  6.5381438e+000
  8.9134839e+000  8.5606227e+000
  3.6828648e+000  9.5651202e+000
  3.3399197e+000  1.2195144e+000
  7.2032548e+000  5.2990473e+000
  9.3564992e+000  5.6330500e+000
  5.6503488e+000  9.7242548e+000
  7.5902535e+000  8.2094217e+000
  5.0210092e+000  3.3362639e+000
  8.5214428e+000  7.4832010e+000
  7.1021635e+000  4.1616287e+000
  1.8976954e+000  5.9807410e+000
  4.0875342e+000  3.9050088e+000
  9.1076952e+000  9.3230310e+000
  9.2649401e+000  7.6844320e+000
  8.4112604e+000  6.3159073e-001
  8.8620823e+000  5.4733684e+000
  1.8636309e+000  5.5928477e+000
  4.6964112e+000  3.7762831e+000
  6.3626378e+000  5.3993269e+000
  8.5800905e+000  9.0699713e-001
  8.4997860e+000  1.4045637e+000
  1.2205533e+000  7.4919519e+000
  4.1810186e+000  8.9848582e+000
  2.6644512e+000  9.4932819e+000
  1.7632032e+000  1.7513027e+000
  1.2106352e+000  7.9125149e+000
  6.7783703e+000  4.5002483e+000
  5.3097454e+000  2.5697177e+000
  1.5427476e+000  1.8416033e+000
  3.8391294e+000  9.0527234e+000
  5.3762733e+000  5.3001058e+000
  3.5766651e+000  5.6422347e+000
  1.2069469e+000  1.6146152e+000
  5.4321893e+000  8.0064089e+000
  4.9097814e+000  4.1864755e+000
  5.0007113e+000  4.5534685e+000
  3.5960757e+000  9.2182184e+000
  9.1500806e+000  6.6362990e+000
  4.8328999e+000  1.2145265e+000
  5.2939779e+000  8.8495012e+000
  6.9719007e+000  9.5595555e+000
  1.1814980e+000  1.6027146e+000
  1.0225933e+000  1.9063484e+000
  1.5018732e+000  3.1309465e-001
  1.7449917e+000  4.2745977e+000
  6.7601681e+000  6.9205259e+000
  4.4694738e+000  7.3376454e+000
  8.5568399e-001  1.6117226e+000
  9.9453045e+000  8.3180181e+000
  7.2878097e-002  3.1233398e+000
  4.9847394e+000  1.5103046e-001
  2.1495162e+000  8.6317668e+000
  6.0923317e+000  3.3792864e+000
  8.2197852e+000  5.4637616e+000
  6.5462717e+000  1.3265604e+000
  2.1495466e+000  6.5772644e+000
  5.2848272e+000  7.6641609e+000
  8.6701274e+000  1.5803001e+000
  1.8921652e+000  8.5470216e+000
  5.0308944e+000  1.4466334e+000
  6.3500468e+000  8.6759366e+000
  7.5382881e+000  6.7024219e+000
  9.3971144e+000  2.7028342e+000
  6.2438581e+000  6.5791516e+000
  7.7890641e+000  9.0862971e+000
  1.7115240e+000  7.0107316e+000
  4.1361495e+000  4.0360056e+000
  6.2161480e+000  3.7693402e+000
  3.4872243e+000  9.4086969e+000
  5.9258738e+000  3.5769036e+000
  7.6741071e+000  4.0086155e+000
  3.4261125e+000  1.8490163e+000
  1.8844723e+000  3.8808798e+000
  5.6096092e+000  3.0247229e+000
  3.8655702e+000  6.2467846e+000
  2.9453845e+000  5.7887455e+000
  5.8191981e+000  1.5219982e+000
  5.9349562e+000  6.6542525e+000
  8.5827632e+000  8.6802351e+000
  2.3648087e+000  5.2751788e+000
  9.2319134e+000  7.4928728e+000
  6.0556381e+000  3.6243278e+000
  6.7453547e+000  8.9217804e+000
  5.2208562e+000  2.7877914e+000
  2.3602911e+000  1.2518669e+000
  9.2142391e+000  3.4084793e+000
  2.8029131e+000  6.6933103e+000
  1.3243111e+000  7.1164928e-001
  2.9740631e+000  2.0288754e+000
  8.8405634e+000  8.6630622e-001
  1.6299784e+000  8.2108748e+000
  2.7281465e+000  9.3244642e+000
  2.5552101e+000  5.3251664e+000
  5.3767645e+000  2.2035610e+000
  6.6146986e+000  7.0554132e+000
  8.9243851e+000  2.4020984e+000
  6.4841901e+000  2.1004053e+000
  5.3293825e+000  2.3178988e+000
  6.6074337e+000  3.8634248e+000
  2.0049866e+000  6.0631328e+000
  7.9859434e+000  8.7931119e+000
  7.4535515e-001  2.5861875e+000
  9.0131386e+000  2.2734795e+000
  9.2132189e+000  4.8022490e+000
  8.2304866e+000  6.6945800e+000
  6.2648643e+000  9.1215908e+000
  8.2258913e-001  8.4553602e+000
  8.8104469e+000  8.9577093e+000
  3.1165630e+000  6.3649923e-001
  9.2248798e-001  7.0892857e+000
  6.6346937e-001  6.6727405e+000
  2.9509380e+000  8.9514631e+000
  7.6969053e+000  1.5140823e+000
  5.6834924e+000  5.9102137e+000
  5.3515858e+000  2.3764882e+000
  2.1133862e+000  6.7392745e+000
  3.3170440e+000  9.1601907e-001
  7.3824628e+000  7.0766522e+000
  8.8718380e+000  5.4187189e+000
  2.5692802e+000  7.4395237e+000
  7.1356963e+000  4.5847956e+000
  8.0720811e+000  1.4303572e+000
  1.2227075e+000  6.9182873e+000
  5.0646819e+000  4.6551374e+000
  7.1138902e+000  5.0064061e+000
  3.6722784e+000  9.1473722e+000
  1.2785705e+000  6.4696496e+000
  6.6691683e+000  4.0483426e+000
  4.9347761e+000  4.7696178e-001
  4.4417444e+000  9.1698611e-001
  4.9838419e+000  2.2818539e+000
  1.1092129e+000  9.2525837e+000
  3.4011379e+000  9.5272424e+000
  4.3720819e+000  6.9559090e+000
  8.2536631e+000  8.0419692e+000
  7.4901246e-001  9.3563793e+000
  5.3671515e+000  2.1083050e+000
  2.6101206e+000  6.2577427e-001
  1.8392990e+000  6.7314239e+000
  3.4126251e+000  8.8856667e+000
  2.7700708e-001  4.0593139e+000
  5.5527256e+000  5.7633448e+000
  8.4457391e+000  9.0069558e+000
  6.8802150e+000  2.3965008e+000
  3.7795514e+000  9.4109478e-001
  8.6765166e+000  8.5289267e+000
  9.1512838e+000  2.4043233e+000
  1.1759817e+000  7.4942250e+000
  1.3193044e+000  7.1326709e+000
  8.8357481e-001  7.0894388e+000
  9.1418232e+000  1.9287069e+000
  6.7825360e+000  6.5911574e+000
  7.4370932e+000  9.4001920e+000
  3.3458063e+000  6.4664351e+000
  8.8117985e+000  2.6829995e+000
  6.4954561e+000  6.1875286e+000
  9.3242548e+000  5.8366433e+000
  7.8903470e+000  7.9540847e-001
  5.5753543e+000  7.2670690e+000
  8.9020890e+000  2.2544075e+000
  7.0212420e+000  4.4504983e+000
  3.2137406e+000  9.0237659e+000
  4.2268429e+000  2.0759382e+000
  1.2186581e+000  7.3412411e+000
  6.6547792e+000  4.1521267e+000
  7.3594178e+000  8.6776305e+000
  7.6170629e+000  5.0616449e+000
  3.5884706e+000  6.0109028e+000
  1.9655442e+000  8.2696263e+000
  2.1331879e+000  4.8283368e-001
  6.4690104e+000  6.8509855e+000
  3.6676273e+000  8.8694843e+000
  5.9651159e+000  6.1222438e+000
  9.9626637e-001  6.8637283e+000
  6.5719904e-001  2.9281046e+000
  3.6257766e+000  6.2271276e+000
  5.0539706e-001  2.4063996e+000
  2.7235371e+000  5.5270502e+000
  4.0301317e+000  8.0354794e-001
  1.6176665e+000  5.0017184e+000
  7.8215496e+000  1.6686230e+000
  4.9434708e+000  2.7079553e+000
  7.9310978e-001  4.4369884e+000
  1.8525054e+000  6.9121038e-001
  4.3110691e+000  6.1646360e+000
  7.9051238e+000  6.3077994e+000
  9.4035945e+000  2.9589176e+000
  5.8284138e+000  7.2656185e+000
  2.7732429e+000  1.6539962e+000
  5.4344327e+000  3.2619184e+000
  5.3420482e+000  1.6146975e+000
  1.9047804e+000  3.7050522e+000
  4.2022172e-001  3.0579301e+000
  9.1338950e+000  6.4634820e+000
  6.0915977e+000  1.6023011e+000
  4.8308516e+000  3.1605370e+000
  1.4917731e+000  6.0713646e+000
  8.6657808e+000  2.7989372e+000
