  6.7691900e+000  4.3828083e-001
  6.4562557e+000  4.1977025e+000
  4.5088993e+000  8.7549016e+000
  7.2227290e+000  2.4560789e+000
  6.9038099e+000  7.7268471e+000
  8.1559243e+000  7.1453415e+000
  7.1130954e+000  2.7424233e+000
  3.7755615e+000  3.6864546e+000
  2.2184332e+000  4.7188166e+000
  3.3767690e+000  8.9016318e+000
  7.4896603e+000  5.9915519e+000
  3.8476000e-001  4.4334539e+000
  6.8129917e+000  7.8490959e+000
  3.4283782e+000  1.1299249e+000
  6.2898663e+000  6.4189421e+000
  7.2032862e+000  7.6406549e+000
  1.6709439e+000  7.2585125e+000
  4.9012690e+000  5.4689728e+000
  5.8950304e+000  2.2526800e+000
  8.2232464e+000  3.6629734e+000
  8.9574155e+000  6.3985894e+000
  4.2484965e+000  8.2702840e+000
  3.7334124e+000  5.3138451e+000
  5.4684486e+000  3.8217221e+000
  8.0339445e+000  6.2238752e+000
  5.9718165e+000  6.4684605e+000
  3.1855199e+000  7.8226635e+000
  6.4682801e+000  3.3164702e+000
  4.6634394e+000  6.2297903e+000
  5.1669061e+000  7.3780958e-001
  7.5514634e+000  7.2694070e+000
  8.5539047e+000  2.5632803e+000
  2.9979374e+000  2.8325543e+000
  5.2486651e-002  4.7116032e+000
  2.0049528e+000  3.6872207e+000
  7.1337457e+000  8.2237711e+000
  7.5837699e+000  4.7898435e+000
  3.3880239e+000  4.0496416e+000
  3.6217781e+000  6.4354426e+000
  6.4346310e+000  5.5565433e+000
  4.2178129e+000  2.2145201e+000
  9.8822685e+000  3.8404039e+000
  2.7106541e+000  2.8525520e+000
  7.0114525e+000  2.4385730e+000
  3.0556040e+000  6.2335715e+000
  4.6950745e+000  6.4650046e+000
  3.7163552e+000  6.8678413e+000
  8.1410862e+000  3.4393150e+000
  5.2244613e+000  3.6710495e+000
  2.8323314e+000  7.9873911e+000
  7.2570439e+000  4.3521707e+000
  3.7052474e+000  6.7347685e+000
  4.4287811e+000  7.3698096e+000
  6.8409496e+000  4.5440678e+000
  5.9811147e+000  7.6983142e+000
  7.8432574e+000  8.9861151e+000
  3.3913652e+000  4.9792452e+000
  9.5458607e+000  4.8516990e+000
  2.6778301e+000  5.1320318e+000
  7.1272135e+000  8.1806352e+000
  3.7000433e+000  4.9684492e+000
  2.6780659e+000  7.7541693e+000
  5.8052434e+000  3.7066126e+000
  6.3202894e+000 -1.3697625e-001
  5.8490032e+000  3.5705533e+000
  5.2592273e+000  3.5088747e+000
  7.8445647e+000  6.3435466e+000
  5.9784453e+000  3.8703378e+000
  3.3218358e+000  7.6078415e+000
  8.4423544e+000  7.5363095e+000
  5.3110566e+000  3.3639928e+000
  3.5569207e+000  2.0255531e+000
  2.0209898e+000  8.0290283e+000
  3.5460869e+000  1.8165973e+000
  7.2479185e+000  7.1927187e+000
  6.3054407e+000  3.6183636e+000
  8.0123456e+000  2.3940341e+000
  2.4262754e+000  6.9765023e+000
  6.7587408e+000  5.0753784e+000
  1.8797630e+000  3.2129904e+000
  8.5409525e+000  5.6284664e+000
  8.3701093e+000  4.7812089e+000
  2.2451466e+000  6.9563510e+000
  6.7413459e+000  2.4614593e+000
  7.3794801e+000  6.1692659e+000
  5.1092535e+000  3.3861222e+000
  3.6754367e+000  2.2511978e+000
  2.5881202e+000  4.3486406e+000
  6.1301291e+000  6.3970865e+000
  8.3240605e+000  2.2373681e+000
  4.1105671e+000  7.5435774e+000
  3.0782793e+000  4.0929891e-001
  2.8021315e+000  2.9557479e+000
  6.7983484e+000  2.1236973e+000
  1.2667572e+000  2.4721168e+000
  9.9159356e+000  3.4633355e+000
  2.4070638e+000  4.7787529e+000
  2.8711566e+000  7.9712642e+000
  3.1201890e+000  3.5535670e+000
  2.0702699e+000  3.8560039e+000
  7.0635141e+000  7.0136491e+000
  4.8834536e+000  4.0244010e+000
  4.8382726e+000  4.6633684e-001
  7.4031857e+000  6.6664169e+000
  5.6145794e+000  2.8130902e+000
  3.6376820e+000  4.3453589e+000
  4.5942035e+000  3.9204704e+000
  4.1596253e+000  1.5465421e+000
  6.2785106e+000  2.9334643e+000
  3.0130802e+000  7.9147092e+000
  5.8365137e+000  3.0070720e+000
  6.6314754e+000  2.1911133e+000
  5.9279188e+000  1.8750198e+000
  1.6025300e+000  7.9191019e+000
  4.3776425e-001  2.7666709e+000
  4.4621268e+000  6.2961259e+000
  4.2795036e+000  5.3408417e+000
  6.1039255e+000  2.6822280e+000
  5.8298908e+000  5.5407904e+000
  4.1830382e+000  7.9634655e+000
  7.8648109e+000  4.9994076e+000
  3.0558808e+000  4.7846548e+000
  7.0161836e+000  3.9726641e+000
  4.9513686e+000  7.3233364e+000
  3.0377508e+000  4.0961553e+000
  1.3181704e+000  4.5454237e+000
  3.3067223e+000  6.4141756e+000
  3.1989398e+000  8.3944729e+000
  2.8178732e+000  3.0347876e+000
  8.8290258e+000  7.8274516e+000
  3.1920499e+000  2.6223099e+000
  4.8895910e+000  3.7071021e+000
  6.4331650e+000  3.1615069e+000
  2.0798916e+000  7.6164851e+000
  2.1167321e+000  3.7080756e+000
  3.3721122e+000  2.6943217e+000
  2.9267680e+000  3.1608020e+000
  4.9605825e+000  2.5986783e+000
  3.8337210e+000  1.6637521e+000
  6.7197886e+000  3.2601091e+000
  3.1097401e+000  5.0910066e+000
  2.9833731e+000  1.0764438e+000
  7.1575783e+000  6.7919814e+000
  6.2494423e+000  1.9102432e+000
  3.4804851e+000  3.6684225e+000
  6.3684823e+000  3.3838083e+000
  6.9477122e+000  8.6693800e+000
  3.7063897e+000  7.1988390e+000
  8.4784755e+000  8.0427387e+000
  6.3184970e+000  3.5760589e+000
  5.5717053e+000  4.1314230e+000
  4.2641611e+000  6.4725163e+000
  3.5764692e+000  1.4668360e+000
  6.6505403e+000  1.0025548e+000
  2.8335078e+000  3.9524343e+000
  5.9439050e+000  5.5966326e+000
  7.7631214e+000  7.6777622e+000
  5.3384842e+000  3.3044682e+000
  2.0252559e+000  3.5619859e+000
  7.0593172e+000  6.4402163e+000
  3.3803115e+000  7.0003857e+000
  2.7352664e+000  6.1288878e+000
  3.1756221e+000  3.4957217e+000
  6.6031547e+000  3.1786910e+000
  2.8365076e+000  4.3528930e+000
  4.1105116e+000  8.3527627e+000
  5.6989873e+000  3.7786527e+000
  6.8875478e+000  2.1295968e+000
  2.4893133e+000  2.3570066e+000
  8.5513356e+000  1.2854060e+000
  6.6503236e+000  5.6038666e+000
  1.4273474e+000  7.1014189e+000
  1.8824131e+000  3.2115802e+000
  4.1288973e+000  5.1298694e+000
  2.7902393e+000  8.1200003e+000
  2.8059870e+000  8.6715435e+000
  6.3177840e+000  7.1340844e+000
  3.1419917e+000  8.9341049e+000
  4.7398766e+000  2.9075446e+000
  2.0240306e+000  8.6582478e+000
  2.0986708e+000  2.4055280e+000
  5.2733033e+000  3.1968365e+000
  5.4758362e+000  4.5463029e+000
  7.2054218e+000  3.1888628e+000
  5.7574719e+000  5.4569741e+000
  3.1739336e+000  2.7432234e+000
  6.2803770e+000  3.1462385e+000
  6.7506727e+000  4.3864561e+000
  4.1112161e+000  7.0068397e+000
  8.8750472e+000  6.3888117e+000
  6.6317504e+000  7.8282428e+000
  1.9675032e+000  3.8347587e+000
  8.2191168e+000  4.1879910e+000
  6.2353708e+000  4.0041019e+000
  3.8066688e+000  7.1527641e+000
  5.8452494e+000  3.6570816e+000
  7.2397741e+000  2.0770507e+000
  6.8700141e+000  9.0368956e+000
  5.3261102e+000  8.2402819e+000
  8.2463424e+000  4.4841920e+000
  1.9103296e+000  6.6383231e+000
  5.1879455e+000  3.8276333e+000
  7.9492444e+000  4.9473442e+000
  2.3451691e+000  4.2344171e+000
  6.7130538e+000  1.3222660e+000
  7.8324446e+000  2.8054459e+000
  6.7611682e+000  1.9140393e+000
  6.5237362e+000  6.7519786e+000
  6.5790562e+000  6.1056276e+000
  7.3703395e+000  5.5331512e+000
  6.0702799e+000  2.8643560e+000
  2.8867893e+000  3.3917646e+000
  5.0807217e+000  2.9498341e+000
  5.0062601e+000  6.3413499e+000
  4.6960979e+000  7.9698139e+000
  4.4935016e+000  3.3988048e+000
  7.9456544e+000  7.2160954e+000
  4.9238282e+000  6.5050453e+000
  5.3780501e+000  3.8180293e+000
  6.2542169e+000  2.9921554e+000
  7.0912378e+000  3.0105343e+000
  2.8777397e+000  8.1322715e+000
  3.0603597e+000  1.5640977e+000
  8.0006648e+000  6.1247538e+000
  5.1778877e+000  5.7726653e+000
  3.0100206e+000  3.0533007e+000
  2.4284032e+000  3.8198585e+000
  7.0675183e+000  2.0379171e+000
  2.9908432e+000  4.4961424e+000
  3.0600423e+000  3.0285843e+000
  6.9213957e+000  1.5774524e-001
  7.0620901e+000  7.3693727e+000
  1.6658873e+000  6.9258137e+000
  4.9360910e+000  9.3069331e-001
  6.8452983e+000  6.3632698e+000
  5.9389614e+000  3.6627064e+000
  4.5700553e+000  2.4558001e+000
  1.1813349e+000  3.8137674e+000
  3.9246248e+000  3.9668765e+000
  6.2310424e+000  3.7022703e+000
  5.2497261e+000  4.6299788e+000
  9.6357136e-001  2.7558939e+000
  7.2063842e+000  9.0803677e+000
  3.6172872e+000  6.8865567e+000
  6.2268458e+000  4.6974993e+000
  7.4430588e+000  6.2506409e+000
  6.9207331e+000  2.7784899e+000
  7.0405858e+000  6.9056211e+000
  1.8202425e+000  6.8064649e+000
  3.7763268e+000  8.4436490e+000
  5.6851820e+000  3.6791915e+000
  6.2879346e+000  6.2989943e+000
  6.4428878e+000  3.7853075e+000
  7.6837592e+000  7.3169130e+000
  2.2867616e+000  1.7124365e+000
  8.6937610e+000  8.0882321e+000
  3.3673301e+000  3.4226541e+000
  5.0234765e+000  7.9734236e+000
  5.9820492e+000  7.4276758e+000
  3.6191273e+000  8.3694005e+000
  3.1994986e+000  8.2541298e+000
  3.8469267e+000  7.4798507e+000
  1.4002820e+000  6.1104202e+000
  1.3010873e+000  6.8976423e+000
  7.9346343e+000  5.0191615e+000
  6.2849988e+000  7.3251660e+000
  6.3026779e+000  5.8337939e+000
  7.1893092e+000  5.0083892e+000
  6.5657479e+000  3.7925275e+000
  6.5664672e+000  2.8373580e+000
  8.0801479e+000  5.2104404e+000
  3.2241144e+000  3.3915297e+000
  6.8176850e+000  1.0115934e+000
  6.3500316e+000  7.5460529e+000
  6.9259204e+000  3.9497207e+000
  6.0269433e+000  3.6208769e+000
  2.6230539e+000  6.8883745e+000
  2.8299068e+000  1.7103635e+000
  9.2640099e-001  6.3431016e+000
  2.5666728e+000  7.3884296e+000
  5.6226932e-001  2.8608208e+000
  5.2935506e+000  7.8222368e+000
  3.7507240e+000  4.3032399e+000
  4.9041608e+000  3.6825032e+000
  2.8706024e+000  4.3379201e+000
  7.0272980e+000  5.3706016e+000
  9.6809129e+000  4.0726439e+000
  5.0896911e+000  1.4933679e+000
  8.1235906e+000  2.7695705e+000
  6.0679051e+000  3.8044117e+000
  1.1439307e+000  7.0506547e+000
  1.6981168e-001  4.7549340e+000
  7.1980126e+000  6.7420738e+000
  6.3616479e+000  7.1151502e+000
  9.0797317e+000  4.3557153e+000
  6.1294288e+000  6.0372716e+000
  5.8115655e-001  5.0310649e+000
  7.2085838e+000  1.9922885e+000
  6.3320673e+000  2.9359251e+000
  5.1927347e+000  2.9919321e+000
  7.1426424e+000  4.6386459e+000
  5.7742641e+000  4.6485220e+000
  6.5355615e+000  3.8037291e+000
  8.0335263e+000  6.6999511e+000
  6.9432352e+000  5.3181846e+000
  4.2280871e+000  3.0430671e+000
  6.1705899e+000  2.5834582e+000
  3.8412937e+000  3.6249272e+000
  6.5949478e+000  6.4333805e+000
  4.4523471e+000  3.4739825e+000
  1.0205562e+000  2.9376963e+000
  3.6284270e+000  2.6858933e+000
  2.9417039e+000  7.6229372e+000
  6.9966929e+000  3.1371410e+000
  2.9565216e+000  5.1307002e+000
  6.5699975e+000  9.3440729e+000
  6.5552362e+000  2.2775552e+000
  7.0473495e+000  3.9611412e+000
  5.6634785e+000  1.7415333e+000
  4.5465144e+000  2.4225630e+000
  3.3356632e+000  2.4571612e+000
  9.2522925e+000  4.6443283e+000
  6.1008032e+000  4.5085162e+000
  3.6479227e+000  3.3428126e+000
  5.0602809e+000  5.1760789e+000
  2.4668187e+000  6.9824058e+000
  8.0857665e+000  5.9919282e+000
  4.9084543e+000  4.3491274e+000
  5.0507312e+000  3.4241804e+000
  6.2832559e+000  1.5135113e+000
  6.9322607e+000  2.1290508e+000
  6.6122019e+000  7.4584223e+000
  5.5957803e+000  2.9362050e+000
  6.2924509e+000  3.1618458e+000
  5.9595704e+000  7.3780045e+000
  4.8114599e+000  6.5233541e+000
  2.7641964e+000  8.4858536e+000
  6.8110435e+000  2.6336880e+000
  2.2485067e+000  7.1407913e+000
  1.9949285e+000  9.3072122e+000
  8.4198517e+000  6.3311655e+000
  2.2418512e+000  7.7547948e+000
  6.1832853e+000  3.8510857e+000
  2.6391085e+000  2.3218441e+000
  6.7065038e+000  7.8832861e+000
  2.3173966e+000  7.7283061e+000
  7.5919247e+000  6.7659981e+000
  4.6894806e+000  5.8828783e+000
  5.5437149e+000  5.4380868e+000
  5.0157761e+000  5.5858781e+000
  3.1400718e+000  5.2795708e+000
  4.9669772e+000  2.8317073e+000
  3.4606863e+000  6.8789084e+000
  7.4777546e+000  2.7925566e+000
  4.6466816e-001  4.5899645e+000
  7.7179688e+000  3.1646617e+000
  6.8455344e+000  8.0765586e+000
  2.7414376e+000  6.9905447e+000
  6.9242824e+000  4.1702333e+000
  3.0720691e+000  8.0206457e+000
  2.7074999e+000  4.9551536e+000
  5.9526495e+000  7.1830711e+000
  7.1890321e+000  2.6315495e+000
  6.1913448e+000  1.8117538e+000
  8.5687885e-001  5.8488935e+000
  7.5597927e+000  7.9108737e+000
  2.4731946e+000  3.8471211e+000
  5.4826910e+000  6.5918837e+000
  6.4525842e+000  8.0086175e+000
  3.7496633e+000  7.1104960e+000
  7.1131535e+000  8.3015104e+000
  4.8905720e+000  3.7870677e+000
  2.3436268e+000  6.8774016e+000
  6.7924355e+000 -1.1221353e+000
  6.9412681e+000  7.1080896e+000
  2.1574823e+000  3.6201623e+000
  5.9223472e+000  7.9791254e+000
  1.2110842e+000  5.7847047e+000
  6.9175772e+000  2.7177594e+000
  7.1037573e+000  1.9650316e+000
  6.5509005e+000  6.0684726e+000
  2.4534891e+000  3.9501076e+000
  5.2871608e+000  1.9930170e+000
  3.3589451e+000  3.5678043e+000
  6.0863183e+000  4.3619200e+000
  6.1596930e+000 -1.0354190e+000
  2.0272967e+000  2.8074825e+000
  2.9406137e+000  6.0513131e+000
  6.5385537e+000  3.7784900e+000
  4.0780827e+000  5.1847655e+000
  3.5943049e+000  4.4124575e+000
  5.0652361e+000  8.1732117e+000
  7.2150294e+000  8.7629919e+000
  7.8788479e+000  6.8315973e+000
  5.0262291e+000  3.5715675e+000
  2.8902770e+000  3.8011352e+000
  2.9022258e+000  4.4649548e+000
  5.2391866e+000  4.0323560e+000
  2.7204860e+000  8.1830308e+000
  7.7672854e+000  7.0305888e+000
  2.3294874e+000  4.5183992e+000
  1.2542196e+000  6.7034163e+000
  6.2006811e+000  3.5673095e+000
  4.7590382e+000  3.1844040e+000
  4.3896139e+000  3.5788572e+000
  7.1220730e+000  1.6563902e+000
  5.9197790e+000  3.2148829e+000
  6.6859251e+000  6.1709412e+000
  9.9187480e-001  6.0824447e+000
  6.7476007e+000  6.7776708e+000
  8.0659020e-001  8.1022296e+000
  3.5208212e+000  8.5361807e+000
  1.8631674e+000  3.0821330e+000
  2.4292100e+000  3.5795874e+000
  2.2567989e+000  7.2171477e+000
  3.3280704e+000  3.5927805e+000
  4.2383962e+000  5.5330135e+000
  3.2119754e+000  8.3923301e+000
  5.6555953e+000  4.2160301e+000
  4.9563437e+000  2.7357757e+000
  3.4249804e+000  4.4292998e+000
  4.0976567e+000  2.0892026e+000
  6.7831824e+000  2.4199168e+000
  7.5383911e+000  4.9040989e+000
  2.1261303e+000  3.1216164e+000
  5.4727343e+000  5.6993257e+000
  6.3704180e+000  4.4285043e+000
  8.3567199e+000  8.7096198e+000
  7.0576386e+000  9.8738856e-001
  4.5300204e+000  2.2783602e+000
  6.9454474e+000  6.0343137e+000
  3.0410565e+000  8.0344253e+000
  8.9086626e+000  2.8650121e+000
  2.0874911e+000  7.2839954e+000
  7.4051325e+000  3.4497934e+000
  6.2581545e+000  5.6369921e+000
  5.1549798e+000  5.9529317e+000
  6.2106507e+000  6.5748935e+000
  7.4377417e+000  8.1167404e+000
  7.1868893e+000  7.1725013e+000
  2.4057597e+000  2.9873800e+000
  8.9599966e+000  5.1684254e+000
  6.1810103e+000  6.6583989e+000
  2.7146621e+000  4.4346902e+000
  5.5371671e+000  2.1573232e+000
  3.4458238e+000  3.7342180e+000
  1.2104828e+000  3.5610946e+000
  2.8387886e+000  6.1958253e+000
  3.7391524e+000  6.9173869e+000
  2.8135491e-001  3.0456871e+000
  2.2963865e+000  7.6318769e+000
  6.7265520e+000  6.7124294e+000
  7.8615389e+000  8.8404141e+000
  2.0141116e+000  3.2268074e+000
  6.5564410e+000  6.9139112e+000
  2.0188104e+000  7.3220321e+000
  7.2387604e+000  6.7960705e+000
  7.4078119e+000  2.6706394e+000
  3.9169556e+000  3.5247096e+000
  6.5248602e+000  2.2341623e+000
  1.7377616e+000  2.6999224e+000
  6.6282742e+000  5.0909770e+000
  5.1450561e+000  3.3222210e+000
  2.9258209e+000  2.3305738e+000
  5.0126114e+000  5.4743454e+000
  6.3592449e+000  8.1244061e+000
  6.0652863e+000  2.3101656e+000
  3.4276126e+000  8.6735273e+000
  3.0342197e+000  3.2482838e+000
  2.7297668e+000  3.8954251e+000
  5.1614108e+000  3.5602735e+000
  4.2121621e+000  6.8979588e+000
  3.3056773e+000  1.7046626e+000
  6.5591585e+000  5.0986374e+000
  3.1295426e+000  8.0609441e+000
  3.6752262e+000  2.2352863e+000
  7.6665997e+000  2.0882300e+000
  6.3164176e+000  4.5109170e+000
  5.7168080e+000  5.5653179e+000
  7.9645491e+000  8.7200694e+000
  8.6895649e+000  6.1964927e+000
  5.3698313e+000  3.5349059e+000
  6.9482136e+000  2.0842226e+000
  2.4381827e+000  1.8392732e+000
  7.6170042e+000  8.7709719e+000
  7.1059800e+000  9.0236101e+000
  6.0480961e+000  4.9073245e+000
  6.0150925e+000  3.7166290e+000
  4.9874223e+000  3.9432073e+000
  6.0667501e+000  4.8667545e+000
  1.4212744e+000  6.7914851e+000
  7.5582546e+000  8.7526460e+000
  7.0656638e+000  5.2879900e+000
  2.0527318e+000  7.2152479e+000
  6.1835981e+000  8.9855107e+000
  7.2862391e+000  5.4943430e+000
  6.9500144e+000  7.6330400e+000
  4.3449687e+000  4.7573012e+000
  5.3551854e+000  7.8990741e+000
  2.8165574e+000  2.5665910e+000
  7.2322617e+000  7.1068134e+000
  4.8325294e+000  3.8060837e+000
  6.4485920e+000  6.3375423e+000
  7.3867129e+000  1.7686689e+000
  3.3596943e+000  4.5196341e+000
  2.8817207e+000  1.4948361e+000
  4.8538961e+000  1.7450927e+000
  2.2375716e+000  3.9897150e+000
  3.4167631e+000  7.4833858e+000
  3.2675519e+000  3.5519722e+000
  6.5826021e+000  8.8591239e+000
  2.9417831e+000  7.9706239e+000
  3.4427510e+000  8.6344317e+000
  4.3781562e+000  5.8546236e+000
  3.4492434e+000  7.3407647e+000
  6.5503021e+000  5.4653694e+000
  7.3372413e+000  2.5577308e+000
  6.0970721e+000  2.4631351e+000
  5.0746838e+000  2.3276473e+000
  3.0903452e+000  5.1769098e+000
  9.5244799e+000  4.2131488e+000
  6.7038443e+000  3.9804077e+000
  3.1134941e+000  8.1179530e+000
  4.8067211e+000  5.9471522e+000
  3.0560793e+000  7.7344740e+000
  7.8934692e+000  1.8334151e+000
  2.2983294e+000  2.8016298e+000
  6.3541623e+000  4.2936815e+000
  8.1847907e+000  6.7895889e+000
  3.4909130e+000  7.6003582e+000
  5.8445830e+000  2.7415328e+000
  6.8936280e+000  7.0714441e+000
  7.6259072e+000  7.9178287e+000
  4.4339854e+000  2.5783758e+000
  2.2393279e+000  7.3318635e+000
  2.1994100e+000  2.5330898e+000
  3.4337904e+000  9.4513411e+000
  8.6339920e+000  4.8629928e+000
  4.1978987e+000  7.9090202e+000
  6.2913942e+000  3.6430647e+000
  4.4781905e+000  3.5715092e+000
  9.9829834e+000  7.4510668e+000
  1.8325937e+000  8.2671751e+000
  5.7198241e+000  7.8697528e+000
  5.2686643e+000  2.9786972e+000
  3.1498774e+000  1.8990296e+000
  7.6601035e+000  8.8045029e+000
  2.6812667e+000  9.2761102e+000
  2.2063781e+000  7.4574637e+000
  7.8313983e+000  7.1462502e+000
  3.1305296e+000  4.6963739e+000
  4.5545617e+000  5.2682110e+000
  6.2140966e+000  7.0552952e+000
  6.3816579e+000  6.8622980e-001
  8.1376427e+000  6.5323566e+000
  2.2515034e+000  6.8744525e+000
  2.5838374e+000  6.2936032e+000
  2.4250250e+000  2.3493131e+000
  5.1434542e+000  1.4207476e+000
  3.1010621e+000  5.0322714e+000
  1.3872280e+000  1.7061841e+000
  2.5542947e+000  5.1651234e+000
  6.9455728e+000  7.5820737e+000
  7.6940425e+000  5.0133630e+000
  2.6870430e+000  5.0554850e+000
  3.8229216e+000  5.2378953e+000
  4.7539206e+000  4.9024628e-001
  3.0546460e+000  2.8084971e+000
  3.4258533e+000  4.2498248e+000
  3.3209619e+000  4.7466505e+000
  6.0435895e+000  3.8678572e+000
  2.8041909e+000  2.9674870e+000
  7.1112686e+000  4.3104882e+000
  3.3151225e+000  7.6595385e+000
  5.6009364e+000  5.0258744e+000
  5.0542265e+000  1.5423261e+000
  6.5497555e+000  8.9324218e+000
  2.5664719e+000  7.8097125e+000
  9.1035192e+000  4.4174818e+000
  5.3540272e+000  6.9295518e+000
  2.9155698e-001  5.4729803e+000
  6.9233978e+000  4.5954778e+000
  4.1528987e+000  3.9129297e+000
  7.0390141e+000  6.5477336e+000
  2.8098706e+000  8.3977851e+000
  1.8513641e+000  2.9683914e+000
  3.4745314e+000  4.6396448e+000
  5.4320015e+000  6.5158031e+000
  7.2576032e+000  3.3236685e+000
  2.4078439e+000  5.2514574e+000
  3.3685137e+000  8.0761792e+000
  5.7494605e+000  6.1506082e+000
  2.3501343e+000  7.9775281e+000
  3.2980346e+000  7.5819118e+000
  4.7920926e+000  6.8610106e+000
  2.2963485e+000  2.8089937e+000
  4.9434610e+000  7.0254339e+000
  6.6568054e+000  5.6826899e+000
  7.5087225e+000  8.2629268e+000
  8.3971951e+000  8.4237239e+000
  3.5747975e+000  3.6581857e+000
  2.6845104e+000  7.8847774e+000
  7.5353348e+000  3.3127737e+000
  2.2836923e+000  4.7474375e+000
  5.3807557e+000  3.6162697e+000
  4.2831412e+000  3.1315033e+000
  6.4758826e+000  7.0663861e+000
  5.1542209e+000  2.9511565e+000
  2.1537219e+000  1.0463561e+001
  3.3272483e+000  1.7882432e+000
  6.3943484e+000  3.0709663e+000
  2.4241294e+000  7.1767212e+000
  6.6158490e+000  2.2703372e+000
  6.9173480e+000  7.4917231e+000
  6.5889106e+000  5.3027942e+000
  2.3342804e+000  7.6092778e+000
  3.8366120e+000  6.2876093e+000
  7.0213151e+000  6.5509733e+000
  1.3580421e+000  5.8087074e+000
  7.4811903e+000  2.0102652e+000
  2.4987909e+000  3.3941830e+000
  8.3362010e+000  4.3715612e+000
  6.8055040e+000  6.4735909e+000
  4.0930015e+000  2.0931366e+000
  5.7400789e+000  5.7696740e+000
  6.8829935e+000  3.7757897e+000
  2.7866336e+000  7.8626904e+000
  2.0829453e+000  6.7990785e+000
  5.7219970e+000  5.4917985e-002
  7.8495389e+000  6.9881497e+000
  9.6377615e+000  4.1654224e+000
  9.9446758e+000  3.6626459e+000
  2.8007551e+000  3.4103710e+000
  4.5563071e+000  2.5845292e+000
  5.7477942e+000  7.1321054e+000
  7.0935873e+000  6.8145645e+000
  4.9054868e-001  1.0668548e+001
  5.2676001e+000  3.1976109e-001
  5.9932480e+000  8.1644310e+000
  2.4968158e+000  7.2055036e+000
  2.4455241e+000  5.1914841e+000
  6.5083490e+000  2.7540782e+000
  7.4445419e+000  6.6583106e+000
  8.2434495e+000  7.5431425e+000
  7.9511921e+000  5.9707899e+000
  1.8033297e+000  8.6290406e+000
  7.2277504e+000  6.4084522e+000
  4.7354702e+000  3.2184720e+000
  6.1519645e+000 -1.2992246e+000
  4.2911216e+000  2.2368943e+000
  6.8696975e+000  6.2270147e+000
  3.4110149e+000  7.3605885e+000
  9.1694336e+000  6.2521483e+000
  3.6630990e+000  8.8408935e+000
  4.3471251e+000  3.8246037e+000
  4.5355337e+000  3.5390891e+000
  5.7243479e+000  4.0493900e+000
  6.3896681e+000  8.5776368e+000
  1.7655643e+000  3.4640065e+000
  7.2860746e+000  7.7870118e+000
  8.5699263e+000  2.7803100e+000
  1.7152311e+000  8.6400344e+000
  6.9067621e-002  2.4634195e+000
  2.6279333e+000  7.5266663e+000
  4.1801170e+000  3.6181660e+000
  5.8430098e+000  7.3252636e+000
  1.8770512e+000  3.1814758e+000
  1.4778932e+000  2.0787130e+000
  6.5406675e+000  5.9986627e+000
 -2.9682727e-001  3.8778345e+000
  7.7773090e+000  7.5827912e+000
  3.5122944e+000  5.4875086e+000
  7.4960409e+000  3.3115439e+000
  2.6534771e+000  9.0585668e+000
  2.9934672e+000  7.1934501e+000
  1.9949554e+000  2.7040438e+000
  3.6945112e+000  3.5476952e+000
  9.3326942e+000  5.5227134e+000
  9.4824107e-001  6.6448862e+000
  5.7858820e+000  1.0770080e+000
  3.4862264e+000  7.8467790e+000
  5.6199000e+000  4.0436798e+000
  2.3746875e+000  4.6933909e+000
  5.4223628e+000  2.7201076e+000
  1.8293723e+000  6.1925245e+000
  5.7636780e+000  2.8712796e+000
  7.5961649e+000  3.2608816e+000
  3.1489566e+000  7.8909368e+000
  7.1175174e+000  1.8813253e+000
  8.0138012e+000  6.1236976e+000
  1.8058257e+000  5.1754383e+000
  7.4738032e+000  2.7934866e+000
  9.1436437e+000  4.6574211e+000
  1.8607375e+000  2.9599920e+000
  8.2436364e+000  7.5399670e+000
  5.9546364e+000  5.0227516e+000
  6.8910902e+000  2.1752368e+000
  2.1603579e+000  4.0484590e+000
  5.5493795e+000  6.6361044e+000
  1.7818975e+000  1.9554732e+000
  4.1667320e+000  3.7248602e+000
  3.2154679e+000  7.5335772e+000
  4.2425542e+000  3.0422321e+000
  6.4407433e+000  1.8034210e+000
  5.7529802e+000  6.3966538e+000
  7.1080399e+000  7.1848244e+000
  4.8024846e+000  4.5457253e+000
  6.4347717e+000  3.7399860e+000
  8.9094603e+000  3.9373790e+000
  6.1659496e+000  7.0745604e+000
  6.3496661e+000  8.9677905e+000
  7.2812200e+000  6.6448482e+000
  7.3659085e+000  4.4723331e+000
  9.2686006e+000  4.3923568e+000
  6.2609676e+000  3.3505786e+000
  6.8498140e+000  8.7654375e+000
  2.6706270e+000  3.8884395e+000
  2.3441016e+000  7.1431311e+000
  2.3171135e+000  7.4692881e+000
  2.8084626e+000  3.4501404e+000
  6.0009877e+000  7.1243234e+000
  6.8308065e+000  9.4641288e+000
  5.1456892e+000  3.6134179e+000
  6.3356924e+000  5.6187949e+000
  3.5845675e+000  4.7305026e+000
  8.0760253e+000  5.9492775e+000
  7.6355851e+000  6.8955898e+000
  2.9561691e+000  3.6895748e+000
  8.7937904e+000  3.8623697e+000
  3.1659184e+000  4.6249080e+000
  2.4679032e+000  3.8655266e+000
  7.2176965e+000  8.4827748e+000
  4.4647846e+000  7.8780857e+000
  8.9452729e+000  4.0015092e+000
  9.9262982e+000  3.5318130e+000
  7.3049004e+000  6.2340214e+000
  5.1222314e+000  2.6633351e+000
  2.4934821e+000  3.4884022e+000
  8.7607631e+000  5.6194453e+000
  3.0819206e+000  8.5423744e+000
  9.3389377e+000  4.5184495e+000
  7.1249218e+000  1.7031505e+000
  7.1855861e+000  7.3994602e+000
  1.7908666e+000  4.1249821e+000
  7.4266509e+000  7.7401814e+000
  2.1564184e+000  7.6473379e+000
  3.8085558e+000  2.3100802e+000
  2.7945179e+000  2.4739272e+000
  3.9351517e+000  1.7555472e+000
  6.7839105e+000  6.3068214e+000
  3.6888751e+000  3.6071388e+000
  8.1633720e+000  8.0198324e+000
  3.1033486e+000  4.6268733e+000
  6.7323575e+000  6.9051156e+000
  9.2296240e+000  6.6038494e+000
  2.3635736e+000  7.0330199e+000
  6.0289689e+000  4.2527741e+000
  7.8156008e+000  4.6734312e+000
  8.8473926e+000  4.9066171e+000
  6.3903034e+000  3.0093845e+000
  3.0211551e+000  4.9506034e+000
  4.3423017e+000  8.2400600e+000
  6.9844132e+000  2.3035601e+000
  5.8873760e+000  8.2764602e+000
  1.9939162e+000  3.2408185e+000
  6.1379566e+000  3.2782366e+000
  4.8117911e+000  6.6754178e+000
  2.0162340e+000  7.2303054e+000
  5.6257068e+000  5.2444705e+000
  3.0985313e+000  2.8699367e+000
  4.7110177e+000  4.6716379e+000
  6.6128456e+000  6.7579483e+000
  2.1329761e+000  7.3847236e+000
  7.6485413e+000  2.1982455e+000
  2.0049002e+000  7.7065068e+000
  6.6438007e+000  4.3003594e+000
  2.1265297e+000  7.3040573e+000
  3.7517578e+000  3.6910164e+000
  3.4396101e+000  4.5918956e+000
  7.2096421e+000  3.9349723e+000
  5.9983228e+000  6.5503064e+000
  5.9514181e+000  2.6087491e+000
  4.2948535e+000  1.8511514e+000
  8.6648222e+000  5.4261236e+000
  2.6043107e+000  6.2426823e+000
  6.5194055e+000  1.8303380e+000
  6.1572010e+000  4.1887434e+000
  4.7479606e+000  8.7760392e+000
  2.4904701e+000  7.6346745e+000
  2.8694615e+000  3.0506047e+000
  7.0656952e+000  4.0151342e+000
  5.4870480e+000  4.1604090e+000
  5.0314652e+000  3.1738838e+000
  3.4518324e+000  3.1710320e+000
  2.4281806e+000  4.2332853e+000
  3.0029037e+000  5.1642592e+000
  5.8107936e+000  4.6116539e+000
  1.9269085e+000  6.6784757e+000
  6.8604540e+000  2.8421702e+000
  8.2172055e+000  2.7870768e+000
  3.6694272e+000  4.7725238e+000
  3.2433365e+000  4.9447540e+000
  7.8957935e+000  7.2094636e+000
  2.6050950e+000  3.2492268e+000
  5.1408357e+000  8.2420716e+000
  2.5994860e+000  6.9635317e-001
  5.9348246e+000  2.5583098e+000
  7.4274211e+000  6.7824236e+000
  1.8114935e+000  7.1700195e+000
  8.6405925e+000  4.0618325e+000
  4.8418652e+000  6.4091278e+000
  7.3349518e+000  7.7022576e+000
  2.4368159e+000  2.9162948e+000
  7.0234563e+000  4.0845446e+000
  7.0357312e+000  7.3857649e+000
  4.5133968e+000  6.7239280e+000
  3.2419026e+000  8.8497863e+000
  3.9037289e+000  5.6503354e+000
  3.3773374e+000  3.3102453e+000
  3.5857792e+000  8.1856654e+000
  9.0879827e+000  7.8774439e+000
  2.6023906e+000  8.3974915e+000
  2.1142675e+000  2.8867708e+000
  7.4708594e+000  4.8101432e+000
  6.0467850e+000  3.3051921e+000
  2.6779957e+000  5.2348419e+000
 -1.3152298e-001  4.8693312e+000
  5.5713332e+000  2.8373228e+000
  8.0842832e+000  2.5096394e+000
  7.6486248e+000  4.9269616e+000
  6.1708186e+000  7.2550226e+000
  6.5089735e+000  6.5087612e+000
  9.3688191e+000  3.7395448e+000
  8.8364577e+000  7.7546494e+000
  4.8674626e+000  3.2856607e+000
  4.7949975e+000  6.3718984e+000
  2.2165718e+000  2.6899598e+000
  5.6216495e+000  5.0421333e+000
  3.2194492e+000  7.6869240e+000
  3.2316967e+000  4.8024283e+000
  5.9714628e+000  3.8800265e+000
  8.0035365e+000  2.9434886e+000
  3.7345700e+000  3.4475900e+000
  7.9912243e+000  4.5140857e+000
  6.9614420e+000  4.5841305e+000
  5.5969919e+000  2.7688062e+000
  7.9875936e+000  2.2597886e+000
  5.0411654e+000  2.8417325e+000
  8.0473779e+000  3.6249788e+000
  5.0521282e+000  1.5966532e+000
  7.0004565e+000  3.8125312e+000
  9.2245254e+000  7.2734655e+000
  3.1966446e+000  4.6193568e+000
  5.5875287e+000  3.5629372e+000
  5.0998347e+000  2.8018960e+000
  9.2225335e+000  6.3875648e+000
  7.8058802e+000  3.1561371e+000
  1.5598690e+000  4.7529690e+000
  5.6549368e+000  4.2272599e+000
  5.5078853e+000  6.9915232e+000
  3.0957076e+000  1.8633648e+000
  6.2640730e+000  7.5298163e+000
  7.0720189e+000  2.5968964e-001
  2.1311910e+000  1.9076097e+000
  8.7138125e-001  6.8487128e+000
  5.1082892e+000  7.4488344e+000
  4.5421965e+000  7.2018168e+000
  7.3546272e+000  2.8178637e+000
  7.4224707e+000  5.4784276e+000
  6.9289184e+000  7.0622766e+000
  6.3161863e+000  3.8415762e+000
  7.4128645e+000  6.1910106e+000
  2.7321923e+000  5.0042524e+000
  4.0513407e+000  6.7451113e+000
  7.1674869e+000  2.5127091e+000
  7.9053223e+000  8.5116878e+000
  6.1341567e+000  7.7559056e+000
  4.0948746e+000  3.4934241e+000
  2.4161256e+000  4.9094381e+000
  4.9447871e+000  1.8553067e+000
  6.4252977e+000  5.4389499e+000
  6.1301332e+000  3.0631958e+000
  6.3948955e+000  6.3247813e+000
  4.2717884e+000  2.5360997e+000
  3.1072305e+000  8.0361987e+000
  1.9479339e+000  7.0954730e+000
  3.2787046e+000  4.8056626e+000
  5.2856663e+000  3.6705248e+000
  3.0111065e+000  3.7637777e+000
  3.4246005e+000  7.8985634e+000
  3.8702261e+000  6.2895787e+000
  9.4827820e+000  3.8487844e+000
  5.0171178e+000  6.9741936e+000
  2.7020585e+000  8.2707735e+000
  4.5888612e+000  6.1660791e+000
  5.8398927e+000  2.9624986e+000
  3.6432894e+000  8.4714810e+000
  2.6679977e+000  3.1892567e+000
  6.9917731e+000  6.5946928e+000
  4.4469773e+000  9.6748427e+000
  4.7979326e+000  3.5037134e+000
  5.3039083e+000  5.1632162e+000
  5.3597117e+000  7.0564241e+000
  5.6200546e+000  5.4143460e+000
  4.4652353e+000  6.5184871e+000
  3.4914690e+000  2.6688658e+000
  3.4893348e+000  8.2143216e+000
  2.1061777e+000  7.1287759e+000
  1.9067456e+000  2.4955062e+000
  3.7849042e+000  2.5217256e+000
  2.1539932e+000  5.0771090e+000
  5.7844015e+000  3.0340184e+000
  8.1265949e+000  8.2691075e+000
  6.6529977e+000  6.3418487e+000
  5.7677711e+000  7.7447510e-001
  4.2641793e+000  3.7619602e+000
  3.2731757e+000  2.2895257e+000
  3.2907788e+000  8.1563275e+000
  9.2367176e+000  3.7220899e+000
  2.9003153e+000  8.6525676e+000
  1.4568128e+000  5.7904468e+000
  5.7371027e+000  4.4587966e+000
  1.4344580e+000  5.0785450e+000
  2.1251068e+000  7.3160617e+000
  6.9602887e+000  3.4288680e-001
  2.6463872e+000  8.7494102e+000
  4.0721973e+000  7.3547266e+000
  2.5569160e+000  3.6318458e+000
  9.2671424e+000  3.0380233e+000
  2.7520600e+000  2.5793765e+000
  5.8491992e+000  2.5634048e+000
  5.3097686e+000  2.6662743e+000
  3.1064902e+000  2.8260333e+000
  3.3309978e+000  6.3223192e+000
  3.1352814e+000  4.2680989e+000
  2.8293567e+000  4.6563729e+000
  5.9016427e+000  3.0938439e+000
  3.7255099e+000  2.7126867e+000
  3.1958769e+000  3.9678743e+000
  5.0545922e+000  5.4397464e+000
  5.6757314e+000  5.2919338e+000
  6.6460657e+000  8.0410519e+000
  6.2654713e+000  6.4349579e-001
  4.6996154e+000  8.2587930e+000
  6.7583492e+000  2.5725280e+000
  3.0702938e+000  4.0616839e+000
  8.3830315e+000  4.6499135e+000
  8.3719882e+000  3.0258794e+000
  5.7668111e+000  1.5051524e+000
  3.5881954e+000  7.9939738e+000
  2.2723806e+000  7.5144414e+000
  5.0114752e-001  6.9105708e+000
  6.9587620e+000  6.6029667e+000
  6.7574472e+000  2.1277864e+000
  4.3836334e+000  2.8495498e+000
  5.2097412e+000  1.6094857e-001
  5.6324888e+000  2.7580325e+000
  6.6762497e+000  6.7660850e+000
  6.2794797e+000  7.0883394e+000
  7.8425519e+000  5.5669551e+000
  3.8494870e+000  3.3691930e+000
  7.1754655e+000  4.3209827e+000
  1.1063753e+000  6.7959190e+000
  3.0606894e+000  7.3005586e+000
  6.3472394e+000  5.0080540e+000
  8.6707280e+000  4.1147245e+000
  6.2534959e+000  2.9402661e+000
  3.8561663e+000  7.3084201e+000
  7.0282667e+000 -2.8248329e-001
  7.0257648e+000  6.6340716e+000
  6.2376192e+000  4.4985926e+000
  2.7437639e+000  4.9095983e+000
  3.2669454e+000  2.8166418e+000
  2.6531523e+000  6.2363866e+000
  6.8615200e+000  4.3138229e+000
  3.2088579e+000  3.1132315e+000
  5.9577509e+000  3.4628635e+000
  2.6075172e+000  7.9110806e+000
  6.3099141e+000  4.2862085e+000
  7.1257753e+000  2.8168009e+000
  4.6097456e+000  4.6626344e+000
  7.0441747e+000  1.2384800e+000
  6.1221702e+000  5.1129408e+000
  9.8758594e-001  1.7240277e+000
  5.6837491e+000  2.8458617e+000
  8.5384059e+000  4.3927027e+000
  8.1167889e+000  5.4583080e+000
  6.0306169e+000  4.5916752e+000
  7.5465019e+000  4.8284456e+000
  8.5804671e+000  4.1136111e+000
  4.7111569e+000  4.0430941e+000
  9.0467952e+000  3.7106497e+000
  9.4402974e+000  8.2587572e+000
  8.1966982e+000  6.1914010e+000
  6.1753854e+000  3.7476310e+000
  4.5611362e+000  2.5690589e+000
  4.0009326e+000  3.7838252e+000
  6.7904615e+000  2.3976377e+000
  2.8161163e+000  3.8898761e+000
  4.1241756e+000  6.1110583e+000
  7.4803199e+000  8.6703999e+000
  2.3513146e+000  7.4362869e+000
  5.4414719e+000  5.3044664e+000
  3.1961068e+000  4.0615049e+000
  8.0935286e+000  9.1441999e+000
  2.9133487e+000  3.2683711e+000
  8.3219988e+000  2.6751310e+000
  4.0198302e+000  8.4022927e+000
  2.0507552e+000  7.4933721e+000
  1.7431373e+000  2.4533105e+000
  1.8648430e+000  6.5345958e+000
  8.2536561e+000  5.8093911e+000
  1.1259946e+000  5.2761262e+000
  3.9378660e+000  8.1138535e+000
  8.8704025e-001  8.6570165e+000
  1.9260587e+000  3.5892118e+000
  6.9592185e+000  8.5918986e+000
  6.7712160e-001  7.5055120e+000
  5.3186147e+000  4.2861194e+000
  1.3867741e+000  6.4389143e+000
  3.3831101e+000  8.5425448e+000
  5.5588258e+000  4.1717950e+000
  6.1502041e+000  2.8777852e+000
  2.8495119e+000  4.3806470e+000
  3.4269489e+000  4.6691145e+000
  1.5870947e+000  6.5198806e+000
  1.8601474e+000  7.1245360e+000
  5.6329149e+000  3.5171103e+000
  5.2345950e+000  2.9172403e+000
  8.4772899e+000  6.4137102e+000
  7.1829568e+000  8.1463888e+000
  8.9173320e+000  5.9248797e+000
  7.8427216e+000  3.4751916e+000
  6.9205366e+000  8.5893738e+000
  2.6785846e+000  5.1982487e+000
  6.7231571e+000 -8.1860748e-001
  3.4139124e+000  7.3310275e+000
  7.8820596e+000  5.7594681e+000
  8.8581426e+000  4.0300767e+000
  8.9359545e+000  7.8447874e+000
  2.8497157e+000  3.3881360e+000
  5.0030999e+000  3.5556213e+000
  2.9353042e+000  2.6147595e+000
  4.0738048e+000  2.1712234e+000
  5.0765276e+000  2.4017481e+000
  4.0855701e+000  3.4205369e+000
  2.4750262e+000  3.4469925e+000
  6.0900821e+000  8.2262777e+000
  6.1527699e+000  4.2798690e+000
  6.0132044e+000  7.6745434e+000
  2.1788390e-003  8.1651561e+000
  7.6834058e+000  4.6910801e+000
  2.5824421e+000  2.7300956e+000
  2.0050329e+000  7.4584237e+000
  8.0135858e+000  6.4536247e+000
  1.9545718e+000  7.2443952e+000
  8.5540740e+000  5.1638547e+000
  2.1523946e+000  5.0735597e+000
  5.5691660e+000  5.3921410e+000
  4.9718664e+000  4.4739519e+000
  2.2999002e+000  8.4862883e+000
  3.8024211e+000  8.1932638e+000
  4.9156101e+000  3.2636570e+000
  5.1669772e+000  1.6599658e+000
  5.8755682e+000  2.8356496e+000
  2.6333476e+000  7.4258181e+000
  8.2245460e+000  2.9674030e+000
  3.3900803e+000  6.6111594e-002
  6.4787712e+000  2.6693227e+000
  7.2554830e+000  7.8392066e+000
  6.4473684e+000  3.4965035e+000
  6.0592724e+000  6.2546367e+000
  6.3297187e+000  5.8249306e+000
  7.4625546e+000  2.5271507e+000
  6.5538478e+000  5.4723298e+000
  2.7980379e+000  8.4559319e+000
  2.3564414e+000  4.9955955e+000
  2.0047767e+000  3.5042403e+000
  7.4153012e+000  3.1507597e+000
  2.1710811e+000  7.0833588e+000
  1.8949228e+000  3.0661727e+000
  6.0681315e+000  6.6549584e+000
  8.2089050e+000  7.7386956e+000
  5.5858570e+000  3.0231236e+000
  7.3164911e+000  6.5831799e+000
  8.5032839e+000  6.6692277e+000
  3.5447519e+000  4.8434637e+000
  4.6053232e+000  2.8707827e+000
  7.2825151e+000  4.2308397e+000
  8.7122042e+000  3.2769146e+000
  8.5102311e+000  3.4004631e+000
  7.5065004e+000  7.1261136e+000
  5.4294977e+000  6.1512281e+000
  5.6908508e+000  4.4408813e+000
  3.1675898e+000  3.0495696e+000
  7.0525520e+000  3.1662806e+000
  1.7864398e+000  2.8023408e+000
  7.1722647e+000  4.1907586e+000
  1.4863548e+000  4.0893672e+000
  1.5219479e+000  2.3806656e+000
  8.1883609e+000  6.7676593e+000
  5.8032894e+000  8.2386595e+000
  5.2915755e+000  3.8934506e+000
  5.0124236e+000  3.6367892e+000
  3.5389918e+000  1.8146354e+000
  3.3652436e+000  4.6562595e+000
  7.6054686e+000  3.8219483e+000
  3.6170496e+000  2.6013612e+000
  7.7748146e+000  7.4902713e+000
  2.3783420e+000  6.7846757e+000
  1.9452814e+000  2.2798857e+000
  6.8073291e+000  3.4665990e+000
  8.4075795e+000  4.1992709e+000
  2.7754556e+000  2.4236091e+000
  2.5724065e+000  3.8987408e+000
  6.7874709e+000  8.8368922e+000
  3.0508583e+000  7.1288238e+000
  1.5028164e+000  8.4546426e+000
  6.4810982e+000 -1.1471128e+000
  2.9605268e+000  8.4857166e+000
  6.3196367e+000  4.3410389e+000
  6.6532292e+000  5.0896864e+000
  3.4054425e+000  1.6479045e+000
  4.6266004e+000  1.6341181e+000
  4.9270618e+000  6.3074920e+000
  3.1405230e+000  8.0793228e+000
  7.4496619e+000  6.9060040e+000
  3.6153828e+000  7.5565279e+000
  3.6345866e+000  7.6545445e+000
  6.3181523e+000  3.3780771e+000
  6.3999966e+000  7.3836049e+000
  4.5703501e+000  2.9768921e+000
  5.3644430e+000  7.8166177e+000
  2.2854860e+000  4.7881150e+000
  7.5368686e+000  5.6295490e+000
  5.3603553e+000  5.5755853e+000
  8.9671228e+000  5.7751113e+000
  7.4216875e+000  2.6496021e+000
  9.7337780e+000  4.3276102e+000
  6.9119432e+000  3.3333522e+000
 -4.0990692e-001  4.4771336e+000
  4.1465684e+000  3.0348543e+000
  5.0052456e+000  7.2553630e+000
  3.1152309e+000  8.2622261e+000
  4.8443197e+000  3.9879548e+000
  2.2219136e+000  7.7835561e+000
  4.5382772e+000  7.3780389e+000
  8.9133071e+000  3.1120801e+000
  2.4206544e+000  8.2758597e+000
  3.4494589e+000  5.0370415e+000
  6.9369871e+000  8.8910767e+000
  4.0697020e+000  3.6188131e+000
  2.3566892e+000  6.8800965e+000
  7.7967805e+000  8.5732124e+000
  3.9455889e+000  3.0329343e+000
  7.5497777e+000  8.9932503e+000
  2.3326488e+000  6.9106595e+000
  4.4741592e+000  6.2172646e+000
  7.6981109e+000  7.4539978e+000
  4.7290619e+000  2.3816023e+000
  8.3494796e+000  4.6517183e+000
  4.6250096e+000  3.6568196e+000
  7.5954583e-001  7.1599856e+000
  3.3165593e+000  7.0119412e+000
  7.2967473e+000  7.9978420e+000
  1.2659062e+000  5.4782180e+000
  2.3447083e+000  5.0902442e+000
  5.5962940e+000  6.6108842e+000
  4.6719876e+000  3.9444587e+000
  1.4620660e+000  1.9836370e+000
  8.4055829e+000  7.5611892e+000
  5.7870014e+000  6.5161339e+000
  5.9471989e+000  2.4835518e+000
  4.5624722e+000  5.6534784e+000
  2.6056524e+000  3.4766363e+000
  7.8429742e+000  2.9002210e+000
  2.5283513e+000  5.3928591e+000
  3.3108796e+000  3.1249549e+000
  5.7836840e+000  3.2008657e+000
  7.2799052e+000  3.4946965e+000
  2.2981706e+000  7.6089690e+000
  7.3544880e+000  6.2022605e+000
  5.4231549e+000  4.0397111e+000
  8.8093920e+000  6.6895842e+000
  4.0819973e+000  8.1120119e+000
  7.5652946e+000  2.6467296e+000
  1.8704148e+000  3.1896523e+000
  7.1584186e+000  6.6900653e+000
  3.5268589e+000  7.8864225e+000
  3.5691417e+000  2.4620133e+000
  9.0033917e+000  4.6643093e+000
  4.3649156e+000  2.5664492e+000
  3.7422382e-001  3.9503354e+000
  2.2782740e+000  2.8564270e+000
  5.4372668e+000  4.6447545e+000
  4.2683179e+000  3.2900846e+000
  3.6824818e-001  2.3153330e+000
  2.8566621e+000  1.5102727e+000
  1.0701476e+000  3.5751091e+000
  5.2755019e+000  5.0611201e+000
 -1.0067737e-001  3.5515365e+000
  5.9305983e+000  3.4916033e+000
  7.3548143e+000  5.8133977e+000
  6.3543515e+000  4.9302357e+000
  2.1529467e+000  4.9030231e+000
  2.5303696e+000  5.0530152e+000
  6.1218922e+000  7.2564962e+000
  2.9183221e+000  3.1054289e+000
  9.3645906e+000  4.2756239e+000
  9.6142222e+000  4.1629689e+000
  5.8140524e+000  6.4863275e+000
  2.4566019e+000  4.9661794e+000
  2.7791636e+000  4.8751429e+000
  8.6374297e+000  3.9488280e+000
  8.7784482e+000  8.3319402e+000
  3.0616117e+000  8.1403034e+000
  2.0627614e+000  4.0248418e+000
  6.0396787e+000  6.0013636e+000
  6.8365464e+000  7.1732377e+000
  5.7310347e+000  3.8931503e+000
  4.5908568e+000  8.4602910e+000
  2.3448825e+000  2.8362056e+000
  2.3383382e+000  7.1144078e+000
  7.3966088e+000  5.1732977e+000
  5.4959571e+000  4.0741592e+000
  8.9392646e+000  3.9906258e+000
  2.7369166e+000  1.8968911e+000
  7.3708755e+000  8.4725203e+000
  1.9063490e+000  7.3217931e+000
  3.7299631e+000  7.5906679e-001
  6.0882475e+000  3.6984581e+000
  4.6174746e+000  7.2300349e+000
  5.9841603e-001  3.9089043e+000
  5.6427682e+000  4.3659314e+000
  6.8539152e+000  1.5468570e+000
  9.3476402e+000  6.5623010e+000
  9.8547350e-001  2.6774123e+000
  7.1171307e+000  7.5599167e+000
  5.8269056e+000  3.6393251e+000
  4.3095139e+000  2.6115774e+000
  2.9315362e+000  2.7908000e+000
  6.1771231e+000  6.6220828e+000
  7.7139305e+000  4.9443537e+000
  8.9917053e+000  8.7173522e+000
  1.8357545e+000  7.2164014e+000
  1.9308457e+000  7.2766091e+000
  7.0419119e+000  7.3919771e+000
  6.0145528e+000  3.2198743e+000
  2.1896961e+000  7.0243995e+000
  3.0486523e+000  4.9985567e+000
  7.0649379e+000  7.1440564e+000
  5.5891371e+000  5.8476782e-003
  7.6535059e+000  5.5260477e+000
  9.0079375e+000  5.1802325e+000
  3.0465016e+000  7.4305487e+000
  7.5991847e+000  4.1505151e+000
  2.7739028e+000  7.9916738e+000
  5.2565342e+000  1.5014208e+000
  2.3983701e+000  8.3835017e+000
  3.8361477e+000  1.7060628e+000
  9.5186547e+000  4.0627754e-001
  4.9242323e+000  5.6255033e+000
  5.1799059e+000  2.6221408e+000
  2.1464497e+000  2.6374492e+000
  6.9368464e+000  5.0094125e+000
  6.9703542e+000  2.4699054e+000
  6.2618719e+000  7.4139364e+000
 -2.8104377e-001  4.9687354e+000
  3.7955663e+000  9.6095401e+000
  1.6903926e+000  1.8685505e+000
  1.6079673e+000  7.2003634e+000
  2.9869199e+000  8.2558028e+000
  2.3480028e+000  3.1278435e+000
  5.0448928e+000  6.4390324e+000
  6.4017526e+000  2.4948880e+000
  1.7188059e+000  6.5851867e+000
  8.6928303e+000  3.2073872e+000
  1.9472051e+000  3.6152549e+000
  1.7769543e+000  6.0168334e+000
  3.1240761e+000  3.1839224e+000
  7.0987327e+000  6.6341483e+000
  5.3221120e+000  6.5075697e+000
  6.0527313e+000  6.9826463e+000
  7.6186874e+000  8.9505819e+000
  6.8890465e+000  6.4872105e+000
  6.5644246e+000  2.3815114e+000
  4.7625796e+000  3.3217445e+000
  6.8011977e+000  3.3939297e+000
  3.0481785e+000  2.0260617e+000
  3.1184393e+000  3.4664439e+000
  3.1584391e+000  4.3540290e+000
  1.0049772e+001  3.4134759e+000
  2.8862495e+000  7.7439179e+000
  5.7900234e+000  6.7359505e+000
  2.6855420e+000  8.8015974e+000
  2.9395654e+000  5.5610116e+000
  8.6719417e+000  6.1942352e+000
  3.9480021e+000  8.9784310e-001
  4.4738098e+000  6.2534543e+000
  5.5793644e+000  1.3572983e+000
  2.2549224e+000  5.2840354e+000
  7.3949343e+000  6.7647767e+000
  5.8943737e+000  3.9152239e+000
  8.3108856e+000  7.1808623e+000
  7.0496863e+000  3.9832678e+000
  4.6095927e+000  4.9238514e+000
  4.6847823e+000  3.4588381e+000
  7.6616527e+000  7.1493836e+000
  2.1440298e+000  5.7241383e+000
  6.2632926e+000  5.2102465e+000
  2.2052832e+000  5.2612950e+000
  8.4641661e-001  7.8585544e+000
  5.2041580e+000  1.3355023e+000
  3.1869262e+000  2.6320764e+000
  2.0245257e+000  7.2323559e+000
  3.2042240e+000  4.6486959e+000
  2.1231149e+000  7.4977880e+000
  2.4407077e+000  5.3899305e+000
  2.9515512e+000  5.3042193e+000
  7.1720925e+000  5.6210547e-001
  6.8220695e+000  2.8586604e+000
  5.4050680e+000  4.9368944e+000
  5.8086530e+000  8.4735067e+000
  2.3349895e+000  3.0673900e+000
  2.2415528e+000  7.2879181e+000
  4.2466092e+000  3.0363922e+000
  5.7545647e+000  3.8465464e+000
  7.9561548e+000  8.0405408e-001
  6.3709632e+000  2.5149186e+000
  3.1069283e+000  8.7173888e+000
  5.6977102e+000  4.7399096e+000
  7.1265064e+000  2.3433521e+000
  3.0874945e+000  6.3999616e+000
  6.0232509e+000  3.8298203e+000
  7.4741304e+000  8.2391516e+000
  9.3453926e+000  4.2798816e+000
  3.0709293e+000  4.0473898e+000
  5.0410099e+000  1.9638636e+000
  2.1412657e+000  3.5085567e+000
  3.1789543e+000  9.7191262e+000
  2.7135134e+000  6.9505526e+000
  7.8624101e+000  6.1006461e+000
 -5.6277355e-001  9.2263757e+000
  8.5214028e+000  5.1222054e+000
  4.6628628e+000  6.1290381e+000
  1.4981197e+000  1.9601446e+000
  4.2518948e+000  7.5941770e+000
  5.0748274e+000  6.4550376e+000
  5.9552195e+000  3.7801734e+000
  2.6092401e+000  4.5170852e+000
  6.8814042e+000  3.7082069e+000
  2.7542535e+000  4.9431274e+000
  6.1022633e+000  4.7260793e+000
  3.2998795e+000  5.0083135e+000
  3.0703546e+000  8.4839189e+000
  8.3913344e+000  5.3982237e+000
 -2.5122114e-002  2.6293710e+000
  2.7711271e+000  2.7862933e+000
  4.2404584e+000  2.1398620e+000
  9.5237375e+000  3.5160827e+000
  2.7090752e+000  7.3322951e+000
  6.8550621e+000  4.6098928e+000
  2.5807518e+000  4.7689456e+000
  4.7447079e+000  1.2718508e+000
  5.8889348e+000  5.4636045e+000
  7.3936631e+000  6.5347832e+000
  7.0325377e+000  2.3060313e+000
  9.6183490e+000  4.3940136e+000
  4.3441664e+000  6.1800828e+000
  4.4573140e+000  3.1713782e+000
  6.8136413e+000  6.2437250e+000
  4.5580367e+000  3.1666140e+000
  1.9282591e+000  7.0303592e+000
  4.7280880e+000  6.4782952e+000
  7.7473825e+000  4.0962565e+000
  3.9301873e+000  2.1644661e+000
  8.5441852e+000  6.0884516e+000
  9.9505928e-002  3.8727341e+000
  2.1626052e+000  5.2433051e+000
  5.7890472e+000  5.0547923e+000
  8.3305044e+000  3.0904996e+000
  2.7105509e+000  4.1076204e+000
  3.4876756e+000  3.8937842e+000
  4.4441060e+000  7.9225605e+000
  7.5310676e+000  3.8816080e+000
  5.3583273e+000  3.8048191e+000
  7.3597649e+000  2.0076632e+000
  8.0485625e+000  4.6606266e+000
  3.5935119e+000  4.5477856e+000
  6.9250213e+000  7.9588828e+000
  9.2954207e+000  6.8731131e+000
  6.0407042e+000  2.8276143e+000
  6.5751485e+000  8.3320851e+000
  6.8578547e+000  6.9198028e+000
  3.7304072e+000  3.9486218e+000
  5.2279889e+000  5.8626176e+000
  7.5867996e+000  4.0020179e+000
  2.0276278e+000  6.7818408e+000
  5.3580092e+000  2.6442787e+000
  2.7048107e+000  5.3202919e+000
  2.3237244e+000  5.3504774e+000
  9.3142108e+000  4.9588300e+000
  5.7962484e+000  7.2991352e-001
  5.4886363e+000  5.8107819e+000
  3.0484299e+000  9.6210239e+000
  8.7927475e+000  4.0779055e+000
  1.7633070e+000  2.5978792e+000
  5.4214308e+000  6.7326220e+000
  6.3363989e+000  2.2212344e+000
  6.7782163e+000  4.2078012e+000
  6.9728975e+000  2.4857433e+000
  5.6944648e+000  8.1896082e+000
  4.5470286e+000  7.7867444e+000
  6.6776892e+000  7.2701988e+000
  2.0255999e+000 -3.2826714e-002
  5.3959483e-001  5.8939003e+000
  2.6413530e+000  3.9550711e+000
  3.0595811e+000  7.8733481e+000
  4.8703359e+000  4.2177171e+000
  3.0013252e+000  7.1502700e+000
  5.7306703e+000  3.2736561e+000
  3.2365162e+000  7.3645833e+000
  6.5729631e+000  2.7814342e+000
  8.1491379e+000  4.5279212e+000
  4.6660559e+000  8.6483145e+000
  5.0950566e+000  3.7269573e+000
  5.9409026e+000  3.7318955e+000
  3.1861668e+000  3.8166251e+000
  8.9027021e+000  2.2560836e+000
  6.9999978e+000  3.0308127e+000
  2.8565221e+000  4.7648634e+000
  7.4520028e+000  3.3318878e+000
  4.8633293e+000  3.3639415e+000
  2.4310459e+000  3.9190677e+000
  4.9463369e+000  3.8972813e+000
  5.7059319e+000  4.7631978e+000
  1.7064501e+000  7.0119777e+000
  5.7307148e+000  6.2986848e+000
  5.1966975e+000  2.2800056e+000
  3.8231619e+000  7.8429693e+000
  2.1228077e+000  7.3040182e+000
  7.9776380e+000  2.5411337e+000
  2.1866610e+000  7.6888394e+000
  5.5112005e+000  6.8559800e+000
  7.7231880e+000  8.5036229e+000
  3.1818244e+000  3.3570315e+000
  3.3222516e+000  7.9301023e+000
  8.4933067e+000  4.8167728e+000
  3.9205783e+000  6.9188406e+000
  3.4487618e+000  4.8968419e+000
  3.9077422e+000  3.3843540e+000
  1.9209309e+000  3.4870268e+000
  5.7598891e+000  3.8772258e+000
  6.8935687e+000  1.5923774e+000
  8.8249440e+000  4.2739739e+000
  7.4288960e+000  7.1976706e+000
  6.0356271e-001  7.3422126e+000
  6.5311956e+000  7.0240713e+000
  7.6861324e+000  6.8985742e+000
  6.1416862e+000  4.0789279e+000
  8.3033434e+000  2.6497015e+000
  8.8384546e+000  8.2323696e+000
  6.7916988e+000  6.7410537e+000
  2.2549326e+000  6.6723796e+000
  1.9057003e+000  7.3045810e+000
  6.3283929e+000  3.0183288e+000
  5.8020843e+000  6.8399143e+000
  7.3039568e+000  5.8642635e+000
  7.0895919e+000  5.7191008e+000
  4.4784537e+000  8.3047275e+000
  2.2362225e+000  2.7345950e+000
  8.8794442e+000  8.6034886e+000
  4.8687632e+000  6.9447065e+000
  8.2725012e+000  8.5478033e+000
  9.3368604e+000  3.5523664e+000
  4.9025571e+000  2.9163715e+000
  5.0735382e+000  2.7197615e+000
  9.3652803e+000  6.5156194e+000
  6.5107780e+000  1.1827594e+000
  7.1842417e+000  7.1112120e+000
  7.6420038e+000  3.5817254e+000
  5.9357650e+000  2.3282534e+000
  6.4502402e+000  8.1719200e+000
  5.5964566e+000  5.9324552e+000
  9.9970481e+000  3.4949045e+000
  5.5716464e+000  3.5285579e+000
  5.1725997e+000  3.8181873e+000
  9.6339177e+000  6.0024404e+000
  9.3905328e+000  3.8481925e+000
  3.8329556e+000  9.4391202e+000
  2.0260780e+000  7.6580350e+000
  5.3969459e+000  2.9071008e+000
  4.3988788e+000  2.1979476e+000
  7.0731803e+000  7.4951991e+000
  6.7062344e+000  3.6982085e+000
  2.3270242e+000  6.0255199e+000
  6.2711336e+000  4.7126471e+000
  3.1616652e+000  3.7386084e+000
  5.2265343e+000  3.0783825e+000
  6.9518588e+000 -2.7724320e-001
  3.3071400e+000  7.6256396e+000
  7.4818804e+000  2.8133909e+000
  7.3428931e+000  7.2144265e+000
  4.1839334e+000  5.4863277e+000
  6.8154866e+000  3.6509801e+000
  5.4133945e+000  2.9950285e+000
  5.6252563e+000  4.0884135e+000
  8.8729634e+000  3.9431628e+000
  7.2898087e+000  9.1160020e+000
  2.8396289e+000  2.4698130e+000
  7.5108218e+000  7.2169269e+000
  4.8460200e+000  4.4715607e+000
  6.6011268e+000  2.7614180e+000
  2.0723974e+000  2.7308034e+000
  3.8488387e+000  7.6428103e+000
  2.9186548e+000  3.7134429e+000
  2.6412387e+000  3.4608917e+000
  2.8511830e+000  8.4540987e+000
  4.3266294e+000  3.5149997e+000
  2.9520837e+000  8.5389898e+000
  2.6166784e+000  4.7877939e+000
  3.9952767e+000  7.9414273e+000
  2.1609750e+000  7.9102050e+000
  4.5091016e+000  3.1007757e+000
  5.8573359e+000  6.6330226e+000
  1.7896144e+000  9.7422033e+000
  5.3494355e+000  3.1993438e+000
  3.4733399e+000  3.4916847e+000
  1.2461759e+000  2.5581667e+000
  7.3461408e+000  6.0621589e+000
  5.9793108e+000  6.3223416e+000
  1.3250971e+000  8.4379070e+000
  7.7274957e+000  5.2201427e+000
  9.3077308e+000  5.1082522e+000
  2.6017553e+000  1.1978689e+000
  2.8010414e+000  4.8100958e+000
  9.2545550e+000  4.6334157e+000
  4.5138412e+000  3.6392630e+000
  7.5854936e+000  7.1401274e+000
  2.8871689e+000  1.5660081e+000
  6.1038475e+000  4.4235324e+000
  2.5980292e+000  2.8166246e+000
  5.2949668e+000  1.4925587e+000
  6.0256243e+000  3.7445142e-002
  4.7638556e+000  3.6964385e+000
  3.7556770e+000  3.6194925e+000
  2.5872769e+000  4.8350509e+000
  7.9274949e+000  3.9937591e+000
  5.7653776e+000  6.6774017e+000
  1.6623517e+000  4.3944148e+000
  5.5723573e+000  1.2572655e+000
 -3.6205734e-001  4.1908984e+000
  6.6181428e+000  7.1330851e+000
  2.3862663e+000  2.6256540e+000
  6.6188728e+000  6.7316428e+000
  3.1837853e+000  7.6889882e+000
  6.9940150e+000  3.5483624e+000
  5.8407431e+000  7.0869718e+000
  6.3984911e+000  9.0537025e-001
  5.9560499e+000  3.1492896e+000
  7.4860460e+000  3.2000625e+000
  6.9286661e+000  6.0896886e+000
  7.2624857e+000  6.0613971e+000
  3.6585265e+000  3.7209953e+000
  2.1478873e+000  7.4977144e+000
  7.5796211e+000  7.4811841e+000
  6.2303235e+000  9.7042904e-001
  3.4052390e+000  8.7059014e+000
  4.3711195e+000  6.1061146e+000
  7.6269175e+000  2.2179112e+000
  7.5264424e+000  7.2159279e+000
  2.9837994e+000  7.8528439e+000
  4.7318216e+000  3.7303571e+000
  2.1617186e+000  7.3861897e+000
  1.0094448e+001  3.5402558e+000
  5.3908408e+000  7.5346580e+000
  6.7985136e+000  2.5992355e+000
  8.4655134e+000  5.7278129e+000
  8.7170342e+000  4.4990375e+000
  6.2088608e+000  6.6677891e-001
  2.5696424e+000  3.6638188e-001
  7.8762764e+000  7.6296066e+000
  8.7684980e+000  3.9630369e-001
  9.5604654e+000  4.2518901e+000
  2.1963272e+000  2.2964114e+000
  8.6967997e+000  3.9948678e+000
  7.3559125e+000  4.2157980e+000
  6.1558109e+000  1.3707778e+000
  4.1460310e+000  2.2652476e+000
  7.0164401e+000  3.8208930e+000
  3.6704736e+000  2.7348790e+000
  3.5717429e+000  4.6363851e+000
  5.2454908e+000  4.0771215e+000
  8.4192533e+000  6.7033327e+000
  5.5873010e+000  7.6870348e+000
  7.1993302e+000  7.1321398e+000
  3.2078906e+000  3.2637406e+000
  9.3296753e+000  7.6032537e+000
  3.2622862e+000  7.0607558e+000
  7.5865733e+000  8.8822104e+000
  6.8178626e+000  8.5791849e+000
  5.3855321e+000  8.2717496e+000
  9.1152890e+000  4.2102924e+000
  6.1691396e+000  4.7880264e+000
  8.0660748e+000  8.5163135e+000
  6.0346072e+000  3.6453991e+000
  6.8584912e+000  7.8769518e+000
  2.7102213e+000  8.5010007e+000
  4.7566260e+000  2.4594391e+000
  4.7595280e+000  7.9611124e+000
  6.7535660e+000  1.2952298e+000
  9.2701503e+000  6.2215142e+000
  6.7317961e+000  6.5567637e+000
  3.1418713e+000  7.9958599e+000
  4.9844626e+000  2.8277209e+000
  3.6527152e+000  3.3618273e+000
  4.3247879e+000  4.6483204e+000
  4.5147872e+000  6.0270723e+000
  4.6559302e+000  2.3901118e+000
  7.2491237e+000  6.1914755e+000
  2.9566237e+000  5.2033499e+000
  3.1320230e+000  8.0678796e+000
  5.9303981e+000  6.6858916e+000
  1.5301691e+000  5.0355361e+000
  6.6921633e+000  6.2832562e+000
  3.0207547e+000  7.7837205e+000
  5.6728210e+000  6.2830715e+000
  7.0390072e+000  9.4233543e+000
  1.7689427e+000  6.6886416e+000
 -3.9724604e-001  4.6338979e+000
  6.7100944e+000  4.8520094e+000
  2.4568933e+000  6.8685674e+000
  6.0511365e+000  3.1381547e+000
  2.1691561e+000  5.0635823e+000
  5.6772773e+000  5.3981681e+000
  4.5580656e+000  6.4401764e+000
  3.2663272e+000  7.6364948e+000
  6.1803799e+000  5.8660602e+000
  1.7976401e+000  7.7214701e+000
  5.5039418e+000  3.1038015e+000
  1.0230234e+000  7.1404346e+000
  8.4703663e+000  5.7213847e+000
  6.5011317e+000  3.1363228e+000
  6.4912737e+000  7.3270497e+000
  3.4822389e+000  6.9227892e+000
  7.5119689e+000  6.3260299e+000
  7.6462691e+000  8.9455723e+000
  9.4231024e+000  5.3648090e+000
  7.1532330e+000  6.0324804e+000
  6.9315101e+000  6.0027036e+000
  7.2620823e+000  6.1510101e+000
  7.2909699e+000  2.7148241e+000
  6.2120137e+000  7.2874231e+000
  8.2492153e+000  5.9942231e+000
  1.6367025e+000  2.9170921e+000
  1.0119733e+001  3.5195251e+000
  4.5289764e+000  3.6272878e+000
  6.4012084e+000  4.9852532e+000
  5.0347029e+000  3.6953078e+000
  3.1137862e+000  2.9755140e+000
  2.6827152e+000  8.8672636e+000
  3.5000534e+000  7.6905307e+000
  7.0046953e+000  6.2527244e+000
  6.0553253e+000  3.1513804e+000
  6.8010587e+000  2.3216823e+000
  6.8464986e+000  2.9795518e+000
  9.2092298e+000  6.0881891e+000
  7.3925784e+000  1.2221804e+000
  2.0377440e+000  3.1641650e+000
  7.0501072e+000  7.1611008e+000
  6.6492530e+000  7.5067190e+000
  3.7137657e+000  7.8475230e+000
  2.1648186e+000  2.4554294e+000
  4.8066375e+000  8.4462272e+000
  4.5214124e+000  6.5868955e+000
  3.0347954e+000  4.0742026e+000
  6.7402788e+000  2.6497449e+000
  7.9027417e+000  5.6898512e+000
  8.9172406e+000  4.2451515e+000
  6.7751115e+000  5.1312802e+000
  5.5590922e+000  5.6819419e+000
  8.9211572e-001  3.0212467e+000
  4.0777294e+000  9.8139958e+000
  2.6803554e+000  8.3495539e+000
  6.7298033e+000  2.0757243e+000
  7.1452041e+000  2.1581597e+000
  5.1856414e+000  3.6067060e+000
  6.0672955e+000  8.4350823e+000
  6.0716984e+000  4.7722893e+000
  3.0421307e+000  2.6749530e+000
  3.0123608e+000  3.9158238e+000
  2.4097816e+000  2.2989557e+000
  1.1054759e+000  2.3643818e+000
  1.2415079e+000  5.9403289e+000
  7.1029938e+000  5.1302923e+000
  3.3505572e+000  4.0750766e+000
  3.8494116e+000  8.7800456e+000
  4.6356798e+000  1.7272666e+000
  2.3306587e+000  2.4743911e+000
  2.7150069e+000  4.0549817e+000
  8.0912001e+000  2.9588659e+000
  6.9421239e+000  7.3724428e+000
  4.2662093e+000  2.6767663e+000
  1.6323254e+000  7.1128262e+000
  2.5030498e+000  7.6315396e+000
  3.4013441e+000  4.9553858e+000
  6.1594948e+000  6.7974028e+000
  3.5159950e+000  9.7269968e-001
  6.7997957e+000 -1.4425016e+000
  2.5449686e+000  7.0298778e+000
  7.3352494e+000  3.0769561e+000
  2.5722868e+000  3.7814565e+000
  3.0174649e+000  5.3921439e+000
  1.5659288e+000  7.5064973e+000
  6.1316379e+000  5.7728596e+000
  3.2625628e+000  4.2233758e+000
  2.9218294e+000  2.8408682e+000
  2.8287617e+000  3.8100441e+000
  5.7912766e+000  2.6932916e+000
  3.6504145e+000  4.8870635e+000
  5.2650311e+000 -4.2350586e-001
  3.8108132e+000  6.9500412e+000
  7.2960654e+000  7.6551353e+000
  3.0451833e+000  7.8082463e+000
  2.5373888e+000  7.9397824e+000
  8.8955107e+000  3.8977889e+000
  5.2174835e-001  2.5845056e+000
  4.3861843e+000  2.6709355e+000
  2.5253963e+000  9.5881233e+000
  6.5744765e+000  6.3221882e+000
  4.2084985e+000  6.3210283e+000
  2.7630466e+000  2.8989880e+000
  2.8143864e+000  8.8375851e+000
  3.2562577e+000  7.5916415e+000
  7.2161868e+000  3.7169544e+000
  2.7255516e+000  1.0504766e+000
  4.9099712e+000  5.3767842e+000
  7.6353037e+000  1.8104537e-001
  3.9117172e+000  5.0924916e+000
  6.5566204e+000  3.8004777e+000
  2.4757764e+000  2.5943903e+000
  9.5571140e+000  5.7744648e+000
  7.3205644e+000  7.1724916e+000
  6.5820551e+000  7.4818544e+000
  5.6769262e+000  4.3993927e+000
  5.3971634e+000  3.0248925e+000
  5.4305847e-001  3.0208522e+000
  2.3713195e+000  4.6355019e+000
  5.5991164e+000  2.0221069e-001
  5.3937559e+000  6.6837994e+000
  5.8130490e+000  4.3125030e+000
  3.5291230e+000  3.2174682e+000
  1.8660567e+000  3.3838014e+000
  6.6417649e+000  7.8328503e+000
  6.6362497e+000  7.3905637e+000
  3.2843946e+000  5.1422303e+000
  2.3599029e+000  5.4170520e+000
  7.1228702e+000  3.6003868e+000
  8.9512098e+000  4.1421067e+000
  6.1277776e+000  1.9718398e+000
  6.2243350e+000  2.9261238e+000
  3.5644473e+000  1.4289788e+000
  6.4952251e+000 -5.1788884e-002
  1.5838329e+000  5.7390573e+000
  3.7059671e+000  7.0118645e+000
  2.2780154e+000  2.0895297e+000
  5.2559125e+000  3.9020775e+000
  4.7951723e+000  2.8872450e+000
  6.6831632e+000  2.7174995e+000
  6.6100793e+000  6.5902318e+000
  2.6315323e+000  3.3749967e+000
  3.4748966e+000  2.0020965e+000
  3.5404191e+000  2.9042027e+000
  2.0558108e+000  7.7377040e+000
  5.1909456e+000  5.4623551e+000
  6.8337935e+000 -1.1635691e+000
  2.0564070e+000  6.6712850e+000
  7.4084590e+000  5.2811764e+000
  5.5249077e+000  3.2455456e+000
  1.8251796e+000  2.5531662e+000
  5.2439179e+000  4.4568478e+000
  2.7346874e+000  5.1023573e+000
  4.1662989e+000  5.7697943e+000
  4.3881125e+000  7.4657953e+000
  6.7857332e+000  1.9893002e+000
  8.1640694e+000  2.9059897e+000
  6.6346626e+000  6.8658609e+000
  5.9779682e+000  3.7673181e+000
  7.8554199e+000  4.4803018e+000
  2.8647392e+000  8.1162384e+000
  2.3996409e+000  8.5198096e+000
  5.8615174e+000  3.3947117e+000
  9.7153498e+000  3.4269268e+000
  6.6599475e+000  3.4179798e+000
  5.1238630e+000  3.6040192e+000
  6.5637447e+000  5.3667863e+000
  3.4384600e+000  4.5106801e+000
  2.5739906e+000  4.9342746e+000
  5.6439641e+000  2.9483976e+000
  6.6315605e+000  2.6415381e+000
  5.2735384e+000  6.6457368e+000
  2.8686884e+000  7.3809566e+000
  5.5339301e+000  3.9370901e+000
  2.2026688e+000  7.4692604e+000
  2.6847386e+000  2.7191805e+000
  7.0014450e+000  7.0181725e+000
  7.2829856e+000  7.6866825e+000
  9.9379740e+000  6.2908440e+000
  8.7718359e+000  4.0042992e+000
  6.4816179e+000  4.2098835e+000
  4.3836155e+000  6.9545691e+000
  7.4813146e+000  8.2503881e+000
  3.7099005e+000  7.3335987e+000
  5.2278087e+000  6.0136445e-001
  5.4293832e+000  5.0763756e+000
  6.4046913e+000  5.6497908e+000
  7.0513330e+000  2.6494668e+000
  6.6595331e+000  7.7213241e+000
  3.4380953e+000  9.9432244e+000
  5.6609533e+000  4.7146331e+000
  6.5022653e+000  6.5046572e+000
  6.8908614e+000  1.9870572e+000
  6.6278433e+000  2.0831868e+000
  3.2742650e+000  8.1506960e+000
  1.7472834e+000  7.2691854e+000
  2.5240751e+000  8.1015323e+000
  4.9742653e+000  3.6117248e+000
  2.8464910e+000  8.7571880e+000
  6.3536420e+000  8.8908598e+000
  5.6711870e+000  2.8659115e+000
  5.3370135e+000  3.6321485e+000
  1.9122148e+000  7.7519314e+000
  6.2624320e+000  9.6559499e-001
  1.8060058e+000  4.3851949e+000
  4.4622269e+000  2.9912822e+000
  6.8663747e+000  4.6023514e+000
  5.8149109e+000  3.3602609e+000
  6.3331331e+000  2.4828229e+000
  2.0371622e+000  7.4198522e+000
  6.7233325e+000  8.0794653e+000
  7.6406550e+000  5.7670937e+000
  5.1762163e+000  6.5113031e+000
  8.4831410e+000  6.8710042e+000
  4.3493523e+000  3.1133668e+000
  4.4794352e+000  3.4261017e+000
  3.3253742e+000  6.1897708e+000
  3.2434693e+000  5.0627507e+000
  7.3885737e+000  7.5870561e+000
  7.0961519e+000  4.7989569e+000
  3.6699290e+000  3.3475830e+000
  6.8726144e+000  3.7111989e+000
  4.5312499e+000  2.1855239e+000
  7.1504425e+000  6.7212217e+000
  4.3223459e+000  7.4823156e+000
  6.9346881e+000  4.2796668e+000
  4.5609584e+000  8.4561828e+000
  9.6659975e+000  4.0671888e+000
  4.7058867e+000  7.4379525e+000
  6.8379790e+000  5.5341842e+000
  6.3450767e+000  2.5479447e+000
  3.2850504e+000  4.5118857e+000
  6.3831139e+000  5.4762077e+000
  7.2886756e+000  5.1180707e+000
  8.7861146e+000  8.0770303e+000
  6.8632283e+000  1.8230998e+000
  6.5062900e+000  6.9208107e+000
  9.0139846e+000  5.3696652e+000
  3.0924318e+000  8.4004774e+000
  5.4786763e+000  9.1236082e-001
  2.2401416e+000  2.4363392e+000
  2.0899465e+000  7.4051535e+000
  6.6810022e+000  4.6763594e+000
  6.3162441e+000  6.5149022e+000
  2.7527003e+000  3.9444846e+000
  3.5033673e+000  3.9969387e+000
  5.4319357e+000  3.7610610e+000
  4.9816303e+000  6.2494110e+000
  1.0646466e+000  2.4924045e+000
  5.5537848e+000  6.1485133e+000
  6.1530981e+000  7.5642323e+000
  5.2949560e+000  4.6319103e+000
  3.6558308e+000  1.6804387e+000
  6.9482328e+000  4.4231623e+000
  6.9462901e+000  4.5706821e+000
  8.3813402e+000  6.2618213e+000
  5.5128190e+000  3.4886090e+000
  2.1805185e+000  2.5992118e+000
  6.0404827e+000  1.5658440e-001
 -5.8581600e-001  9.7301789e+000
  4.0798836e+000  2.1543304e+000
  2.0883265e+000  3.9172713e+000
  8.3795196e+000  2.6246053e+000
  3.2147997e+000  7.5016591e+000
  2.2264054e+000  7.7521356e+000
  2.4969573e+000  1.6419686e+000
  6.0200038e+000  2.8630533e+000
  7.2432668e+000  7.5546585e+000
  6.7494955e+000  2.8509510e+000
  5.0389150e+000  5.3591142e+000
  5.5613652e+000  2.9493442e+000
  3.7497394e+000  1.3037749e+000
  4.5733569e+000  8.1187233e+000
  5.1434816e+000  4.6251571e+000
  5.3031296e+000  3.0023057e+000
  6.6017703e+000  2.6865616e+000
  7.0980718e+000  6.6849088e+000
  4.8567095e+000  4.5357909e+000
  7.7080371e+000  6.8982101e+000
  2.2183704e+000  4.4327073e+000
  5.3444498e+000  4.7708024e+000
  2.1618774e+000  2.4375452e+000
  3.0678172e+000  7.7729455e+000
  2.4698612e+000  7.6325218e+000
  1.8428544e+000  7.3327206e+000
  6.6822659e+000  3.5164542e+000
  5.8099271e+000  6.7230599e+000
  5.1672666e+000  2.7467431e+000
  4.7030512e+000  7.5782041e+000
  2.4827952e+000  2.7672142e+000
  8.8930917e+000  8.0111829e+000
  6.9115290e+000  7.7997604e+000
  1.2530338e+000  5.6246031e+000
  7.9259822e+000  7.9037867e+000
  6.0152157e+000  2.5681152e+000
  2.8822276e+000  7.8695902e+000
  6.6057625e+000  1.2426558e+000
  6.7166022e+000  6.3240356e+000
  2.2449655e+000  7.2490806e+000
  3.2757165e+000  7.7157273e+000
  3.5635180e+000  1.9443563e+000
  7.0248112e+000  7.0489975e+000
  1.2107377e+000  2.3324569e+000
  5.0395276e+000  2.7675441e+000
  2.9553204e+000  3.6839422e+000
  2.2446992e+000  7.6833761e+000
  9.9580900e+000  5.6859546e+000
  7.3633511e+000  7.6082476e+000
  2.9228273e+000  3.2164567e+000
  5.5633779e+000  2.7609279e+000
  7.2521114e+000  4.4715967e+000
  4.1287401e+000  7.5025524e+000
  2.2606980e+000  7.1722488e+000
  2.3733265e+000  4.7873615e+000
  6.7484417e+000  6.8811172e+000
  5.0523141e+000  5.3403441e+000
  6.3153716e+000  2.6431341e+000
  3.2113147e+000  2.7941447e+000
  5.2872423e+000  4.2673242e+000
  6.6216692e+000  2.5738150e+000
  2.9903149e+000  8.2047593e+000
  3.1037535e+000  7.7095641e+000
  2.8415368e+000  7.9520618e+000
  7.0858402e+000  2.9481102e+000
  7.3021249e+000  7.5942693e+000
  9.1851325e+000  6.5434013e+000
  1.9491241e+000  4.2092041e+000
  4.8348574e+000  3.3106997e+000
  7.9613191e+000  5.7038616e+000
  7.1498833e+000  7.8042565e+000
  7.5368619e+000  3.0271114e+000
  6.5107113e+000  6.6932415e+000
  5.5464999e+000  2.3354758e+000
  7.7071292e+000  8.4038092e+000
  2.0340287e+000  7.2215966e+000
  6.7717497e+000  6.0999865e+000
  3.1614430e+000  8.0491595e+000
  7.4214045e+000  9.1836450e+000
  9.3430825e+000  5.1229928e+000
  4.5589875e+000  7.3223905e+000
  3.2019171e+000  4.9250376e+000
  3.4850542e+000  4.0455631e+000
  2.9835902e+000  2.0757940e+000
  6.6429643e+000  7.4539200e+000
  2.1993123e+000  7.5384757e+000
  5.8862003e+000  7.4423973e+000
  2.7922072e+000  7.9266808e+000
  5.6697962e+000  1.8692744e+000
  3.8863349e+000  5.0820311e+000
  5.2720742e+000  3.4795242e+000
  1.4584204e+000  1.5873328e+000
  3.3197168e+000  2.7274913e+000
  3.3921531e+000  2.5163868e+000
  6.4416065e+000  4.4531733e+000
  6.1376314e+000  3.3710762e+000
  2.5670131e+000  5.1704091e+000
  4.1209038e+000  3.9526815e+000
  5.4262904e+000  5.2949882e+000
  5.8604343e+000  7.0876790e+000
  7.0140030e+000  3.1836528e+000
  6.5200431e+000  6.1143113e+000
  1.6553363e+000  3.3803254e+000
  5.2657795e+000  4.0258044e+000
  6.1766711e+000  4.5079374e+000
  3.4672707e+000  4.7840345e+000
  3.2825468e+000  1.7473077e+000
  7.2283518e+000  8.7028662e+000
  4.4813044e+000  5.5578572e+000
  5.9417252e+000  3.8377967e+000
  3.4092036e+000  7.0267983e+000
  4.5326805e+000  2.9380250e+000
