  5.7047130e+000  2.0044841e+000
  7.7276239e+000  6.7890081e+000
  2.8792862e+000  7.3919509e+000
  7.5223366e+000  2.4367673e+000
  7.3381593e+000  6.7213005e+000
  7.9569401e+000  6.6181929e+000
  7.9765072e+000  3.2775580e+000
  3.8895415e+000  1.9745673e+000
  2.8165074e+000  4.6419395e+000
  2.7075108e+000  7.4325479e+000
  7.0816296e+000  5.9266685e+000
  1.4556364e+000  4.4943845e+000
  6.8572981e+000  6.7800440e+000
  2.9079605e+000  8.7436762e-001
  5.4425305e+000  5.1600704e+000
  6.2706978e+000  6.7589602e+000
  3.2059345e+000  7.7038548e+000
  7.7678928e+000  6.9196049e+000
  6.7008932e+000  1.6676675e+000
  7.7563383e+000  7.2460013e+000
  7.2229383e+000  5.8923399e+000
  4.5848223e+000  7.8365338e+000
  5.3857898e+000  4.1677850e+000
  5.6764103e+000  3.7253919e+000
  6.4157634e+000  5.2069622e+000
  7.3348738e+000  7.3210442e+000
  2.0657202e+000  7.7695213e+000
  7.6897501e+000  3.4333469e+000
  6.5670753e+000  7.0325097e+000
  5.9055679e+000  2.3248668e+000
  6.5408342e+000  6.8647788e+000
  8.1434643e+000  2.8641741e+000
  2.1772247e+000  2.0656939e+000
  4.9662538e-001  4.6836038e+000
  3.5178578e+000  2.1536998e+000
  6.7261665e+000  6.8143990e+000
  7.1184900e+000  6.1138861e+000
  2.1883883e+000  5.5947451e+000
  4.2691934e+000  7.5556623e+000
  6.9625689e+000  4.1956851e+000
  2.8443205e+000  3.0402513e+000
  8.2739449e+000  3.0658265e+000
  3.0512713e+000  2.6768338e+000
  7.7989076e+000  1.5598100e+000
  1.8895167e+000  5.7981655e+000
  4.0157306e+000  8.2921379e+000
  2.6994460e+000  5.5846305e+000
  7.6103796e+000  6.9877610e+000
  7.1701250e+000  2.8910594e+000
  2.4271716e+000  7.5166924e+000
  8.5024976e+000  3.2086110e+000
  4.4255611e+000  7.6530169e+000
  6.4785109e+000  6.8119646e+000
  7.5218063e+000  6.6935154e+000
  7.4099294e+000  6.3011427e+000
  7.3255569e+000  7.2249856e+000
  2.5887594e+000  4.5747785e+000
  6.5266162e+000  6.2431428e+000
  2.7365330e+000  4.3671738e+000
  6.4529952e+000  6.7932806e+000
  2.3421921e+000  4.5515193e+000
  1.4014787e+000  7.6817897e+000
  5.6260211e+000  3.7587859e+000
  7.8416996e+000  3.7749201e-001
  7.6814379e+000  4.5616858e+000
  3.2321972e+000  2.4084416e+000
  8.3156305e+000  6.8019335e+000
  5.3370071e+000  3.7513194e+000
  2.7812696e+000  7.6132458e+000
  7.5459479e+000  6.6206856e+000
  5.8369955e+000  3.2961079e+000
  2.7001188e+000  3.3888663e+000
  2.2660384e+000  8.1829267e+000
  2.1911570e+000  3.0640946e+000
  6.5215811e+000  6.9908320e+000
  6.1744812e+000  3.7100141e+000
  8.0575249e+000  2.6700490e+000
  2.9901825e+000  7.9957941e+000
  6.4374084e+000  3.4664377e+000
  2.6689752e+000  2.0772986e+000
  7.3837702e+000  6.5859774e+000
  6.8478345e+000  6.0017575e+000
  3.0068753e+000  8.3680798e+000
  7.0844162e+000  2.5969395e+000
  5.1046854e+000  4.6727580e+000
  4.5584369e+000  3.7918788e+000
  2.5831473e+000  3.1004517e+000
  2.5481727e+000  2.5362675e+000
  5.9083584e+000  4.1821741e+000
  9.2643817e+000  2.5519087e+000
  4.4269263e+000  7.0350169e+000
  2.6699920e+000  7.2716360e-001
  2.5012063e+000  2.2196495e+000
  7.3771663e+000  2.3441373e+000
  1.6408350e+000  2.4283939e+000
  8.5911452e+000  3.1560181e+000
  2.2731702e+000  4.5933292e+000
  2.1704655e+000  7.2550874e+000
  2.0120856e+000  2.9581853e+000
  2.6048717e+000  2.4517024e+000
  7.5651159e+000  6.9491589e+000
  3.6724246e+000  2.0274563e+000
  7.3237569e+000  9.7698495e-001
  7.6524723e+000  5.5398590e+000
  6.7915910e+000  2.7333504e+000
  2.2677614e+000  5.8497790e+000
  3.7753188e+000  2.2137851e+000
  2.8311178e+000  3.1110334e+000
  5.9008515e+000  3.5148058e+000
  1.6057685e+000  7.2199874e+000
  5.8698601e+000  3.5845701e+000
  7.7636270e+000  2.7789855e+000
  6.7047727e+000  2.3242758e+000
  1.7002195e+000  6.6284068e+000
  7.5207873e-001  3.5466889e+000
  7.0736256e+000  5.5242271e+000
  6.6019295e+000  4.9892955e+000
  5.4741807e+000  3.7635078e+000
  5.8226148e+000  4.9329951e+000
  3.1590090e+000  7.6585566e+000
  7.3941212e+000  6.5825120e+000
  3.7340405e+000  5.3423868e+000
  5.5704406e+000  3.0609575e+000
  6.1641037e+000  6.9009847e+000
  2.2458659e+000  2.7165442e+000
  1.4604719e+000  5.8005311e+000
  3.6123517e+000  6.2924731e+000
  1.7943342e+000  7.8169218e+000
  2.4687359e+000  2.2486562e+000
  7.2350725e+000  6.4549128e+000
  2.3733273e+000  2.5981466e+000
  4.6119329e+000  3.1669971e+000
  7.8644561e+000  4.4516662e+000
  3.3196520e+000  7.9179517e+000
  3.1420305e+000  2.3582295e+000
  3.9262527e+000  2.4754856e+000
  2.5584655e+000  2.2660927e+000
  3.2725530e+000  2.8309271e+000
  2.0787935e+000  2.9559494e+000
  5.7900288e+000  3.9289625e+000
  2.5884673e+000  5.9997040e+000
  2.8332805e+000  6.5994200e-001
  6.9177523e+000  7.2464031e+000
  6.8341061e+000  1.0775029e+000
  2.0113669e+000  5.5904893e+000
  5.9674597e+000  3.6967774e+000
  6.4794599e+000  6.8527585e+000
  1.8377513e+000  7.7082497e+000
  6.9124934e+000  6.0206953e+000
  6.8958482e+000  7.0021894e+000
  6.9624402e+000  6.8708586e+000
  6.5347304e+000  7.0725194e+000
  2.2987855e+000  3.5384641e+000
  5.2385947e+000  2.3941573e+000
  3.4650625e+000  1.6015160e+000
  5.1043815e+000  5.9549962e+000
  8.6481097e+000  8.2987155e+000
  3.7712625e+000  2.6632583e+000
  2.8665128e+000  2.5229766e+000
  7.2706978e+000  7.0524968e+000
  2.3738179e+000  7.7999680e+000
  3.6317106e+000  7.6740471e+000
  3.3481343e+000  1.3064951e+000
  7.4834567e+000  2.1927315e+000
  2.1510482e+000  2.5476117e+000
  2.9528039e+000  7.8756692e+000
  5.0989911e+000  2.6345218e+000
  7.7430943e+000  1.3942817e+000
  4.2973246e+000  3.5713243e+000
  7.0092746e+000  2.4846132e+000
  7.7747461e+000  6.5203883e+000
  1.3268867e+000  5.5456692e+000
  3.3371101e+000  2.4679873e+000
  2.1120688e+000  6.1453933e+000
  3.6379602e+000  7.9659160e+000
  1.9621112e+000  6.9891436e+000
  8.0875180e+000  6.9953995e+000
  2.5876483e+000  7.2414175e+000
  6.3388924e+000  2.5323089e+000
  3.1674099e+000  8.0123715e+000
  2.9274125e+000  3.4517629e+000
  3.1305674e+000  2.6000707e+000
  5.5768957e+000  3.7186490e+000
  7.6187007e+000  2.0251953e+000
  8.2108998e+000  7.6076664e+000
  2.2579321e+000  2.6327295e+000
  4.9625436e+000  3.3876423e+000
  7.8234502e+000  6.7271952e+000
  7.4373001e+000  6.9568784e+000
  6.7318959e+000  5.6459598e+000
  6.2534197e+000  6.9940410e+000
  2.7458049e+000  2.6958561e+000
  6.9889403e+000  6.4238905e+000
  6.8560689e+000  6.3425100e+000
  2.8141102e+000  7.8508256e+000
  5.4096327e+000  3.6528008e+000
  7.5680349e+000  2.9863958e+000
  6.5741818e+000  6.6368591e+000
  7.1892816e+000  5.6466648e+000
  8.6928947e+000  3.8951348e+000
  1.9476414e+000  7.8745406e+000
  7.3995563e+000  7.1133348e+000
  7.3303356e+000  6.3819915e+000
  2.7730510e+000  1.7848954e+000
  5.3199713e+000  2.8149230e+000
  8.4900486e+000  3.3508010e+000
  7.5043913e+000  1.0834816e+000
  7.4756625e+000  6.6678646e+000
  6.4594577e+000  7.0562570e+000
  7.5303782e+000  6.5121317e+000
  6.8171612e+000  2.1585235e+000
  2.4274514e+000  5.4895036e+000
  5.2012431e+000  3.6844113e+000
  5.3032480e+000  4.6639917e+000
  2.7592454e+000  7.6884929e+000
  6.5096738e+000  2.5601361e+000
  7.0619474e+000  5.6652815e+000
  5.0200284e+000  5.1392806e+000
  5.6311026e+000  2.7099337e+000
  7.0988427e+000  2.0453240e+000
  7.8702520e+000  1.8981781e+000
  2.3722711e+000  7.7750372e+000
  1.5055600e+000  3.1252132e+000
  7.5725672e+000  6.5738869e+000
  4.6285127e+000  6.0392036e+000
  2.0350403e+000  2.9295565e+000
  1.8252688e+000  2.0203582e+000
  7.6086530e+000  2.6731619e+000
  1.5562147e+000  5.7427811e+000
  3.7489221e+000  1.2449607e+000
  6.2934357e+000  1.9270153e+000
  7.7742015e+000  6.9022569e+000
  2.0779992e+000  8.1932726e+000
  7.0977218e+000  1.5519118e+000
  7.5428636e+000  6.0927047e+000
  4.9546849e+000  3.4066714e+000
  3.0035210e+000  2.8307749e+000
  2.2326225e+000  4.0520934e+000
  2.7817916e+000  1.6397754e+000
  7.0570348e+000  7.4848943e+000
  5.6076639e+000  3.8609194e+000
  8.7702088e-001  3.4826862e+000
  6.8261949e+000  6.1833363e+000
  3.3312167e+000  5.8098653e+000
  5.2486398e+000  3.2630818e+000
  7.8212938e+000  5.7007396e+000
  7.4433362e+000  2.0769156e+000
  6.6799647e+000  7.0403001e+000
  1.8595083e+000  7.4148941e+000
  2.4240727e+000  8.9919922e+000
  5.2077768e+000  3.8764785e+000
  6.4848988e+000  7.4766611e+000
  5.0284981e+000  3.3661134e+000
  7.3928256e+000  6.7679308e+000
  2.5729194e+000  2.9648014e+000
  6.8628320e+000  5.9598995e+000
  3.6687617e+000  2.4343544e+000
  8.2696898e+000  6.9037165e+000
  7.0844820e+000  6.8390697e+000
  2.5277151e+000  6.6582017e+000
  2.7722315e+000  7.4945823e+000
  4.4430969e+000  8.2529367e+000
  1.9911297e+000  6.1106225e+000
  2.0296424e+000  7.3556689e+000
  8.6538735e+000  3.6372358e+000
  7.6805547e+000  6.5852515e+000
  8.0750685e+000  6.6924709e+000
  7.4293416e+000  6.4156649e+000
  7.8744455e+000  3.5805458e+000
  7.5397437e+000  3.1484887e+000
  7.3712487e+000  7.0564936e+000
  2.6528356e+000  3.9885068e+000
  5.8551236e+000  1.4429122e+000
  6.8352384e+000  7.0898788e+000
  4.8180134e+000  3.1453742e+000
  5.0968093e+000  3.7740659e+000
  4.0615081e+000  7.9267162e+000
  3.2236436e+000  3.3003344e+000
  2.3880773e+000  8.0760762e+000
  1.7060452e+000  7.7339937e+000
  7.2843415e-001  3.4407168e+000
  6.2066325e+000  7.1182619e+000
  5.1470802e+000  3.9023039e+000
  7.2281247e+000  4.5992666e+000
  2.5223246e+000  4.1962448e+000
  6.0678564e+000  7.3028446e+000
  8.5141430e+000  2.9038268e+000
  7.3276336e+000  1.9817682e+000
  8.0032685e+000  2.7990920e+000
  4.7057458e+000  3.4579338e+000
  1.7208464e+000  7.7283344e+000
  5.8468209e-001  4.3557048e+000
  6.6250561e+000  6.8619396e+000
  6.2900446e+000  7.2812056e+000
  6.9414033e+000  6.2248420e+000
  7.5488719e+000  6.5454024e+000
  1.5542763e+000  4.5718124e+000
  7.3477878e+000  2.4020169e+000
  5.4756965e+000  4.2304365e+000
  3.3622603e+000  2.5962487e+000
  5.5680135e+000  6.0396283e+000
  5.3840774e+000  3.6652137e+000
  5.7286640e+000  4.9998885e+000
  8.2783803e+000  6.8303016e+000
  6.1517226e+000  7.4210745e+000
  6.4806231e+000  1.9168213e+000
  7.2711612e+000  1.5001985e+000
  3.7157557e+000  1.8949167e+000
  7.6705781e+000  8.3171607e+000
  3.9623822e+000  2.2501312e+000
  2.1358711e+000  1.3518915e+000
  3.5856836e+000  2.3365072e+000
  1.5562953e+000  7.6661853e+000
  7.6080186e+000  1.7938573e+000
  2.7244911e+000  4.8359874e+000
  7.5424128e+000  6.8661415e+000
  7.4527123e+000  2.5486758e+000
  5.9362133e+000  3.4913000e+000
  5.1681390e+000  3.5267450e+000
  2.9544551e+000  2.5463035e+000
  3.2415408e+000  1.0638191e+000
  9.1177822e+000  3.0139814e+000
  4.9802670e+000  3.4260457e+000
  3.6975929e+000  2.4048497e+000
  7.6735488e+000  7.3848126e+000
  3.1140922e+000  8.4278807e+000
  7.5318035e+000  6.5243392e+000
  7.3759464e+000  6.9080284e+000
  6.4060706e+000  2.8146126e+000
  7.3970658e+000  1.1414621e+000
  7.4131003e+000  2.7665873e+000
  7.7979703e+000  8.4415405e+000
  4.9809096e+000  3.5644025e+000
  7.3458958e+000  2.0560184e+000
  6.2661720e+000  6.8259340e+000
  7.0581479e+000  5.2574705e+000
  2.1780606e+000  6.6559976e+000
  7.0472241e+000  2.5019368e+000
  3.0300717e+000  8.0818228e+000
  1.4935167e+000  8.9774957e+000
  7.5537883e+000  7.0579370e+000
  1.6924048e+000  7.5749677e+000
  5.4628286e+000  3.9376459e+000
  1.8680109e+000  2.7694610e+000
  6.7030544e+000  5.5421302e+000
  3.3807623e+000  7.7397098e+000
  7.3541885e+000  6.8964035e+000
  4.7884870e+000  4.9007006e+000
  5.6353863e+000  5.2771279e+000
  4.4186654e+000  6.1617418e+000
  1.9417183e+000  4.6098643e+000
  3.3669457e+000  2.5573378e+000
  3.5196127e+000  7.7760724e+000
  7.8297020e+000  1.9831197e+000
  6.9679410e-001  4.3596262e+000
  7.9755964e+000  3.7707153e+000
  6.6823153e+000  7.1586285e+000
  2.7705234e+000  8.1829097e+000
  7.5960585e+000  6.6569110e+000
  1.6663052e+000  7.3688091e+000
  2.2443850e+000  4.8318663e+000
  6.7942920e+000  5.2910995e+000
  8.3072270e+000  3.0280694e+000
  4.2665122e+000  1.1777161e+000
  4.5855701e-001  7.0097298e+000
  7.3901096e+000  6.7372778e+000
  1.7781381e+000  2.2341221e+000
  5.4008300e+000  4.4822221e+000
  7.3904657e+000  7.5600643e+000
  2.9019999e+000  7.9560734e+000
  6.5530593e+000  6.7792005e+000
  7.2122068e+000  2.5689429e+000
  3.7898308e+000  7.4796588e+000
  7.4530882e+000  1.1483740e-001
  7.8330934e+000  5.8923852e+000
  2.8327775e+000  2.5535016e+000
  6.8424491e+000  7.1432564e+000
  2.0305495e+000  7.4949601e+000
  7.4692313e+000  1.7435644e+000
  7.7567684e+000  2.8430793e+000
  7.7601186e+000  8.1798037e+000
  1.7461478e+000  2.4158501e+000
  5.1828553e+000  1.8417553e+000
  2.5935719e+000  6.2097188e+000
  6.0962940e+000  4.0328309e+000
  7.8414721e+000  2.2596149e-001
  2.2519645e+000  2.5903884e+000
  2.7578845e+000  4.4171399e+000
  6.7168763e+000  6.7203072e+000
  3.8127550e+000  4.8597150e+000
  1.8593396e+000  4.2783248e+000
  7.6483504e+000  6.0735019e+000
  6.9592468e+000  6.3548864e+000
  6.4812248e+000  6.9389375e+000
  4.6674315e+000  4.0720033e+000
  2.7534476e+000  5.3833998e+000
  2.5940286e+000  4.7665507e+000
  3.7514655e+000  2.0477900e+000
  1.5077942e+000  7.8234325e+000
  7.3487781e+000  6.7901820e+000
  2.7279686e+000  4.4631131e+000
  1.7405510e+000  7.4957051e+000
  6.0343015e+000  3.2864145e+000
  2.7595475e+000  2.7863077e+000
  3.8588982e+000  1.6204151e+000
  6.3475087e+000  1.7880254e+000
  5.7631317e+000  4.7583812e+000
  8.4951563e+000  7.7265323e+000
  1.9276578e+000  7.3637280e+000
  7.8871662e+000  7.3034134e+000
  2.6399985e+000  7.6057294e+000
  2.5804925e+000  6.7094930e+000
  1.3397382e+000  2.6913594e+000
  2.3104681e+000  5.7244660e+000
  3.0815535e+000  7.8193959e+000
  2.3504708e+000  2.6134373e+000
  6.0811130e+000  4.4828618e+000
  3.9188399e+000  8.0032681e+000
  5.2338493e+000  3.7300510e+000
  6.2516819e+000  2.0708015e+000
  2.0500070e+000  4.5785102e+000
  2.2455486e+000  3.3073463e+000
  5.3119874e+000  4.2508044e+000
  7.1244350e+000  5.8494869e+000
  2.7109366e+000  2.5363966e+000
  4.6703913e+000  5.7549928e+000
  5.9837939e+000  3.1563312e+000
  7.2381804e+000  7.4670193e+000
  7.5194005e+000  7.6891179e-001
  3.3408477e+000  2.8768077e+000
  8.1402868e+000  4.7592066e+000
  1.5263790e+000  7.7775058e+000
  9.1442375e+000  1.8706902e+000
  2.6210462e+000  8.2835634e+000
  6.6397229e+000  6.5038697e+000
  6.2793624e+000  7.8513276e+000
  6.3726670e+000  5.1577946e+000
  7.2447283e+000  7.1767105e+000
  8.0109143e+000  7.1362615e+000
  6.2859305e+000  7.0354858e+000
  2.6579405e+000  1.1063100e+000
  7.0094169e+000  5.8860893e+000
  7.6945592e+000  6.4849072e+000
  2.4980774e+000  2.7201511e+000
  5.1188261e+000  1.9638945e+000
  3.1095852e+000  5.6452676e+000
  2.0835144e+000  1.6087341e+000
  3.7420569e+000  7.4412651e+000
  2.6178769e+000  8.1470507e+000
  1.0548927e+000  2.7487329e+000
  1.5554518e+000  7.4771601e+000
  7.4491204e+000  6.5980347e+000
  6.7394797e+000  6.1145635e+000
  2.1560864e+000  1.2733976e+000
  7.7910856e+000  8.2284742e+000
  2.2873956e+000  7.6938029e+000
  6.2275359e+000  7.0803147e+000
  7.8608207e+000  1.7345557e+000
  3.7812377e+000  2.2415225e+000
  8.4425846e+000  2.6037121e+000
  3.1020350e+000  2.5793592e+000
  6.3104202e+000  6.0124321e+000
  3.1941857e+000  2.2697290e+000
  2.0567344e+000  2.5508990e+000
  6.6813228e+000  4.3628491e+000
  6.9342130e+000  5.4887232e+000
  4.1171233e+000  1.2347599e+000
  2.0680117e+000  7.4749727e+000
  2.4051678e+000  5.3174603e+000
  1.6224073e+000  5.7370907e+000
  5.7671254e+000  3.5865902e+000
  7.4252074e+000  6.9010863e+000
  2.3463716e+000  2.9222692e+000
  6.6435092e+000  6.1571879e+000
  2.2402708e+000  7.3500780e+000
  3.3618031e+000  2.6937722e+000
  7.7555506e+000  3.1632855e+000
  7.8198126e+000  6.8610582e+000
  4.9933306e+000  5.9119599e+000
  6.7400776e+000  6.0212517e+000
  7.2250575e+000  5.7993881e+000
  5.5385324e+000  4.5097150e+000
  7.3327117e+000  2.6312231e+000
  2.5423700e+000  3.7939276e+000
  6.9329040e+000  6.4277545e+000
  6.9617145e+000  6.1254842e+000
  5.8008611e+000  3.7434891e+000
  7.5451565e+000  3.4660491e+000
  5.7571317e+000  2.9870327e+000
  5.2277592e+000  6.3054753e+000
  2.1335450e+000  6.9989966e+000
  6.4130414e+000  6.1483236e+000
  7.4799273e+000  6.0177668e+000
  2.0010106e+000  7.5953951e+000
  5.7366787e+000  9.0548421e+000
  7.8223616e+000  5.9787215e+000
  7.6930571e+000  6.4903453e+000
  6.2020317e+000  4.1380827e+000
  7.7655006e+000  5.7460240e+000
  2.4736144e+000  2.1788326e+000
  6.3288971e+000  6.8913841e+000
  7.3314794e+000  4.7476859e+000
  8.2751550e+000  7.9777488e+000
  5.9473680e+000  1.7591228e+000
  2.6541117e+000  4.2552330e+000
  2.4656641e+000  2.7009817e+000
  2.9974905e+000  1.2930624e+000
  2.9259783e+000  2.4311607e+000
  1.9923621e+000  7.9835119e+000
  2.3021290e+000  4.9985736e+000
  6.9705075e+000  5.7952074e+000
  1.7341972e+000  8.7969070e+000
  2.8992510e+000  7.6220211e+000
  5.0582887e+000  4.4847167e+000
  4.4448193e+000  8.0522344e+000
  7.8085210e+000  6.5215190e+000
  7.3438672e+000  3.3580898e+000
  6.9055726e+000  2.5933349e+000
  6.5909317e+000  1.1886038e+000
  2.7317427e+000  6.7167301e+000
  9.1586429e+000  3.4036191e+000
  5.9755856e+000  2.4483005e+000
  3.0091093e+000  7.5511878e+000
  7.9943959e+000  5.9406277e+000
  2.3817495e+000  7.9228279e+000
  6.5107724e+000  1.9383392e+000
  2.2315846e+000  2.5300644e+000
  5.9133067e+000  3.4557335e+000
  6.8829293e+000  5.9622273e+000
  3.0461928e+000  7.6566825e+000
  6.4991739e+000  1.6884096e+000
  7.2554166e+000  6.8197492e+000
  7.5150494e+000  6.4675600e+000
  2.8513704e+000  1.1261909e+000
  3.1932678e+000  8.5363159e+000
  2.4376562e+000  2.5546542e+000
  2.9308407e+000  9.2794518e+000
  8.9492619e+000  3.1932559e+000
  7.1541035e+000  6.5883569e+000
  6.9216732e+000  6.9459237e+000
  2.2828799e+000  2.1323292e+000
  7.2876835e+000  6.7566856e+000
  7.6389884e-001  6.9827059e+000
  6.8154293e+000  6.8465299e+000
  5.0387507e+000  4.0021278e+000
  2.1490987e+000  3.1800357e+000
  6.9292516e+000  5.6341190e+000
  2.3247297e+000  9.1599012e+000
  3.7882273e+000  7.6426526e+000
  6.5911163e+000  6.7371646e+000
  2.6150437e+000  5.2512628e+000
  7.2425283e+000  6.6895741e+000
  7.5384243e+000  6.4666616e+000
  5.6176843e+000  1.3361973e+000
  6.9067463e+000  7.0087222e+000
  2.1876713e+000  7.9023507e+000
  1.4593248e+000  5.6126583e+000
  2.6621142e+000  9.4702167e-001
  3.3200184e+000  9.0984684e-001
  1.8689089e+000  4.0936711e+000
  3.2568445e+000  2.8173062e+000
  1.1713157e+000  4.8754963e+000
  7.5078108e+000  6.0080585e+000
  7.3228616e+000  6.3319400e+000
  2.5892714e+000  4.1678270e+000
  4.3541292e+000  6.4525634e+000
  6.2842552e+000  5.8919672e-001
  1.8715197e+000  2.7363008e+000
  1.9320364e+000  5.6059642e+000
  2.3354315e+000  5.2752818e+000
  6.7756587e+000  6.8819457e+000
  2.6910388e+000  2.2796187e+000
  7.9882264e+000  6.5470241e+000
  1.8230735e+000  5.9024571e+000
  5.9013637e+000  4.7439394e+000
  6.2180855e+000  9.0761857e-001
  6.6239776e+000  6.0707138e+000
  7.4452859e-001  7.4403303e+000
  9.1164936e+000  3.4893223e+000
  6.2220806e+000  5.5385975e+000
  2.7442457e-001  6.6380378e+000
  5.6022038e+000  3.7601565e+000
  5.1197473e+000  4.7563535e+000
  7.4425350e+000  6.4946852e+000
  3.0256540e+000  7.4028730e+000
  2.9294230e+000  2.8327595e+000
  1.9982222e+000  3.9561233e+000
  6.3902779e+000  7.3883750e+000
  8.4378281e+000  3.1114037e+000
  2.5625992e+000  4.8347413e+000
  1.6997431e+000  7.5918082e+000
  6.5111489e+000  7.0770787e+000
  1.5843817e+000  7.6075005e+000
  2.3537602e+000  7.2480271e+000
  7.4239549e+000  7.5985959e+000
  2.3741879e+000  2.5098336e+000
  6.1571924e+000  6.9957556e+000
  8.2056441e+000  6.8034149e+000
  8.4393968e+000  8.4639213e+000
  7.1552114e+000  6.1134830e+000
  3.6301684e+000  2.2269372e+000
  2.1922349e+000  7.2578899e+000
  6.5344422e+000  6.9115192e+000
  2.7412544e+000  5.2312510e+000
  5.9109759e+000  2.7472736e+000
  3.6963205e+000  2.4143453e+000
  5.5867406e+000  4.6218752e+000
  2.9518263e+000  2.8315909e+000
  1.3139234e+000  9.0896806e+000
  2.1131447e+000  1.0591121e+000
  7.0376074e+000  3.6058414e+000
  1.6912574e+000  6.6548903e+000
  7.2952712e+000  2.9174828e+000
  8.2581960e+000  5.0714551e+000
  7.7175549e+000  6.3386587e+000
  1.4389196e+000  8.5472272e+000
  4.3522026e+000  7.8024804e+000
  7.4552123e+000  6.8005846e+000
  2.4008869e+000  8.1149358e+000
  7.7573937e+000  2.9860854e+000
  2.6510826e+000  5.6819424e+000
  8.9921479e+000  2.6246597e+000
  7.3273673e+000  6.5343065e+000
  3.1181686e+000  2.8245498e+000
  8.3212817e+000  7.2386366e+000
  4.7010225e+000  3.7935816e+000
  2.5348974e+000  7.5923542e+000
  2.0311687e+000  7.6172439e+000
  5.8238313e+000  1.5768077e+000
  7.2279292e+000  5.9646050e+000
  9.0496058e+000  3.0587085e+000
  8.3847105e+000  3.2872996e+000
  2.7127353e+000  5.8855093e+000
  3.8735139e+000  1.2945784e+000
  6.4274713e+000  7.6836828e+000
  7.5882399e+000  6.6611851e+000
  4.7351097e-001  8.8947647e+000
  5.3254664e+000  1.6720908e+000
  6.6518089e+000  7.0415975e+000
  3.4032275e+000  7.7679495e+000
  2.3847256e+000  4.4459328e+000
  7.5143756e+000  1.6877528e+000
  7.7091606e+000  5.5565712e+000
  7.6517146e+000  6.6822095e+000
  7.9286672e+000  5.5815758e+000
  3.2303811e+000  9.2210043e+000
  7.5920904e+000  7.1499995e+000
  4.5154060e+000  3.6773231e+000
  6.7985100e+000  3.0160023e-001
  4.7670832e+000  3.9648519e+000
  7.2571218e+000  7.3197390e+000
  2.5724600e+000  7.5863049e+000
  7.1322092e+000  6.1134547e+000
  3.5547219e+000  9.5682334e+000
  3.7879733e+000  1.7373964e+000
  4.9721177e+000  4.2809442e+000
  6.6695960e+000  6.5435533e+000
  6.2222360e+000  6.8081964e+000
  3.4047219e+000  2.3366399e+000
  6.3700280e+000  6.9028249e+000
  8.2810337e+000  3.1198577e+000
  2.9485318e+000  9.1829685e+000
  1.0325607e+000  3.4788490e+000
  1.9808842e+000  7.4506719e+000
  2.4075046e+000  1.6480226e+000
  6.3598061e+000  5.4974269e+000
  2.7975830e+000  2.5356703e+000
  3.3523784e+000  3.3128642e+000
  8.2932985e+000  7.9326152e+000
  8.5934388e-001  4.0092014e+000
  6.6721951e+000  6.6262460e+000
  2.9303594e+000  4.0551167e+000
  6.6922887e+000  6.8301658e+000
  2.3325749e+000  9.1460021e+000
  1.7167813e+000  6.9199338e+000
  3.3372587e+000  3.5778686e+000
  3.5652329e+000  2.3299495e+000
  6.8183646e+000  6.0888215e+000
  1.7534354e+000  7.7033991e+000
  5.3811217e+000  1.4244759e+000
  1.9648244e+000  7.4252799e+000
  6.8523814e+000  6.4731268e+000
  2.6878142e+000  4.7328364e+000
  5.6744549e+000  3.5755151e+000
  2.4390828e+000  7.2359614e+000
  6.6373521e+000  2.4068073e+000
  8.5826990e+000  3.2506378e+000
  1.7676559e+000  7.7009847e+000
  5.9865592e+000  1.7745261e+000
  6.8264389e+000  7.0453284e+000
  8.0807609e-001  6.4305624e+000
  7.6657396e+000  2.4940924e+000
  8.9992395e+000  3.1616191e+000
  3.5241583e+000  2.6868115e+000
  7.4137616e+000  6.8122584e+000
  7.2115641e+000  4.8429258e+000
  7.7616856e+000  2.7229105e+000
  1.8802574e+000  5.5858698e+000
  6.6963265e+000  5.2466824e+000
  3.8201155e+000  2.4951273e+000
  2.4346993e+000  1.6242754e+000
  2.2597968e+000  5.7602327e+000
  5.0780739e+000  3.6901493e+000
  5.8891689e+000  1.8167120e+000
  5.3146984e+000  5.3387215e+000
  8.0013061e+000  8.3705291e+000
  6.8948849e+000  4.8198807e+000
  6.9335535e+000  7.2049469e+000
  6.8091972e+000  7.0398672e+000
  8.0522725e+000  6.9729787e+000
  6.4564639e+000  6.6030313e+000
  6.7722038e+000  7.0143517e+000
  6.4346153e+000  6.2555946e+000
  6.5459021e+000  6.9981527e+000
  5.4041386e+000  3.5502954e+000
  6.3859984e+000  6.5793896e+000
  2.9441059e+000  5.3848336e+000
  2.9730508e+000  8.1991764e+000
  3.3371157e+000  7.6268093e+000
  3.6498231e+000  1.4224369e+000
  6.2143308e+000  7.3166681e+000
  7.3371235e+000  6.2524756e+000
  3.0028997e+000  2.5155531e+000
  6.7946269e+000  8.0647756e+000
  1.9762129e+000  4.4407266e+000
  6.9295962e+000  8.2829970e+000
  6.1621760e+000  5.1540646e+000
  2.5529901e+000  6.2113817e+000
  9.1883600e+000  3.1553205e+000
  2.5347487e+000  4.8320335e+000
  3.1756091e+000  1.4608610e+000
  6.7816318e+000  6.7787667e+000
  3.1182923e+000  7.8505328e+000
  6.6339281e+000  6.8576203e+000
  9.1997108e+000  2.8990125e+000
  6.4809542e+000  7.0170372e+000
  6.3239701e+000  1.8832226e+000
  2.2244898e+000  2.5254048e+000
  6.7163791e+000  6.1024418e+000
  2.1092423e+000  7.7492164e+000
  8.9271224e+000  3.1622820e+000
  6.2041019e+000  1.7789057e+000
  6.7441947e+000  6.9333914e+000
  1.9616579e+000  5.6903006e+000
  6.3884404e+000  5.4577844e+000
  3.5200984e+000  7.5532527e+000
  3.3935043e+000  3.3773955e+000
  2.0442289e+000  2.5671579e+000
  2.1895135e+000  3.1950311e+000
  7.1208096e+000  7.0298168e+000
  3.9517304e+000  2.1073050e+000
  8.6450323e+000  8.3995129e+000
  2.1634144e+000  5.8277735e+000
  6.5988604e+000  5.2579044e+000
  6.8360540e+000  6.1417558e+000
  3.0409257e+000  8.2093923e+000
  6.8231105e+000  6.2981400e+000
  8.6593777e+000  3.5960597e+000
  7.0327933e+000  5.9905341e+000
  6.7950312e+000  2.5592044e+000
  2.7751416e+000  4.7253968e+000
  4.5786717e+000  7.9454470e+000
  7.5232131e+000  1.2444717e+000
  7.8824484e+000  5.5512828e+000
  2.6356983e+000  2.8840174e+000
  5.7427882e+000  2.4066067e+000
  7.4622397e+000  7.5303395e+000
  3.5625156e+000  8.1704880e+000
  6.6947907e+000  4.8617276e+000
  2.4062432e+000  2.3590812e+000
  6.0148914e+000  4.3216990e+000
  7.4137798e+000  6.6188995e+000
  3.0303386e+000  7.1966457e+000
  8.7723392e+000  3.1458923e+000
  3.1895471e+000  7.9074391e+000
  5.2790135e+000  4.7154816e+000
  3.2346953e+000  8.3258409e+000
  3.5344840e+000  2.4443449e+000
  1.9618948e+000  3.9248331e+000
  7.9162466e+000  6.5622507e+000
  7.4550013e+000  6.9339551e+000
  5.4076759e+000  2.0638338e+000
  3.4553735e+000  2.4897788e+000
  7.1247175e+000  6.1048702e+000
  3.2311854e+000  7.6286377e+000
  7.0852840e+000  1.8747772e+000
  4.6913961e+000  3.4003799e+000
  6.8309090e+000  6.4380349e+000
  1.6875570e+000  7.4145362e+000
  3.4637466e+000  2.1459315e+000
  5.5696814e+000  3.3704219e+000
  7.5153113e+000  3.1219523e+000
  4.8058831e+000  3.9299760e+000
  3.2946694e+000  2.2061403e+000
  1.9257432e+000  5.5448031e+000
  2.7318039e+000  4.5282676e+000
  6.7890537e+000  3.9523723e+000
  2.0238997e+000  7.7878706e+000
  7.0670147e+000  3.4369241e+000
  7.2517657e+000  3.1334856e+000
  1.9312936e+000  4.4807287e+000
  2.5748776e+000  4.4593099e+000
  5.9238822e+000  5.2790638e+000
  2.5598598e+000  2.2571246e+000
  6.4671356e+000  6.6890288e+000
  2.8244147e+000  4.8911415e-001
  4.9138058e+000  2.1295023e+000
  6.5535564e+000  6.8990517e+000
  3.3359221e+000  8.1635279e+000
  6.9899012e+000  6.7069814e+000
  5.4665470e+000  4.0754566e+000
  8.0618783e+000  7.1507492e+000
  2.3768166e+000  2.4974224e+000
  6.9206987e+000  6.3820572e+000
  6.7551017e+000  5.3422554e+000
  7.6249225e+000  6.9793039e+000
  2.8375816e+000  7.5164239e+000
  5.3967903e+000  4.2378695e+000
  2.3480795e+000  4.7900719e+000
  3.1085758e+000  7.6460090e+000
  7.1155754e+000  6.3139380e+000
  2.2426819e+000  7.8820900e+000
  3.3711064e+000  2.1624046e+000
  7.2710681e+000  6.1415136e+000
  4.9488925e+000  3.6667420e+000
  1.2111739e+000  5.0947729e+000
  5.8760408e-001  4.7876983e+000
  5.1708335e+000  3.6652988e+000
  8.0822454e+000  2.9626122e+000
  7.4583856e+000  4.1122329e+000
  6.5074620e+000  6.9666693e+000
  7.6625531e+000  6.4458460e+000
  9.3591953e+000  3.3257071e+000
  7.3979988e+000  6.5191911e+000
  5.7460241e+000  3.5033240e+000
  6.4135817e+000  5.2728755e+000
  2.4264515e+000  2.3818784e+000
  4.7225111e+000  5.5394721e+000
  2.5931337e+000  6.0014251e+000
  2.3751454e+000  4.3193867e+000
  5.4163159e+000  3.3909118e+000
  7.4916725e+000  1.4311456e+000
  2.3197593e+000  1.5144416e+000
  6.3509675e+000  7.3395887e+000
  7.1762852e+000  3.9912443e+000
  5.3475527e+000  2.1997795e+000
  7.9497106e+000  2.8329306e+000
  2.9748591e+000  2.6529263e+000
  7.7832337e+000  6.9509031e+000
  5.6839238e+000  3.2896480e+000
  6.6427979e+000  6.7076458e+000
  7.1305181e+000  6.4619742e+000
  2.5564893e+000  4.5692655e+000
  5.3911568e+000  3.7338057e+000
  5.4334773e+000  3.7178082e+000
  7.1794337e+000  6.2020285e+000
  8.7610219e+000  3.0888139e+000
  2.6396817e+000  4.6368284e+000
  4.8816934e+000  2.9008385e+000
  6.1730994e+000  7.0188448e+000
  4.3339963e+000  2.9378274e+000
  7.6699888e+000  5.1142879e+000
  6.5672461e+000  2.0453420e+000
  3.3176503e+000  1.7895612e+000
  1.0536303e+000  5.4026042e+000
  7.4535432e+000  5.5850657e+000
  2.7919268e+000  8.2630659e+000
  7.5528092e+000  2.5590610e+000
  6.9475570e+000  5.9772212e+000
  6.5122888e+000  6.9842176e+000
  5.6495690e+000  2.6057404e+000
  7.2933444e+000  6.8578515e+000
  2.8954603e+000  4.5127362e+000
  4.1286244e+000  8.6388796e+000
  7.7511814e+000  3.2379165e+000
  8.6312090e+000  8.3092757e+000
  6.1720686e+000  7.2106796e+000
  3.0574710e+000  2.5887862e+000
  1.1214795e+000  4.7396942e+000
  5.3345062e+000  1.9488166e+000
  7.3995897e+000  6.5481938e+000
  7.7218241e+000  4.5381547e+000
  8.1792211e+000  6.7154278e+000
  3.2511818e+000  2.5201405e+000
  1.7182189e+000  7.3994213e+000
  3.3972359e+000  8.3355722e+000
  2.6357803e+000  3.9982817e+000
  5.5956394e+000  4.5554911e+000
  3.0731556e+000  5.5424612e+000
  3.8982988e+000  7.8462063e+000
  3.0346951e+000  7.0874219e+000
  7.9453607e+000  2.9334803e+000
  6.9051723e+000  5.3606274e+000
  2.1825095e+000  7.6075774e+000
  6.6843603e+000  6.1844669e+000
  6.2328126e+000  2.3736217e+000
  3.1751768e+000  7.8506439e+000
  2.4437968e+000  5.6188058e+000
  7.9552754e+000  7.2376067e+000
  3.9395104e+000  9.8035631e+000
  3.4762071e+000  2.7348120e+000
  5.8995409e+000  4.9514233e+000
  7.1913225e+000  6.9408409e+000
  8.2679507e+000  7.3923601e+000
  4.3421790e+000  8.3325812e+000
  2.8834107e+000  2.3537007e+000
  1.9077895e+000  7.3013705e+000
  7.1516902e-001  6.9041984e+000
  3.0770342e+000  2.4800542e+000
  5.1562009e+000  3.8234236e+000
  2.7318168e+000  4.5529641e+000
  5.1925974e+000  3.6856917e+000
  7.3060384e+000  7.5382614e+000
  7.4387871e+000  6.5966832e+000
  5.5435832e+000  1.4154411e+000
  3.7977984e+000  2.3377045e+000
  4.0035595e+000  2.9219735e+000
  2.3383820e+000  7.3870583e+000
  9.2494845e+000  3.2577592e+000
  2.6542236e+000  7.4926977e+000
  1.9798096e+000  6.0568338e+000
  6.3797464e+000  5.9489613e+000
  9.3326127e-001  4.9506900e+000
  3.3679050e+000  8.2689435e+000
  5.9440942e+000  1.5523000e+000
  2.1679143e+000  7.2123025e+000
  3.0248143e+000  7.8694489e+000
  2.1426670e+000  5.5825936e+000
  7.8578498e+000  3.1151982e+000
  2.4287605e+000  2.4591274e+000
  5.7029733e+000  2.2711787e+000
  5.0177921e+000  2.0752056e+000
  3.5788752e+000  2.2680149e+000
  3.0943826e+000  6.9698177e+000
  2.4088037e+000  4.0262751e+000
  2.2895745e+000  5.1180067e+000
  4.8762887e+000  3.6303204e+000
  3.2473700e+000  3.5115683e+000
  2.1481002e+000  5.4395269e+000
  4.4941397e+000  5.9545160e+000
  5.0544512e+000  5.9165794e+000
  7.2925407e+000  7.6040720e+000
  5.5682813e+000  1.2586482e+000
  7.4832032e+000  6.2193857e+000
  6.9752717e+000  2.7085195e+000
  1.7033829e+000  3.7896595e+000
  7.3002577e+000  6.1377481e+000
  7.4980978e+000  1.9428925e+000
  5.4562287e+000  1.7193552e+000
  2.3579181e+000  7.6427592e+000
  3.2634521e+000  7.7246554e+000
  2.3065328e+000  7.7073916e+000
  7.3530467e+000  6.9039465e+000
  7.7281636e+000  2.7651681e+000
  3.7937676e+000  2.4580852e+000
  5.4569727e+000  1.7978824e+000
  5.7267210e+000  3.6222611e+000
  5.6352240e+000  5.3527323e+000
  7.5581463e+000  6.7726499e+000
  6.9816592e+000  6.0948950e+000
  3.1898240e+000  3.6121269e+000
  7.7172876e+000  6.5415642e+000
  1.8169684e+000  7.8073923e+000
  3.3110280e+000  6.9239244e+000
  7.4862209e+000  4.7859589e+000
  7.2126010e+000  6.8988242e+000
  6.1022282e+000  4.5061982e+000
  2.4871467e+000  7.6677594e+000
  7.1366781e+000  3.3066431e-001
  6.6350103e+000  6.8203531e+000
  7.7401406e+000  6.4544019e+000
  2.8434304e+000  4.9226447e+000
  2.2460445e+000  1.7309706e+000
  3.6779694e+000  7.5867267e+000
  5.7568212e+000  3.7547290e+000
  2.6446906e+000  5.7651120e+000
  5.8332067e+000  3.6504015e+000
  4.1572006e+000  8.0912971e+000
  7.3184806e+000  7.7334725e+000
  7.6741378e+000  3.5394859e+000
  4.7190846e+000  2.9468302e+000
  7.1590428e+000  8.3592872e-001
  6.6325428e+000  6.5115773e+000
  9.9778927e-001  3.1936354e+000
  5.8047144e+000  3.2102755e+000
  7.4164596e+000  6.7750733e+000
  6.1031805e+000  7.3156204e+000
  5.2850146e+000  3.1512522e+000
  6.3250271e+000  6.2288072e+000
  8.3143430e+000  2.2817414e+000
  7.1837231e+000  4.6725322e+000
  8.6620491e+000  2.1481744e+000
  7.0795661e+000  7.0313746e+000
  7.0467102e+000  5.9074918e+000
  5.9454588e+000  4.8342456e+000
  2.6696569e+000  2.7358235e+000
  5.6793486e+000  3.5264047e+000
  7.9665911e+000  2.4734228e+000
  2.2273043e+000  5.4139207e+000
  4.9286928e+000  4.8387322e+000
  6.4580906e+000  6.5724913e+000
  3.3938815e+000  7.4637927e+000
  4.7020697e+000  5.9681032e+000
  2.2287183e+000  5.4644960e+000
  6.9352997e+000  6.0623447e+000
  3.6586626e+000  2.1557016e+000
  8.2751473e+000  2.7239577e+000
  2.3496030e+000  8.9495315e+000
  2.6637384e+000  7.3985910e+000
  3.5683895e+000  2.2606825e+000
  2.0417416e+000  7.5243255e+000
  7.2924282e+000  5.9318212e+000
  1.8713816e+000  4.7419049e+000
  4.1238435e+000  7.3162074e+000
  1.8598648e+000  7.2044566e+000
  1.5168190e+000  2.2051435e+000
  6.5110658e+000  6.7483128e+000
  2.4042306e+000  7.8729855e+000
  5.0412786e+000  3.4885452e+000
  9.2401731e-001  6.0324648e+000
  4.3973836e+000  9.1367446e+000
  5.7813014e+000  3.7851333e+000
  6.1690986e+000  4.4258630e+000
  2.4617719e+000  3.8469992e+000
  2.2458395e+000  5.1204156e+000
  2.1637613e+000  7.1668992e+000
  3.3710389e+000  7.5982488e+000
  7.2713104e+000  3.2289180e+000
  5.5068837e+000  3.8037008e+000
  5.9758995e+000  7.4282212e+000
  8.3848271e+000  8.3494565e+000
  6.8048685e+000  5.8870732e+000
  8.6829922e+000  3.4061137e+000
  6.9185703e+000  5.6530890e+000
  2.4868974e+000  4.9228416e+000
  7.0774015e+000  1.0925825e-001
  3.0438252e+000  8.9906893e+000
  8.3209030e+000  6.7934536e+000
  6.9565962e+000  6.9727293e+000
  7.9383315e+000  6.9709557e+000
  2.4390044e+000  5.8807569e+000
  4.0486419e+000  1.7029293e+000
  1.8971527e+000  2.0420901e+000
  4.6588397e+000  3.8487905e+000
  6.3928063e+000  1.3777897e+000
  3.5532821e+000  2.0813038e+000
  3.0104918e+000  1.2536749e+000
  7.4627430e+000  7.4551177e+000
  4.8328227e+000  3.7949673e+000
  7.2595812e+000  6.6368367e+000
  6.2012781e-002  7.6913422e+000
  7.5905336e+000  6.6491540e+000
  2.7874120e+000  1.9341372e+000
  2.1018673e+000  7.7664529e+000
  7.3058739e+000  6.8256849e+000
  3.6586006e+000  8.2743766e+000
  6.7405586e+000  6.1538717e+000
  2.6854908e+000  4.8805910e+000
  8.2767521e+000  7.1720073e+000
  5.3183778e+000  3.1680860e+000
  1.7449499e+000  8.9128614e+000
  2.4470468e+000  8.9466924e+000
  3.5602939e+000  2.4954082e+000
  5.6884431e+000  3.4152888e+000
  6.7113035e+000  1.6002092e+000
  1.6089277e+000  7.0096419e+000
  7.7675264e+000  1.5716066e+000
  2.2107725e+000  6.5606262e-001
  7.0705748e+000  2.0507047e+000
  8.5733344e+000  7.9565251e+000
  5.9968241e+000  3.9382208e+000
  8.0530803e+000  6.7242152e+000
  5.2639627e+000  5.0736422e+000
  7.7121887e+000  2.8552965e+000
  7.8477930e+000  6.4149717e+000
  2.8723843e+000  7.5010480e+000
  2.8386169e+000  5.1007375e+000
  2.8070485e+000  2.7660091e+000
  7.9616889e+000  2.5592791e+000
  3.5277189e+000  7.4773141e+000
  2.7761595e+000  2.1625880e+000
  7.2557506e+000  6.9966475e+000
  7.4217973e+000  6.6854485e+000
  5.5374269e+000  3.2026641e+000
  6.3715321e+000  7.0709671e+000
  6.7925679e+000  5.2183513e+000
  2.4561721e+000  4.5895240e+000
  3.3182289e+000  2.5714814e+000
  6.5481769e+000  6.5030458e+000
  9.1454419e+000  3.1992830e+000
  8.9456453e+000  3.4493163e+000
  6.9283313e+000  7.0088676e+000
  6.5353533e+000  5.1410855e+000
  5.4938888e+000  3.9728763e+000
  2.0031436e+000  2.7906254e+000
  6.7861798e+000  6.5908546e+000
  3.2868247e+000  2.5578471e+000
  7.8731794e+000  6.3929047e+000
  1.0086930e+000  4.0436781e+000
  3.4071678e+000  2.5184001e+000
  7.0464347e+000  6.0005467e+000
  6.2497405e+000  6.7385831e+000
  5.3202854e+000  2.7031399e+000
  4.8132524e+000  2.7272513e+000
  2.4059480e+000  1.0671740e+000
  2.5621659e+000  4.4520777e+000
  7.1386081e+000  3.6300434e+000
  2.1499801e+000  3.5159764e+000
  7.4942593e+000  6.7061886e+000
  1.2469174e+000  5.7012682e+000
  3.0066235e+000  2.6547682e+000
  5.2736212e+000  4.3331162e+000
  7.2709547e+000  6.5311376e+000
  3.7890807e+000  2.9819834e+000
  2.5685997e+000  5.6327753e+000
  7.2476707e+000  6.2002930e+000
  3.5169496e+000  9.0628761e+000
  1.9422213e+000  7.3091455e+000
  7.8647552e+000  4.2399332e-001
  2.0862552e+000  7.7826412e+000
  7.7862706e+000  6.6237491e+000
  7.6368837e+000  6.4613510e+000
  2.7389020e+000  3.0816235e+000
  5.3914111e+000  2.0175834e+000
  6.7859712e+000  5.1576934e+000
  2.2250613e+000  7.5177192e+000
  7.5778657e+000  6.5327144e+000
  3.2283599e+000  7.8543046e+000
  2.3550487e+000  7.2414691e+000
  7.2402183e+000  7.2141365e+000
  7.7445590e+000  6.4802764e+000
  6.5340952e+000  2.3442360e+000
  7.1097085e+000  5.5319985e+000
  3.1975413e+000  5.0537053e+000
  7.4073782e+000  6.7660215e+000
  4.5707590e+000  5.9128699e+000
  6.9859236e+000  6.0260845e+000
  5.0011344e+000  3.4089383e+000
  9.1052687e+000  3.4270837e+000
  5.5242035e+000  2.4385388e+000
  4.9588726e-001  4.2971264e+000
  6.3468997e+000  2.2033410e+000
  4.5369379e+000  7.8918891e+000
  2.1712047e+000  7.4118312e+000
  4.5536316e+000  3.5500378e+000
  1.3478479e+000  7.5963710e+000
  2.7144109e+000  7.9688206e+000
  7.5433674e+000  3.0562549e+000
  1.4048359e+000  7.6475596e+000
  5.7251868e+000  4.3106889e+000
  6.7174685e+000  6.4704673e+000
  3.5153106e+000  2.4063604e+000
  2.7236108e+000  8.1927260e+000
  6.6883034e+000  5.8449359e+000
  3.5606772e+000  2.5001598e+000
  7.7228305e+000  6.0415013e+000
  2.7209755e+000  8.1194374e+000
  5.3502231e+000  4.6085704e+000
  6.7770578e+000  7.2295910e+000
  3.0051505e+000  2.8115170e+000
  7.0544149e+000  6.1790269e+000
  6.7936549e+000  2.7057262e+000
  1.8612471e+000  7.8643457e+000
  1.5943780e+000  8.1426852e+000
  7.2397010e+000  6.5117977e+000
  1.2651231e+000  6.2168024e+000
  2.7573584e+000  5.3079631e+000
  5.4365331e+000  4.9123040e+000
  6.4621326e+000  4.1493991e+000
  3.4177645e+000  2.3759134e+000
  6.9544395e+000  7.1724597e+000
  7.4282214e+000  7.1522872e+000
  6.6070101e+000  2.0173599e+000
  7.8649729e+000  6.6944507e+000
  2.7620824e+000  5.9276147e+000
  8.3790044e+000  2.8947529e+000
  2.7679974e+000  4.8724155e+000
  2.4838248e+000  2.1881921e+000
  4.8367653e+000  3.5444271e+000
  6.6461237e+000  6.4846818e+000
  3.2865625e+000  7.3122062e+000
  6.8101667e+000  6.0116116e+000
  5.2945543e+000  2.6429163e+000
  7.2083191e+000  5.7081590e+000
  2.6689707e+000  6.6574724e+000
  7.8908518e+000  2.6471873e+000
  2.5734971e+000  2.1906069e+000
  7.4156767e+000  6.8763999e+000
  2.1376176e+000  7.4957817e+000
  3.2846718e+000  2.4978641e+000
  6.4511958e+000  7.4186297e+000
  6.6726384e+000  1.4203891e+000
  1.4039956e+000  4.4176775e+000
  2.4505189e+000  2.4659605e+000
  7.6735601e+000  7.5275226e+000
  6.2167277e+000  2.2628342e+000
  9.6313543e-001  3.5036583e+000
  3.2809079e+000  3.0017454e+000
  1.9365085e+000  4.1278358e+000
  4.9676420e+000  6.3705226e+000
  5.7250279e-001  3.8714524e+000
  5.5045012e+000  3.2740535e+000
  7.3196393e+000  6.7941698e+000
  7.5240699e+000  6.6265651e+000
  3.0518382e+000  4.5956124e+000
  2.7095681e+000  4.9253469e+000
  7.3400161e+000  6.6474118e+000
  2.3309228e+000  2.5765998e+000
  9.2415103e+000  3.3995867e+000
  9.2885042e+000  3.8869956e+000
  6.5836661e+000  6.3510173e+000
  2.2815815e+000  4.8228610e+000
  2.7565212e+000  5.0480812e+000
  8.9328614e+000  3.7165533e+000
  7.1772649e+000  6.2163718e+000
  4.1841799e+000  8.3176694e+000
  3.1259973e+000  2.2460587e+000
  8.3596886e+000  7.4967932e+000
  6.9276598e+000  5.3750438e+000
  7.7664728e+000  2.5986377e+000
  3.7076130e+000  9.2620365e+000
  2.5012310e+000  2.2630080e+000
  3.2955509e+000  8.5621867e+000
  7.2255676e+000  5.9730272e+000
  5.8132097e+000  3.5698544e+000
  6.7489970e+000  6.8696085e+000
  2.5311562e+000  3.2648924e+000
  6.7312260e+000  5.6505986e+000
  3.0830900e+000  7.2391169e+000
  2.6414281e+000  9.6248674e-001
  5.7887761e+000  4.8998698e+000
  7.3997496e+000  6.8606920e+000
  6.8870557e-001  4.0787778e+000
  6.8380822e+000  6.6676178e+000
  7.6995089e+000  1.1951722e+000
  6.7139315e+000  6.0566678e+000
  1.2162937e+000  2.2297107e+000
  7.5655569e+000  6.4302582e+000
  5.3540380e+000  2.4961638e+000
  6.7516035e+000  1.4089130e+000
  1.9302298e+000  2.0785634e+000
  7.3040581e+000  7.3244570e+000
  7.5747186e+000  6.5853708e+000
  7.4728120e+000  6.5277266e+000
  3.3057778e+000  7.9878740e+000
  3.3207891e+000  7.8060959e+000
  7.3375090e+000  7.6315143e+000
  7.0236685e+000  1.9054224e+000
  3.1456241e+000  7.3558533e+000
  3.1633080e+000  3.9178114e+000
  7.5489763e+000  5.8403360e+000
  5.7408392e+000  1.6119207e+000
  7.0907184e+000  5.7786143e+000
  6.2333058e+000  7.3165518e+000
  2.0233911e+000  8.7706880e+000
  6.4947945e+000  6.1763406e+000
  2.4790509e+000  7.3612925e+000
  5.4371120e+000  1.7458288e+000
  1.4941174e+000  7.1049330e+000
  2.3376699e+000  2.9709770e+000
  8.7183208e+000  1.0732286e+000
  4.3535880e+000  5.9625217e+000
  6.3708829e+000  1.9137136e+000
  3.6285192e+000  2.4926379e+000
  7.5575451e+000  6.3486364e+000
  7.7259874e+000  3.7826273e+000
  7.4468802e+000  6.5757336e+000
  5.8075854e-001  4.8699891e+000
  3.5709189e+000  9.6178036e+000
  3.3470292e+000  2.2855306e+000
  1.6836708e+000  6.3375346e+000
  2.0892239e+000  7.8464332e+000
  2.4101728e+000  2.3581311e+000
  5.2273246e+000  4.4833073e+000
  6.8145651e+000  1.4909814e+000
  2.0533367e+000  7.3966261e+000
  7.9552541e+000  1.9426410e+000
  1.5000222e+000  5.2320903e+000
  2.4780454e+000  8.4849907e+000
  2.8067268e+000  5.7180780e+000
  7.2311947e+000  6.7878144e+000
  6.6239146e+000  5.5472058e+000
  8.1608217e+000  6.6357343e+000
  7.0721457e+000  5.7292907e+000
  6.4796953e+000  7.1152382e+000
  7.1631406e+000  2.4407988e+000
  5.3929236e+000  4.3158323e+000
  6.8976774e+000  6.8487571e+000
  3.4158506e+000  3.0278461e+000
  2.9374986e+000  5.5898628e+000
  2.9473264e+000  4.1245003e+000
  8.8353572e+000  3.0574576e+000
  1.5416577e+000  7.7677513e+000
  7.3504633e+000  7.0166389e+000
  3.3218902e+000  8.3659432e+000
  3.1693297e+000  4.1488188e+000
  6.8494710e+000  6.0463452e+000
  6.1967617e+000  7.6754269e-001
  5.3835215e+000  4.2203386e+000
  5.7226856e+000  1.6594608e+000
  2.5522776e+000  4.3911565e+000
  7.5348686e+000  6.8399949e+000
  6.9470240e+000  6.8563030e+000
  7.5372533e+000  6.8187430e+000
  6.9460384e+000  6.2601496e+000
  6.8282126e+000  4.7802209e+000
  3.7738839e+000  2.3956539e+000
  7.1231905e+000  6.6724022e+000
  2.2807280e+000  5.6712660e+000
  7.4986072e+000  6.5467056e+000
  2.5806409e+000  4.8520507e+000
  2.7468580e+000  7.7182878e+000
  5.6823651e+000  3.0253408e+000
  2.0391156e+000  2.4779506e+000
  3.4853579e+000  7.6516905e+000
  2.6829972e+000  4.9413850e+000
  3.7593718e+000  7.9693514e+000
  2.1973216e+000  4.9776156e+000
  2.5133607e+000  4.4314039e+000
  7.4516059e+000  6.4111302e-001
  7.2285132e+000  1.9031162e+000
  6.4915787e+000  6.2286512e+000
  6.3249194e+000  6.6505954e+000
  2.3656103e+000  2.2337936e+000
  3.9985187e+000  7.7843012e+000
  6.0043459e+000  1.8149127e+000
  5.1868683e+000  2.5333363e+000
  6.8192706e+000  2.3380835e+000
  7.0878338e+000  3.0628932e+000
  1.9882235e+000  7.0643635e+000
  5.4774670e+000  3.4719797e+000
  7.2790871e+000  1.3340800e+000
  4.0824141e+000  7.4702171e+000
  6.5644143e+000  6.5940349e+000
  6.8817443e+000  6.6601444e+000
  8.4901596e+000  2.7701607e+000
  3.1852620e+000  2.2945324e+000
  5.0265867e+000  1.8315308e+000
  2.6350220e+000  2.6733866e+000
  1.3609987e+000  8.5500339e+000
  2.4968833e+000  8.2301554e+000
  7.0164535e+000  5.8719989e+000
 -1.6864920e-001  8.2218216e+000
  8.8007591e+000  3.3681450e+000
  6.8491085e+000  5.4426255e+000
  3.2560390e+000  2.5153327e+000
  6.6815873e+000  6.8046711e+000
  4.6566858e+000  6.4247364e+000
  3.9421752e+000  3.6658637e+000
  2.3144844e+000  4.3324441e+000
  5.8902940e+000  3.6402980e+000
  3.0742005e+000  4.7181282e+000
  5.8941121e+000  3.5647202e+000
  2.6044769e+000  4.4018576e+000
  4.0675214e+000  8.4461324e+000
  6.1402211e+000  7.1490738e+000
  9.2744113e-001  3.6133117e+000
  2.5574653e+000  2.6007260e+000
  3.0188399e+000  3.0949262e+000
  9.3990986e+000  3.2523752e+000
  1.7483730e+000  6.9378002e+000
  8.0992031e+000  3.7967085e+000
  2.3929660e+000  4.2477352e+000
  5.1548504e+000  1.7541685e+000
  6.4901566e+000  6.2503864e+000
  8.3211733e+000  4.7682848e+000
  7.7636441e+000  3.0620617e+000
  8.8870756e+000  2.9056162e+000
  4.4577471e+000  7.7023409e+000
  6.2966597e+000  1.8678198e+000
  7.2021057e+000  6.7016637e+000
  4.2300353e+000  1.8461443e+000
  3.2987568e+000  8.3022524e+000
  5.5699798e+000  4.3257207e+000
  8.1546844e+000  7.0829606e+000
  3.4323536e+000  2.7197004e+000
  7.3201582e+000  5.8004935e+000
  6.9296230e-001  3.9647969e+000
  2.7085969e+000  4.9230153e+000
  8.3705546e+000  7.1359898e+000
  7.1812414e+000  2.8727616e+000
  2.9531532e+000  1.5282571e+000
  2.0827968e+000  5.5622107e+000
  2.3318724e+000  8.6877992e+000
  8.7065272e+000  2.3277158e+000
  5.5423495e+000  3.4126259e+000
  8.7010195e+000  2.4188578e+000
  7.1982546e+000  6.3066322e+000
  2.2111077e+000  3.6209158e+000
  6.5849956e+000  6.8520731e+000
  6.9935416e+000  5.8521712e+000
  5.7793140e+000  3.1181699e+000
  6.8755695e+000  6.9850854e+000
  7.3764252e+000  6.6987024e+000
  1.7919745e+000  5.8758873e+000
  6.7076996e+000  6.2217641e+000
  6.5996827e+000  6.3514494e+000
  3.4896947e+000  8.0995574e+000
  5.5277325e+000  3.5681936e+000
  2.1154313e+000  4.6161718e+000
  3.3461371e+000  4.8366186e+000
  6.7296183e+000  6.2330403e+000
  5.7124349e+000  2.5695151e+000
  4.5884613e+000  4.5087537e+000
  2.7142256e+000  9.2933490e+000
  7.1827539e+000  6.6214304e+000
  1.2801931e+000  2.4967885e+000
  5.6133560e+000  4.1477295e+000
  6.8857152e+000  1.2360112e+000
  5.8097684e+000  3.6068453e+000
  7.6826734e+000  3.1397740e+000
  7.1001506e+000  6.3167762e+000
  6.4219494e+000  6.8042143e+000
  7.2091309e+000  6.7638573e+000
  2.5812985e+000  3.8850456e-001
  7.3946925e-001  5.2418422e+000
  3.4892864e+000  1.7619768e+000
  2.7938250e+000  8.0139866e+000
  6.1576044e+000  4.4702350e+000
  4.2714645e+000  8.1985285e+000
  5.1019531e+000  3.0821480e+000
  1.8191621e+000  7.0452380e+000
  7.1852465e+000  1.8363964e+000
  8.9250953e+000  2.9028650e+000
  3.7763012e+000  9.3985572e+000
  3.2910560e+000  2.3158975e+000
  7.4764431e+000  7.4020502e+000
  2.2754015e+000  2.7617494e+000
  7.4355826e+000  3.0073002e+000
  7.3755823e+000  1.7028815e+000
  2.6541182e+000  4.3421610e+000
  6.4483757e+000  6.7753497e+000
  6.6041052e+000  3.0179959e+000
  2.3668469e+000  1.5593005e+000
  5.2574900e+000  4.5865807e+000
  4.3059417e+000  4.3571229e+000
  2.0308278e+000  7.5858260e+000
  6.8640372e+000  5.0731046e+000
  5.3326307e+000  1.9451885e+000
  1.8854640e+000  6.5910510e+000
  2.5103468e+000  8.1052822e+000
  7.9692853e+000  2.3059584e+000
  3.4486191e+000  7.2607637e+000
  6.4444655e+000  7.5829104e+000
  6.9231748e+000  6.8311112e+000
  3.7641185e+000  2.1028830e+000
  1.8291145e+000  7.4167562e+000
  7.1567103e+000  6.0761387e+000
  7.1241917e+000  7.4782249e+000
  2.3472024e+000  4.5007912e+000
  3.5441330e+000  2.4918229e+000
  1.1995421e+000  4.5869336e+000
  5.9774702e+000  3.6244085e+000
  6.1746193e+000  1.7705669e+000
  7.9610308e+000  7.3890464e+000
  7.4352731e+000  7.5419191e+000
  1.8359381e+000  7.7743566e+000
  7.3737648e+000  6.7046227e+000
  8.9389849e+000  5.6193540e+000
  6.5630091e+000  5.9671766e+000
  8.2813722e+000  2.9239590e+000
  7.4262441e+000  7.3484906e+000
  6.3297935e+000  6.8693643e+000
  2.3443132e+000  7.8102589e+000
  2.9681447e+000  8.3384083e+000
  6.9377829e+000  2.5887017e+000
  7.5514676e+000  6.7242099e+000
  7.4059264e+000  6.9329341e+000
  7.3331573e+000  5.8319924e+000
  6.6962078e+000  6.4872196e+000
  2.2359947e+000  2.5014696e+000
  7.1828742e+000  7.2637806e+000
  7.4942139e+000  7.6474137e+000
  6.5452052e+000  6.1316268e+000
  7.8297139e+000  2.9540509e+000
  2.8198803e+000  2.5522750e+000
  3.5270806e+000  2.8273136e+000
  6.8075982e+000  6.0734529e+000
  5.9790718e+000  1.4625288e+000
  7.1421286e+000  6.6715184e+000
  6.4401631e+000  6.3477611e+000
  7.9002908e+000  1.3682937e+000
  6.3561537e+000  6.5900385e+000
  4.9125316e+000  5.0046168e+000
  8.8861644e+000  2.8784676e+000
  5.5474674e+000  4.6130171e+000
  6.0174050e+000  3.4502314e+000
  7.0135899e+000  6.6230800e+000
  8.2592902e+000  2.6403037e+000
  2.3525078e+000  9.2056893e+000
  3.2254741e+000  8.3864043e+000
  5.0544803e+000  3.2363000e+000
  6.0613149e+000  1.2679373e+000
  6.3213205e+000  6.9746273e+000
  5.3390585e+000  3.5472561e+000
  3.0161639e+000  8.2067355e+000
  7.0529384e+000  7.6382633e+000
  3.2008335e+000  3.6682331e+000
  6.3538109e+000  2.0687425e+000
  7.3623778e+000  2.7262291e-001
  2.1313321e+000  7.4825195e+000
  5.0631804e+000  3.4155129e+000
  7.4913636e+000  6.5086427e+000
  5.2102327e+000  3.7936066e+000
  7.9710168e+000  3.5974259e+000
  5.6954985e+000  1.9431696e+000
  5.1364036e+000  3.5403802e+000
  9.1781289e+000  3.1058718e+000
  6.9743734e+000  6.2738885e+000
  1.7430811e+000  2.7516161e+000
  7.3080502e+000  6.8592871e+000
  7.4111810e+000  6.9213262e+000
  5.8791838e+000  2.2105633e+000
  2.6585157e+000  2.1504352e+000
  4.4253066e+000  8.3158205e+000
  1.7765384e+000  5.8630420e+000
  3.1390918e+000  2.4879836e+000
  2.6121693e+000  7.8599296e+000
  3.8573798e+000  2.5256106e+000
  2.5402830e+000  7.8585584e+000
  2.3319709e+000  4.6978261e+000
  6.4196028e+000  7.4369173e+000
  3.6825925e+000  8.2045219e+000
  6.3403278e+000  2.1774135e+000
  7.8930562e+000  6.7728388e+000
  8.8166531e-001  8.1562279e+000
  3.1734331e+000  2.6110904e+000
  2.3139983e+000  1.4819265e+000
  1.6287646e+000  2.3649388e+000
  7.2256077e+000  6.6684744e+000
  7.4602987e+000  6.9972802e+000
  1.8909603e+000  7.0917478e+000
  7.4593692e+000  6.4362079e+000
  7.1039410e+000  6.7594010e+000
  3.0761548e+000  6.2630881e-001
  2.6333386e+000  4.6540784e+000
  8.8783336e+000  3.3830208e+000
  5.1149725e+000  2.6355419e+000
  6.7097104e+000  6.8576591e+000
  2.8894355e+000  2.9051780e+000
  5.2080405e+000  3.4227124e+000
  2.3915493e+000  2.4502547e+000
  7.3595256e+000  9.2039819e-001
  5.8876450e+000  1.7363068e+000
  7.1694171e+000  4.5680602e+000
  2.4518174e+000  3.7372126e+000
  2.4591266e+000  4.2023168e+000
  8.6478934e+000  3.5162680e+000
  7.9148980e+000  6.8148680e+000
  2.2475194e+000  3.8651822e+000
  5.5118186e+000  1.6180132e+000
  5.8705731e-001  4.4497771e+000
  7.6908650e+000  6.8836487e+000
  2.4088947e+000  1.9152679e+000
  7.2545289e+000  7.0639421e+000
  2.6522890e+000  7.6185690e+000
  5.2838463e+000  4.2575531e+000
  7.5989863e+000  6.5916553e+000
  5.9092342e+000  2.7550541e+000
  7.8044642e+000  4.5073781e+000
  5.5128660e+000  2.4969449e+000
  7.3670301e+000  7.3802535e+000
  6.8243968e+000  7.3585851e+000
  3.6900779e+000  2.5026936e+000
  2.9529264e+000  7.9901821e+000
  7.5986156e+000  6.4764242e+000
  5.3314476e+000  2.5162683e+000
  2.5913400e+000  6.8636204e+000
  7.2355037e+000  6.4755875e+000
  8.0074548e+000  2.6747321e+000
  6.9316377e+000  6.9778602e+000
  2.5485124e+000  7.9305562e+000
  5.2404612e+000  4.4808034e+000
  3.2720154e+000  7.7023404e+000
  9.2220551e+000  3.3725670e+000
  4.8181291e+000  7.4648992e+000
  7.9154162e+000  3.3199807e+000
  6.8776010e+000  6.1082118e+000
  6.9529389e+000  6.7347913e+000
  5.6715044e+000  1.3454431e+000
  3.0479691e+000  6.9719557e-001
  8.5907873e+000  8.2729961e+000
  8.0453717e+000  1.2079013e+000
  8.6865220e+000  2.9188542e+000
  3.5196986e+000  2.5697908e+000
  7.2367306e+000  6.6656853e+000
  8.0853472e+000  6.7609011e+000
  5.5921612e+000  1.5507651e+000
  2.8452483e+000  3.2082156e+000
  6.8096868e+000  7.5263523e+000
  3.5855975e+000  3.7283056e+000
  2.2196167e+000  4.4068223e+000
  7.1294581e+000  3.3011183e+000
  6.9647669e+000  7.2127142e+000
  7.7885761e+000  5.6874921e+000
  7.5306250e+000  7.5282724e+000
  2.6284519e+000  5.9453329e+000
  8.0572812e+000  6.6029605e+000
  4.3685580e+000  8.1040141e+000
  7.2465855e+000  7.4210503e+000
  6.9566310e+000  5.6744159e+000
  7.5411396e+000  6.0359942e+000
  6.8645134e+000  6.9510581e+000
  5.9201005e+000  3.6040707e+000
  7.4050566e+000  6.4513519e+000
  4.9775488e+000  3.4072449e+000
  6.6861623e+000  6.6893398e+000
  2.4231047e+000  6.6950637e+000
  2.9198185e+000  2.6589375e+000
  2.3547471e+000  7.8066391e+000
  5.4704646e+000  2.8977947e+000
  6.9284177e+000  6.1433877e+000
  7.6578843e+000  6.3843157e+000
  1.7252199e+000  7.4264213e+000
  4.8833953e+000  2.1569005e+000
  2.8053955e+000  5.8235214e+000
  6.5761347e+000  4.8510808e+000
  5.4583118e+000  4.0714222e+000
  3.2776826e+000  2.5781624e+000
  7.5667157e+000  7.0785021e+000
  2.3118077e+000  4.8044587e+000
  1.9651139e+000  7.9009410e+000
  7.9062911e+000  6.9109677e+000
  2.7227165e+000  4.7083588e+000
  6.3343328e+000  7.2487823e+000
  2.9526370e+000  7.7894273e+000
  6.9033210e+000  4.9905062e+000
  7.4091046e+000  6.3411972e+000
  1.9105526e+000  7.4917343e+000
  5.3628123e-001  4.6871824e+000
  7.8066490e+000  6.7313864e+000
  2.6972328e+000  8.1869005e+000
  6.0539869e+000  1.9196275e+000
  2.9082567e+000  4.9546171e+000
  6.1618326e+000  4.5872403e+000
  7.7504739e+000  6.0996649e+000
  1.5909641e+000  7.9014694e+000
  8.1620841e+000  7.8753947e+000
  3.0978741e+000  7.4037298e+000
  4.8741754e+000  3.4726052e+000
  3.1821141e+000  7.9629809e+000
  6.9691458e+000  5.9298355e+000
  6.9112854e+000  2.0792936e+000
  7.4538639e+000  6.7173456e+000
  1.8218066e+000  8.0616179e+000
  7.1912852e+000  5.9819552e+000
  6.8442493e+000  6.1938167e+000
  6.8367433e+000  6.2631841e+000
  7.2550858e+000  6.9939422e+000
  6.2046797e+000  4.5344005e+000
  7.5554722e+000  5.7245161e+000
  7.5444540e+000  2.2814335e+000
  7.6309553e+000  7.4219449e+000
  7.1818903e+000  5.8621301e+000
  3.0518104e+000  2.6750352e+000
  8.7042288e+000  3.5401304e+000
  6.3662404e+000  2.4267944e+000
  7.5235956e+000  6.5947065e+000
  4.6824831e+000  3.7324678e+000
  1.8989141e+000  3.5413557e+000
  1.7385560e+000  8.9782468e+000
  3.8947120e+000  6.7817384e+000
  6.7567149e+000  7.1362804e+000
  5.9243693e+000  3.2609521e+000
  4.4004630e+000  1.4101107e+000
  7.2951433e+000  2.4033495e+000
  6.9360044e+000  6.1938529e+000
  5.8368941e+000  1.5896416e+000
  2.6320665e+000  2.6171934e+000
  7.3581962e+000  7.0239496e+000
  7.1603007e+000  6.8386903e+000
  1.2551567e+000  7.9002264e+000
  2.5851160e+000  2.3919809e+000
  7.4652053e+000  6.1069124e+000
  6.5491385e+000  7.0293929e+000
  2.3135279e+000  5.4945250e+000
  7.3941767e+000  2.3889588e+000
  6.6803872e+000  6.2449642e+000
  6.7525752e+000  6.2132018e+000
  8.2060855e+000  6.6459165e+000
  4.7075256e+000  5.7730344e+000
  1.1192818e+000  2.7225899e+000
  2.2763977e+000  9.1141108e+000
  1.5580406e+000  7.3547594e+000
  7.2800509e+000  2.6146539e+000
  6.0101300e+000  1.9570769e+000
  5.6846736e+000  3.5602432e+000
  7.3214510e+000  5.7895556e+000
  5.0494653e+000  3.4530626e+000
  1.9737402e+000  2.3695382e+000
  2.3377637e+000  5.1386225e+000
  2.6489084e+000  2.3398308e+000
  1.0334844e+000  4.0353735e+000
  2.1620371e+000  8.0026475e+000
  7.3983699e+000  6.9411246e+000
  1.6610016e+000  5.1918962e+000
  3.3050780e+000  9.0949931e+000
  5.3120272e+000  1.9623351e+000
  3.5526695e+000  2.3724855e+000
  2.7122542e+000  5.5127909e+000
  8.2075718e+000  2.5339926e+000
  7.2201014e+000  6.9016508e+000
  4.9101854e+000  2.1696381e+000
  1.9085092e+000  7.4638837e+000
  1.2473263e+000  7.3514955e+000
  1.5844379e+000  4.2893853e+000
  7.6486012e+000  6.9846728e+000
  2.8893160e+000  8.3559274e-001
  6.9865589e+000  2.3014999e-001
  3.4767997e+000  8.1241108e+000
  7.6765947e+000  2.2780649e+000
  1.7820752e+000  2.1795089e+000
  2.3516913e+000  4.7157725e+000
  2.9495674e+000  7.7396384e+000
  7.3979091e+000  7.9830384e+000
  2.7189274e+000  4.0199349e+000
  1.8591814e+000  1.9380282e+000
  2.6420644e+000  5.2513378e+000
  5.4206135e+000  3.6599756e+000
  2.0607468e+000  4.5175068e+000
  7.4347632e+000  5.2254366e-001
  2.5694943e+000  8.0685421e+000
  7.3179294e+000  6.6682638e+000
  1.6094219e+000  5.9505093e+000
  2.5107941e+000  6.0600487e+000
  7.5667807e+000  6.9386619e+000
  1.3901092e+000  3.8478945e+000
  4.1935554e+000  2.4180536e+000
  1.0943805e+000  8.2250692e+000
  6.7207223e+000  7.6280768e+000
  5.2154291e+000  4.5360397e+000
  2.3209060e+000  2.3722638e+000
  2.5032431e+000  7.3255981e+000
  2.3684092e+000  7.3111633e+000
  5.3969206e+000  3.4268280e+000
  2.6514010e+000  2.7132558e+000
  7.8211584e+000  6.8533572e+000
  6.7312910e+000  1.6891498e+000
  3.7634446e+000  4.9835117e+000
  6.1357800e+000  3.4924621e+000
  3.7893326e+000  2.6520542e+000
  6.4132918e+000  5.8323934e+000
  7.3878397e+000  7.0157951e+000
  7.0271423e+000  6.6961390e+000
  5.3627575e+000  3.5748690e+000
  4.7241925e+000  3.5129912e+000
  1.1104399e+000  2.5860740e+000
  2.8534131e+000  5.1007899e+000
  5.6898466e+000  1.9844276e+000
  7.3729275e+000  7.3155461e+000
  6.8834981e+000  6.7331598e+000
  3.6580928e+000  2.1106551e+000
  3.3202557e+000  1.9173232e+000
  6.3902951e+000  6.9890298e+000
  6.4179014e+000  6.8185074e+000
  1.9298883e+000  5.4816625e+000
  2.1352667e+000  6.0014416e+000
  5.1826149e+000  4.1109386e+000
  6.8385236e+000  6.6139173e+000
  4.4900516e+000  1.5157803e+000
  6.8896052e+000  2.0394061e+000
  2.9326572e+000  9.0874196e-001
  6.9114672e+000  3.7241751e-001
  1.9206382e+000  6.0538122e+000
  1.8984853e+000  8.3004990e+000
  1.2605255e+000  3.1240065e+000
  7.4487894e+000  4.5837313e+000
  3.6682342e+000  2.2042035e+000
  7.5836582e+000  2.5281687e+000
  5.5860049e+000  5.5201743e+000
  2.4307259e+000  5.6114415e+000
  3.2459955e+000  2.8697994e+000
  2.3323236e+000  2.4942119e+000
  3.5190872e+000  7.5464644e+000
  6.7049364e+000  4.9903632e+000
  7.2447766e+000  4.0405237e-002
  3.2701272e+000  7.3375922e+000
  8.0319873e+000  6.4053060e+000
  5.1297629e+000  4.3549667e+000
  2.5072072e+000  2.8508126e+000
  5.6364340e+000  3.8956377e+000
  2.4508663e+000  4.6461300e+000
  5.3475897e+000  4.2093711e+000
  7.6987908e+000  6.5078190e+000
  7.1970137e+000  1.8462902e+000
  7.1469187e+000  2.4973713e+000
  7.4948275e+000  6.5458368e+000
  7.2852460e+000  7.4793533e+000
  8.7592706e+000  3.1041074e+000
  1.5271855e+000  7.6280188e+000
  1.9105675e+000  6.8392859e+000
  5.3761602e+000  4.9106948e+000
  9.2528547e+000  2.7894098e+000
  5.9315295e+000  3.6807681e+000
  5.6431776e+000  2.6577083e+000
  5.7296931e+000  3.8368309e+000
  2.4149798e+000  5.8677264e+000
  2.6876941e+000  5.4954044e+000
  5.2624954e+000  3.3652074e+000
  7.7137476e+000  1.7935734e+000
  5.1122642e+000  5.1594230e+000
  1.7576031e+000  6.9943932e+000
  7.4124769e+000  7.2173311e+000
  2.8594529e+000  8.2284971e+000
  2.6031831e+000  2.5598360e+000
  7.0639032e+000  6.7740081e+000
  6.8908335e+000  6.8773087e+000
  7.3658106e+000  5.8989488e+000
  6.5155416e+000  6.8139498e+000
  4.9467705e+000  3.6964553e+000
  7.2079235e+000  6.3150600e+000
  6.5083869e+000  5.5213842e+000
  2.1606257e+000  8.6618960e+000
  5.7707917e+000  1.7745915e+000
  6.8127240e+000  6.5255095e+000
  6.9810538e+000  8.0925148e+000
  7.4695948e+000  3.5443891e+000
  6.3455515e+000  7.1021039e+000
  2.0838051e+000  9.1040815e+000
  4.8898001e+000  3.4701221e+000
  7.2094777e+000  6.8498486e+000
  7.5427755e+000  2.4038655e+000
  7.0812050e+000  2.4981188e+000
  2.1289985e+000  7.7713972e+000
  2.4521459e+000  7.2404838e+000
  4.0644633e+000  8.2319784e+000
  2.7816592e+000  2.1841350e+000
  2.1786731e+000  7.2046160e+000
  7.3633545e+000  7.3630703e+000
  5.5157578e+000  2.8147177e+000
  3.2884399e+000  2.4541145e+000
  2.9494257e+000  7.2344455e+000
  5.3834058e+000  2.5416132e+000
  3.0502170e+000  4.8635332e+000
  3.3862802e+000  2.7089639e+000
  7.8281908e+000  6.3862210e+000
  5.2848055e+000  2.3762232e+000
  5.7890242e+000  2.0912755e+000
  3.0623894e+000  7.8922207e+000
  6.7609367e+000  5.5315671e+000
  5.6271193e+000  4.5965977e+000
  5.0398001e+000  7.3087021e+000
  7.0711335e+000  5.6944915e+000
  3.3754317e+000  2.5450697e+000
  3.6464638e+000  2.6721406e+000
  2.6899580e+000  4.4753710e+000
  2.5398429e+000  4.6163821e+000
  7.7367416e+000  6.6760908e+000
  8.2784668e+000  6.8607713e+000
  3.5347150e+000  2.1964063e+000
  6.2244254e+000  7.0844941e+000
  3.5506556e+000  3.3155683e+000
  5.2258981e+000  4.3632850e+000
  4.1447893e+000  7.7953706e+000
  5.6570669e+000  3.3387254e+000
  6.6932501e+000  6.4858215e+000
  8.5417573e+000  2.8240427e+000
  2.7482704e+000  7.8771875e+000
  8.1043644e+000  6.5375733e+000
  7.4034415e+000  2.1416084e+000
  1.6480332e+000  5.7487488e+000
  5.7708240e+000  5.0681357e+000
  7.0733952e+000  6.0002081e+000
  7.2286037e+000  6.4839638e+000
  7.3342248e+000  1.1189212e+000
  7.6084016e+000  6.6913025e+000
  6.6451758e+000  6.2877435e+000
  3.0047854e+000  7.3793200e+000
  5.8194493e+000  1.6732614e+000
  3.8464609e+000  2.5247671e+000
  3.0921373e+000  8.1569322e+000
  5.7763361e+000  3.5708568e+000
  7.0474146e+000  7.6694873e+000
  2.3895688e+000  2.5852331e+000
  2.2406782e+000  4.1315357e+000
  5.9052610e+000  3.8064047e+000
  4.4884657e+000  6.4062515e+000
  1.1441721e+000  4.1325207e+000
  5.0507194e+000  4.8525955e+000
  7.4892467e+000  6.5546522e+000
  7.5988497e+000  7.4621202e+000
  1.8427656e+000  3.1041330e+000
  6.6340097e+000  7.3916970e+000
  5.4100504e+000  3.4112232e+000
  7.3257393e+000  6.1890449e+000
  5.3916882e+000  3.0926022e+000
  3.2013163e+000  2.6453406e+000
  6.8627713e+000  4.0751122e-001
 -5.9734638e-002  8.4292320e+000
  2.9705305e+000  2.9644846e+000
  3.0980271e+000  2.4703801e+000
  8.2000752e+000  3.1848745e+000
  2.3340912e+000  6.3659967e+000
  3.7956568e+000  8.4710145e+000
  1.3451701e+000  3.2333787e+000
  5.4743504e+000  3.4123964e+000
  7.7152748e+000  6.6032209e+000
  6.9725168e+000  2.4118294e+000
  5.0887196e+000  3.1817845e+000
  5.5177828e+000  3.2115483e+000
  4.4148889e+000  2.3702273e+000
  2.7067854e+000  8.8079427e+000
  7.6520757e+000  6.7816257e+000
  3.9096861e+000  1.3559555e+000
  7.1585240e+000  1.8759560e+000
  6.6556112e+000  6.9287886e+000
  7.2726955e+000  4.7833194e+000
  7.2029455e+000  5.9847517e+000
  1.7474454e+000  5.6634183e+000
  7.5348009e+000  7.3424592e+000
  2.9411722e+000  2.3090318e+000
  1.6732354e+000  7.6806798e+000
  2.0208454e+000  7.5257257e+000
  3.4989543e+000  7.8608448e+000
  7.9959913e+000  3.3291697e+000
  7.7313723e+000  6.9678556e+000
  5.6208365e+000  2.9818486e+000
  2.7178298e+000  7.9255871e+000
  2.2300623e+000  2.2301178e+000
  7.0451730e+000  6.2250066e+000
  6.2711316e+000  7.0644507e+000
  5.9376680e-001  6.3573243e+000
  7.5237241e+000  7.4776252e+000
  7.1653697e+000  2.8356881e+000
  2.2653222e+000  7.5879545e+000
  5.8132647e+000  1.5442953e+000
  7.3712839e+000  7.3438829e+000
  3.2150740e+000  7.9952497e+000
  2.1058864e+000  7.1277926e+000
  4.5131531e+000  3.0206890e+000
  5.6748566e+000  4.8606634e+000
  1.3292094e+000  2.2206391e+000
  5.2084158e+000  3.0010620e+000
  2.6417183e+000  5.1780396e+000
  3.2145853e+000  8.4111859e+000
  7.7056638e+000  6.7930475e+000
  8.4338272e+000  8.3044713e+000
  2.5653284e+000  5.3225843e+000
  5.5634232e+000  3.3690798e+000
  5.1153562e+000  3.4081115e+000
  2.9643004e+000  8.0109281e+000
  3.5149112e+000  7.8633310e+000
  3.3779680e+000  4.5091295e+000
  8.0655547e+000  7.1019224e+000
  8.0213828e+000  7.0267117e+000
  6.1973214e+000  1.6004093e+000
  2.1587909e+000  2.3761176e+000
  7.6467557e+000  7.3427301e+000
  7.2441304e+000  1.6121960e+000
  2.1162252e+000  7.7164254e+000
  2.3653260e+000  7.9037349e+000
  1.6686437e+000  7.4015288e+000
  7.7835521e+000  2.1106627e+000
  7.5245078e+000  6.6929108e+000
  6.9172755e+000  5.8451941e+000
  2.6215555e+000  5.2045782e+000
  6.1862073e+000  2.3364984e+000
  7.3477379e+000  6.6868372e+000
  6.8539669e+000  6.9695360e+000
  8.1548667e+000  3.6543727e+000
  7.4883425e+000  6.4576928e+000
  6.4052394e+000  1.8781667e+000
  7.4514989e+000  7.4371779e+000
  3.4310585e+000  8.0006448e+000
  5.9194650e+000  4.1371373e+000
  2.1376888e+000  7.7069561e+000
  7.4141522e+000  7.1762481e+000
  6.9981494e+000  5.9892793e+000
  7.6256611e+000  6.6834106e+000
  3.7575550e+000  5.4561700e+000
  1.7873497e+000  5.7070903e+000
  2.7384932e+000  3.1396774e+000
  7.7065126e+000  6.7062732e+000
  3.2932871e+000  7.3246283e+000
  7.3733513e+000  6.6285893e+000
  1.8542054e+000  7.2177764e+000
  3.7134278e+000  1.5897979e+000
  3.9156114e+000  5.4961402e+000
  4.2091273e+000  1.7480813e+000
  1.1736064e+000  3.1653968e+000
  1.9334415e+000  2.3786939e+000
  2.2862930e+000  3.4914365e+000
  7.7246840e+000  3.8169239e+000
  4.9106750e+000  3.7841572e+000
  2.2130501e+000  4.4536428e+000
  2.4037317e+000  3.5432229e+000
  4.7824375e+000  5.7095717e+000
  7.7735052e+000  5.4047618e+000
  7.3178275e+000  1.8359418e+000
  7.7710090e+000  6.5368329e+000
  2.6496520e+000  2.5434553e+000
  5.6968670e+000  3.5090932e+000
  5.5596911e+000  4.8650533e+000
  2.2663523e+000  5.0598454e+000
  3.3918455e+000  2.9289117e+000
  6.4750509e+000  5.9924708e+000
  5.2886474e+000  3.6046019e+000
  4.6470191e+000  3.5104387e+000
  2.4488483e+000  7.8308870e+000
  6.0952803e+000  1.8625778e+000
