  5.0163879e+000  4.9705171e+000
  5.7427536e+000  7.6788005e+000
  9.3661472e-001  7.0333690e+000
  8.4655501e+000  1.8586376e+000
  7.0310219e+000  6.1931254e+000
  6.1473406e+000  6.9937057e+000
  8.0629692e+000  1.5566770e+000
  1.4924568e+000  1.9619046e+000
  1.4086179e+000  4.1636882e+000
  1.2149620e+000  7.1735897e+000
  6.5493169e+000  8.6295682e+000
  3.2451212e+000  4.3207354e+000
  8.2628330e+000  5.6980016e+000
  2.4895202e+000  2.6036017e+000
  5.3153538e+000  1.6675204e+000
  8.9522177e+000  5.3825525e+000
  3.5031575e+000  8.8848432e+000
  8.0418557e+000  8.3359683e+000
  8.7698410e+000  2.3728781e+000
  5.0564546e+000  8.0256593e+000
  6.9044922e+000  8.6741133e+000
  2.8235844e+000  8.5257197e+000
  6.1132483e+000  1.3696141e+000
  5.1318585e+000  2.9868761e+000
  5.3577765e+000  5.4626498e+000
  6.8548794e+000  5.0379944e+000
  1.4890166e+000  6.9682955e+000
  8.1382656e+000  1.5717308e+000
  8.7289463e+000  4.9901863e+000
  4.7467748e+000  4.4115099e+000
  8.7442498e+000  5.3499915e+000
  8.1070963e+000  1.6542252e+000
  3.3820248e+000  1.7583279e+000
  2.7195631e+000  4.1601763e+000
  2.9096104e+000  1.5319399e+000
  8.6371601e+000  5.8203213e+000
  6.6323328e+000  8.4434120e+000
  1.6097641e+000  8.1495026e+000
  2.8331957e+000  9.0651372e+000
  8.5109487e+000  1.2532898e+000
  1.6335828e+000  1.5197259e+000
  6.3353460e+000  1.2393433e+000
  2.3912442e+000  1.4466347e+000
  8.1781521e+000  2.4431297e+000
  1.8653950e+000  3.6271712e+000
  2.3812980e+000  8.6813468e+000
  1.1460160e+000  3.1685063e+000
  5.2759834e+000  8.3156763e+000
  8.3509715e+000  1.9051497e+000
  1.2427998e+000  7.0613073e+000
  7.8423201e+000  1.8070262e+000
  2.8080749e+000  8.9597710e+000
  8.7911633e+000  5.2259986e+000
  5.9320314e+000  7.2692146e+000
  5.9553054e+000  6.6610355e+000
  6.9493857e+000  4.5318866e+000
  1.5196540e+000  4.2197456e+000
  7.1921165e+000  8.6881669e+000
  1.3334912e+000  4.3948443e+000
  8.8437320e+000  5.6882360e+000
  1.6019012e+000  4.2337329e+000
  1.9142773e+000  6.9395404e+000
  5.2830946e+000  2.9207144e+000
  8.3897676e+000  2.6915909e+000
  8.1529563e+000  6.7441085e+000
  1.4137754e+000  1.6968850e+000
  5.0778314e+000  6.6055233e+000
  5.3201218e+000  2.9935586e+000
  1.2708982e+000  6.8631219e+000
  6.7950830e+000  6.7078424e+000
  5.0157052e+000  3.0497061e+000
  1.4717539e+000  4.8092376e+000
  1.8626107e+000  6.8261511e+000
  1.7898374e+000  5.0432260e+000
  8.7327214e+000  5.3056453e+000
  5.0749088e+000  2.8558546e+000
  8.1988679e+000  1.7284914e+000
  3.6595772e+000  8.5494144e+000
  3.9947922e+000  2.7372091e+000
  3.3555800e+000  1.8136607e+000
  6.6920039e+000  7.2723636e+000
  7.4377466e+000  8.7265785e+000
  3.7121966e+000  8.3942283e+000
  8.6047068e+000  1.8561934e+000
  4.6424635e+000  1.2194863e+000
  5.4582291e+000  2.7786321e+000
  2.0992065e+000  1.4074651e+000
  3.3975776e+000  1.3517063e+000
  4.4751160e+000  2.0617404e+000
  8.5373144e+000  3.6249180e+000
  4.0040138e+000  7.0709608e+000
  2.7610018e+000  2.8116576e+000
  3.1332693e+000  1.6044337e+000
  8.4633939e+000  1.8528650e+000
  4.3558665e+000  1.7616262e+000
  6.8495158e+000  1.3823462e+000
  1.6587730e+000  4.1723119e+000
  1.4011827e+000  7.1349794e+000
  3.4941678e+000  1.3543854e+000
  3.3699288e+000  1.4244541e+000
  6.7855137e+000  6.0792879e+000
  1.2487199e+000  1.9072660e+000
  8.9689364e+000  3.2204183e+000
  6.0922579e+000  8.8489363e+000
  8.6292751e+000  1.8325445e+000
  1.6330659e+000  7.9939700e+000
  1.2422607e+000  1.8448987e+000
  1.3589211e+000  5.0838387e+000
  5.2667015e+000  2.8964790e+000
  1.7741312e+000  7.2170498e+000
  5.2081670e+000  2.8107522e+000
  8.2713869e+000  1.8689355e+000
  8.7808243e+000  1.8755320e+000
  1.7459874e+000  7.4005988e+000
  2.6691508e+000  4.8956505e+000
  8.6563342e+000  7.2405180e+000
  8.9204881e+000  6.7093220e+000
  5.3516759e+000  2.6918590e+000
  4.7622387e+000  2.1640582e+000
  1.0061388e+000  6.9218215e+000
  6.3803852e+000  7.2844870e+000
  3.4294710e+000  5.7604526e+000
  5.4613355e+000  3.3858920e+000
  9.0770562e+000  5.0811098e+000
  3.5122709e+000  1.4521698e+000
  2.1648929e+000  8.4608976e+000
  3.4378927e+000  6.5186382e+000
  1.7572174e+000  6.8860625e+000
  3.1760831e+000  1.6040907e+000
  7.0916108e+000  6.7293344e+000
  3.1187053e+000  1.3925183e+000
  5.4442616e+000  3.4303189e+000
  8.0464411e+000  6.7872266e+000
  3.4287099e+000  8.8695953e+000
  2.8526494e+000  1.5537661e+000
  1.4777621e+000  1.4980689e+000
  3.0752775e+000  1.6316439e+000
  1.3779301e+000  1.4512337e+000
  1.8584819e+000  5.2384461e+000
  5.3893378e+000  2.7109092e+000
  1.2879964e+000  7.8984746e+000
  2.8531615e+000  2.3854181e+000
  8.3089735e+000  5.3472159e+000
  8.6948469e+000  2.7040023e+000
  1.7610271e+000  8.3631343e+000
  5.2848974e+000  2.8496369e+000
  8.8938658e+000  5.8157710e+000
  1.7551100e+000  6.8822053e+000
  7.3637238e+000  7.0671477e+000
  8.9233694e+000  8.4049250e+000
  8.8850318e+000  8.4869041e+000
  8.9620944e+000  4.9519948e+000
  1.4889951e+000  5.4593225e+000
  5.5511017e+000  4.7992881e+000
  2.7280423e+000  1.7526839e+000
  4.3038546e+000  6.0410603e+000
  8.3035528e+000  8.0131140e+000
  1.0770903e+000  1.4932380e+000
  3.0983879e+000  1.4230128e+000
  7.1882446e+000  5.5625872e+000
  1.4741428e+000  6.8080165e+000
  3.2388624e+000  9.2543406e+000
  2.6553368e+000  1.9944397e+000
  8.3023672e+000  2.2653079e+000
  3.6464792e+000  1.4576294e+000
  1.1633693e+000  6.8577896e+000
  5.3245249e+000  3.7950999e+000
  8.1984717e+000  2.5237243e+000
  7.0753737e+000  3.4853330e+000
  3.9039217e+000  3.7347947e+000
  5.8323069e+000  7.2933920e+000
  2.4825149e+000  3.3244546e+000
  2.8338675e+000  1.5010571e+000
  1.5343928e+000  7.8023930e+000
  2.4693880e+000  8.3290813e+000
  1.5418180e+000  7.3552822e+000
  5.5759947e+000  5.9881744e+000
  1.2600902e+000  7.2693850e+000
  8.8916195e+000  1.9326451e+000
  3.4427245e+000  7.0230411e+000
  3.3436544e+000  1.6115028e+000
  1.4303123e+000  1.5780334e+000
  5.1210010e+000  3.2486179e+000
  8.2659869e+000  2.2733369e+000
  8.7035358e+000  8.5593001e+000
  3.2751287e+000  1.4018387e+000
  5.5232007e+000  2.9232276e+000
  5.6836679e+000  7.5285602e+000
  8.3291108e+000  5.1777115e+000
  7.2524549e+000  8.7589119e+000
  8.9728088e+000  5.3585840e+000
  3.2984243e+000  1.1108708e+000
  6.8458677e+000  8.2481032e+000
  8.6144816e+000  8.7866334e+000
  1.2757805e+000  6.7449104e+000
  5.2760752e+000  2.9510058e+000
  8.4121460e+000  1.6191465e+000
  8.8316498e+000  5.9843395e+000
  8.5357716e+000  6.0772113e+000
  7.6287788e+000  1.3899125e+000
  4.3256192e+000  8.5558154e+000
  9.0782774e+000  8.8113615e+000
  6.4020441e+000  7.9175009e+000
  3.3931146e+000  1.6128115e+000
  5.3105376e+000  5.0209728e+000
  7.9116040e+000  1.5490793e+000
  8.3077534e+000  2.7001383e+000
  6.2020817e+000  6.4212255e+000
  8.6311827e+000  4.8212761e+000
  6.2379117e+000  7.2807240e+000
  8.6786057e+000  2.2474691e+000
  1.1582790e+000  8.5832556e+000
  5.0370515e+000  2.7843332e+000
  5.3926555e+000  1.4118278e+000
  1.1823328e+000  6.9259383e+000
  8.7674916e+000  1.9935237e+000
  6.7351122e+000  8.7055518e+000
  5.5641793e+000  1.3512804e+000
  4.9446348e+000  3.7269236e+000
  8.4980518e+000  2.3289610e+000
  8.1178806e+000  2.3288598e+000
  1.2354212e+000  7.0592714e+000
  2.0734385e+000  5.5534033e+000
  6.5639081e+000  7.1643517e+000
  4.1492005e+000  6.1524537e+000
  3.4679569e+000  1.2985032e+000
  3.7686487e+000  1.8280492e+000
  8.3810603e+000  1.7459698e+000
  1.9322623e+000  8.0874099e+000
  2.9555969e+000  1.6770594e+000
  4.2603188e+000  4.6549405e+000
  6.4724521e+000  6.2921786e+000
  4.4005798e+000  8.3860432e+000
  9.0526811e+000  3.5513082e+000
  5.9664266e+000  8.2065390e+000
  5.3502980e+000  3.0909114e+000
  1.6456950e+000  1.4669875e+000
  3.5209021e+000  4.9207637e+000
  2.1645859e+000  2.0434773e+000
  9.0780790e+000  8.3784615e+000
  5.0217513e+000  3.1530694e+000
  2.5136795e+000  4.9048870e+000
  8.6193119e+000  6.2659954e+000
  9.1490040e-001  3.4120860e+000
  5.4235460e+000  3.5570594e+000
  5.8664701e+000  8.8218150e+000
  8.4485857e+000  2.1906533e+000
  8.4677498e+000  5.2433477e+000
  4.1396601e+000  8.8023563e+000
  1.4580236e+000  6.1529461e+000
  5.1804070e+000  2.8545152e+000
  8.6620788e+000  4.5330963e+000
  5.5761945e+000  3.1498452e+000
  7.0942081e+000  6.2319036e+000
  3.3484297e+000  3.4412553e+000
  7.3259824e+000  6.9725663e+000
  1.4967416e+000  1.7180871e+000
  8.7890126e+000  4.2351631e+000
  7.4609610e+000  5.5597560e+000
  1.3865313e+000  7.4922749e+000
  1.2441284e+000  7.1155151e+000
  2.7469083e+000  8.5282405e+000
  1.6061344e+000  7.5494840e+000
  4.2416764e+000  9.0484935e+000
  7.5994811e+000  1.6015310e+000
  6.1190550e+000  6.7113933e+000
  5.3114500e+000  6.9017231e+000
  6.1002454e+000  7.7440886e+000
  8.0527119e+000  1.5492068e+000
  8.2161751e+000  1.6456206e+000
  6.9713023e+000  5.8294959e+000
  1.4322859e+000  4.4746522e+000
  5.1090223e+000  4.4744819e+000
  8.3175021e+000  5.5473887e+000
  2.9756284e+000  1.7836413e+000
  5.3333233e+000  2.8714111e+000
  3.0347336e+000  8.7557558e+000
  1.2968650e+000  4.5885001e+000
  4.7673127e+000  8.5160623e+000
  2.0224044e+000  7.0642579e+000
  2.6005174e+000  4.9440641e+000
  9.0053253e+000  5.0707593e+000
  5.1661293e+000  2.6128199e+000
  8.4767105e+000  6.9242454e+000
  1.4669167e+000  4.3419109e+000
  8.7035564e+000  7.4420578e+000
  6.7128713e+000  1.4273207e+000
  9.2731612e+000  3.5551341e+000
  8.2603063e+000  1.6812128e+000
  5.6196533e+000  3.1578254e+000
  4.4921186e+000  8.7422974e+000
  2.6852764e+000  4.4393598e+000
  8.4178078e+000  5.1349110e+000
  8.9394822e+000  4.9235108e+000
  6.9194904e+000  8.6378871e+000
  5.6819482e+000  7.0004062e+000
  3.2905820e+000  4.0780895e+000
  8.5761678e+000  1.8038518e+000
  5.4361707e+000  2.4906125e+000
  1.3458682e+000  1.5907497e+000
  5.2658009e+000  8.6533454e+000
  5.2316816e+000  3.3060843e+000
  4.5076818e+000  5.8637781e+000
  5.1831175e+000  6.4831825e+000
  8.6121771e+000  7.4836924e+000
  8.8388052e+000  2.2688190e+000
  8.3800072e+000  2.5512069e+000
  1.4975462e+000  2.0575420e+000
  8.7425338e+000  7.8908698e+000
  1.1319468e+000  1.8354392e+000
  4.1594494e+000  1.9906482e+000
  1.3541423e+000  1.5980781e+000
  1.7969735e+000  6.9217888e+000
  8.2125425e+000  2.3841698e+000
  1.3899490e+000  4.0971221e+000
  6.5174447e+000  4.7337630e+000
  8.3223006e+000  1.8151846e+000
  5.2281752e+000  3.0764162e+000
  5.7919534e+000  4.8375513e+000
  1.5735673e+000  1.8347484e+000
  2.5207470e+000  2.2877417e+000
  7.0115352e+000  1.8124312e+000
  5.4127421e+000  3.4000379e+000
  1.3881842e+000  1.7332793e+000
  8.8237536e+000  8.2120015e+000
  3.6393920e+000  8.3137858e+000
  6.5652758e+000  7.3507410e+000
  8.8258725e+000  8.7137537e+000
  8.9305652e+000  1.8524081e+000
  8.3314896e+000  2.6329375e+000
  8.4328510e+000  1.6809861e+000
  8.7511994e+000  7.6503919e+000
  5.2656747e+000  2.8214250e+000
  8.3302985e+000  2.3441838e+000
  8.8071455e+000  5.1957048e+000
  8.5880612e+000  6.3222943e+000
  1.4474970e+000  7.4496214e+000
  8.6573049e+000  1.9807087e+000
  3.6491038e+000  8.6106151e+000
  1.8649783e+000  6.1427898e+000
  6.9992354e+000  5.9456417e+000
  1.8563589e+000  7.1934024e+000
  5.4218264e+000  2.8755209e+000
  3.4813011e+000  1.6135172e+000
  8.6307035e+000  6.4470709e+000
  3.3415715e+000  8.9306628e+000
  7.1878642e+000  5.9523307e+000
  5.6555289e+000  1.6965307e+000
  6.7242892e+000  4.1526688e+000
  3.9170770e+000  6.8460147e+000
  1.8538190e+000  4.3025302e+000
  1.3897802e+000  1.6095656e+000
  2.3181952e+000  8.4796507e+000
  8.2449502e+000  2.1722232e+000
  2.5978708e+000  4.4247435e+000
  8.1858643e+000  1.3329294e+000
  8.7219519e+000  5.6347914e+000
  1.8069956e+000  7.0476233e+000
  5.9504132e+000  7.7380487e+000
  1.7119507e+000  7.1850068e+000
  1.5739039e+000  4.0356977e+000
  8.6799157e+000  6.5363260e+000
  7.9841192e+000  1.7275031e+000
  9.5233644e-001  2.4933093e+000
  1.8605447e+000  8.2243657e+000
  7.1690779e+000  6.2834660e+000
  3.8112744e+000  1.7457267e+000
  5.4311158e+000  1.2595618e+000
  6.9256581e+000  4.6179544e+000
  1.2313852e+000  6.6621310e+000
  8.7765847e+000  5.7728742e+000
  8.5538569e+000  1.9311884e+000
  3.1613846e+000  9.1189567e+000
  8.3355497e+000  3.3075026e+000
  5.9092335e+000  8.4509852e+000
  3.0833815e+000  1.4253218e+000
  8.3788797e+000  5.5797318e+000
  4.5195429e+000  8.9782005e+000
  8.4134379e+000  2.3708490e+000
  8.3428276e+000  1.8310683e+000
  8.6681520e+000  7.9959635e+000
  3.8554759e+000  1.6312116e+000
  5.1445956e+000  4.1317600e+000
  8.1715179e-001  9.3726657e+000
  5.0204224e+000  2.7678299e+000
  8.4567316e+000  3.0737225e+000
  3.5219659e+000  1.4033249e+000
  1.5852253e+000  1.0918754e+000
  8.9546790e+000  8.4995019e+000
  9.3332099e-001  4.0710181e+000
  1.9088945e+000  4.3676876e+000
  7.8804400e+000  5.8476429e+000
  8.2680954e+000  6.1920674e+000
  8.8500838e+000  5.1704764e+000
  5.3447350e+000  2.5782097e+000
  1.0813490e+000  8.3402664e+000
  1.4328588e+000  4.0609459e+000
  1.1009986e+000  1.8581216e+000
  1.8770811e+000  6.8697882e+000
  7.1472711e+000  6.1422958e+000
  1.4034179e+000  4.2293005e+000
  4.4524577e+000  8.8746186e+000
  5.2209923e+000  3.2015311e+000
  1.8979244e+000  1.4877901e+000
  1.4472507e+000  2.1531654e+000
  4.7381286e+000  4.1705887e+000
  5.4050672e+000  5.4090465e+000
  8.2365317e+000  8.3510550e+000
  4.5530554e+000  9.0360773e+000
  6.0144216e+000  5.3801791e+000
  4.9190436e+000  8.5921621e+000
  1.3117753e+000  7.4333216e+000
  3.8382696e+000  1.4317445e+000
  1.2323515e+000  8.5683112e+000
  3.6358302e+000  8.7439026e+000
  3.3270599e+000  1.5952153e+000
  8.8686933e+000  1.1633121e+000
  2.4678355e+000  8.3619220e+000
  5.1694177e+000  3.1299176e+000
  8.9510695e+000  2.2460358e+000
  1.7944768e+000  4.1351955e+000
  1.7101943e+000  4.9110904e+000
  3.9156924e+000  5.0874274e+000
  6.7244290e+000  8.8125957e+000
  3.1084395e+000  1.4625716e+000
  4.0150586e+000  5.6214413e+000
  5.1695414e+000  3.5203306e+000
  7.2293302e+000  4.1712839e+000
  8.3201185e+000  2.8183144e+000
  1.3203409e+000  1.4384646e+000
  8.8623265e+000  4.0070870e+000
  1.8775698e+000  6.9483185e+000
  7.7467025e+000  2.2162029e+000
  3.8372317e+000  8.3753919e+000
  8.8511356e+000  8.6859904e+000
  8.7693471e+000  7.6845778e+000
  8.9794464e+000  6.6704295e+000
  7.0208405e+000  5.2756262e+000
  5.7356414e+000  5.5981249e+000
  8.9779926e+000  5.1443079e+000
  3.3901517e+000  1.7919729e+000
  7.0675781e+000  8.7971911e+000
  5.7429473e+000  7.1174482e+000
  3.4133918e+000  1.2185689e+000
  5.2832593e+000  4.1143438e+000
  6.8350940e-001  8.4984679e+000
  4.2320718e+000  1.7950917e+000
  3.1451283e+000  9.3498724e+000
  1.3882797e+000  6.5719336e+000
  4.2040750e+000  1.4109006e+000
  2.0241387e+000  7.2373946e+000
  6.2054579e+000  6.6203477e+000
  8.5496083e+000  6.3280904e+000
  3.7091338e+000  1.6648286e+000
  8.5887695e+000  7.5866710e+000
  3.8705044e+000  8.7773681e+000
  9.0336366e+000  4.9230187e+000
  8.1394694e+000  2.3250298e+000
  1.3304161e+000  1.8563224e+000
  9.0873668e+000  3.6499784e+000
  3.3680771e+000  1.5935517e+000
  9.2250577e+000  8.9884469e+000
  1.5139357e+000  1.8230986e+000
  3.3437252e+000  1.6672493e+000
  8.7497783e+000  1.2337277e+000
  8.5812297e+000  6.4477381e+000
  1.0307236e+000  2.3983254e+000
  1.6157327e+000  7.1330164e+000
  1.2268129e+000  8.7574382e+000
  2.0460238e+000  8.4472374e+000
  4.9821717e+000  2.9478783e+000
  8.2354508e+000  5.2018308e+000
  1.6476597e+000  5.0153614e+000
  8.6035926e+000  8.8422097e+000
  1.4540939e+000  7.1127808e+000
  1.4564643e+000  1.4109147e+000
  8.3533341e+000  1.6547894e+000
  5.5623034e+000  7.3292646e+000
  4.3077673e+000  5.9874876e+000
  8.4222312e+000  6.3903873e+000
  6.8643326e+000  8.7816935e+000
  4.9595623e+000  2.3659471e+000
  8.4985610e+000  1.7236489e+000
  1.8249937e+000  5.5008258e+000
  8.3543807e+000  6.2107853e+000
  8.3733954e+000  6.3348205e+000
  5.2407965e+000  3.2433849e+000
  8.2176622e+000  1.5868606e+000
  4.7958288e+000  3.5346534e+000
  5.1555848e+000  8.5465278e+000
  3.9295589e+000  9.2019418e+000
  9.0096454e+000  6.2434589e+000
  6.0687351e+000  8.3923298e+000
  3.8642646e+000  8.6627013e+000
  5.0390779e+000  8.5933915e+000
  5.7173698e+000  8.4988706e+000
  6.3806198e+000  7.0371644e+000
  8.6877008e+000  1.3288054e+000
  8.1008727e+000  5.9974346e+000
  3.1385330e+000  1.7216550e+000
  8.8699767e+000  5.1491097e+000
  8.4809725e+000  7.0265500e+000
  8.5486191e+000  8.2209474e+000
  5.2279762e+000  4.2218118e+000
  1.4756797e+000  4.3754672e+000
  1.6824163e+000  4.9765769e+000
  1.6995297e+000  2.8151815e+000
  3.0793414e+000  1.4349065e+000
  1.6364373e+000  6.7477315e+000
  1.4446575e+000  8.5266194e+000
  8.5274060e+000  6.3541375e+000
  1.7410286e+000  6.3216575e+000
  1.1172234e+000  7.1079735e+000
  5.6791087e+000  1.5768600e+000
  2.8510247e+000  8.6900334e+000
  5.7239289e+000  7.3469194e+000
  8.5409284e+000  1.4577183e+000
  8.6033030e+000  1.8558727e+000
  8.6971927e+000  2.6693631e+000
  1.0671876e+000  9.1301218e+000
  7.1060256e+000  1.4681371e+000
  4.3843247e+000  2.1178772e+000
  1.0325469e+000  7.0332028e+000
  8.7523003e+000  9.1422195e+000
  1.3028976e+000  6.8878876e+000
  4.8112383e+000  4.1655166e+000
  3.4575236e+000  1.4272845e+000
  5.3219450e+000  3.2666759e+000
  6.9785961e+000  8.5959389e+000
  1.1001771e+000  6.8692947e+000
  8.8639051e+000  2.4508778e+000
  6.9906417e+000  5.8948980e+000
  6.7126383e+000  6.9091094e+000
  1.3483289e+000  1.9592571e+000
  3.5656269e+000  8.2955078e+000
  3.3910339e+000  1.4360394e+000
  1.6156106e+000  6.3194010e+000
  7.3388913e+000  1.8085913e+000
  8.3586348e+000  5.4552274e+000
  8.8398735e+000  8.4179370e+000
  1.7040310e+000  1.7146721e+000
  5.4456284e+000  5.7085193e+000
  1.8380553e+000  5.7440149e+000
  8.2596037e+000  5.5474251e+000
  5.1156643e+000  2.6169527e+000
  1.7532530e+000  4.9651160e+000
  6.5909570e+000  4.4107430e+000
  1.5491016e+000  6.1096063e+000
  3.1428415e+000  8.9703741e+000
  8.6470573e+000  5.3334538e+000
  1.4368607e+000  3.8123724e+000
  8.7835945e+000  8.6323897e+000
  5.8733895e+000  6.9135257e+000
  5.1677571e+000  4.5809843e+000
  8.4043314e+000  5.4100448e+000
  3.9919360e+000  8.4975570e+000
  2.1304458e+000  3.6524709e+000
  3.3263209e+000  1.9535954e+000
  1.3978034e+000  2.4711025e+000
  1.9246034e+000  4.5687954e+000
  6.5807839e+000  3.3986261e+000
  2.1878723e+000  4.0816304e+000
  6.1601428e+000  8.1952289e+000
  6.3217360e+000  7.9709041e+000
  1.4194632e+000  4.4872804e+000
  5.0837235e+000  8.6811924e+000
  8.9085998e+000  3.0156146e+000
  3.4749941e+000  1.3924440e+000
  1.7227760e+000  8.0445275e+000
  1.6234567e+000  3.8168147e+000
  9.0308487e+000  8.4335009e+000
  2.8884481e+000  1.5687325e+000
  5.3415474e+000  7.9593542e+000
  1.8426290e+000  3.3944815e+000
  4.7012087e+000  2.3030429e+000
  8.9516628e+000  2.8127927e+000
  8.7284274e+000  6.1830033e+000
  1.3171628e+000  6.9517817e+000
  7.2320486e+000  1.5579573e+000
  9.0878633e+000  6.4501053e+000
  2.0129012e+000  7.9303830e+000
  5.4424082e+000  3.0422540e+000
  6.9865710e+000  3.7535444e+000
  6.2138093e+000  7.0593778e+000
  8.8787880e-001  7.2144479e+000
  3.0697851e+000  1.2130433e+000
  1.8796405e+000  4.6264646e+000
  8.7564407e+000  4.5903877e+000
  7.7992745e+000  1.7311139e+000
  1.4062082e+000  4.1065915e+000
  1.8012551e+000  7.1124375e+000
  8.5742578e+000  4.8495908e+000
  1.7172460e+000  7.0491304e+000
  1.4823939e+000  7.1057921e+000
  7.9302324e+000  4.6499458e+000
  3.3469980e+000  1.4397904e+000
  9.1028939e+000  4.9390738e+000
  5.1686485e+000  6.7374775e+000
  8.4138339e+000  7.6909628e+000
  7.0659966e+000  6.9352711e+000
  1.5431756e+000  1.8761774e+000
  1.3843780e+000  7.1755010e+000
  8.8743402e+000  8.6937837e+000
  1.3962173e+000  3.8515146e+000
  4.8170661e+000  3.6771391e+000
  1.2856637e+000  1.6866742e+000
  5.0168705e+000  8.9998403e-001
  1.5206318e+000  1.4391325e+000
  2.0721159e+000  6.1264300e+000
  1.8039805e+000  2.1070185e+000
  8.6045199e+000  1.5363251e+000
  1.7028518e+000  7.5406180e+000
  8.4292846e+000  1.6516134e+000
  8.0225399e+000  9.6316619e-001
  5.7314883e+000  7.8566598e+000
  1.9229893e+000  6.4055672e+000
  2.8273231e+000  9.0019050e+000
  6.6030107e+000  6.1898558e+000
  4.5684912e+000  8.8555919e+000
  8.3547115e+000  1.7133884e+000
  9.1144046e-001  8.6372758e+000
  7.7234523e+000  1.9843114e+000
  6.0780578e+000  6.7576813e+000
  1.4494674e+000  1.6409761e+000
  8.0365558e+000  8.5012613e+000
  5.7896206e+000  2.9084336e+000
  1.2006277e+000  6.9952093e+000
  4.1028555e+000  8.6795038e+000
  4.6637173e+000  4.6906439e+000
  6.5492273e+000  8.4762706e+000
  6.9554923e+000  1.6011412e+000
  6.6047345e+000  1.2028343e+000
  8.4973744e-001  8.8161353e+000
  1.4707681e+000  2.3423131e+000
  8.8454035e+000  4.3699603e+000
  6.4660703e+000  6.6557378e+000
  2.2015306e+000  6.2699331e+000
  5.1070833e+000  4.6955436e+000
  8.5794543e+000  5.5910440e+000
  3.4499563e+000  8.7864360e+000
  1.5511407e+000  4.3161423e+000
  8.2869473e+000  2.4500244e+000
  6.0716947e+000  8.8326092e+000
  6.6865583e+000  6.6386176e+000
  5.8380201e+000  8.9777030e+000
  4.1780646e+000  7.7057895e+000
  6.8127783e+000  5.7027697e+000
  5.4458088e+000  2.8564530e+000
  8.9002155e+000  3.4049925e+000
  6.7090876e+000  3.9625406e+000
  7.2538355e+000  5.1439349e+000
  1.3830212e+000  6.8912663e+000
  6.9486538e+000  8.4127009e+000
  3.2809861e+000  8.7704892e+000
  1.4453472e+000  2.0640109e+000
  5.0539034e+000  2.5125414e+000
  9.1398322e+000  8.7265801e+000
  9.0413284e+000  5.6374931e+000
  3.1103415e+000  1.4664222e+000
  8.9387402e+000  5.5073835e+000
  8.0760219e+000  1.5164213e+000
  4.0637302e+000  7.6068174e+000
  3.0116076e+000  5.2146992e+000
  1.8423296e+000  7.2911369e+000
  1.6263160e+000  1.8769027e+000
  9.0020792e+000  6.4880137e+000
  3.1737056e+000  1.4434159e+000
  6.6436674e+000  3.1111185e+000
  8.5212537e+000  8.3750320e+000
  3.0173172e+000  4.6799182e+000
  8.5656275e+000  5.5346807e+000
  1.1922097e+000  1.5280281e+000
  8.6548143e+000  8.5501700e+000
  1.6604617e+000  6.2011330e+000
  1.8460149e+000  7.3016428e+000
  6.1198227e+000  2.9767007e+000
  1.5366508e+000  1.8194075e+000
  7.2097901e+000  8.5671690e+000
  4.6997977e+000  8.7510426e+000
  5.1458190e+000  4.4378255e+000
  1.7062008e+000  7.0154446e+000
  8.9234430e+000  8.8214370e+000
  1.3940628e+000  4.0735076e+000
  5.1091862e+000  2.8004162e+000
  3.9747493e+000  9.1766716e+000
  8.7936381e+000  2.0859846e+000
  7.7777529e+000  1.6462049e+000
  1.6546659e+000  7.0042377e+000
  5.1233110e+000  4.2308251e+000
  8.3564704e+000  5.2005999e+000
  1.8073830e+000  8.0993016e+000
  8.4118539e+000  1.9194030e+000
  7.0820544e+000  1.7176646e+000
  3.0686003e+000  1.4113179e+000
  7.1943679e+000  6.2234223e+000
  7.6860060e+000  7.0745088e+000
  8.2585159e+000  1.7793817e+000
  1.5243109e+000  8.2960736e+000
  8.7047366e+000  6.5402377e+000
  6.4274435e+000  3.8124319e+000
  1.4845535e+000  1.6928783e+000
  1.6261437e+000  3.1555393e+000
  4.9568743e+000  2.9234092e+000
  4.9510494e+000  4.1639497e+000
  5.2507018e+000  1.6683852e+000
  8.4571379e+000  7.7841516e+000
  8.5755772e+000  6.9408761e+000
  8.8170173e+000  8.2375250e+000
  6.7217585e+000  7.9086085e+000
  5.6129521e+000  6.0065333e+000
  8.8190059e+000  5.8820009e+000
  8.3048127e+000  5.2083885e+000
  9.0516509e+000  8.7237326e+000
  6.8792239e+000  8.0320311e+000
  5.4503744e+000  2.8866293e+000
  8.9119941e+000  5.9030297e+000
  9.1791253e-001  8.2180423e+000
  3.6143682e+000  8.4800231e+000
  3.4649183e+000  8.9395720e+000
  2.8439720e+000  1.7806886e+000
  9.0199840e+000  4.7809597e+000
  6.8409658e+000  4.3979790e+000
  1.4804770e+000  1.5365194e+000
  8.7708408e+000  7.7047290e+000
  1.8887376e+000  4.2674184e+000
  5.1742394e+000  8.3526883e+000
  4.7788469e+000  1.8653560e+000
  1.0764217e+000  9.0382749e+000
  7.3829319e+000  1.6880929e+000
  1.5111422e+000  3.9823343e+000
  3.1723778e+000  1.6727975e+000
  8.6382637e+000  5.9357500e+000
  1.0385467e+000  6.7835055e+000
  7.0244288e+000  8.1728347e+000
  6.9307687e+000  1.6269547e+000
  8.6532427e+000  4.8952892e+000
  8.9103254e+000  2.3523698e+000
  3.4993378e+000  1.5322799e+000
  7.5961083e+000  8.5903549e+000
  1.4828695e+000  6.9611626e+000
  7.0190091e+000  1.6094887e+000
  4.9027057e+000  4.2177772e+000
  8.5000647e+000  5.5188691e+000
  1.5850504e+000  8.3070906e+000
  6.8844526e+000  4.2769622e+000
  3.3158887e+000  9.0706668e+000
  1.2945807e+000  1.3285439e+000
  3.4601920e+000  1.4447836e+000
  1.7697996e+000  5.0934062e+000
  7.1596498e+000  5.3166358e+000
  1.4600535e+000  1.8751471e+000
  8.1149606e+000  7.8620321e+000
  1.5223530e+000  7.9622698e+000
  8.5940629e+000  6.7017699e+000
  7.1490786e+000  8.2581794e+000
  3.6520960e+000  8.4811498e+000
  8.6765903e+000  8.8408540e+000
  7.6585403e+000  1.6338170e+000
  6.9753823e+000  8.6798750e+000
  8.7777771e+000  2.0424181e+000
  1.3757835e+000  4.1074176e+000
  2.6468594e+000  8.6202665e+000
  8.2917263e+000  2.6061145e+000
  8.8046485e+000  4.0105745e+000
  3.2312284e+000  1.1337954e+000
  5.1010700e+000  3.9258740e+000
  7.9397232e+000  4.7209806e+000
  3.2908327e+000  8.6065444e+000
  8.5869721e+000  6.9669575e+000
  3.1649690e+000  1.5322722e+000
  4.5611757e+000  2.6377520e+000
  6.1885300e+000  6.4826643e+000
  3.5783364e+000  9.2665574e+000
  8.6718335e+000  3.8040074e+000
  3.4955601e+000  8.8800917e+000
  5.6017300e+000  2.2670828e+000
  3.5132228e+000  8.5125140e+000
  1.5652398e+000  1.7446903e+000
  1.8978054e+000  4.6394650e+000
  5.3231041e+000  8.1880989e+000
  6.2910009e+000  5.7173343e+000
  5.1772593e+000  4.0615068e+000
  9.2335415e-001  3.0077930e+000
  6.8209315e+000  8.4223275e+000
  3.4590138e+000  9.1414206e+000
  8.6486881e+000  2.0648407e+000
  5.6982608e+000  3.3574742e+000
  8.5419068e+000  5.6982480e+000
  1.8477730e+000  7.2297092e+000
  1.7220101e+000  1.7023406e+000
  5.4699892e+000  3.1724436e+000
  8.4000299e+000  1.7224313e+000
  5.1874317e+000  2.6852178e+000
  1.7998702e+000  1.7483038e+000
  1.4675319e+000  8.1064370e+000
  1.4065131e+000  4.3055827e+000
  8.5429868e+000  1.3513796e+000
  4.2702054e+000  8.6318669e+000
  8.6022726e+000  1.4971788e+000
  6.4018590e+000  1.7353710e+000
  1.8761120e+000  4.2593029e+000
  1.5420613e+000  4.2937370e+000
  4.9309012e+000  1.4558636e+000
  3.1370277e+000  1.6486710e+000
  8.6286091e+000  5.4899054e+000
  3.1189827e+000  2.3680431e+000
  5.5771118e+000  3.8699008e+000
  8.6096515e+000  5.1352976e+000
  3.4595856e+000  8.6010700e+000
  6.7011509e+000  7.9641853e+000
  5.6842915e+000  1.0060211e+000
  5.6823154e+000  5.6605072e+000
  3.3128185e+000  1.4583197e+000
  7.7409721e+000  8.5440646e+000
  8.3893840e+000  6.7104421e+000
  7.9136279e+000  5.1078220e+000
  1.0841089e+000  7.1645984e+000
  5.9730737e+000  1.2458177e+000
  1.4434902e+000  8.5406672e+000
  1.0274531e+000  6.9868059e+000
  7.0519459e+000  6.9027126e+000
  1.2569999e+000  6.9313465e+000
  2.7243835e+000  1.7279618e+000
  6.3785541e+000  8.3208210e+000
  5.3923958e+000  2.8110602e+000
  2.1182250e+000  3.9658006e+000
  2.7888483e+000  4.0578698e+000
  5.2015104e+000  2.7450562e+000
  8.1971784e+000  1.5846162e+000
  8.3063306e+000  1.2942673e+000
  8.5641939e+000  5.2210084e+000
  5.9014671e+000  7.3215645e+000
  7.2665164e+000  1.5093089e+000
  6.8865083e+000  6.7624121e+000
  4.8566650e+000  2.9001183e+000
  8.9844326e+000  6.5466329e+000
  3.4015690e+000  1.5546385e+000
  4.0269031e+000  6.1643143e+000
  1.3956474e+000  3.2475241e+000
  1.6544491e+000  4.3565249e+000
  5.3268855e+000  3.1686318e+000
  6.7765909e+000  1.7040851e+000
  1.8639388e+000  1.9565773e+000
  7.4235559e+000  7.8697201e+000
  8.4638461e+000  1.3326511e+000
  5.0990918e+000  3.9697776e+000
  8.2611527e+000  1.6807978e+000
  1.5726035e+000  1.5916334e+000
  5.2383115e+000  8.0551450e+000
  5.1568794e+000  5.3789750e+000
  8.9100401e+000  8.4494057e+000
  7.0824359e+000  6.9349043e+000
  1.5170976e+000  4.1157532e+000
  5.1583225e+000  2.8825432e+000
  5.0320704e+000  2.7453432e+000
  6.9274702e+000  8.2657221e+000
  7.7491924e+000  1.7131426e+000
  3.5146159e+000  4.6080422e+000
  5.4514522e+000  3.7095230e+000
  8.9761017e+000  4.9360781e+000
  6.4794781e+000  3.9749240e+000
  8.8304882e+000  3.9885676e+000
  4.1658504e+000  4.1783872e+000
  3.4612266e+000  3.1796709e+000
  2.7054524e+000  3.4339567e+000
  8.2775872e+000  6.0241461e+000
  1.2117244e+000  6.5280294e+000
  8.4441399e+000  1.9314984e+000
  6.9216521e+000  8.7068422e+000
  8.6414562e+000  5.2009762e+000
  5.2844319e+000  3.8498645e+000
  6.9009454e+000  5.8894685e+000
  1.2526944e+000  4.2755179e+000
  2.9475590e+000  8.9468411e+000
  8.2282646e+000  1.5215743e+000
  8.1986489e+000  7.5547761e+000
  9.1296443e+000  5.0773066e+000
  2.0954782e+000  1.6656031e+000
  2.1921382e+000  4.1514081e+000
  4.9445802e+000  3.9547678e+000
  5.7846468e+000  7.1791034e+000
  7.9284130e+000  6.9264655e+000
  5.2269037e+000  6.7255428e+000
  1.5430374e+000  1.5782889e+000
  1.6807573e+000  7.1746197e+000
  3.4250029e+000  8.4666070e+000
  1.5026290e+000  4.5582337e+000
  4.8937975e+000  2.3800609e+000
  7.5101345e-001  8.3959212e+000
  2.3782928e+000  8.5116612e+000
  5.5160386e-001  8.9355167e+000
  6.4934482e+000  1.2081448e+000
  8.6103746e+000  6.3212555e+000
  1.2709201e+000  7.1469903e+000
  9.0251764e+000  8.7731793e+000
  6.4936958e+000  2.2110397e+000
  8.7241713e-001  6.9340730e+000
  1.1333742e+000  8.9670493e+000
  5.9577352e+000  5.5581354e+000
  3.1105532e+000  8.4820608e+000
  1.3816962e+000  1.4694861e+000
  6.7486327e+000  4.0662878e+000
  7.3246315e+000  5.3169942e+000
  8.5031605e+000  8.5781148e+000
  2.7857775e+000  8.8185182e+000
  2.2483010e+000  1.5679676e+000
  1.7466395e+000  7.2577297e+000
  1.4032598e+000  7.2694602e+000
  3.4018972e+000  1.7620259e+000
  6.5287164e+000  4.1301347e+000
  1.4750013e+000  4.2299906e+000
  5.2470559e+000  2.7340228e+000
  7.2889970e+000  4.4705555e+000
  6.0570888e+000  6.6724940e+000
  4.9685353e+000  4.4444165e+000
  1.2709062e+000  1.7916291e+000
  5.8478117e+000  3.2707520e+000
  1.4932753e+000  7.1414553e+000
  7.2992436e+000  1.5364040e+000
  1.1505730e+000  7.2377577e+000
  1.5365101e+000  7.6708944e+000
  9.3142382e+000  9.2588245e+000
  2.3680170e+000  4.0113355e+000
  3.4148961e+000  8.5641896e+000
  4.9263436e+000  4.7137385e+000
  1.3472508e+000  7.2944292e+000
  1.1502984e+000  6.7292286e+000
  1.3182506e+000  8.4614445e+000
  6.4286793e+000  1.5857810e+000
  3.1882702e+000  1.4415920e+000
  4.9447723e+000  3.8893190e+000
  5.3531297e+000  4.0695922e+000
  1.4857762e+000  1.6215391e+000
  1.0474698e+000  9.1246084e+000
  1.6060647e+000  4.5278653e+000
  1.5924458e+000  3.8618459e+000
  5.3957575e+000  2.7889579e+000
  1.3434468e+000  1.3123332e+000
  1.5156778e+000  8.2497565e+000
  4.0962890e+000  6.5416586e+000
  4.5938458e+000  6.4170266e+000
  7.1670156e+000  4.5319631e+000
  5.1776737e+000  4.6256724e+000
  8.1334013e+000  5.7324543e+000
  8.7074271e+000  1.8272857e+000
  2.0370458e+000  4.7158661e+000
  6.5344416e+000  8.4299837e+000
  6.4626771e+000  1.8830625e+000
  5.0338576e+000  4.1967665e+000
  1.5705290e+000  7.0254941e+000
  3.4818209e+000  8.8860994e+000
  4.9071629e+000  8.8871098e+000
  6.8442742e+000  5.8674659e+000
  8.2858715e+000  1.8238441e+000
  1.1599879e+000  1.5877444e+000
  5.0240934e+000  5.0200328e+000
  5.1686101e+000  2.7668197e+000
  5.0981692e+000  1.6409490e+000
  6.3050899e+000  6.2519754e+000
  6.7665620e+000  8.4736030e+000
  1.3724868e+000  1.1855375e+000
  5.8756403e+000  7.8481207e+000
  4.6142408e+000  8.6858416e+000
  1.1865759e+000  8.6890188e+000
  7.6735303e+000  6.8764979e+000
  6.5590464e+000  7.6075089e+000
  4.5924228e+000  5.4713240e+000
  1.4732599e+000  6.8755400e+000
  8.5732891e+000  2.9949546e+000
  8.3285098e+000  5.1030210e+000
  5.6656511e+000  8.0446425e+000
  1.2803808e+000  3.9713096e+000
  3.1384515e+000  2.0446371e+000
  3.2235638e+000  9.2461809e+000
  5.4031144e+000  2.9942240e+000
  8.6377196e-001  9.2119914e+000
  5.3017481e+000  2.8830963e+000
  3.1027855e+000  8.6183508e+000
  8.8242298e+000  8.2260881e+000
  8.2849059e+000  1.4082978e+000
  6.5666805e+000  2.4242991e+000
  8.5038860e+000  2.7259969e+000
  8.8263930e+000  8.2803587e+000
  2.6352512e+000  5.3319935e+000
  5.1319671e+000  2.9996083e+000
  6.4900293e+000  7.5229662e+000
  7.2497528e+000  7.6969294e+000
  5.3306519e+000  3.6075774e+000
  9.1389509e+000  8.7024738e+000
  6.8967355e+000  1.7848543e+000
  8.5921064e+000  6.8031854e+000
  6.9248172e+000  2.0765324e+000
  6.8829768e+000  4.6442085e+000
  6.8444410e+000  8.6744972e+000
  5.4522924e+000  5.3911736e+000
  1.8874432e+000  1.5632488e+000
  4.8517153e+000  2.9867823e+000
  8.1091792e+000  1.9051321e+000
  1.2898557e+000  8.2552495e+000
  5.7508008e+000  1.2701049e+000
  8.9617465e+000  5.9888490e+000
  3.4261128e+000  9.0725844e+000
  3.9436725e+000  6.6918919e+000
  1.4873546e+000  8.1553785e+000
  6.5127746e+000  4.4627711e+000
  1.6606309e+000  1.7784749e+000
  8.0536887e+000  1.6965755e+000
  1.4729712e+000  6.2369606e+000
  3.6948367e+000  8.9788796e+000
  5.9951051e+000  3.6615391e+000
  4.2309110e+000  8.7839804e+000
  6.6438313e+000  8.5802296e+000
  3.3720265e+000  3.9407485e+000
  2.4464787e+000  8.6069659e+000
  3.2662132e+000  6.5793121e+000
  3.9520793e+000  1.7796120e+000
  8.8219962e+000  5.8419823e+000
  4.8939525e+000  8.6092922e+000
  5.0973327e+000  3.2635605e+000
  2.1084833e+000  5.6320591e+000
  4.9302143e+000  8.7735678e+000
  5.1389152e+000  3.0724343e+000
  4.7130486e+000  5.4759521e+000
  1.5398901e+000  4.5611824e+000
  1.6701581e+000  3.9052740e+000
  4.0978350e+000  9.0954529e+000
  3.4163533e+000  8.9495293e+000
  8.3289436e+000  1.6910032e+000
  5.0471703e+000  2.6722919e+000
  4.5087830e+000  7.2990324e+000
  8.5228469e+000  7.6286127e+000
  7.3931186e+000  8.7726125e+000
  7.7262713e+000  1.5917911e+000
  8.4950483e+000  6.4765584e+000
  1.4462892e+000  4.0653740e+000
  8.6137870e+000  3.1685725e+000
  2.6915319e+000  8.0496834e+000
  5.0236357e+000  6.7560914e+000
  6.6817816e+000  7.7512382e+000
  5.5480252e+000  5.7415044e+000
  1.1805354e+000  8.8454957e+000
  1.1674027e+000  2.1297633e+000
  3.4953515e+000  1.8504281e+000
  6.7351644e+000  3.8957498e+000
  8.8289102e+000  2.6206256e+000
  1.4805435e+000  1.9362379e+000
  3.2547578e+000  1.7664207e+000
  6.7966134e+000  4.7826350e+000
  5.5202895e+000  3.0635197e+000
  6.8192662e+000  5.8939443e+000
  1.7938202e+000  6.9634502e+000
  6.2609880e+000  7.3195394e+000
  2.8600806e+000  1.8797659e+000
  3.6281679e+000  8.4875353e+000
  7.1472585e+000  6.0622043e+000
  3.3046597e+000  8.5269405e+000
  7.5960750e+000  8.5602490e+000
  1.4560565e+000  4.0485338e+000
  8.2170067e+000  8.6154352e+000
  4.9819252e+000  3.4599115e+000
  1.7500022e+000  6.2104806e+000
  1.4453049e+000  6.1902127e+000
  1.3392716e+000  1.6627488e+000
  5.1237220e+000  5.3158357e+000
  8.7136336e+000  2.5221034e+000
  1.8554509e+000  7.3211624e+000
  6.8642377e+000  1.9482569e+000
  1.9631270e+000  2.6291934e+000
  8.5837120e+000  2.2352021e+000
  8.2658914e+000  7.3871385e+000
  5.2375091e+000  2.6886875e+000
  5.3156976e+000  6.6487937e+000
  5.5438802e+000  1.9322117e+000
  8.3436024e+000  1.6620805e+000
  5.6259954e+000  7.6538095e+000
  9.8758395e-001  7.2054720e+000
  1.2471399e+000  3.9087346e+000
  3.1431112e+000  1.1866359e+000
  8.1523451e+000  1.9445327e+000
  3.3142134e+000  9.0646848e+000
  3.3029765e+000  1.7706114e+000
  6.7976547e+000  5.4219623e+000
  7.0670077e+000  6.4295982e+000
  5.1752419e+000  2.9891838e+000
  8.8512885e+000  4.9314979e+000
  4.9237061e+000  5.8287772e+000
  1.5758491e+000  4.1802648e+000
  1.5428808e+000  1.5817004e+000
  8.8881560e+000  8.5190336e+000
  7.5586742e+000  1.6226620e+000
  7.6325607e+000  1.5036678e+000
  8.3530220e+000  5.5526600e+000
  8.8465317e+000  6.6634641e+000
  5.1974681e+000  3.0440788e+000
  3.4598763e+000  1.4084434e+000
  8.7736184e+000  8.8455664e+000
  3.1632138e+000  1.5565857e+000
  5.4364495e+000  8.2237191e+000
  2.3501525e+000  4.5679391e+000
  6.1179223e+000  3.6160579e+000
  6.7581971e+000  8.4859332e+000
  8.8702072e+000  5.4863860e+000
  5.0365161e+000  3.7229208e+000
  5.3883203e+000  3.7383744e+000
  2.0591836e+000  2.3192630e+000
  1.5290234e+000  4.2272450e+000
  6.3811654e+000  1.4834159e+000
  1.8251164e+000  4.8373009e+000
  6.9003805e+000  6.4608408e+000
  2.1257778e+000  3.6472826e+000
  3.4850758e+000  1.6742547e+000
  5.6421569e+000  2.5104178e+000
  6.4819783e+000  8.0410334e+000
  3.2969903e+000  1.6132570e+000
  1.0313410e+000  8.1320494e+000
  7.4930605e+000  6.4670224e+000
  3.3584831e+000  9.0240653e+000
  1.7497188e+000  7.2225843e+000
  8.0173059e+000  3.3435217e+000
  1.4565847e+000  6.9484511e+000
  5.6560548e+000  7.8871581e+000
  5.8281320e+000  7.6188336e+000
  1.4137064e+000  4.9127172e+000
  4.9520312e+000  3.8741056e+000
  8.7003514e+000  6.5042294e+000
  1.4301106e+000  7.1176379e+000
  6.4959639e+000  7.0783126e+000
  9.8865605e-001  6.7612320e+000
  1.5467883e+000  7.1085399e+000
  8.6467554e+000  8.4895104e+000
  6.0692236e+000  7.0341888e+000
  8.6902153e+000  2.0991801e+000
  8.4707243e+000  6.1978344e+000
  1.2040530e+000  3.9511378e+000
  6.5238433e+000  6.3355186e+000
  3.8330820e+000  6.2191833e+000
  7.0600803e+000  8.5677330e+000
  3.7061325e+000  4.4082790e+000
  6.9461106e+000  1.3712684e+000
  5.4074671e+000  3.8078113e+000
  2.9589305e+000  4.4642168e+000
  8.8919881e+000  2.1560779e+000
  2.3871168e+000  8.6922918e+000
  1.4481486e+000  7.2282242e+000
  5.4570212e+000  3.1245113e+000
  2.0353160e+000  7.0311728e+000
  1.2786893e+000  6.7353988e+000
  6.3597236e+000  1.5275838e+000
  1.9643474e+000  6.9525341e+000
  8.9345249e+000  1.2228555e+000
  8.6655463e+000  6.0581652e+000
  1.5212671e+000  1.7823624e+000
  3.8091847e+000  8.4128472e+000
  8.4836467e+000  6.4558709e+000
  1.4225143e+000  1.6256876e+000
  5.3986617e+000  5.6064904e+000
  3.8005320e+000  8.4655980e+000
  5.3983785e+000  1.2801338e+000
  8.7816651e+000  5.5658319e+000
  1.4805761e+000  1.5906676e+000
  6.8160384e+000  8.4099769e+000
  8.6349616e+000  1.9254191e+000
  4.7582011e+000  8.6642421e+000
  1.8092482e+000  6.6767559e+000
  7.1081908e+000  6.3681429e+000
  2.3115087e+000  8.1194937e+000
  1.2952066e+000  3.7873723e+000
  5.1960526e+000  1.3482808e+000
  8.3443307e+000  3.8882821e+000
  6.3585521e+000  3.6555317e+000
  8.5921983e+000  5.6519751e+000
  6.5635140e+000  5.2754836e+000
  8.8460442e+000  2.2277005e+000
  8.5506415e+000  8.7793123e+000
  8.5310184e-001  8.8689080e+000
  7.9210365e+000  1.6520547e+000
  1.2861138e+000  4.0792565e+000
  3.0673395e+000  1.6755901e+000
  5.3800636e+000  2.8747424e+000
  8.8885744e+000  8.6790087e+000
  3.4502050e+000  9.2141528e+000
  7.1309192e+000  8.7267577e+000
  5.1275754e+000  3.7626303e+000
  6.9211747e+000  8.8048914e+000
  1.2625177e+000  7.5075990e+000
  8.2749019e+000  1.7478480e+000
  3.4145660e+000  1.7269073e+000
  6.8712029e+000  6.0193796e+000
  1.6451171e+000  7.0044058e+000
  1.6005821e+000  1.4996698e+000
  5.3201563e+000  8.5163764e+000
  8.8097666e+000  2.4311122e+000
  3.1797713e+000  4.4915871e+000
  3.2913120e+000  1.4715181e+000
  8.8886075e+000  8.4400605e+000
  8.9860187e+000  2.1391492e+000
  2.7873481e+000  5.0716629e+000
  1.3018809e+000  4.6615664e+000
  3.2900329e+000  4.9793411e+000
  5.1396780e+000  8.3694860e+000
  2.8241813e+000  4.7167664e+000
  5.3122569e+000  3.0753058e+000
  6.5586803e+000  6.0963386e+000
  5.7415344e+000  7.2882727e+000
  1.3018228e+000  4.2060870e+000
  1.3104612e+000  4.0288251e+000
  6.3364510e+000  6.0758706e+000
  3.3367805e+000  1.4929843e+000
  7.1366903e+000  1.5476618e+000
  7.3570805e+000  1.2386597e+000
  8.7499362e+000  7.3243717e+000
  1.5966816e+000  4.0500530e+000
  1.3352589e+000  3.8844307e+000
  7.5579154e+000  1.4165676e+000
  6.9425165e+000  6.8290594e+000
  2.9118422e+000  8.4691095e+000
  3.0832652e+000  1.4117029e+000
  8.2176281e+000  8.3806955e+000
  7.6112946e+000  7.0079624e+000
  8.2719852e+000  1.9714689e+000
  2.6890280e+000  8.1653424e+000
  3.2682406e+000  1.5993638e+000
  3.5040991e+000  8.2631796e+000
  6.4341424e+000  8.5298903e+000
  5.1205349e+000  3.1749971e+000
  6.8701948e+000  8.0507241e+000
  1.5857267e+000  4.6855309e+000
  8.5403098e+000  6.4981747e+000
  3.6007796e+000  9.2718578e+000
  2.3217522e+000  2.7883545e+000
  5.5194139e+000  5.4154284e+000
  7.7188313e+000  5.2900860e+000
  2.5664982e+000  4.5381267e+000
  8.8761127e+000  8.5671292e+000
  8.2220315e+000  2.5980103e+000
  7.2615115e+000  8.3854245e+000
  4.1048304e+000  1.6871453e+000
  6.4433334e+000  7.1522648e+000
  5.2081053e+000  3.8817839e+000
  9.0719875e+000  2.2806119e+000
  3.5305004e+000  1.7631218e+000
  6.9991959e+000  5.1491131e+000
  6.3060680e+000  7.3574308e+000
  5.5125505e+000  5.5901216e+000
  3.4415729e+000  8.7208687e+000
  3.4391753e+000  8.8148156e+000
  7.1805319e+000  4.6189804e+000
  8.5061338e+000  2.4038056e+000
  3.5813106e+000  9.1398010e+000
  1.4126766e+000  1.1077932e+000
  6.1090877e+000  8.5561903e+000
  4.7303957e+000  4.8540362e+000
  6.7362681e+000  8.8525887e+000
  5.3156269e+000  8.4122066e+000
  1.5957153e+000  6.3498242e+000
  8.9434961e+000  8.7891442e+000
  1.2463620e+000  7.0864270e+000
  4.9173709e+000  4.0866031e+000
  1.8465693e+000  7.3083138e+000
  1.7250040e+000  5.1060457e+000
  7.1235480e+000  2.7901840e+000
  3.9830731e+000  6.3264728e+000
  8.8846102e+000  2.3275414e+000
  3.0273288e+000  1.7025862e+000
  5.9745325e+000  7.8982517e+000
  8.8942332e+000  3.8877459e+000
  6.2349165e+000  6.4268044e+000
  2.8567257e+000  3.9765273e+000
  3.3691967e+000  7.8024743e+000
  6.0944531e+000  3.5169179e+000
  1.7374968e+000  7.5368666e+000
  1.4331858e+000  6.9687533e+000
  3.3107055e+000  1.5698794e+000
  5.7065152e+000  1.2597208e+000
  8.7411247e+000  2.5124766e+000
  4.2122251e+000  8.8929572e+000
  6.6058087e+000  1.8768466e+000
  2.0487211e+000  8.6983392e+000
  4.3606460e+000  8.8662884e+000
  7.0242572e-001  9.0415932e+000
  6.8267273e+000  5.8962788e+000
  8.6157917e+000  7.1700124e+000
  5.3165491e+000  6.5869045e+000
  6.4205816e+000  4.6307402e+000
  8.6568634e+000  4.9189839e+000
  8.5054294e+000  1.9072637e+000
  4.8533863e+000  2.5616118e+000
  8.6542422e+000  8.4545972e+000
  1.6888472e+000  1.2375288e+000
  7.6316165e-001  8.6163848e+000
  1.2534427e+000  4.4816747e+000
  6.6954026e+000  1.4788765e+000
  1.7934950e+000  6.8995598e+000
  6.6674039e+000  5.4351945e+000
  1.6144790e+000  7.0072565e+000
  1.3698732e+000  1.0584562e+000
  7.2003044e+000  8.5557401e+000
  9.0936644e+000  2.9870699e+000
  5.7994230e+000  1.0691496e+000
  4.7981790e+000  4.0979810e+000
  1.6021296e+000  4.2608919e+000
  6.7812372e+000  6.2440899e+000
  8.8346067e+000  8.4859521e+000
  6.9308558e+000  6.3408564e+000
  7.6623175e+000  8.6727524e+000
  8.7418778e+000  6.7488143e+000
  1.2127284e+000  1.7485410e+000
  7.3196221e+000  5.9886232e+000
  1.6042339e+000  3.6115141e+000
  5.7106665e+000  7.3872924e+000
  1.4854828e+000  4.0643019e+000
  4.8871549e+000  8.6155270e+000
  4.9887906e+000  5.2781526e+000
  3.3413873e+000  1.5235999e+000
  3.3375639e+000  8.9058755e+000
  1.3931739e+000  3.9454088e+000
  3.1719418e+000  8.7811004e+000
  1.6399498e+000  4.0054770e+000
  1.5114029e+000  4.3783018e+000
  8.3792968e+000  2.8671941e+000
  8.5384577e+000  2.3394075e+000
  9.1865509e+000  8.9382344e+000
  8.7972345e+000  5.6098409e+000
  3.3594595e+000  1.6343703e+000
  3.0828036e+000  8.8570739e+000
  9.1114147e+000  2.3890376e+000
  5.2982020e+000  3.8766266e+000
  3.9779051e+000  3.9001577e+000
  8.5478948e+000  1.5864697e+000
  1.5978273e+000  7.3334102e+000
  5.2014507e+000  3.4477361e+000
  8.4718592e+000  2.5222053e+000
  2.9631794e+000  9.1864147e+000
  9.2718002e+000  8.6627756e+000
  8.4378432e+000  5.9271170e+000
  6.8131862e+000  1.5458410e+000
  2.3627235e+000  1.7798980e+000
  5.2486753e+000  4.1677242e+000
  3.2372806e+000  1.3287142e+000
  1.7133195e+000  5.8828994e+000
  1.8810272e+000  6.9366333e+000
  6.7934699e+000  8.7396737e+000
  1.8706124e+000  6.6977808e+000
  7.3104090e+000  1.6352694e+000
  8.5991028e+000  7.2282601e+000
  6.2865831e+000  3.4887734e+000
  8.6155457e+000  5.2710376e+000
  4.1999644e+000  6.0538083e+000
  1.0142018e+000  9.0110090e-001
  1.5493188e+000  4.2762938e+000
  5.3350016e+000  2.9600700e+000
  1.1327303e+000  4.1128579e+000
  5.2254978e+000  3.3184410e+000
  1.5263376e+000  4.3556258e+000
  2.9120563e+000  8.2589076e+000
  7.3944607e+000  7.5391206e+000
  3.0039136e+000  5.0612601e+000
  3.0702540e+000  1.3987160e+000
  1.4120004e+000  1.6027050e+000
  7.2546163e+000  1.5116612e+000
  1.7762695e+000  7.3415502e+000
  7.9652154e+000  1.4734879e+000
  1.4960133e+000  4.3989490e+000
  5.0545003e+000  4.1642775e+000
  9.0219261e+000  8.7250101e+000
  8.0438262e+000  1.1318619e+000
  8.2371215e+000  1.6129241e+000
  6.6748690e+000  1.5982468e+000
  2.6995255e+000  9.0478498e+000
  8.9313259e+000  2.3278772e+000
  6.3168036e+000  6.0583688e+000
  1.2077987e+000  1.9905669e+000
  3.4808088e+000  8.4798502e+000
  5.4033362e+000  9.5071681e-001
  5.1177306e+000  7.7252641e+000
  1.3278211e+000  1.4597298e+000
  6.7486665e+000  8.7748770e+000
  2.7101362e+000  4.6697565e+000
  1.4090816e+000  4.0271091e+000
  8.2013108e+000  8.7918881e+000
  6.1285314e+000  1.5929418e+000
  3.1781514e+000  1.6390432e+000
  1.7101708e+000  8.2291739e+000
  1.3327257e+000  6.3336806e+000
  7.9860603e+000  2.0226681e+000
  5.0761602e+000  3.1436206e+000
  8.2659201e+000  3.6621100e+000
  6.5279820e+000  8.1600645e+000
  1.8110345e+000  1.5072385e+000
  8.6724065e+000  5.6305736e+000
  7.0137112e+000  8.5199091e+000
  5.2377056e+000  3.0716027e+000
  8.4593310e+000  5.8169271e+000
  6.5283896e+000  6.2688903e+000
  1.8578222e+000  8.1131317e+000
  8.7806872e+000  8.8117237e+000
  8.7436461e+000  8.6334298e+000
  3.3886986e+000  8.5879420e+000
  5.1183936e+000  2.8324726e+000
  1.6794975e+000  4.2572867e+000
  1.2190164e+000  3.9966637e+000
  7.2378686e+000  8.4965447e+000
  4.7770115e+000  5.2643760e+000
  6.1616923e+000  2.1700681e+000
  1.6906229e+000  6.2348640e+000
  6.5180497e+000  8.1113770e+000
  3.7859835e+000  1.6144517e+000
  5.2085128e+000  8.3352578e-001
  8.6767055e+000  2.6392425e+000
  5.4010556e+000  3.0877018e+000
  8.2326607e+000  1.5755787e+000
  7.5754432e+000  5.7254092e+000
  8.7798101e+000  5.2761199e+000
  6.9594815e+000  5.8725212e+000
  3.2683628e+000  2.7308706e+000
  2.6005670e+000  3.8349122e+000
  2.6332136e+000  1.8038777e+000
  1.0911491e+000  6.8499121e+000
  6.7047361e+000  4.1916993e+000
  2.9503374e+000  8.5966015e+000
  5.2859644e+000  3.1451732e+000
  1.7934886e+000  7.2107687e+000
  8.5273219e+000  2.3741959e+000
  7.6935491e+000  1.9201178e+000
  2.5579220e+000  8.7133151e+000
  1.4414710e+000  1.7618930e+000
  8.7941657e+000  8.5463935e+000
  3.4307638e+000  1.4727473e+000
  4.1403531e+000  3.2403929e+000
  8.3700146e+000  2.4097537e+000
  1.4074527e+000  4.3184498e+000
  9.0848452e+000  8.6784633e+000
  8.7498339e+000  1.6883263e+000
  3.5776200e+000  1.6698381e+000
  4.9500317e+000  2.3574321e+000
  5.8974871e+000  2.6165878e+000
  4.1829185e+000  8.8447988e+000
  8.5672800e+000  6.6619853e+000
  5.0488157e+000  3.9816486e+000
  1.5979884e+000  7.4186799e+000
  3.6814449e+000  8.4186407e+000
  8.2239521e+000  1.8925127e+000
  3.3551602e+000  9.3096242e+000
  8.7497588e+000  4.4524616e+000
  8.5083214e+000  5.9902222e+000
  1.5586711e+000  1.8446757e+000
  1.6980812e+000  7.0921964e+000
  6.7414888e+000  8.5024435e+000
  8.8553717e+000  4.4820011e+000
  1.6891664e+000  4.2499970e+000
  1.4936218e+000  1.7060457e+000
  2.1284575e+000  5.6108352e+000
  5.1568059e+000  3.0390494e+000
  4.8363027e+000  4.1896849e+000
  4.8975958e+000  7.5117354e+000
  7.1352221e+000  4.8794661e+000
  4.7773507e+000  8.7468187e+000
  6.4148236e+000  6.1889796e+000
  8.8156316e+000  4.0725561e+000
  9.0696639e+000  9.2200746e+000
  8.0650022e+000  1.6065681e+000
  6.8387767e+000  4.5781730e+000
  8.7834632e+000  5.0244327e+000
  4.0379634e+000  8.6049716e+000
  3.7590408e+000  8.4589012e+000
  8.6397880e+000  2.0396105e+000
  5.9581538e+000  6.1417667e+000
  6.7457566e+000  5.8848431e+000
  6.2034593e+000  8.6638396e+000
  8.5982540e+000  5.5579299e+000
  3.4863285e+000  1.4507155e+000
  7.1401495e+000  4.3403765e+000
  7.9312474e+000  4.6080481e+000
  8.7098827e+000  6.2610059e+000
  6.5248472e+000  1.3412659e+000
  1.7520095e+000  1.6506042e+000
  1.2225602e+000  1.3964392e+000
  7.1905484e+000  8.4023244e+000
  4.8623215e+000  4.3840419e+000
  6.9754903e+000  5.9711433e+000
  9.0667081e+000  8.7802690e+000
  8.5516641e+000  2.1640804e+000
  8.7620898e+000  5.5734455e+000
  5.7182878e+000  1.8565714e+000
  6.7035468e+000  1.5901959e+000
  5.0480346e+000  2.3342210e+000
  4.8371746e+000  3.1663504e+000
  7.0059365e+000  7.3216567e+000
  6.7370953e+000  1.5607338e+000
  1.4749596e+000  6.0813385e+000
  3.5870304e+000  8.3970658e+000
  5.2318410e+000  3.0108319e+000
  9.0272401e+000  2.6797903e+000
  8.9253652e+000  5.3176366e+000
  5.6338081e+000  3.0248487e+000
  3.6686575e+000  9.1331484e+000
  8.5707186e+000  7.5206824e+000
  1.5630537e+000  1.0358609e+000
  8.9119597e+000  2.3020159e+000
  8.4245225e+000  3.0656782e+000
  1.5705177e+000  6.9134991e+000
  3.6539934e+000  4.1381881e+000
  6.5297291e+000  6.9642123e+000
  6.0810622e+000  1.7395902e+000
  8.0085468e+000  1.5233010e+000
  6.6465490e+000  2.3708128e+000
  5.1556736e+000  3.1842303e+000
  7.3395182e+000  1.7184209e+000
  8.3301402e+000  6.2607077e+000
  3.3934306e+000  1.6068411e+000
  7.3283111e+000  5.9827702e+000
  8.8102133e+000  8.6973551e+000
  5.1000591e+000  4.0082168e+000
  3.4037055e+000  1.8443334e+000
  2.7294207e+000  8.4808339e+000
  2.0253382e+000  8.5819068e+000
  2.4373688e+000  1.6397665e+000
  1.0968755e+000  7.0112361e+000
  1.1823625e+000  1.6550736e+000
  1.1680241e+000  6.9729659e+000
  1.5392849e+000  4.0759169e+000
  9.1411556e+000  4.3594257e+000
  3.3251573e+000  8.5339431e+000
  8.8454228e+000  2.2106899e+000
  5.6028790e+000  6.3287726e+000
  2.2964006e+000  5.9977819e+000
  1.3597354e+000  1.5615196e+000
  2.1700490e+000  1.9652001e+000
  4.3277675e+000  1.7661624e+000
  6.4366250e+000  6.2863666e+000
  6.2705526e+000  5.5850535e+000
  1.8215857e+000  7.2051017e+000
  6.3245559e+000  7.6544452e+000
  6.8752387e+000  7.3414879e+000
  3.2066144e+000  2.0665450e+000
  1.4041402e+000  4.0942561e+000
  7.0980525e+000  1.4892395e+000
  5.0859970e+000  3.6336041e+000
  8.5288218e+000  5.3887336e+000
  1.4446623e+000  4.6905952e+000
  5.3606738e+000  3.3783852e+000
  3.2725076e+000  1.4648181e+000
  8.6769633e+000  2.4278132e+000
  4.6168045e+000  4.8652943e+000
  8.5729226e+000  6.9084311e+000
  1.6221938e+000  4.6923545e+000
  1.4619283e+000  4.4463533e+000
  7.6536453e+000  1.5983582e+000
  5.5647340e+000  6.1859469e+000
  3.2960591e+000  3.4440764e+000
  4.9205573e+000  4.2184068e+000
  2.9256541e+000  4.2601901e+000
  6.4353715e+000  6.2525111e+000
  3.3921514e+000  1.9660920e+000
  7.0970405e+000  5.5427521e+000
  1.3121905e+000  6.8692486e+000
  5.6250666e+000  2.5877347e+000
  5.8623215e+000  6.4518593e+000
  4.4087607e+000  5.1497273e+000
  8.2035735e+000  6.7867596e+000
  3.7257776e+000  3.0314405e+000
  7.0519556e+000  5.0704441e+000
  8.2719601e+000  4.8864090e+000
  1.4516956e+000  1.6577851e+000
  3.5382513e+000  8.7092259e+000
  6.5689974e+000  7.1282419e+000
  5.4007384e+000  5.0221665e+000
  1.3588743e+000  7.4599482e+000
  8.7507673e+000  8.5058413e+000
  8.2139364e+000  1.7731981e+000
  8.3515452e+000  5.5892830e+000
  1.2000722e+000  6.9154953e+000
  4.9158464e+000  2.4421384e+000
  3.5130733e+000  8.8828871e+000
  6.9921091e+000  1.3292535e+000
  2.7599706e+000  8.7751735e+000
  8.1725827e+000  1.6181577e+000
  7.0966287e+000  8.4930724e+000
  6.7012077e+000  7.5733019e+000
  5.0253787e+000  4.5543141e+000
  2.8304972e+000  2.7111097e+000
  8.1623905e+000  7.9635509e+000
  7.1216197e+000  2.9241100e+000
  6.8245661e+000  1.5327449e+000
  3.2341269e+000  1.8888822e+000
  6.4419335e+000  8.0736847e+000
  5.2199738e+000  7.7628184e+000
  5.0906647e+000  4.3413719e+000
  1.5305817e+000  1.5828005e+000
  8.5720743e+000  8.2231740e+000
  1.1694255e+000  4.4592377e+000
  1.7398095e+000  4.2702828e+000
  8.4664827e+000  1.6443863e+000
  8.5533006e+000  5.4484140e+000
  7.8049930e+000  6.0522108e+000
  6.8429008e+000  4.8791187e+000
  8.5612020e-001  9.2461909e+000
  4.8221877e+000  6.7061971e+000
  2.9160555e+000  8.6708487e+000
  7.2437505e+000  4.3690393e+000
  8.4235465e+000  6.4544003e+000
  7.4979460e+000  5.9663065e+000
  6.7625633e+000  7.8231499e+000
  5.2049287e+000  3.2808886e+000
  6.9516970e+000  6.6349713e+000
  5.3822434e+000  3.0763803e+000
  8.4552454e+000  5.5799338e+000
  1.2906747e+000  7.5629201e+000
  1.5287080e+000  1.7337213e+000
  1.1923372e+000  6.8003820e+000
  5.0270089e+000  5.1532770e+000
  7.0864765e+000  8.3709276e+000
  6.0140367e+000  7.5420694e+000
  1.6863953e+000  7.1461694e+000
  5.4374664e+000  4.0402147e+000
  7.0284663e-001  9.0112853e+000
  8.8942746e+000  6.9150980e+000
  5.6474525e+000  1.3591387e+000
  1.3408019e+000  1.6990327e+000
  6.7889453e+000  5.7961621e+000
  1.5944963e+000  4.1511815e+000
  1.5505815e+000  6.9250419e+000
  5.6917489e+000  6.0684914e+000
  3.5233074e+000  4.1630906e+000
  8.8344213e+000  4.6784478e+000
  1.0601027e+000  6.8692737e+000
  8.6351310e+000  6.6725429e+000
  6.4850237e+000  4.6940822e+000
  4.2444046e+000  8.7991251e+000
  2.9182890e+000  4.0995290e+000
  5.7796316e+000  7.0194251e+000
  3.6931648e+000  8.3108579e+000
  6.3517909e+000  1.8780822e+000
  1.2871998e+000  4.0153682e+000
  4.4903530e+000  2.4048409e+000
  8.5878401e+000  8.8463455e+000
  1.8550321e+000  6.8060102e+000
  8.6146835e+000  8.3181322e+000
  3.5599464e+000  9.1848076e+000
  5.2857961e+000  2.9126636e+000
  5.0268661e+000  8.5982868e+000
  7.0623229e+000  8.6907629e+000
  8.6567391e+000  2.2984616e+000
  6.5139066e+000  6.2730665e+000
  1.7143850e+000  6.7194858e+000
  6.3872477e+000  8.4743584e+000
  8.4683074e+000  6.3125442e+000
  7.0967906e+000  8.3829926e+000
  6.9828795e+000  5.5554553e+000
  4.4760527e+000  2.1068162e+000
  6.0644783e+000  8.7847853e+000
  8.4698758e+000  2.0248028e+000
  6.4244165e+000  5.0828778e+000
  6.7522025e+000  8.6947263e+000
  3.3127238e+000  1.3866130e+000
  6.7633503e+000  1.1849332e+000
  8.9264101e+000  2.0494353e+000
  5.7602389e+000  7.3309195e+000
  5.2829322e+000  2.9124385e+000
  1.9395817e+000  4.8162021e+000
  1.7472564e+000  6.1941088e+000
  3.5220554e+000  6.7919070e+000
  8.2174184e+000  4.9863302e+000
  5.2314164e+000  3.0600179e+000
  6.9277160e-001  2.4046727e+000
  8.4799365e+000  2.1239622e+000
  7.0543584e+000  8.3015296e+000
  5.2952511e+000  4.3505614e+000
  3.2159800e+000  1.3920857e+000
  7.2413028e+000  5.8394990e+000
  7.4058464e+000  5.8165526e+000
  1.2564230e+000  6.7498797e+000
  3.4408466e+000  1.6713625e+000
  8.2833401e+000  5.8077639e+000
  8.7209326e+000  4.9914338e+000
  1.3841672e+000  8.1342372e+000
  8.3968695e+000  1.9862242e+000
  7.7348241e+000  8.4373454e+000
  7.3504173e+000  8.7080752e+000
  5.0622158e+000  7.4128845e+000
  3.9410339e+000  5.6768504e+000
  3.9765696e+000  1.4346473e+000
  1.5478421e+000  5.9096414e+000
  1.7752282e+000  7.2058241e+000
  8.4812665e+000  1.7468438e+000
  5.1219163e+000  4.1316356e+000
  5.0052175e+000  2.9821181e+000
  7.6903171e+000  6.2631689e+000
  5.3912190e+000  3.4380665e+000
  3.4611980e+000  1.5793594e+000
  1.3482221e+000  8.2191951e+000
  3.2373514e+000  1.7651473e+000
  2.4810269e+000  5.7532791e+000
  4.5885881e+000  8.5932109e+000
  6.3588317e+000  5.9305966e+000
  1.8040815e+000  8.1357540e+000
  1.7234716e+000  6.6153292e+000
  4.9884587e+000  3.9211960e+000
  2.6550030e+000  1.7160046e+000
  1.0983127e+000  8.0728392e+000
  8.0836361e+000  1.8178778e+000
  7.4107014e+000  5.8520661e+000
  5.2241992e+000  3.9571707e+000
  4.1247748e+000  8.8896985e+000
  2.0667702e+000  7.1338883e+000
  2.0220233e+000  4.4269655e+000
  6.2517161e+000  5.9202500e+000
  2.4266981e+000  2.6406306e+000
  8.7708727e+000  3.4207121e+000
  3.4192019e+000  8.5343196e+000
  8.3406771e+000  2.1264002e+000
  3.7629112e+000  1.7880889e+000
  1.5975238e+000  4.2219678e+000
  3.6790380e+000  8.9531998e+000
  8.7080475e+000  7.5646222e+000
  1.4377355e+000  4.5591694e+000
  3.4995517e+000  1.8622884e+000
  1.1340781e+000  8.3113200e+000
  5.2558750e+000  2.7353364e+000
  1.8290165e+000  4.2478534e+000
  8.8300548e+000  3.1930844e+000
  1.4166604e+000  6.6304892e+000
  7.0684983e+000  6.2669136e+000
  1.9706197e+000  3.4208465e+000
  1.4113804e+000  3.2438898e+000
  5.2258135e+000  8.0154113e+000
  3.0907405e+000  5.1609051e+000
  1.1763854e+000  1.5466714e+000
  2.1140041e+000  5.9208752e+000
  8.3495892e+000  4.4875278e+000
  5.8811705e+000  9.6663463e-001
  3.3193359e+000  1.5225969e+000
  1.2120624e+000  7.2780006e+000
  1.4688064e+000  7.0551193e+000
  5.4741395e+000  3.0945554e+000
  1.6136661e+000  5.2721902e+000
  8.0383110e+000  8.5958554e+000
  4.1607292e+000  4.2563138e+000
  9.6084511e-001  3.9940554e+000
  5.1618409e+000  3.0922800e+000
  2.9329269e+000  1.5998364e+000
  5.3080010e+000  8.7959087e+000
  7.2737808e+000  5.8771872e+000
  7.4075658e+000  5.6509826e+000
  5.1839445e+000  3.2877063e+000
  5.3886958e+000  2.8945337e+000
  4.1836399e+000  1.4698328e+000
  1.3130773e+000  3.8933005e+000
  4.7934772e+000  5.0699535e+000
  6.9912024e+000  4.9881043e+000
  8.7662972e+000  8.4730301e+000
  1.4182681e+000  1.8347962e+000
  3.0662986e+000  1.8768312e+000
  8.8205742e+000  5.4435778e+000
  8.6791668e+000  5.2665739e+000
  1.8548340e+000  3.7379664e+000
  1.3762559e+000  7.8353107e+000
  5.6159128e+000  2.6946104e+000
  6.9043112e+000  8.1869677e+000
  8.0142807e-001  2.2080173e+000
  8.6495267e+000  2.3215701e+000
  2.3888334e+000  2.5259504e+000
  8.6793153e+000  2.9953672e+000
  1.4800385e+000  7.7740333e+000
  1.6883931e+000  6.6298401e+000
  2.3170075e+000  5.1299676e+000
  8.3920592e+000  6.7409938e+000
  1.2228222e+000  1.8046426e+000
  8.2339474e+000  1.9033260e+000
  5.1303425e+000  1.8394360e+000
  1.0983143e+000  8.6533999e+000
  1.4935334e+000  1.4396172e+000
  3.1221732e+000  1.5273451e+000
  3.3102455e+000  9.0985042e+000
  8.6554927e+000  6.8020027e+000
  8.5210640e+000  3.3042759e+000
  3.5022150e+000  9.2809473e+000
  5.5582767e+000  7.8200587e+000
  5.1680947e+000  2.4002666e+000
  3.4832045e+000  1.2671143e+000
  5.0083982e+000  3.0890077e+000
  1.4697462e+000  4.2135098e+000
  5.6893751e+000  1.4684125e+000
  8.1443167e+000  5.4477358e+000
  8.6329032e+000  2.0963544e+000
  6.3019760e+000  1.7583258e+000
  6.1387932e+000  6.7936782e+000
  8.9956392e+000  8.4582685e+000
  7.6730991e+000  1.8768121e+000
  1.8207293e+000  7.0432008e+000
  1.5300078e+000  7.3632449e+000
  5.3951418e+000  5.3649569e+000
  7.0831305e+000  1.7191579e+000
  5.3187580e+000  2.8844788e+000
  4.8483992e+000  3.6767401e+000
  5.2113686e+000  3.0362424e+000
  1.5032212e+000  7.9861503e+000
  1.3568276e+000  3.6798815e+000
  5.2229208e+000  2.8970061e+000
  8.1926288e+000  2.3199961e+000
  5.5685428e+000  1.2866394e+000
  1.7850152e+000  7.2766124e+000
  8.7829438e+000  8.4892963e+000
  3.5395356e+000  8.4016169e+000
  3.0240564e+000  1.3958806e+000
  7.2432306e+000  5.6499807e+000
  8.3806172e+000  5.7246318e+000
  5.5319252e+000  8.9947309e+000
  7.4324977e+000  8.2821740e+000
  5.6095637e+000  3.1342450e+000
  8.6712155e+000  7.2727561e+000
  7.0965001e+000  4.1402329e+000
  1.5796642e+000  6.4161231e+000
  4.7568933e+000  4.1507346e+000
  8.7683530e+000  8.5502291e+000
  8.6859640e+000  7.6848955e+000
  8.4463463e+000  1.4535599e+000
  8.9086395e+000  5.3466502e+000
  1.7009082e+000  5.8738486e+000
  5.3395268e+000  3.3537788e+000
  6.6239474e+000  5.6369225e+000
  8.4074029e+000  1.8490188e+000
  8.5975981e+000  1.8005283e+000
  1.5063472e+000  7.0449233e+000
  3.8930820e+000  9.1241156e+000
  3.2171059e+000  8.4107307e+000
  1.6478384e+000  1.8156982e+000
  1.3969820e+000  7.3168421e+000
  6.9886600e+000  4.5609519e+000
  5.1463465e+000  3.2685435e+000
  1.3137165e+000  1.6136532e+000
  3.6222926e+000  9.2732958e+000
  5.3172851e+000  5.0685798e+000
  3.5270931e+000  5.4843006e+000
  1.5240881e+000  1.5181907e+000
  5.6222969e+000  8.0153985e+000
  5.2447563e+000  3.9369204e+000
  5.0436892e+000  4.0497259e+000
  3.5990163e+000  8.8331221e+000
  8.6493927e+000  6.4875188e+000
  4.6776028e+000  1.6689963e+000
  5.2128799e+000  8.6066508e+000
  6.9330128e+000  8.7855459e+000
  1.5760019e+000  1.6386380e+000
  1.3064817e+000  1.5479029e+000
  1.4378840e+000  1.2543107e+000
  1.5603218e+000  4.2213640e+000
  6.5225345e+000  6.6886135e+000
  5.0250742e+000  7.3867056e+000
  1.5287380e+000  1.8412712e+000
  9.2689171e+000  8.5378154e+000
  6.6143423e-001  3.0771961e+000
  4.8253484e+000  8.1500319e-001
  2.3001551e+000  8.6182536e+000
  5.4191675e+000  3.2478909e+000
  8.5935522e+000  5.5914945e+000
  6.6593484e+000  1.4871335e+000
  1.0909280e+000  6.8287783e+000
  5.3654496e+000  7.4038119e+000
  8.3140211e+000  2.0801326e+000
  1.8851902e+000  7.9843524e+000
  5.0257239e+000  2.0886884e+000
  6.6802178e+000  8.6092172e+000
  7.1586583e+000  6.5719694e+000
  8.4610360e+000  2.6581720e+000
  6.2444621e+000  6.5080494e+000
  7.5766505e+000  8.3821414e+000
  1.0066403e+000  7.1995129e+000
  4.7109799e+000  4.0552305e+000
  5.9096099e+000  3.5472866e+000
  3.5785309e+000  8.6593624e+000
  5.3449040e+000  3.2033876e+000
  7.5875501e+000  4.4545437e+000
  3.4216489e+000  1.5119414e+000
  1.7273834e+000  4.4128090e+000
  5.0481496e+000  2.8839283e+000
  3.9843151e+000  6.3793051e+000
  2.6253152e+000  5.6903454e+000
  5.6844317e+000  1.7240782e+000
  6.2341501e+000  6.4508960e+000
  8.9138775e+000  8.4131136e+000
  1.8905531e+000  5.2986148e+000
  8.4982582e+000  7.4502052e+000
  5.4494050e+000  3.2183395e+000
  6.6620049e+000  8.1850958e+000
  5.1367789e+000  3.1973231e+000
  2.6115334e+000  1.3756522e+000
  8.6434789e+000  3.0220205e+000
  2.2273185e+000  6.6063160e+000
  1.6138712e+000  1.4767262e+000
  3.0017207e+000  1.3114127e+000
  8.1271313e+000  1.4989656e+000
  1.4749695e+000  7.6528342e+000
  3.2855406e+000  8.3354428e+000
  2.2507115e+000  5.3960483e+000
  5.3252518e+000  2.8672951e+000
  6.4861883e+000  6.8277207e+000
  8.6944640e+000  2.1037824e+000
  6.3429169e+000  2.0961010e+000
  5.1698178e+000  2.9778321e+000
  6.2440216e+000  4.1058222e+000
  1.2655468e+000  6.1810187e+000
  7.9121846e+000  8.6767275e+000
  1.2351082e+000  2.2989428e+000
  8.5612702e+000  2.3244787e+000
  8.3790360e+000  5.1200389e+000
  8.5029079e+000  6.6514769e+000
  6.4737664e+000  8.4483901e+000
  1.5953073e+000  8.1512952e+000
  8.6143468e+000  8.2265986e+000
  3.1805150e+000  1.7961892e+000
  1.7008518e+000  6.9660761e+000
  1.7928562e+000  7.3196097e+000
  3.3217418e+000  8.8070678e+000
  7.9684023e+000  1.6835078e+000
  5.9609449e+000  5.8398056e+000
  4.9827134e+000  3.1239698e+000
  1.2103456e+000  6.7639623e+000
  3.4629267e+000  1.6287494e+000
  7.1700451e+000  6.9234676e+000
  9.0401315e+000  5.3752330e+000
  1.7919703e+000  7.6441741e+000
  6.8628577e+000  4.7751078e+000
  8.3988014e+000  1.7598433e+000
  1.3095487e+000  7.0222442e+000
  5.0725062e+000  4.3677131e+000
  6.9925148e+000  5.1624258e+000
  3.5436637e+000  8.6938913e+000
  1.6137202e+000  7.1252778e+000
  6.4252210e+000  4.1349369e+000
  4.9028201e+000  1.1144806e+000
  4.1148380e+000  1.7537977e+000
  5.1093155e+000  3.1538388e+000
  1.1634892e+000  8.4340595e+000
  3.4927975e+000  8.3700210e+000
  4.6887096e+000  6.9449737e+000
  8.3875117e+000  7.9179184e+000
  1.0511073e+000  8.7632299e+000
  5.1684380e+000  2.8997673e+000
  3.1776380e+000  1.7302169e+000
  1.2290544e+000  6.6558001e+000
  3.3553253e+000  8.7420799e+000
  1.1851324e+000  4.2504519e+000
  5.6712375e+000  5.8344515e+000
  8.3550835e+000  8.6218409e+000
  6.5956999e+000  2.1734630e+000
  3.3289687e+000  1.5478340e+000
  8.9182210e+000  8.6319402e+000
  8.5093871e+000  2.4513762e+000
  1.4017822e+000  7.0786900e+000
  1.3338643e+000  6.8816400e+000
  1.6409454e+000  7.1530925e+000
  8.2446719e+000  2.1730299e+000
  6.7774474e+000  6.4858085e+000
  7.1367962e+000  8.6684634e+000
  3.2034045e+000  6.1632936e+000
  9.0052173e+000  2.1555736e+000
  6.6169361e+000  6.5997680e+000
  8.4863807e+000  5.7450603e+000
  8.0470408e+000  1.4153434e+000
  5.9293745e+000  7.1136806e+000
  8.9362763e+000  2.2652718e+000
  6.8730276e+000  4.6437235e+000
  3.3709623e+000  8.7006030e+000
  4.3676541e+000  2.1474598e+000
  1.4511465e+000  7.0657857e+000
  6.6776356e+000  4.4466591e+000
  6.9713441e+000  8.7544404e+000
  7.7254307e+000  5.3299215e+000
  3.5778292e+000  5.8496568e+000
  1.9106035e+000  8.1264563e+000
  2.2845286e+000  1.3063286e+000
  6.3812444e+000  6.5712487e+000
  3.4704460e+000  9.2091795e+000
  6.3876303e+000  6.0205034e+000
  1.5312830e+000  7.2050722e+000
  9.0492724e-001  2.8800865e+000
  3.6156317e+000  6.0081508e+000
  1.0618683e+000  2.0972849e+000
  2.5394766e+000  5.4230959e+000
  3.2696456e+000  1.6223504e+000
  1.7217948e+000  4.8155266e+000
  8.1358499e+000  1.4126064e+000
  5.4494801e+000  2.7605159e+000
  1.6248708e+000  4.3267868e+000
  1.4034884e+000  1.6211713e+000
  4.3546918e+000  6.0631524e+000
  7.9006581e+000  6.2324246e+000
  8.3862253e+000  2.3437943e+000
  5.8580290e+000  7.1475614e+000
  3.4780107e+000  1.3538221e+000
  5.0280001e+000  3.1959233e+000
  5.2224764e+000  2.1571101e+000
  1.6941032e+000  3.8969283e+000
  1.2436378e+000  3.0233318e+000
  8.9259957e+000  6.2936819e+000
  6.0947037e+000  1.7684153e+000
  5.6293174e+000  3.1455291e+000
  1.4409485e+000  6.7583884e+000
  9.0183844e+000  2.3867199e+000
