  7.5148470e+000 -4.6293191e-001
  5.0966836e+000  2.1508081e+000
  5.2059315e+000  9.4089376e+000
  6.1440088e+000  3.0238959e+000
  6.4106636e+000  7.2944483e+000
  6.8528966e+000  7.3348783e+000
  5.7249468e+000  2.4826343e+000
  3.2617888e+000  4.7906567e+000
  2.7607358e+000  4.6578405e+000
  3.4264674e+000  8.7867268e+000
  7.4211042e+000  6.9051724e+000
 -3.7882490e-001  4.3989734e+000
  7.2291328e+000  7.3965035e+000
  3.8074676e+000  1.8386023e+000
  7.4504759e+000  7.6308266e+000
  8.1563148e+000  7.4870720e+000
  1.3557364e+000  7.2784798e+000
  2.7890084e+000  4.2138200e+000
  5.6672973e+000  3.8076398e+000
  7.7288944e+000  1.0401829e+000
  9.4895216e+000  6.9057776e+000
  3.2007390e+000  8.0504710e+000
  2.3185427e+000  5.7466490e+000
  5.7673980e+000  3.1722786e+000
  8.9520056e+000  7.5749988e+000
  5.6699873e+000  5.6012780e+000
  3.7984756e+000  7.5043224e+000
  5.1438088e+000  3.0148604e+000
  3.8028247e+000  5.5343380e+000
  4.8049401e+000 -2.2425894e-001
  7.8579320e+000  7.0639657e+000
  8.3223214e+000  2.6678897e+000
  3.7348404e+000  4.2251257e+000
 -2.1326586e-001  4.6713181e+000
  1.4935422e+000  4.5612668e+000
  7.6363014e+000  8.0642925e+000
  7.6617896e+000  4.2523002e+000
  3.8186763e+000  2.5930275e+000
  2.9108393e+000  6.0226497e+000
  5.9308640e+000  6.9976884e+000
  5.1953081e+000  2.0251985e+000
  1.0720064e+001  4.5107086e+000
  2.5869718e+000  3.1606403e+000
  5.5925064e+000  3.8503644e+000
  3.9859309e+000  6.7849636e+000
  5.2965815e+000  5.0641806e+000
  4.0070531e+000  8.3895630e+000
  7.7821038e+000  1.0498986e+000
  3.6595096e+000  3.9630732e+000
  3.3420147e+000  7.7938865e+000
  5.7716330e+000  5.0816055e+000
  2.8506705e+000  6.6556087e+000
  2.9054559e+000  7.8357962e+000
  5.7153641e+000  2.7755645e+000
  5.6404873e+000  8.2530143e+000
  7.8722406e+000  9.4945263e+000
  3.1244208e+000  4.7586158e+000
  1.1388347e+001  3.9962928e+000
  2.8453540e+000  5.1250096e+000
  7.9848611e+000  8.1118265e+000
  3.7701335e+000  4.8819645e+000
  4.4488282e+000  7.5542092e+000
  5.9011800e+000  3.1386375e+000
  5.0416548e+000 -3.9933236e-001
  4.2229092e+000  2.7840830e+000
  6.9924286e+000  3.8611463e+000
  6.2013712e+000  6.1790216e+000
  6.2754499e+000  3.2444269e+000
  2.9135131e+000  8.0442595e+000
  7.9442123e+000  7.9740458e+000
  5.3478154e+000  3.5300346e+000
  4.0228224e+000  1.1909309e+000
  2.9913368e+000  6.7835147e+000
  4.5863314e+000  1.4944104e+000
  7.7208256e+000  6.8073019e+000
  5.6795876e+000  3.1706374e+000
  7.0630471e+000  2.6265193e+000
  1.8062269e+000  7.1958392e+000
  6.5121581e+000  6.3569789e+000
  2.4540761e+000  4.1762662e+000
  8.5624492e+000  4.8307026e+000
  9.4864232e+000  4.3436600e+000
  1.8041672e+000  6.3723815e+000
  6.1143884e+000  3.0233043e+000
  8.9685336e+000  7.7900351e+000
  6.4420816e+000  2.8818846e+000
  4.3172171e+000  1.8637803e+000
  3.2823020e+000  5.4612204e+000
  6.7209750e+000  8.2364252e+000
  6.9078696e+000  2.5096581e+000
  3.1843927e+000  8.1250992e+000
  3.4351262e+000  4.0746355e-001
  3.3286848e+000  4.0585127e+000
  6.0306358e+000  2.9959986e+000
  1.7890859e+000  2.8610086e+000
  1.0546963e+001  3.9535839e+000
  3.5788400e+000  4.6812521e+000
  3.6586368e+000  8.3197948e+000
  4.0235296e+000  3.7202225e+000
  2.8406448e+000  4.5615183e+000
  5.9100585e+000  6.6990624e+000
  6.3574077e+000  4.8286779e+000
  2.9165264e+000  4.5738322e-001
  6.3539361e+000  8.0011647e+000
  5.0102036e+000  3.6424274e+000
  3.9133236e+000  2.5653721e+000
  5.6481171e+000  4.4387713e+000
  4.9890942e+000  9.6245040e-001
  6.0784794e+000  3.0152514e+000
  4.2821183e+000  8.3148108e+000
  5.7902178e+000  3.2067470e+000
  5.6631642e+000  2.6935886e+000
  5.6240311e+000  2.5400558e+000
  2.7872824e+000  8.5433974e+000
  4.6529193e-001  2.1511145e+000
  2.8494448e+000  7.2087903e+000
  2.6426196e+000  5.5183790e+000
  6.4382662e+000  2.8109203e+000
  6.1461357e+000  6.0682066e+000
  3.8352845e+000  7.9292893e+000
  7.6310025e+000  3.9860893e+000
  2.1203004e+000  3.8316864e+000
  7.2357782e+000  4.5245613e+000
  4.4207101e+000  7.3984043e+000
  3.6912520e+000  4.8799015e+000
  1.9241221e+000  3.4388523e+000
  2.8467654e+000  7.1361318e+000
  4.2164238e+000  7.5456289e+000
  3.3826450e+000  4.0152267e+000
  9.1966327e+000  8.7236084e+000
  3.7475175e+000  3.2843870e+000
  6.0670958e+000  3.3486312e+000
  4.9899761e+000  2.4364108e+000
  1.6332535e+000  6.8645804e+000
  2.1955761e+000  4.3320418e+000
  2.6437213e+000  3.5390748e+000
  3.3468151e+000  4.0327845e+000
  6.5607376e+000  3.3080660e+000
  5.1800852e+000  1.4221183e+000
  6.3469793e+000  2.6630438e+000
  3.2296409e+000  3.4596126e+000
  3.2165088e+000  1.8433119e+000
  7.0061442e+000  6.1829448e+000
  5.8976834e+000  3.7581560e+000
  4.2839273e+000  2.2793251e+000
  5.8778802e+000  3.0279229e+000
  7.7822246e+000  9.0466460e+000
  4.5592275e+000  7.6392481e+000
  8.9182144e+000  9.5526600e+000
  5.8370768e+000  1.2287582e+000
  5.2454256e+000  1.7300146e+000
  3.0173538e+000  6.0443760e+000
  4.5422363e+000  3.3319971e-001
  7.7978016e+000  3.2237601e-001
  2.3570002e+000  5.8282263e+000
  6.9144222e+000  5.2393049e+000
  6.2004312e+000  6.6379899e+000
  6.7160262e+000  3.6666031e+000
  2.4225648e+000  3.8775204e+000
  6.4060917e+000  6.2197360e+000
  3.5886627e+000  7.5904986e+000
  1.6579880e+000  5.4554303e+000
  2.7863207e+000  5.5893743e+000
  5.4488425e+000  3.6944635e+000
  3.7503400e+000  5.4505902e+000
  3.9373945e+000  7.9526893e+000
  6.3268692e+000  4.3097367e+000
  5.6513496e+000  3.7817358e+000
  1.0239129e+000  1.5511281e+000
  9.5223444e+000  6.3923202e-001
  5.4802768e+000  5.3222072e+000
  2.3928384e+000  8.3640747e+000
  1.5266510e+000  3.4568789e+000
  5.4589007e+000  3.6509604e+000
  1.7580410e+000  7.1464386e+000
  4.0461671e+000  8.8097332e+000
  4.8601534e+000  6.6370821e+000
  3.3720297e+000  9.0218061e+000
  3.5879090e+000  3.9189999e+000
  1.6862455e+000  7.8237163e+000
  1.9959311e+000  1.6817002e+000
  7.0095242e+000  3.6112270e+000
  5.9399087e+000  4.3568609e+000
  5.8579340e+000  3.8018623e+000
  3.7455629e+000  3.5579169e+000
  3.8428434e+000  3.2677274e+000
  6.8415438e+000  3.2142362e+000
  5.2725472e+000  2.4806626e+000
  1.7907903e+000  7.1963645e+000
  1.0064467e+001  7.2053074e+000
  7.6872285e+000  7.3433048e+000
  2.5041069e+000  4.2984800e+000
  9.0531630e+000  3.0221803e+000
  5.6786597e+000  2.1289886e+000
  3.7385508e+000  7.2872862e+000
  6.1239143e+000  3.2005866e+000
  6.4091078e+000  2.0285625e+000
  7.5981715e+000  9.9661540e+000
  4.4094205e+000  1.0177727e+001
  7.7200780e+000  4.9417195e+000
  2.5604231e+000  6.5399207e+000
  4.1075817e+000  1.1202762e+000
  7.9436104e+000  4.2016055e+000
  2.8781635e+000  5.9589959e+000
  7.8314813e+000  7.4200381e-001
  6.4661786e+000  2.3650941e+000
  5.8075213e+000  3.7285085e+000
  6.0311784e+000  6.9867463e+000
  7.2926439e+000  5.8573944e+000
  6.5904813e+000  5.1340482e+000
  5.6035302e+000  3.8370926e+000
  3.3807877e+000  2.0619884e+000
  5.7788904e+000  3.0251532e+000
  5.3191194e+000  7.5648476e+000
  5.7113226e+000  7.8216943e+000
  3.0226575e+000  4.1717531e+000
  7.6336992e+000  8.5920046e+000
  5.3708056e+000  7.4137982e+000
  5.6465741e+000  4.2454136e+000
  5.5211410e+000  3.8733472e+000
  5.5097943e+000  3.8018804e+000
  3.4873288e+000  7.3555241e+000
  4.7688172e+000  1.1354066e+000
  7.1404194e+000  5.9342681e+000
  6.1684735e+000  5.5108192e+000
  3.9095191e+000  3.1431660e+000
  3.8738567e+000  4.9434655e+000
  6.1362358e+000  2.4664924e+000
  4.4955012e+000  2.9806157e+000
  2.4209729e+000  5.1312182e+000
  7.2546985e+000 -9.3590221e-001
  5.7527704e+000  6.9491482e+000
  2.4246068e+000  6.1873936e+000
  3.2468444e+000  9.2655035e-001
  6.1422215e+000  7.4029106e+000
  6.5923022e+000  3.4329370e+000
  6.0369442e+000  2.9578856e+000
  1.0363107e+000  3.4785265e+000
  4.4121287e+000  5.5838331e+000
  5.6782226e+000  8.5543015e-001
  5.6739699e+000  4.4593912e+000
  1.5222368e+000  2.1938152e+000
  7.7333926e+000  1.0449149e+001
  3.4515990e+000  8.4096583e+000
  6.9245172e+000  5.3695684e+000
  6.2689961e+000  7.3933987e+000
  5.7787932e+000  3.5584491e+000
  7.4473316e+000  6.6579193e+000
  2.5147679e+000  7.1865201e+000
  4.0725841e+000  7.0852128e+000
  6.3326713e+000  2.9587972e+000
  6.9355822e+000  5.4558814e+000
  6.9453396e+000  3.7754565e+000
  6.5938874e+000  7.2011076e+000
  2.6103391e+000  1.5630854e+000
  9.4033968e+000  9.7243193e+000
  2.8282794e+000  3.9718700e+000
  2.2098707e+000  7.8972685e+000
  6.1600676e+000  7.0427804e+000
  3.5422596e+000  9.4390395e+000
  3.0343442e+000  7.9780723e+000
  2.7117345e+000  7.1192904e+000
  1.4068696e+000  6.4944142e+000
  1.8380913e+000  7.0141797e+000
  7.0403257e+000  6.2332526e+000
  5.4809168e+000  7.2515186e+000
  4.7136196e+000  5.5712934e+000
  6.5497394e+000  4.2003354e+000
  5.0169711e+000  3.3446765e+000
  5.5396109e+000  2.9062481e+000
  7.8541139e+000  3.5864000e+000
  3.3334404e+000  3.0207317e+000
  7.4315492e+000  1.2399100e+000
  6.8459538e+000  6.7527687e+000
  8.0259746e+000  4.4948682e+000
  6.5067680e+000  3.0680804e+000
  8.4968388e-001  7.1165266e+000
  2.4577331e+000  9.8982871e-001
  4.7582724e-001  5.1030809e+000
  4.0039416e+000  7.5723378e+000
  7.4294616e-001  2.3833793e+000
  5.0999786e+000  7.7372999e+000
  2.5017654e+000  4.1937738e+000
  3.2108890e+000  2.7064977e+000
  3.2722159e+000  4.6271242e+000
  8.1203080e+000  4.0348044e+000
  1.0166342e+001  4.9939241e+000
  3.2697164e+000  1.6494586e+000
  7.4790682e+000  2.8597295e+000
  6.9785583e+000  3.5092509e+000
  1.9002418e+000  6.6332164e+000
 -7.2679264e-002  5.0260271e+000
  7.6341490e+000  6.9029429e+000
  7.3941488e+000  6.4963625e+000
  1.0361247e+001  3.3437999e+000
  5.4053132e+000  6.1941709e+000
  2.0764259e-002  5.3943287e+000
  6.4683850e+000  2.6240768e+000
  6.4899482e+000  2.3940196e+000
  6.7725144e+000  3.6869220e+000
  8.2585422e+000  3.4437738e+000
  6.3950625e+000  4.7025518e+000
  6.3214044e+000  2.5154140e+000
  6.4637972e+000  6.6177143e+000
  7.8886469e+000  3.7851881e+000
  2.5470147e+000  4.4244964e+000
  5.4846501e+000  4.1496559e+000
  3.5141420e+000  4.8279573e+000
  5.7344024e+000  4.4863386e+000
  5.1495288e+000  4.1495389e+000
  8.4191657e-001  4.4735410e+000
  3.2632384e+000  3.7712823e+000
  4.3435152e+000  7.7019188e+000
  5.6327839e+000  3.9840813e+000
  2.8778827e+000  4.4458797e+000
  5.8673498e+000  1.0386015e+001
  5.8077586e+000  3.0411184e+000
  6.8884480e+000  4.0679449e+000
  6.3344232e+000  1.1499966e+000
  6.0478929e+000  3.3909253e+000
  3.1630735e+000  4.5398660e+000
  9.0121800e+000  5.7041139e+000
  7.1232770e+000  4.7567118e+000
  3.2449506e+000  3.9284332e+000
  3.2446804e+000  3.0756442e+000
  1.6907887e+000  6.4076985e+000
  7.4247460e+000  5.7034550e+000
  3.5557513e+000  2.0599087e+000
  4.1836672e+000  3.9735686e+000
  5.4832797e+000  2.8438091e+000
  6.2022929e+000  2.4622369e+000
  5.9272479e+000  5.7183441e+000
  6.3927135e+000  3.1941575e+000
  5.3261367e+000  3.9211107e+000
  6.8757067e+000  7.2140115e+000
  3.3128859e+000  7.7268998e+000
  3.6734177e+000  9.2525003e+000
  6.0981433e+000  3.1548621e+000
  1.8201210e+000  6.9007101e+000
  2.7673707e+000  9.1395512e+000
  8.0143927e+000  5.5429454e+000
  3.9516180e+000  7.5530605e+000
  6.1978562e+000  3.1287140e+000
  3.8756537e+000  2.8018522e+000
  7.4783365e+000  9.4713883e+000
  1.6192315e+000  7.2666045e+000
  6.5244658e+000  6.5980852e+000
  5.1796688e+000  6.8003919e+000
  5.9713124e+000  5.4898605e+000
  6.0762930e+000  5.0529524e+000
  4.1382182e+000  4.9470832e+000
  6.5339207e+000  3.7072916e+000
  2.7345000e+000  7.1683873e+000
  6.0394175e+000  3.6028389e+000
  3.5582317e-001  4.7658848e+000
  6.7705840e+000  2.3708593e+000
  7.3453207e+000  7.3813566e+000
  2.2511004e+000  6.9358648e+000
  5.5787366e+000  2.3902781e+000
  4.2817707e+000  8.0214043e+000
  3.6462893e+000  4.3964906e+000
  6.1892294e+000  8.5350949e+000
  5.5401726e+000  2.6960264e+000
  7.8315320e+000  3.1908145e+000
  1.5550523e+000  5.0043220e+000
  6.7899056e+000  7.8585240e+000
  3.9396185e+000  4.7660556e+000
  6.1645877e+000  8.0080948e+000
  6.1378654e+000  6.9403246e+000
  3.5999570e+000  7.1187725e+000
  7.8726601e+000  8.3286358e+000
  3.0690720e+000  4.3839211e+000
  9.8328327e-001  7.5671800e+000
  6.1969723e+000 -2.0214577e+000
  5.6762698e+000  7.9833450e+000
  2.6456014e+000  3.9722715e+000
  5.9654467e+000  7.4365156e+000
  9.7474962e-001  4.7444889e+000
  5.7363839e+000  3.8273297e+000
  6.0854011e+000  2.1555454e+000
  5.4864181e+000  4.1307022e+000
  3.9398909e+000  4.7998788e+000
  5.8365357e+000  3.2246622e+000
  3.2914015e+000  1.4567892e+000
  5.7888890e+000  3.8736320e+000
  4.8227892e+000 -1.9465717e+000
  2.9957295e+000  3.2335333e+000
  2.7262524e+000  7.0297540e+000
  6.0703456e+000  1.6394927e+000
  3.8155618e+000  5.1528536e+000
  4.4262130e+000  4.5007476e+000
  3.2399185e+000  9.4779466e+000
  7.5041193e+000  9.6993312e+000
  8.3441312e+000  6.6336520e+000
  6.3522316e+000  2.7459031e+000
  2.8842123e+000  2.6473451e+000
  3.1298073e+000  4.2251309e+000
  6.8039469e+000  4.9342860e+000
  4.3836852e+000  7.4229103e+000
  6.6967543e+000  6.9329152e+000
  2.9965242e+000  4.6564027e+000
  1.8811055e+000  6.5774714e+000
  5.7266128e+000  3.4479198e+000
  6.8048263e+000  3.2841618e+000
  4.9151609e+000  5.0532613e+000
  7.3285702e+000  2.4935391e+000
  5.9773561e+000  2.3562575e+000
  4.6650649e+000  5.0305242e+000
  7.2692770e-001  5.3942557e+000
  5.3787675e+000  6.1238267e+000
  1.9855844e-002  8.1374417e+000
  3.4348658e+000  9.4993916e+000
  3.4498480e+000  3.3550500e+000
  3.5153009e+000  1.9261140e+000
  1.7706400e+000  7.3982919e+000
  3.8503926e+000  3.9917061e+000
  3.0484090e+000  6.3238202e+000
  2.1979744e+000  7.6575980e+000
  6.4014141e+000  3.6064626e+000
  4.1834663e+000  4.0894800e+000
  3.9857965e+000  4.2959245e+000
  5.4888095e+000  1.4093990e+000
  7.5137923e+000  1.4643420e+000
  7.5596276e+000  4.6860922e+000
  2.6677005e+000  3.4081499e+000
  6.5930453e+000  5.6133759e+000
  6.0783348e+000  5.0554344e+000
  8.8022483e+000  8.9476254e+000
  6.3928854e+000  1.6622103e+000
  5.5346065e+000  2.6313250e+000
  5.7981740e+000  7.8311322e+000
  4.4494760e+000  7.4146959e+000
  8.3815021e+000  4.0551666e+000
  2.4636729e+000  6.3318435e+000
  7.4272203e+000  1.3684562e+000
  6.7518364e+000  3.7677942e+000
  4.6119891e+000  6.7572798e+000
  6.1326328e+000  6.0485450e+000
  6.2702852e+000  7.8721496e+000
  8.0038515e+000  6.8014870e+000
  2.8746884e+000  5.1705383e+000
  9.9527942e+000  4.9189644e+000
  5.4342361e+000  7.0922968e+000
  3.3452074e+000  5.4859711e+000
  6.2665962e+000  3.5111973e+000
  2.9240946e+000  2.2312310e+000
  1.4081506e+000  5.1733225e+000
  1.7155948e+000  5.8243000e+000
  3.9758614e+000  6.5327042e+000
 -9.0879002e-002  3.2925721e+000
  4.0520013e+000  7.7187739e+000
  6.1303071e+000  7.0793828e+000
  8.5001921e+000  1.0279422e+001
  3.0796260e+000  5.1128277e+000
  5.7132786e+000  5.1515056e+000
  2.8488266e+000  7.3004827e+000
  8.1458273e+000  6.6399210e+000
  5.9004841e+000  3.7575227e+000
  3.6843709e+000  4.2529787e+000
  4.9440370e+000  3.0382472e+000
  1.5161967e+000  3.0198557e+000
  6.9258174e+000  4.3568914e+000
  6.8521954e+000  4.0244163e+000
  3.8784881e+000  3.1833138e+000
  3.8842449e+000  6.4865223e+000
  6.8077480e+000  9.9922591e+000
  7.5307197e+000  4.0010832e+000
  4.0866200e+000  8.2548305e+000
  3.4204216e+000  2.0535057e+000
  4.4012622e+000  2.4262844e+000
  5.3756078e+000  3.2468747e+000
  2.0661286e+000  7.0483299e+000
  4.1091411e+000  1.6158371e+000
  6.5793043e+000  4.2916763e+000
  3.5673530e+000  8.1885017e+000
  3.5325377e+000  2.7383720e+000
  6.8354230e+000  1.7278909e+000
  4.9608444e+000  2.3631079e+000
  6.6810786e+000  5.1666554e+000
  8.5785219e+000  1.0293957e+001
  9.0508327e+000  6.7289583e+000
  5.9637474e+000  2.5254233e+000
  6.2746937e+000  2.5469859e+000
  2.8013766e+000  6.1456187e-001
  7.9002552e+000  9.6861400e+000
  7.4328343e+000  1.0429027e+001
  6.1795577e+000  5.3573503e+000
  4.5894298e+000  3.3910881e+000
  5.0324837e+000  4.0398945e+000
  6.7678169e+000  3.1709229e+000
  1.7660534e+000  7.3015984e+000
  8.6425783e+000  1.0054873e+001
  6.3993708e+000  5.2256618e+000
  3.0849229e+000  7.4348885e+000
  6.8316974e+000  8.5088946e+000
  6.2447661e+000  5.6722990e+000
  5.7741615e+000  7.6410233e+000
  2.9045586e+000  4.7177931e+000
  3.7568246e+000  9.5447138e+000
  3.3230647e+000  3.9585366e+000
  8.0112960e+000  7.0170487e+000
  3.0340064e+000  2.7348337e+000
  4.7910244e+000  4.8771182e+000
  8.0620423e+000  2.6327685e+000
  3.0899460e+000  4.6789326e+000
  3.4816733e+000  1.5402314e+000
  6.4738525e+000  3.1898610e+000
  2.6546261e+000  4.8782235e+000
  3.9802969e+000  7.2508049e+000
  3.7057140e+000  2.7590089e+000
  6.9640169e+000  1.0755619e+001
  4.0774196e+000  6.5408737e+000
  3.2336183e+000  8.1829428e+000
  4.2696283e+000  7.0819152e+000
  1.8514724e+000  7.2455464e+000
  5.3270708e+000  4.9650998e+000
  6.6031359e+000  2.0455077e+000
  5.7264850e+000  3.3292768e+000
  4.0564631e+000  4.1805135e+000
  3.1415471e+000  3.3159369e+000
  9.4079851e+000  4.6900795e+000
  6.4898166e+000  4.9150135e+000
  2.6584877e+000  7.8704340e+000
  2.4428235e+000  6.3802067e+000
  3.3174950e+000  7.2709807e+000
  8.4250495e+000  2.5101178e+000
  3.3256825e+000  3.3925906e+000
  6.0547772e+000  4.4431357e+000
  8.3940908e+000  7.7232200e+000
  2.8829102e+000  7.9501126e+000
  5.6170584e+000  4.1817800e+000
  6.4357203e+000  6.8791049e+000
  6.6637817e+000  8.3603939e+000
  5.9896117e+000  4.5813805e+000
  1.7702387e+000  6.0987987e+000
  2.9355471e+000  3.2238888e+000
  3.7047725e+000  8.8563942e+000
  8.1487695e+000  6.0546832e+000
  1.9825892e+000  8.5338872e+000
  5.7796697e+000  1.3609010e+000
  6.6344923e+000  4.1021565e+000
  1.1545575e+001  7.8345543e+000
  3.9390400e+000  8.4960704e+000
  5.7223300e+000  7.7703135e+000
  6.2011339e+000  2.7648695e+000
  4.1094428e+000  1.4862420e+000
  7.8931434e+000  1.0886221e+001
  3.2998743e+000  8.4467832e+000
  9.7757767e-001  7.5689736e+000
  8.0680132e+000  7.2150979e+000
  3.0786999e+000  3.6114334e+000
  2.7948173e+000  4.0104333e+000
  5.8134441e+000  7.3741108e+000
  6.9937944e+000  5.7291301e-001
  8.1343722e+000  5.9633306e+000
  2.8037225e+000  7.0664407e+000
  3.5794397e+000  7.3144480e+000
  2.7548136e+000  4.4961801e+000
  6.7557432e+000  2.5496915e+000
  4.2293814e+000  5.3937674e+000
  3.4151650e-001  1.5239422e+000
  4.3010004e+000  4.7275334e+000
  6.1401248e+000  8.3693855e+000
  7.5540587e+000  4.3936573e+000
  3.1281534e+000  5.3085754e+000
  3.0834306e+000  3.8391518e+000
  3.6787737e+000  8.0585838e-001
  4.1456505e+000  3.1661061e+000
  4.2483266e+000  2.7385572e+000
  3.5014533e+000  3.5754547e+000
  5.7476205e+000  1.5543731e+000
  3.1260417e+000  3.9711734e+000
  5.4527978e+000  2.6843765e+000
  3.9397781e+000  9.5218783e+000
  5.7804894e+000  4.8824564e+000
  4.2384049e+000  2.6988737e+000
  7.2939361e+000  1.0536006e+001
  4.8293480e+000  7.7984788e+000
  8.8646250e+000  4.9302195e+000
  5.3991725e+000  7.7659504e+000
  4.7781329e-001  4.4867412e+000
  7.2988460e+000  5.0682547e+000
  3.5101730e+000  2.8336588e+000
  6.2234818e+000  7.0982172e+000
  2.5776313e+000  8.0523270e+000
  1.9459073e+000  2.8321042e+000
  4.0550602e+000  5.0917693e+000
  5.5984696e+000  5.6464517e+000
  5.4183475e+000  3.0547254e+000
  2.9750551e+000  4.7024179e+000
  4.3232810e+000  7.6943864e+000
  6.0593507e+000  5.4850434e+000
  4.1725270e+000  7.5617968e+000
  3.3849504e+000  8.6066566e+000
  3.1085402e+000  5.7170085e+000
  3.1744491e+000  3.4144113e+000
  4.5314815e+000  6.8658784e+000
  4.8886609e+000  5.0567339e+000
  6.3593358e+000  7.2302337e+000
  8.4991653e+000  9.9649039e+000
  3.1046274e+000  4.4688252e+000
  3.6313514e+000  8.2894789e+000
  7.9340790e+000  7.8269607e-001
  2.8591364e+000  3.8154569e+000
  5.3083996e+000  4.0582236e+000
  4.8370776e+000  3.8331320e+000
  7.7869660e+000  8.7624412e+000
  7.0414291e+000  3.3420130e+000
  2.8914683e+000  1.1468616e+001
  4.2432032e+000  3.3334435e+000
  5.5238625e+000  2.8801157e+000
  3.5171077e+000  8.5257197e+000
  6.0014172e+000  2.6012818e+000
  5.3031928e+000  9.1941586e+000
  5.5006150e+000  4.8014295e+000
  3.9907854e+000  6.5200949e+000
  3.2967567e+000  5.2834686e+000
  6.0819703e+000  6.6599404e+000
  1.0592626e+000  4.2981220e+000
  6.5303890e+000  1.9180217e+000
  2.9723529e+000  1.7470497e+000
  7.6441483e+000  5.8482284e+000
  6.4167022e+000  7.0630829e+000
  4.6129886e+000  2.2510063e+000
  3.5531033e+000  4.6691378e+000
  8.0799394e+000  3.4313876e+000
  3.1076589e+000  7.7146157e+000
  2.6616997e+000  7.2208995e+000
  5.7472640e+000 -7.8411004e-001
  7.1321146e+000  7.9250243e+000
  9.6439730e+000  4.9652040e+000
  1.0760948e+001  4.0531863e+000
  2.8622107e+000  1.5988699e+000
  5.4187170e+000  4.5010019e+000
  6.1533395e+000  6.0552705e+000
  5.8768845e+000  6.9576779e+000
  5.1273690e-001  1.2094310e+001
  5.4806242e+000 -4.2069281e-001
  6.2474051e+000  7.9395240e+000
  1.4442904e+000  7.5481937e+000
  3.3286810e+000  5.1770099e+000
  5.4803682e+000  3.9914708e+000
  6.3083854e+000  7.9494613e+000
  7.3922418e+000  7.8522013e+000
  6.9887389e+000  6.7771042e+000
  1.2525489e+000  7.1439539e+000
  5.9683179e+000  5.9573835e+000
  5.8857554e+000  2.8413611e+000
  5.7241156e+000 -2.4844692e+000
  4.0858847e+000  1.1932957e+000
  6.3450498e+000  5.5525303e+000
  3.2661238e+000  8.1101872e+000
  9.9442319e+000  6.4341327e+000
  3.2884510e+000  7.4068963e+000
  4.8157580e+000  5.1042398e+000
  5.0555801e+000  2.5640170e+000
  5.5951048e+000  1.8961082e+000
  7.3178267e+000  9.1049918e+000
  1.2773414e+000  3.9196471e+000
  8.0612907e+000  7.3927329e+000
  8.3378586e+000  2.7307613e+000
  1.3260137e+000  7.2761193e+000
 -4.7276605e-001  1.7054886e+000
  3.7481241e+000  8.0859383e+000
  5.6743685e+000  5.1059205e+000
  6.4000333e+000  8.4142043e+000
  2.2431172e+000  3.3913786e+000
  5.3815106e-001  1.2268546e+000
  4.7613416e+000  4.4455985e+000
 -1.0750533e+000  3.8219074e+000
  7.9755339e+000  7.7568651e+000
  3.1992050e+000  6.1980702e+000
  7.6558330e+000  8.9226753e-001
  3.3690504e+000  7.8832127e+000
  3.8497647e+000  8.6450628e+000
  1.4030026e+000  1.9165397e+000
  3.3784560e+000  4.1791412e+000
  1.0640911e+001  5.3078809e+000
  1.2121331e+000  6.0232173e+000
  6.3241299e+000  1.2685732e+000
  3.9104265e+000  8.2426604e+000
  5.3272539e+000  1.9511834e+000
  3.0593455e+000  4.4737400e+000
  5.6140404e+000  3.1407498e+000
  1.6768013e+000  6.2858739e+000
  5.3778261e+000  3.8370764e+000
  5.9088476e+000  2.9295425e+000
  4.1749627e+000  7.5500417e+000
  7.6013366e+000  2.8631787e+000
  8.3025929e+000  5.3965829e+000
  3.3839999e+000  4.0014060e+000
  6.2837052e+000  3.0719927e+000
  8.9699164e+000  5.5894513e+000
  1.1616666e+000  2.9371926e+000
  7.6416522e+000  7.6570358e+000
  5.0260738e+000  5.0596808e+000
  5.8260283e+000  2.6728068e+000
  3.6861671e+000  2.7151153e+000
  5.2977332e+000  7.7484125e+000
  3.5662853e-001  2.5439173e+000
  5.5741419e+000  5.2471828e+000
  3.4999467e+000  9.4364210e+000
  3.9445354e+000  2.5865946e+000
  6.8683586e+000  2.8352994e+000
  6.7237999e+000  7.2192106e+000
  5.9138034e+000  5.6414631e+000
  3.3444002e+000  3.8296299e+000
  5.9374515e+000  1.1809653e+000
  1.0304155e+001  1.8911109e+000
  4.7526699e+000  6.6167581e+000
  6.9817403e+000  1.0059250e+001
  7.4003229e+000  6.5523654e+000
  7.9525831e+000  3.2680694e+000
  1.1023167e+001  2.4449357e+000
  6.2712142e+000  3.1672976e+000
  7.8439026e+000  9.5783127e+000
  2.5817626e+000  2.7170748e+000
  1.9323356e+000  6.7092973e+000
  1.5750379e+000  7.6690158e+000
  2.2017214e+000  5.4490410e+000
  6.9162805e+000  6.4963522e+000
  6.4362376e+000  1.1112115e+001
  7.0818558e+000  3.6491140e+000
  6.3559425e+000  3.4021820e+000
  4.1764563e+000  4.7525181e+000
  8.2273739e+000  3.6687075e+000
  8.3416143e+000  8.6168137e+000
  3.1707545e+000  1.5710221e+000
  8.3529602e+000  4.5170874e+000
  3.1355403e+000  4.1872287e+000
  2.4286662e+000  5.8754152e+000
  7.6798557e+000  8.6489146e+000
  4.7094432e+000  7.5553270e+000
  1.0678981e+001  2.2748918e+000
  1.0027229e+001  4.3173924e+000
  8.0301461e+000  6.1608201e+000
  4.4996538e+000  4.1470345e+000
  3.5659310e+000  3.8769047e+000
  1.0059378e+001  5.5292402e+000
  3.9000865e+000  7.7135454e+000
  9.3256622e+000  5.3421139e+000
  7.4513956e+000  2.5740697e+000
  7.3864701e+000  6.8854013e+000
  2.8848642e+000  2.6928966e+000
  8.2171436e+000  9.4724407e+000
  1.3478343e+000  7.6584862e+000
  3.8915233e+000  1.6076457e+000
  3.7985393e+000  3.2717585e+000
  5.2223317e+000  1.1690632e+000
  6.6601133e+000  6.2095894e+000
  3.1006671e+000  4.5637426e+000
  7.0191308e+000  7.2351360e+000
  3.7305861e+000  2.9019512e+000
  7.2780363e+000  8.4151607e+000
  1.0429724e+001  6.9937133e+000
  1.7702529e+000  6.7558985e+000
  5.6415133e+000  2.3201925e+000
  6.8321210e+000  5.5584379e+000
  9.8425657e+000  4.4093763e+000
  5.7403963e+000  3.4696822e+000
  2.7859602e+000  4.5025043e+000
  3.3847240e+000  7.9548436e+000
  5.8048323e+000  3.9549275e+000
  4.5377971e+000  1.0236050e+001
  2.5654215e+000  3.1193844e+000
  6.0907516e+000  3.9740909e+000
  3.1705364e+000  5.4857697e+000
  1.1408887e+000  6.6411019e+000
  5.0512354e+000  5.5175943e+000
  3.6027077e+000  3.8131173e+000
  4.0219751e+000  4.3458519e+000
  6.1904063e+000  7.0827005e+000
  1.8831362e+000  8.1708095e+000
  5.9072968e+000  2.1507078e+000
  1.8258077e+000  6.8003643e+000
  7.2115108e+000  3.4712136e+000
  1.6642004e+000  6.3403095e+000
  3.4764478e+000  4.1808726e+000
  4.0928425e+000  5.0482528e+000
  5.5598435e+000  2.2455503e+000
  5.5678227e+000  6.3268466e+000
  6.4056138e+000  3.8359076e+000
  4.7727704e+000  2.2669989e+000
  9.2942474e+000  5.1803529e+000
  1.7454046e+000  6.0705316e+000
  6.0427729e+000  3.0332001e+000
  7.3321607e+000  4.1825397e+000
  3.3780947e+000  1.0063033e+001
  4.0702416e+000  7.9336562e+000
  2.3536992e+000  4.2104544e+000
  7.3015844e+000  4.3462769e+000
  3.7197104e+000  4.2917982e+000
  6.1838183e+000  2.7737573e+000
  3.1967846e+000  4.1629722e+000
  3.9639255e+000  3.0087391e+000
  2.8360206e+000  4.8893165e+000
  5.0153820e+000  4.5545091e+000
  2.4965432e+000  6.7538629e+000
  6.0302754e+000  2.5485204e+000
  8.4686172e+000  2.4237588e+000
  4.3508732e+000  4.7574162e+000
  3.0685624e+000  4.8682125e+000
  9.0594444e+000  8.9321339e+000
  3.2525787e+000  4.0309436e+000
  4.4694195e+000  8.9491875e+000
  2.5571991e+000  1.1251700e+000
  6.6977192e+000  3.7778744e+000
  7.8241354e+000  6.8239566e+000
  1.3528104e+000  6.5094268e+000
  9.7285715e+000  2.5141746e+000
  4.7609769e+000  8.1360498e+000
  5.9228912e+000  7.1980455e+000
  3.2985393e+000  3.4913577e+000
  6.4024843e+000  2.4470441e+000
  7.4359435e+000  8.9751715e+000
  2.4935063e+000  6.4466606e+000
  3.2087832e+000  8.5467865e+000
  2.8817965e+000  6.6273519e+000
  3.7680147e+000  2.5396458e+000
  3.0300577e+000  7.9613945e+000
  9.8410495e+000  9.0026151e+000
  3.6496077e+000  7.4076641e+000
  1.6923983e+000  3.9888152e+000
  7.2295700e+000  4.2421913e+000
  6.6566217e+000  3.0645829e+000
  4.3476738e+000  4.5559644e+000
 -5.9324993e-001  4.8399247e+000
  6.2590908e+000  3.1251723e+000
  7.2780402e+000  2.4209299e+000
  7.4130773e+000  5.8522727e+000
  7.0634676e+000  6.8989078e+000
  5.7014380e+000  7.0883808e+000
  9.0605277e+000  4.2246679e+000
  9.0499359e+000  8.5480183e+000
  4.7954195e+000  3.2670755e+000
  3.9166284e+000  7.2999580e+000
  3.0201137e+000  3.5805176e+000
  6.7634827e+000  4.2815077e+000
  3.2011518e+000  9.4136674e+000
  3.3656908e+000  4.9365094e+000
  6.1803144e+000  3.6458605e+000
  7.6492831e+000  4.4462293e+000
  4.5258476e+000  5.2166942e+000
  9.5416386e+000  2.3486320e+000
  6.1993271e+000  4.9869252e+000
  6.0967545e+000  3.9827082e+000
  7.1546446e+000  2.2923936e+000
  6.8610331e+000  3.5576454e+000
  7.3744583e+000  1.3444160e+000
  4.5889962e+000  9.1146588e-001
  6.7235826e+000  1.6630146e+000
  1.0067332e+001  7.7606170e+000
  3.1030045e+000  4.5282509e+000
  6.1015114e+000  3.0858878e+000
  5.4678664e+000  2.9421075e+000
  9.9788690e+000  6.5391271e+000
  6.1747333e+000  3.0250978e+000
  1.7583835e+000  4.9035151e+000
  6.6934623e+000  4.5855345e+000
  5.9675109e+000  6.7043084e+000
  1.9302746e+000  1.8956259e+000
  5.6320748e+000  9.4919973e+000
  7.2602908e+000 -8.4523907e-001
  1.4681242e+000  3.1793325e+000
  1.4633395e+000  8.0196614e+000
  3.5347905e+000  8.9225153e+000
  5.5262654e+000  6.1638255e+000
  6.2166415e+000  3.0195241e+000
  7.6787216e+000  5.7041277e+000
  7.6549522e+000  6.8241295e+000
  6.2414981e+000  4.5142464e+000
  6.6772429e+000  6.0340536e+000
  2.5954704e+000  4.8460869e+000
  3.6612398e+000  5.3445259e+000
  6.0493765e+000  2.2557904e+000
  6.8470333e+000  8.0662683e+000
  7.0515319e+000  7.1536062e+000
  4.8680535e+000  3.6665880e+000
  4.2559339e+000  4.6263999e+000
  4.9236375e+000  2.6276142e+000
  5.7741534e+000  4.8644284e+000
  4.7211081e+000  2.3643104e+000
  4.6934426e+000  6.3989050e+000
  5.0703947e+000  3.4177054e+000
  4.2272564e+000  7.9772819e+000
  1.2998507e+000  6.3094663e+000
  3.0401140e+000  5.2024793e+000
  5.8701746e+000  2.5346884e+000
  2.5014678e+000  2.3938815e+000
  2.2320950e+000  7.6674661e+000
  4.4256240e+000  6.2182904e+000
  1.0403025e+001  4.6513187e+000
  3.8378009e+000  8.1941373e+000
  3.7781655e+000  7.5905193e+000
  3.5387793e+000  6.2566384e+000
  5.6742533e+000  3.8750989e+000
  3.1627158e+000  7.9206415e+000
  3.2995501e+000  1.5969299e+000
  5.3923919e+000  6.1224002e+000
  4.7096957e+000  9.3783067e+000
  6.4548870e+000  3.4202090e+000
  5.4032584e+000  5.1468294e+000
  4.7430802e+000  6.7166765e+000
  3.3750109e+000  3.6717702e+000
  4.5184843e+000  5.1615482e+000
  3.6058358e+000  3.7769264e+000
  4.0740445e+000  8.2693107e+000
  4.0002351e+000  7.9265098e+000
  1.7158926e+000  3.2260014e+000
  2.8125829e+000  1.7673968e+000
  2.6600409e+000  5.0834485e+000
  6.3475985e+000  3.1192575e+000
  8.1304832e+000  8.0123021e+000
  6.1187418e+000  6.8073974e+000
  6.0925829e+000  6.4912073e-001
  4.6382257e+000  4.2335032e+000
  2.4393121e+000  2.4928164e+000
  3.4846432e+000  8.1407549e+000
  8.9662069e+000  4.2638540e+000
  3.2276214e+000  8.1229898e+000
  1.4743220e+000  5.6609287e+000
  5.7246157e+000  2.6920676e+000
  2.5138166e+000  5.0686751e+000
  1.4773570e+000  6.4504075e+000
  7.6144933e+000 -2.8666575e-001
  3.7527847e+000  8.6192742e+000
  3.9637168e+000  7.2241868e+000
  3.8017846e+000  2.1900673e+000
  1.0135049e+001  3.2845275e+000
  3.3540518e+000  3.5428058e+000
  6.1532995e+000  3.7296475e+000
  6.0228826e+000  4.0409816e+000
  2.5177862e+000  3.9263717e+000
  3.2771207e+000  6.4788188e+000
  3.4146366e+000  4.5796423e+000
  3.6372006e+000  3.7835823e+000
  6.6475462e+000  3.0837542e+000
  3.8207097e+000  2.0633351e+000
  3.8933923e+000  2.7791031e+000
  6.1191263e+000  4.9316298e+000
  6.5694227e+000  4.5239745e+000
  6.4575893e+000  6.9600460e+000
  6.8590294e+000  5.4784138e-001
  2.6629255e+000  9.3415786e+000
  6.1472015e+000  2.9832898e+000
  4.3268059e+000  4.2666358e+000
  8.8498182e+000  3.9704485e+000
  8.5116481e+000  4.1502372e+000
  6.3187515e+000  2.0782832e+000
  3.5860135e+000  7.8294145e+000
  1.6776223e+000  7.4362755e+000
 -2.8548182e-001  6.3037751e+000
  6.2377833e+000  6.5877167e+000
  5.7907488e+000  2.5884055e+000
  4.9860990e+000  3.7431567e+000
  5.2627531e+000 -8.1230496e-001
  5.7995162e+000  3.1376560e+000
  7.9207065e+000  8.0114670e+000
  5.7514006e+000  6.8940199e+000
  8.2970196e+000  5.6924849e+000
  4.0103980e+000  2.9464471e+000
  5.7941804e+000  2.7777695e+000
  1.6416822e+000  6.2509850e+000
  2.3283239e+000  8.5438889e+000
  5.3155886e+000  5.2233325e+000
  9.3131521e+000  2.2177179e+000
  5.9435713e+000  2.3066480e+000
  3.9715344e+000  7.6855956e+000
  6.8203857e+000 -6.5318590e-001
  7.5713846e+000  6.9145856e+000
  4.9625228e+000  2.7635954e+000
  2.7281370e+000  4.2169411e+000
  3.8803057e+000  4.5501097e+000
  1.4262852e+000  6.0110981e+000
  6.8758085e+000  4.5051235e+000
  3.1384405e+000  1.3495341e+000
  5.7478628e+000  3.1865491e+000
  1.0531149e+000  6.9283670e+000
  5.5069466e+000  1.2868402e+000
  5.9495711e+000  2.2911670e+000
  5.0424487e+000  5.4510986e+000
  6.6020666e+000  2.2782762e+000
  6.0890095e+000  3.7681444e+000
  1.3021566e+000  8.3352371e-001
  5.8042204e+000  3.4580675e+000
  8.8041824e+000  2.7099833e+000
  9.8511578e+000  4.1386115e+000
  6.6868446e+000  5.2228997e+000
  8.5725474e+000  3.9716580e+000
  8.7000998e+000  5.6857653e+000
  2.9723506e+000  3.0521314e+000
  9.1566099e+000  5.2887474e+000
  1.0783774e+001  8.7956316e+000
  8.4307673e+000  6.8696010e+000
  5.9082264e+000  2.5659334e+000
  6.3728597e+000  3.2056551e+000
  2.8707618e+000  3.5202107e+000
  5.4828047e+000  3.2216506e+000
  3.8081724e+000  2.7361182e+000
  3.8194059e+000  7.2839731e+000
  8.4244855e+000  9.3493188e+000
  1.5282688e+000  7.9363975e+000
  6.5288813e+000  4.5347429e+000
  3.7329447e+000  2.8117550e+000
  8.5611734e+000  1.0907482e+001
  2.2454865e+000  4.2640541e+000
  7.6909272e+000  2.9366026e+000
  4.5846094e+000  7.0864254e+000
  2.4514407e+000  7.8667104e+000
  7.9762334e-001  3.4601642e+000
  2.2453603e+000  6.8281043e+000
  8.3178957e+000  6.1156813e+000
  1.0924656e+000  5.7189061e+000
  2.9133743e+000  8.3302131e+000
  6.0457746e-001  9.6388173e+000
  3.5095241e+000  4.4212495e+000
  7.8004129e+000  8.9884085e+000
  9.7850980e-002  6.9232896e+000
  6.3676300e+000  3.9513966e+000
  2.3053250e+000  7.2499518e+000
  2.3045721e+000  7.2018822e+000
  5.7310940e+000  3.4919026e+000
  5.8319737e+000  2.3618510e+000
  3.3575781e+000  4.8745394e+000
  3.6487065e+000  3.7136169e+000
  1.7862975e+000  6.9568598e+000
  1.1843915e+000  7.5268460e+000
  4.2879552e+000  3.5250865e+000
  5.6429758e+000  2.9907465e+000
  1.0098739e+001  5.3020306e+000
  6.0134408e+000  6.9674987e+000
  1.0071770e+001  6.2430739e+000
  6.5572739e+000  3.2448601e+000
  7.4165559e+000  1.0505198e+001
  3.2107716e+000  4.4198707e+000
  6.4094622e+000 -1.4595074e+000
  2.8949478e+000  5.9948902e+000
  6.4613390e+000  4.9546981e+000
  9.9786795e+000  2.0660240e+000
  8.9598086e+000  8.3378703e+000
  3.3448594e+000  1.5990404e+000
  6.1835057e+000  4.8848824e+000
  3.9753933e+000  4.0828905e+000
  3.6776623e+000  1.1738022e+000
  4.2930642e+000  4.1649377e+000
  4.2898498e+000  4.3925497e+000
  2.5861571e+000  5.5756993e+000
  5.4192730e+000  7.5570633e+000
  7.2082794e+000  3.9082483e+000
  5.9091497e+000  7.5451670e+000
  4.5897962e-002  8.5273095e+000
  6.9435726e+000  3.3549597e+000
  2.8450068e+000  4.3241183e+000
  3.1332962e+000  7.1398763e+000
  7.3149770e+000  6.1511922e+000
  1.0255157e+000  6.4302213e+000
  9.8544577e+000  4.7367244e+000
  2.6955456e+000  4.6360649e+000
  3.2398874e+000  3.8457483e+000
  5.6028519e+000  4.7860563e+000
  3.6306075e+000  7.0527169e+000
  4.0510008e+000  6.8177240e+000
  6.4520722e+000  3.7331943e+000
  4.7720841e+000  9.4809601e-001
  5.4787183e+000  4.2945998e+000
  3.9434695e+000  8.5118343e+000
  7.9241233e+000  4.3920923e+000
  4.3638520e+000 -2.4476160e-001
  5.8034744e+000  3.6681719e+000
  5.7407484e+000  6.8178969e+000
  5.8825841e+000  2.9214179e+000
  4.5221045e+000  6.2666047e+000
  7.3799782e+000  6.7320911e+000
  6.3702790e+000  2.5543931e+000
  5.2984521e+000  5.1111554e+000
  2.8415037e+000  7.9066620e+000
  2.6438148e+000  4.1588167e+000
  2.4313399e+000  3.5563828e+000
  5.9083555e+000  3.2844391e+000
  1.1780530e+000  7.7360628e+000
  2.3117340e+000  3.9641822e+000
  6.0084025e+000  6.3630731e+000
  7.6283615e+000  8.1102973e+000
  5.9071445e+000  3.5395496e+000
  8.0587064e+000  6.4954539e+000
  9.2563484e+000  8.1387663e+000
  3.3886356e+000  4.6491420e+000
  6.0377989e+000  3.6012288e+000
  7.5906129e+000  2.5842717e+000
  8.0795338e+000  3.5480021e+000
  7.9410818e+000  3.3805311e+000
  7.0936688e+000  6.6819516e+000
  5.0119497e+000  7.1461891e+000
  6.1789787e+000  3.8658649e+000
  4.0800076e+000  3.2672713e+000
  6.6729572e+000  9.5337922e-001
  1.3635460e+000  3.0923603e+000
  5.6172900e+000  2.7231652e+000
  2.6618167e+000  4.0397622e+000
  6.5457843e-001  2.9128043e+000
  8.0794218e+000  7.6101961e+000
  6.2377963e+000  8.7132022e+000
  5.9017602e+000  4.2533980e+000
  5.9380811e+000  3.8208163e+000
  4.2893841e+000  3.3316571e+000
  3.1453386e+000  4.6545013e+000
  7.3546533e+000  3.7627916e+000
  4.6122575e+000  1.9230683e+000
  6.6647391e+000  7.5029387e+000
  3.5448563e+000  8.4933704e+000
  1.7643363e+000  2.7789937e+000
  7.0050188e+000  2.4624360e+000
  8.9286099e+000  2.8634910e+000
  1.8103072e+000  2.4256185e+000
  3.2682817e+000  2.3998537e+000
  6.6261191e+000  1.0031698e+001
  1.7753788e+000  5.8247916e+000
  2.1445873e+000  8.7460111e+000
  5.3295837e+000 -2.3210606e+000
  3.9035167e+000  7.6148668e+000
  4.9560152e+000  2.4202778e+000
  5.6169267e+000  4.1169829e+000
  3.8105614e+000  1.2517315e+000
  4.1549330e+000  1.9658012e+000
  3.7767137e+000  7.3994584e+000
  3.6301318e+000  7.8359328e+000
  6.1181862e+000  7.1395175e+000
  2.9350297e+000  7.6378129e+000
  3.6269075e+000  8.5538486e+000
  5.4905401e+000  8.3914513e-001
  5.4124841e+000  7.4327414e+000
  3.0848668e+000  4.0816506e+000
  4.5705788e+000  9.5579297e+000
  2.0842516e+000  4.0666691e+000
  6.8924420e+000  4.9406950e+000
  6.5051317e+000  5.2078789e+000
  9.8671870e+000  5.8188528e+000
  8.7880073e+000  2.3074156e+000
  9.7434029e+000  4.8022350e+000
  7.2243071e+000  3.9324861e+000
 -9.7525382e-001  4.6084214e+000
  2.5078184e+000  4.1799174e+000
  5.5270338e+000  6.5020874e+000
  3.7485983e+000  7.9547544e+000
  6.0614758e+000  3.3101768e+000
  4.1765413e+000  7.5384597e+000
  5.4966320e+000  6.7449527e+000
  9.7895714e+000  3.3109423e+000
  4.3314969e+000  7.6881609e+000
  1.5093283e+000  5.0735833e+000
  7.5842988e+000  9.8274787e+000
  4.2936185e+000  4.0453625e+000
  2.1556722e+000  6.7194912e+000
  8.4224343e+000  1.0327665e+001
  3.9449940e+000  3.6511485e+000
  6.6836113e+000  1.0694440e+001
  2.1520959e+000  6.8630052e+000
  4.1904370e+000  7.5840938e+000
  7.6045659e+000  6.6822268e+000
  6.2986154e+000  3.0201888e+000
  9.1689974e+000  3.9839240e+000
  3.0114507e+000  4.2069800e+000
  8.2465712e-001  6.4926989e+000
  4.6098246e+000  6.8530243e+000
  6.8113407e+000  8.1568986e+000
  1.7278215e+000  4.9028356e+000
  2.6948331e+000  4.0606401e+000
  6.3866478e+000  7.7270137e+000
  3.5686842e+000  3.1271726e+000
  3.5125110e-001  2.5984551e+000
  8.6806205e+000  7.2111822e+000
  5.2653659e+000  5.8698373e+000
  5.7521347e+000  3.7735858e+000
  2.1841085e+000  4.7532213e+000
  2.7972077e+000  1.5803177e+000
  6.4677563e+000  2.8867465e+000
  2.6434118e+000  4.7608269e+000
  3.7231537e+000  4.1739191e+000
  6.5764071e+000  3.1655693e+000
  7.1436652e+000  1.4429924e+000
  1.7236620e+000  8.1483647e+000
  7.5875453e+000  7.2125722e+000
  6.0627879e+000  4.5691737e+000
  9.2110455e+000  7.5969211e+000
  4.1558220e+000  9.2915029e+000
  6.2602888e+000  2.8759738e+000
  2.5449385e+000  3.9659067e+000
  6.1514768e+000  6.6333546e+000
  3.7372784e+000  8.1106388e+000
  3.3851622e+000  3.3768511e+000
  1.0713694e+001  2.2829222e+000
  2.5895988e+000  4.3217489e+000
 -3.6570747e-001  3.5930975e+000
  3.0863732e+000  3.4889513e+000
  4.1028560e+000  1.8529889e+000
  2.8536358e+000  4.3203339e+000
  1.4998398e-001  1.4545372e+000
  2.4556047e+000  1.1492278e+000
  9.8498733e-001  2.9605925e+000
  6.1583313e+000  3.5493687e+000
 -4.6685678e-001  3.3287540e+000
  6.0352521e+000  3.5119874e+000
  6.7828873e+000  5.4214369e+000
  5.4264269e+000  3.4053444e+000
  2.2262948e+000  4.8739277e+000
  2.9011320e+000  4.3446516e+000
  6.0580379e+000  7.1984756e+000
  3.5816736e+000  3.5211031e+000
  9.1203594e+000  4.7912567e+000
  9.4475616e+000  4.1895933e+000
  6.1751695e+000  6.8087858e+000
  3.5224304e+000  4.5123329e+000
  2.8759263e+000  4.0144792e+000
  8.3650280e+000  4.0916623e+000
  9.2069344e+000  9.7877074e+000
  1.6745953e+000  7.1030762e+000
  2.1788013e+000  5.1209882e+000
  4.0659434e+000  4.8880188e+000
  7.1063823e+000  8.6772025e+000
  3.9306149e+000  4.3142791e+000
  4.8725971e+000  7.3127152e+000
  3.0825259e+000  3.8561983e+000
  1.5201812e+000  6.1483225e+000
  7.2358802e+000  5.0616737e+000
  5.6090110e+000  3.5668107e+000
  1.0481431e+001  2.2249745e+000
  3.2143695e+000  1.3718028e+000
  7.9641463e+000  1.0376539e+001
  1.6109153e+000  7.9796934e+000
  4.5374432e+000  9.9366289e-001
  6.0183469e+000  2.4635220e+000
  2.6948817e+000  7.3871312e+000
  6.4590594e-001  3.7292587e+000
  5.4318951e+000  2.1377693e+000
  5.8712168e+000  2.9176458e+000
  1.0810916e+001  7.0392754e+000
  1.4312632e+000  3.1893677e+000
  6.0164000e+000  7.6751323e+000
  6.1721773e+000  4.3395705e+000
  2.4366229e+000  4.3854932e+000
  3.9558030e+000  4.1501412e+000
  6.0002972e+000  5.7873348e+000
  7.0640720e+000  3.8509023e+000
  9.4887767e+000  1.0083542e+001
  1.3843832e+000  6.8529610e+000
  1.3868816e+000  7.2464206e+000
  6.5099431e+000  6.1516884e+000
  5.2648657e+000  4.2200915e+000
  1.5814139e+000  7.8299118e+000
  2.3841681e+000  5.4379094e+000
  6.1833338e+000  8.1587437e+000
  5.6050476e+000 -9.0649330e-001
  7.8146420e+000  5.9923848e+000
  1.0947339e+001  3.2451220e+000
  3.7553038e+000  6.1277682e+000
  8.2487165e+000  2.8980714e+000
  3.2474456e+000  8.1164548e+000
  5.3686386e+000  1.9252993e+000
  4.3014941e+000  8.3529888e+000
  4.9063038e+000  1.4556067e+000
  1.0137972e+001 -1.2448581e-001
  5.9639810e+000  5.3397547e+000
  4.5800527e+000  4.0793158e+000
  1.2763403e+000  3.3111223e+000
  6.0262302e+000  4.1787124e+000
  5.9288091e+000  1.7401080e+000
  5.9678102e+000  7.3448777e+000
 -8.3817788e-001  4.9392908e+000
  3.8151776e+000  9.1859744e+000
  7.3318704e-001  2.5763021e+000
  2.5014377e+000  8.0758978e+000
  3.8691599e+000  7.3777329e+000
  3.2537108e+000  3.7649248e+000
  5.4627967e+000  7.8175709e+000
  5.9268378e+000  4.0032505e+000
  2.0979665e+000  6.9429194e+000
  8.8985150e+000  4.5713775e+000
  3.4462765e+000  2.3170022e+000
  1.9333015e+000  4.3747182e+000
  2.8536426e+000  1.5076298e+000
  6.5353687e+000  6.7984535e+000
  4.9101402e+000  7.2985569e+000
  4.4058683e+000  7.0366255e+000
  7.6260355e+000  1.0953729e+001
  7.6672824e+000  6.3987743e+000
  5.9557778e+000  3.1985855e+000
  5.2113574e+000  2.3901843e+000
  6.2565822e+000  1.1395344e+000
  2.5572273e+000  1.9060051e+000
  2.7066401e+000  2.0111999e+000
  2.7794835e+000  4.5941914e+000
  1.0565109e+001  3.9669739e+000
  4.3866170e+000  7.4641795e+000
  5.4557569e+000  6.2914370e+000
  2.4278561e+000  7.7518680e+000
  2.2187836e+000  6.0258942e+000
  9.5903953e+000  6.5382549e+000
  2.2841010e+000  1.4857028e+000
  4.1278455e+000  7.9316789e+000
  5.6672365e+000  1.6655562e+000
  2.8803708e+000  5.4988951e+000
  6.1257981e+000  6.7006616e+000
  5.5044642e+000  1.6099691e+000
  7.5758028e+000  7.1555368e+000
  6.3355181e+000  2.4187433e+000
  2.9639749e+000  4.7787040e+000
  5.9681466e+000  3.8715822e+000
  6.9022203e+000  7.1732485e+000
  2.4748503e+000  5.2695847e+000
  5.4149198e+000  4.2189551e+000
  2.7572077e+000  4.8432967e+000
  1.7753262e-001  7.5534180e+000
  4.9483641e+000  4.5433199e-001
  4.0980092e+000  3.4997818e+000
  1.1890274e+000  7.5538984e+000
  2.9496850e+000  4.0442601e+000
  1.0084183e+000  6.9318943e+000
  3.3302940e+000  4.7800712e+000
  3.1946277e+000  5.1308385e+000
  6.7048880e+000  7.0680281e-001
  5.8433372e+000  3.7409234e+000
  5.2857499e+000  3.4907915e+000
  6.1314000e+000  9.2599761e+000
  3.2840486e+000  3.9447667e+000
  7.1767636e-001  7.3753369e+000
  2.9512398e+000  4.5080201e+000
  6.3078739e+000  4.5396356e+000
  8.5960801e+000 -1.1084844e-001
  5.8112302e+000  2.8855594e+000
  4.0720486e+000  8.7953168e+000
  6.2388426e+000  5.1180068e+000
  6.1309077e+000  3.8826488e+000
  1.7863877e+000  6.3572275e+000
  5.8347909e+000  1.7187873e+000
  7.6830490e+000  8.3771973e+000
  9.7299339e+000  5.4089300e+000
  2.7759534e+000  5.0830424e+000
  5.4703246e+000  3.0905030e+000
  2.8387325e+000  3.6818332e+000
  4.7627699e+000  1.0091612e+001
  2.7290439e+000  6.7714753e+000
  7.9835641e+000  6.9573926e+000
 -8.7347632e-001  1.0047574e+001
  7.9864698e+000  6.4363056e+000
  3.3683417e+000  6.9102035e+000
  6.0071826e-001  2.4074881e+000
  2.4048964e+000  8.1337974e+000
  5.9098623e+000  6.4190837e+000
  7.4998609e+000  3.1514424e+000
  3.6123517e+000  4.7062081e+000
  6.4537711e+000  3.3832731e+000
  2.3639173e+000  4.5478848e+000
  6.0553443e+000  5.1285130e+000
  3.0585281e+000  4.9944707e+000
  2.0399746e+000  7.3687733e+000
  1.0307895e+001  4.0818339e+000
 -5.6730430e-001  1.8747419e+000
  3.2394714e+000  3.3302309e+000
  5.0513796e+000  1.8456675e+000
  9.2535333e+000  4.0082185e+000
  3.7601212e+000  8.6209072e+000
  5.4419551e+000  5.1133387e+000
  3.4846249e+000  4.9991686e+000
  4.6131184e+000  1.3921572e+000
  5.9506729e+000  4.8628713e+000
  5.9191673e+000  8.2999077e+000
  5.9590444e+000  2.3259613e+000
  9.7402817e+000  5.4140612e+000
  4.3295956e+000  5.1077516e+000
  3.1176846e+000  4.5764698e+000
  6.6120471e+000  6.5975527e+000
  5.1063677e+000  4.5524647e+000
  1.3804682e+000  6.3505237e+000
  4.3915348e+000  8.0821285e+000
  6.2428123e+000  1.8380819e+000
  3.9812637e+000  2.5464921e+000
  8.6874676e+000  6.5883802e+000
 -2.6774735e-001  3.8237915e+000
  2.5301459e+000  4.7488877e+000
  3.4935813e+000  3.0939068e+000
  8.8767751e+000  3.1304105e+000
  2.8093214e+000  6.0956798e+000
  4.0980477e+000  2.5066842e+000
  5.6306838e+000  6.5788193e+000
  5.9279165e+000  4.9369020e+000
  5.8408947e+000  3.4293725e+000
  5.5315489e+000  2.7727345e+000
  8.3855952e+000  3.8888450e+000
  3.8884711e+000  5.1094150e+000
  7.6282106e+000  7.5598331e+000
  1.0362694e+001  7.7637353e+000
  6.0955471e+000  3.3683922e+000
  6.8892442e+000  8.0657145e+000
  6.2260159e+000  7.0116449e+000
  4.8683748e+000  2.1350240e+000
  4.7093437e+000  5.7460838e+000
  8.1025752e+000  2.4962142e+000
  9.9095990e-001  6.7937375e+000
  5.6767082e+000  3.0702163e+000
  3.7261052e+000  4.9967359e+000
  1.6528523e+000  4.9194124e+000
  1.0774147e+001  4.1814995e+000
  5.9859879e+000 -4.5187601e-001
  6.7627635e+000  6.9817446e+000
  3.3643719e+000  9.2782667e+000
  9.6477890e+000  2.5559258e+000
  3.1852189e+000  3.1619488e+000
  5.8053960e+000  8.4814002e+000
  5.8891649e+000  4.0088944e+000
  6.6151990e+000  4.3626647e+000
  5.9094107e+000  2.4334897e+000
  5.3205253e+000  9.1440773e+000
  3.0139444e+000  8.2570211e+000
  6.5780741e+000  6.9843106e+000
  1.6513223e+000 -2.9208311e-001
  6.7545030e-001  6.4335964e+000
  2.2097929e+000  5.6293724e+000
  2.7797957e+000  7.1434210e+000
  4.3929366e+000  3.2212957e+000
  1.0876372e+000  6.9560505e+000
  6.2841528e+000  3.5992386e+000
  3.8912426e+000  8.6967835e+000
  5.7349745e+000  3.8391200e+000
  7.3227936e+000  5.8541428e+000
  5.0568018e+000  7.5818616e+000
  6.8642760e+000  4.0182928e+000
  4.9057009e+000  9.2876155e-001
  3.7677896e+000  4.2899462e+000
  9.6740388e+000  1.9027347e+000
  5.8398179e+000  3.9991611e+000
  3.0034760e+000  4.9029185e+000
  7.7934000e+000  9.0131114e-001
  3.5847551e+000  3.7928600e+000
  3.3605481e+000  5.6813060e+000
  5.8035933e+000  2.6539060e+000
  7.2830744e+000  4.5709188e+000
  2.4558637e+000  7.0893902e+000
  5.3465016e+000  7.5723621e+000
  5.6423942e+000  3.6579380e+000
  4.4014395e+000  9.2734299e+000
  2.6503495e+000  6.6354224e+000
  7.0105479e+000  3.1284017e+000
  1.4812999e+000  8.1777157e+000
  5.6874368e+000  5.8580455e+000
  7.9875537e+000  8.7683398e+000
  2.5052596e+000  4.4252520e+000
  4.0604019e+000  8.1182983e+000
  9.2001274e+000  4.2795456e+000
  1.5971641e+000  6.5848897e+000
  3.4649488e+000  4.8066481e+000
  3.8784261e+000  3.7996323e+000
  3.5035943e+000  2.5542943e+000
  5.5342850e+000  3.3917313e+000
  7.2083634e+000  2.3931649e+000
  8.7328511e+000  1.7238195e+000
  6.4852580e+000  6.2338821e+000
  3.7526745e-001  6.8428926e+000
  6.2455692e+000  7.0296457e+000
  5.5969257e+000  7.7806911e+000
  5.7699996e+000  2.3324158e+000
  7.6643858e+000  2.6902898e+000
  9.3650305e+000  8.4296861e+000
  7.7637151e+000  6.9098221e+000
  2.4057255e+000  7.0413042e+000
  1.9470674e+000  6.1827377e+000
  5.6250042e+000  3.4757670e+000
  5.1792156e+000  6.8362814e+000
  6.4898359e+000  5.2977708e+000
  6.6661641e+000  6.5055381e+000
  2.7986562e+000  9.1324617e+000
  3.2538290e+000  3.4047050e+000
  9.7607448e+000  9.0305685e+000
  3.1607294e+000  5.7530800e+000
  9.2923412e+000  9.9770354e+000
  1.0298811e+001  4.2334075e+000
  6.8241059e+000  3.6354567e+000
  6.5762766e+000  3.4395259e+000
  1.0706924e+001  6.9368319e+000
  6.8994672e+000  1.6558428e+000
  6.6844053e+000  7.1475337e+000
  8.2020410e+000  1.7291024e+000
  4.7370324e+000  4.1540060e+000
  7.4788617e+000  8.5268672e+000
  6.6453139e+000  6.7888981e+000
  1.0410550e+001  4.2743394e+000
  6.0484942e+000  2.4843915e+000
  4.9931128e+000  3.4791897e+000
  1.0873080e+001  5.3999973e+000
  9.9806075e+000  4.9934640e+000
  4.8358464e+000  9.0742580e+000
  1.7950964e+000  6.2125059e+000
  6.1460110e+000  3.4590261e+000
  3.1553441e+000  3.8301749e+000
  7.9261758e+000  7.0079058e+000
  6.7509346e+000  3.4793427e+000
  1.7747027e+000  4.8344630e+000
  5.8054810e+000  1.9348317e+000
  2.8341484e+000  3.6488715e+000
  4.6661859e+000  4.3260611e+000
  6.4967001e+000 -5.9817065e-001
  3.6290974e+000  8.2820837e+000
  8.7670508e+000  2.4327428e+000
  6.1616198e+000  7.3474569e+000
  3.6220501e+000  6.8204123e+000
  5.2130212e+000  3.1506274e+000
  5.6227616e+000  4.2985184e+000
  6.4514160e+000  3.5826320e+000
  8.4950519e+000  4.6870267e+000
  7.5680995e+000  1.0389133e+001
  4.1413357e+000  2.9405520e+000
  6.5158035e+000  6.9608485e+000
  3.3424475e+000  2.2687164e+000
  6.6342984e+000  3.5577742e+000
  2.5806495e+000  3.9108675e+000
  2.6795344e+000  7.2055776e+000
  4.3498072e+000  2.0731971e+000
  2.5832287e+000  3.8534640e+000
  3.2767697e+000  7.4908541e+000
  4.9208788e+000  3.8084306e+000
  3.4167591e+000  7.6124388e+000
  3.5837078e+000  4.5076470e+000
  1.9125578e+000  7.8558155e+000
  1.3301627e+000  6.5268603e+000
  3.1668285e+000  4.2887744e+000
  4.5913076e+000  6.5918892e+000
  2.7404866e+000  1.0839883e+001
  7.0437198e+000  3.6212185e+000
  4.0040971e+000  5.3320942e+000
  1.7820321e+000  3.0175288e+000
  6.9143113e+000  6.1889016e+000
  5.4444126e+000  5.9649107e+000
  1.7242569e+000  9.1230382e+000
  7.3046574e+000  4.5658319e+000
  1.0155249e+001  3.6335193e+000
  2.3955564e+000  2.1164431e+000
  3.0605800e+000  4.5476869e+000
  9.2469267e+000  5.3110340e+000
  4.5012789e+000  4.0509464e+000
  7.5694368e+000  6.9744806e+000
  2.9710637e+000  1.4288423e+000
  6.7727452e+000  4.5786784e+000
  3.3571489e+000  3.5831121e+000
  3.5855117e+000  2.5275014e+000
  6.1876514e+000 -9.4983332e-001
  3.0448293e+000  2.7033992e+000
  4.3131413e+000  3.3671255e+000
  3.3815072e+000  5.0991232e+000
  7.0340467e+000  4.2543924e+000
  4.4126390e+000  6.5573929e+000
  2.3541231e+000  4.8614845e+000
  5.8547440e+000  1.4518321e+000
 -9.7090606e-001  4.0068369e+000
  5.6180761e+000  6.7458370e+000
  3.1177466e+000  4.1927356e+000
  6.3807674e+000  6.4270562e+000
  2.9480117e+000  7.9816318e+000
  7.3204958e+000  2.6336267e+000
  5.1885553e+000  7.2116987e+000
  6.7830083e+000 -2.1761170e-001
  4.3604582e+000  2.4862463e+000
  8.4686518e+000  3.6230856e+000
  6.1704152e+000  5.2052420e+000
  7.4133630e+000  5.2888228e+000
  3.2088644e+000  4.2003060e+000
  2.1312696e+000  6.7905143e+000
  6.3047642e+000  7.6805003e+000
  7.0762353e+000  9.0551123e-002
  3.3821084e+000  9.4169372e+000
  2.7087909e+000  5.8684853e+000
  6.3572572e+000  2.5596410e+000
  7.1142252e+000  6.7779614e+000
  3.0962096e+000  7.1961545e+000
  5.3725076e+000  2.5907580e+000
  1.5761961e+000  7.5023158e+000
  1.0298651e+001  3.8274418e+000
  6.2517879e+000  7.0998872e+000
  5.5607195e+000  2.4639233e+000
  9.3783777e+000  5.7642350e+000
  9.8027652e+000  3.0087464e+000
  6.6752014e+000  5.1906698e-001
  2.2452041e+000  2.8269695e-001
  6.3667872e+000  6.6423562e+000
  9.2858772e+000 -2.0999862e-001
  9.8420421e+000  5.2107793e+000
  1.3638818e+000  3.0259465e+000
  9.4258729e+000  2.3789037e+000
  5.6075644e+000  2.3717695e+000
  6.7734677e+000  1.9653917e+000
  5.0445372e+000  1.7659909e+000
  6.7927424e+000  8.7245783e-001
  3.4915147e+000  1.9513556e+000
  3.7566483e+000  4.6736656e+000
  3.6950791e+000  4.0065547e+000
  8.6103327e+000  5.8624259e+000
  4.2534754e+000  9.2675033e+000
  6.2123660e+000  6.1429634e+000
  3.1310184e+000  1.3683900e+000
  9.6544777e+000  8.3260948e+000
  1.5184003e+000  6.9764544e+000
  7.6035219e+000  9.0905632e+000
  7.2819487e+000  1.0470258e+001
  4.0826161e+000  9.7134607e+000
  1.0382969e+001  2.2727115e+000
  6.1175238e+000  5.2619076e+000
  7.7107007e+000  9.5794425e+000
  6.6157256e+000  3.4548374e+000
  7.5326428e+000  7.6577065e+000
  3.3244077e+000  9.2803275e+000
  6.4527339e+000  3.3466557e+000
  6.2487131e+000  7.5504142e+000
  7.7406583e+000  6.0565972e-001
  1.0372336e+001  6.3790138e+000
  5.8031806e+000  7.2078040e+000
  4.2077576e+000  7.9649121e+000
  5.6427130e+000  4.1204383e+000
  3.5542317e+000  1.5283507e+000
  2.6502445e+000  4.1133840e+000
  4.2065523e+000  7.6881160e+000
  5.9743403e+000  3.3259566e+000
  6.0531544e+000  5.7056400e+000
  3.4993326e+000  4.5265460e+000
  3.9782712e+000  7.2755000e+000
  4.6839518e+000  6.4465086e+000
  1.4889401e+000  5.2303445e+000
  7.6050465e+000  5.9464621e+000
  2.4681581e+000  7.5023779e+000
  5.1553021e+000  7.6013915e+000
  6.6084844e+000  1.0931432e+001
  2.3609364e+000  6.9743849e+000
 -9.9247161e-001  4.5341002e+000
  5.3765556e+000  3.1722124e+000
  2.2201237e+000  6.7796901e+000
  5.9176630e+000  4.1977736e+000
  2.3618034e+000  4.4924746e+000
  5.5773531e+000  6.0170625e+000
  2.4118400e+000  7.1037523e+000
  4.4237190e+000  7.3061077e+000
  4.5661297e+000  4.1786474e+000
  1.7134175e+000  7.7849821e+000
  6.3901081e+000  3.2473591e+000
  3.8294350e-001  6.4431905e+000
  9.2343964e+000  5.9408067e+000
  5.7383094e+000  3.8168731e+000
  6.0461612e+000  7.0251286e+000
  4.5273927e+000  6.8964118e+000
  7.1103408e+000  7.3824878e+000
  8.1075860e+000  1.0269003e+001
  1.0733116e+001  4.8109044e+000
  6.6118670e+000  5.6752065e+000
  7.3259554e+000  7.8070522e+000
  6.4851316e+000  7.3868270e+000
  6.0928420e+000  3.2693282e+000
  5.6225918e+000  6.0779343e+000
  8.4112839e+000  6.5312912e+000
  1.4591256e+000  2.9249358e+000
  1.0810252e+001  3.5926963e+000
  3.2354891e+000  4.4256978e+000
  5.4805802e+000  3.5956582e+000
  6.3227964e+000  2.9657235e+000
  4.1016672e+000  2.6378003e+000
  3.9135823e+000  7.5910856e+000
  2.5275339e+000  8.6894771e+000
  7.3889853e+000  6.0537925e+000
  5.8473329e+000  3.3494464e+000
  8.5741792e+000  3.6910774e+000
  5.7981824e+000  3.3520752e+000
  1.0256106e+001  6.1055917e+000
  8.3039114e+000  1.5495343e+000
  2.6582116e+000  3.3219651e+000
  6.2613284e+000  6.6189484e+000
  6.6572878e+000  6.9214886e+000
  5.2693006e+000  7.1973177e+000
  2.6812794e+000  3.4479353e+000
  2.9557921e+000  9.8396717e+000
  3.4838309e+000  6.2528665e+000
  3.6126726e+000  2.7887755e+000
  5.7884349e+000  3.3220219e+000
  8.8381450e+000  5.7280672e+000
  1.0459726e+001  3.2798712e+000
  5.0751370e+000  3.8768958e+000
  6.6836468e+000  5.5578779e+000
  1.2685980e+000  3.1970764e+000
  5.4590887e+000  1.0052163e+001
  4.3941316e+000  7.9955430e+000
  6.1418783e+000  2.6180454e+000
  7.5753463e+000  3.0531501e+000
  5.5274255e+000  3.2571643e+000
  5.7363215e+000  1.0224177e+001
  7.0878356e+000  5.2800542e+000
  4.0226660e+000  3.7038600e+000
  3.5966667e+000  3.1198329e+000
  2.7945438e+000  3.4783612e+000
  1.6277962e+000  1.1598131e+000
  1.0801874e+000  4.5942877e+000
  6.3877570e+000  3.6952299e+000
  4.7786024e+000  3.1911481e+000
  3.6053639e+000  7.6295370e+000
  4.2378526e+000  2.2329249e+000
  1.5628606e+000  3.5049075e+000
  3.0135018e+000  2.7226099e+000
  7.2378042e+000  3.3900923e+000
  6.5401914e+000  6.8034089e+000
  3.7082309e+000  3.9471808e+000
  2.5059697e+000  7.1932189e+000
  4.4015483e+000  7.9435633e+000
  4.7641908e+000  5.1480512e+000
  5.4539241e+000  6.4421019e+000
  3.9589067e+000  1.5412535e+000
  6.6271316e+000 -2.6823269e+000
  1.2729874e+000  7.0033389e+000
  5.9992135e+000  3.4599613e+000
  4.0000109e+000  4.7077157e+000
  3.4564741e+000  4.8353341e+000
  1.7049004e+000  7.0221792e+000
  5.5886022e+000  3.6742788e+000
  3.1073928e+000  4.4462164e+000
  4.0038249e+000  4.3248963e+000
  3.0936516e+000  2.8268850e+000
  6.2292727e+000  3.0524685e+000
  4.1127598e+000  4.8292672e+000
  3.5947592e+000 -9.8502371e-001
  4.1358577e+000  6.6583089e+000
  6.5281236e+000  7.4606600e+000
  4.0539857e+000  9.5640902e+000
  3.0204277e+000  9.5067036e+000
  9.2281884e+000  1.7506169e+000
  1.3706194e-001  1.5659758e+000
  4.5734421e+000  3.7131747e+000
  4.0027833e+000  1.0129723e+001
  7.0042578e+000  5.2685141e+000
  3.7299383e+000  7.9017294e+000
  3.5146624e+000  3.7600971e+000
  3.3667684e+000  8.6276240e+000
  3.3437469e+000  8.5385846e+000
  7.7423630e+000  3.7427471e+000
  3.0048466e+000  5.0889285e-001
  2.7191030e+000  4.1173978e+000
  8.1476122e+000 -8.0937491e-001
  3.3503722e+000  4.7460205e+000
  5.8991079e+000  3.5290802e+000
  1.4474947e+000  3.0666943e+000
  1.1561706e+001  6.0371458e+000
  6.3104600e+000  6.7159961e+000
  6.9263494e+000  7.2089122e+000
  6.3164212e+000  4.1756120e+000
  6.4207692e+000  3.1826843e+000
  4.2827410e-001  3.3614789e+000
  2.7694564e+000  3.8714406e+000
  5.6852572e+000 -8.5928236e-001
  4.5737166e+000  5.7322495e+000
  5.5507181e+000  2.0425909e+000
  3.0702232e+000  4.3140367e+000
  1.5535224e+000  4.6204757e+000
  7.5722309e+000  7.2994286e+000
  7.6522324e+000  7.1649246e+000
  4.0524449e+000  3.8112360e+000
  3.1043609e+000  4.2037396e+000
  7.7367380e+000  2.8683574e+000
  1.0365584e+001  2.7265863e+000
  7.5191592e+000  3.2971623e+000
  5.6489450e+000  3.8674693e+000
  3.9600383e+000  2.4707885e+000
  6.1362265e+000 -2.0036356e-001
  1.7897645e+000  5.4893454e+000
  4.7291992e+000  6.3109485e+000
  3.9039364e+000  1.9758705e+000
  3.5599615e+000  2.9682116e+000
  6.0910421e+000  4.0789308e+000
  5.6161403e+000  3.2716644e+000
  7.8428471e+000  7.7073490e+000
  3.3696831e+000  1.8469029e+000
  3.3445753e+000  2.1150344e+000
  4.2606843e+000  3.5461466e+000
  1.3323598e+000  7.5994934e+000
  4.2908510e+000  6.0060820e+000
  6.4491326e+000 -2.0335949e+000
  1.2361577e+000  7.3923041e+000
  6.0377566e+000  4.5672829e+000
  6.3925483e+000  2.5678097e+000
  2.2910034e+000  2.5815994e+000
  5.6643662e+000  3.9785352e+000
  3.3300339e+000  4.7035145e+000
  3.5691810e+000  7.0852291e+000
  1.9320086e+000  8.1667635e+000
  6.1035322e+000  3.2866982e+000
  8.4318476e+000  3.2266603e+000
  6.0451839e+000  7.1939855e+000
  5.2043286e+000  8.9244947e-001
  6.8459070e+000  5.5713709e+000
  4.4336751e+000  7.5922389e+000
  3.9262887e+000  8.9111139e+000
  6.3314907e+000  2.2485452e+000
  9.6743420e+000  4.3131403e+000
  6.1136266e+000  2.9767155e+000
  5.3120083e+000  4.0978797e+000
  6.9808541e+000  6.6235160e+000
  3.5381376e+000  2.7564668e+000
  2.9721266e+000  3.6260603e+000
  6.1864119e+000  3.3878877e+000
  5.4349901e+000  3.8627753e+000
  6.0296170e+000  7.5397639e+000
  3.8277218e+000  8.6732482e+000
  4.6087089e+000  1.2101625e+000
  2.2776473e+000  6.4467049e+000
  3.1354857e+000  3.3780722e+000
  6.8347824e+000  7.0130392e+000
  7.2575475e+000  7.1553412e+000
  1.1243928e+001  6.7332440e+000
  1.0641091e+001  2.3538534e+000
  7.3704246e+000  4.0767669e+000
  2.5637329e+000  7.7425572e+000
  8.2903070e+000  1.0214301e+001
  4.2901082e+000  6.0724892e+000
  5.0206986e+000  3.1427462e-002
  5.0623186e+000  3.6270992e+000
  6.2465117e+000  3.4187551e+000
  6.0995709e+000  2.1424172e+000
  7.5948712e+000  7.0417747e+000
  4.5360265e+000  1.0248615e+001
  6.8710242e+000  5.0935719e+000
  6.4517197e+000  6.6462766e+000
  6.0023156e+000  2.7674423e+000
  6.1879755e+000  2.7679944e+000
  3.8149445e+000  7.4806337e+000
  2.1848196e+000  7.7153150e+000
  1.2074611e+000  6.8035349e+000
  7.0194095e+000  4.0918954e+000
  3.8023254e+000  8.6090926e+000
  5.8136427e+000  9.1238449e+000
  6.0202290e+000  3.6958780e+000
  7.0760569e+000  3.8730377e+000
  2.0149955e+000  8.1125918e+000
  7.0760850e+000  6.6580342e-002
  1.8576577e+000  4.0512580e+000
  5.7112153e+000  3.3965842e+000
  5.4779591e+000  3.2090689e+000
  6.1987875e+000  4.1759734e+000
  6.5512501e+000  3.5668206e+000
  1.8809556e+000  6.9851495e+000
  7.4438740e+000  9.8406686e+000
  8.9373618e+000  7.0988756e+000
  5.8252720e+000  5.8438443e+000
  8.6819951e+000  7.9981255e+000
  5.3862742e+000  3.6035122e+000
  5.6618016e+000  3.5372284e+000
  3.5008971e+000  7.4734710e+000
  3.1347116e+000  4.7256262e+000
  6.0601664e+000  7.5077868e+000
  5.2799987e+000  2.9254563e+000
  3.3735343e+000  4.2347863e+000
  7.0096112e+000  1.0664847e+000
  5.3111029e+000  1.8028847e+000
  8.5469860e+000  8.8084812e+000
  3.7726060e+000  7.2816119e+000
  7.0770494e+000  4.8663675e+000
  3.0093638e+000  9.4025849e+000
  1.0117191e+001  5.0752161e+000
  5.9068685e+000  6.8806866e+000
  5.2471554e+000  5.0349183e+000
  5.5836063e+000  3.6381434e+000
  4.5269212e+000  2.8709907e+000
  6.9243000e+000  5.9272677e+000
  7.2478746e+000  4.8852450e+000
  9.1637770e+000  9.0766616e+000
  6.0357734e+000  3.5236138e+000
  5.7429092e+000  6.9691150e+000
  1.0507790e+001  4.8438393e+000
  2.7637993e+000  8.2076816e+000
  5.3537383e+000  6.7931679e-001
  1.0757356e+000  3.1733585e+000
  1.8858073e+000  6.5311990e+000
  6.7687753e+000  5.2897844e+000
  6.3911208e+000  5.2351100e+000
  3.5101489e+000  4.6738782e+000
  3.9298678e+000  3.9362473e+000
  5.4595193e+000  3.1230527e+000
  5.8667283e+000  6.1169704e+000
  1.4735167e+000  1.2541734e+000
  6.5169154e+000  7.2257650e+000
  5.7373478e+000  7.4982502e+000
  3.9575306e+000  1.9076113e+000
  5.1482205e+000  1.2563857e+000
  6.9555538e+000  1.8515367e+000
  7.4960452e+000  5.3401616e+000
  8.2028789e+000  6.5028605e+000
  5.9705038e+000  3.6537021e+000
  1.8794893e+000  3.0184492e+000
  5.4149457e+000  2.0631734e-001
 -1.0037368e+000  1.0772851e+001
  4.7339853e+000  2.0602643e+000
  2.2408454e+000  4.6774880e+000
  7.9544489e+000  2.3756947e+000
  3.4061337e+000  9.1330395e+000
  1.2162474e+000  6.2743613e+000
  4.1193396e+000  1.0925193e+000
  6.2780444e+000  3.2264606e+000
  5.9352899e+000  7.4981814e+000
  5.9815781e+000  3.3356306e+000
  5.7968585e+000  7.1127582e+000
  5.9179808e+000  3.5231039e+000
  3.0939623e+000  1.2087344e+000
  5.6609322e+000  6.8692326e+000
  3.4856630e+000  2.6332672e+000
  6.5878287e+000  4.8150877e+000
  5.7997444e+000  3.7668112e+000
  7.5524773e+000  6.7829365e+000
  3.0676917e+000  3.8705755e+000
  7.0359769e+000  7.8559493e+000
  3.8085463e+000  3.2224781e+000
  4.1049607e+000  2.2416506e+000
  2.1884942e+000  3.5694373e+000
  4.2609612e+000  7.6235131e+000
  3.7497936e+000  7.8050601e+000
  1.1591557e+000  7.0996994e+000
  5.0899792e+000  3.1419792e+000
  4.8402771e+000  6.3593842e+000
  5.3256586e+000  3.5703097e+000
  5.8855942e+000  6.9732527e+000
  3.4517888e+000  3.9062379e+000
  9.5426765e+000  9.2981074e+000
  7.8615261e+000  7.1909127e+000
  2.2073612e+000  5.0746343e+000
  7.3032210e+000  7.3564459e+000
  5.4310802e+000  3.2380551e+000
  3.5413381e+000  7.7412591e+000
  7.1722994e+000  1.7300343e+000
  6.0833130e+000  5.6155417e+000
  1.6140502e+000  7.0440782e+000
  3.6293909e+000  8.7365142e+000
  2.6275394e+000  1.9067193e+000
  8.2087530e+000  8.7967980e+000
  1.7711741e+000  2.8379224e+000
  5.5213170e+000  3.5356992e+000
  3.0769224e+000  2.7476652e+000
  1.8874589e+000  6.2643994e+000
  1.0986578e+001  4.7152207e+000
  5.9075870e+000  6.3426751e+000
  3.1207891e+000  1.9818931e+000
  5.9013869e+000  3.3451877e+000
  8.3548150e+000  5.2521046e+000
  4.0623158e+000  7.1138844e+000
  1.2083724e+000  7.3246748e+000
  1.8581939e+000  4.8318798e+000
  5.1600016e+000  6.4648126e+000
  2.6919333e+000  3.8551122e+000
  6.1933172e+000  4.0134911e+000
  3.9726991e+000  3.7435538e+000
  3.9264404e+000  1.4667314e+000
  5.7635039e+000  3.9288974e+000
  3.8349014e+000  7.4834821e+000
  3.3399670e+000  7.3328596e+000
  4.2794686e+000  7.9370285e+000
  5.5940974e+000  3.5751084e+000
  6.2232380e+000  7.4111890e+000
  1.0270013e+001  7.2207404e+000
  2.7141598e+000  3.3268950e+000
  4.0137864e+000  4.3016182e+000
  7.5952218e+000  5.0236922e+000
  7.2942017e+000  7.1342380e+000
  6.1915617e+000  2.3072300e+000
  6.0602858e+000  7.2409353e+000
  5.3384227e+000  3.7569663e+000
  7.3777184e+000  8.1368051e+000
  1.2820732e+000  6.9640127e+000
  7.3279571e+000  8.1198978e+000
  3.7608971e+000  7.5278058e+000
  7.2470217e+000  9.8255867e+000
  1.0464455e+001  4.6619883e+000
  2.3303121e+000  7.7414125e+000
  2.2959815e+000  3.9049986e+000
  4.5866953e+000  2.4732541e+000
  3.2037465e+000  1.7444332e+000
  5.6139481e+000  7.1221336e+000
  1.6450353e+000  8.0947020e+000
  5.6097183e+000  7.3817527e+000
  4.0438002e+000  8.2806256e+000
  7.3145121e+000  3.2194490e+000
  3.2792999e+000  4.2813772e+000
  6.3885631e+000  4.8038011e+000
  2.1720085e+000  7.2920511e-001
  4.3698709e+000  3.6888897e+000
  4.0952590e+000  1.8354665e+000
  5.0527051e+000  4.5624781e+000
  6.7708339e+000  2.9517706e+000
  3.6168860e+000  5.1062198e+000
  5.2588049e+000  3.7515518e+000
  6.4715058e+000  4.7664693e+000
  4.8797061e+000  8.6123958e+000
  5.9021864e+000  3.9847601e+000
  5.4221974e+000  6.4370682e+000
  2.0154443e+000  3.5935179e+000
  5.6111805e+000  3.5267865e+000
  6.4897828e+000  3.5185932e+000
  3.6296782e+000  3.8869422e+000
  2.9673798e+000  1.6464605e+000
  8.2658496e+000  1.0185893e+001
  4.3210211e+000  7.2201987e+000
  6.9498571e+000  3.4145878e+000
  3.5233258e+000  7.5443187e+000
  3.4257743e+000  4.4130791e+000
