  5.0717690e+000  5.1246133e+000
  5.5346114e+000  7.5892941e+000
  1.4250733e+000  7.1799272e+000
  8.6800945e+000  1.6857482e+000
  7.0002084e+000  6.2430757e+000
  6.3660545e+000  7.1200384e+000
  7.9853426e+000  1.2932075e+000
  1.0480923e+000  2.1290166e+000
  9.5013319e-001  3.9813522e+000
  1.4487005e+000  7.4728085e+000
  6.3899875e+000  8.7856188e+000
  3.2659256e+000  4.2530649e+000
  8.6239714e+000  5.6559445e+000
  2.4704533e+000  2.6761292e+000
  5.3790665e+000  1.4954863e+000
  8.9719580e+000  5.2226389e+000
  3.3314201e+000  8.8654587e+000
  8.0638151e+000  8.7331666e+000
  8.8621850e+000  2.3329811e+000
  4.8724754e+000  7.9488069e+000
  7.0529229e+000  8.9235699e+000
  2.5570610e+000  9.0141650e+000
  6.0750092e+000  1.0368771e+000
  5.2701885e+000  3.0379622e+000
  5.2761843e+000  5.4978535e+000
  6.7671257e+000  4.9185914e+000
  1.3166964e+000  7.0615254e+000
  7.9484021e+000  1.5028768e+000
  8.5497699e+000  4.6933330e+000
  4.4331278e+000  4.3073153e+000
  8.9823591e+000  5.2171834e+000
  8.5753608e+000  1.2663899e+000
  3.5682474e+000  1.3335607e+000
  2.8953121e+000  4.1043083e+000
  2.6857373e+000  1.7530717e+000
  8.9032530e+000  5.8495920e+000
  6.4963041e+000  8.4588991e+000
  1.6748112e+000  8.3378587e+000
  2.7508440e+000  8.8962080e+000
  8.9796624e+000  1.0537879e+000
  1.5866192e+000  1.1088021e+000
  6.2132191e+000  1.0803309e+000
  2.2829753e+000  1.4988420e+000
  8.6435304e+000  2.3794773e+000
  1.9051596e+000  3.3611023e+000
  2.4315093e+000  8.4427313e+000
  1.2302771e+000  3.0824493e+000
  5.1199111e+000  8.2161652e+000
  8.1078249e+000  2.0230146e+000
  1.2084567e+000  6.9727775e+000
  7.5945591e+000  1.9028964e+000
  2.6194256e+000  8.8624599e+000
  8.5522285e+000  5.0280077e+000
  5.7782200e+000  7.1814379e+000
  5.6601826e+000  6.7001599e+000
  6.9980245e+000  4.4546372e+000
  1.7152539e+000  4.1941321e+000
  7.4185603e+000  8.6537170e+000
  1.2266022e+000  4.4746608e+000
  8.9195968e+000  5.6736846e+000
  1.8881640e+000  4.1939630e+000
  1.4253601e+000  6.9549075e+000
  5.3837291e+000  2.9462533e+000
  8.1163163e+000  2.9534784e+000
  8.0980976e+000  6.8150245e+000
  1.4982037e+000  1.7298290e+000
  4.9426453e+000  6.5803591e+000
  5.2722700e+000  3.0577368e+000
  1.4199827e+000  6.6108812e+000
  6.9340454e+000  6.7636114e+000
  5.2346421e+000  2.9047483e+000
  1.4879724e+000  4.9501586e+000
  1.1610948e+000  6.8810697e+000
  1.7487245e+000  5.1278313e+000
  8.9387186e+000  5.2449509e+000
  5.5021915e+000  2.8118078e+000
  8.5796528e+000  1.2979560e+000
  3.8727917e+000  8.7211410e+000
  3.8556498e+000  2.8454706e+000
  3.1281293e+000  1.5553683e+000
  6.6999484e+000  7.3123522e+000
  7.4713730e+000  8.7639604e+000
  3.7125986e+000  8.6798394e+000
  8.6471406e+000  1.7964811e+000
  4.6526327e+000  8.7154972e-001
  5.0651434e+000  2.7449575e+000
  2.0895387e+000  1.0008279e+000
  3.3936094e+000  1.6879261e+000
  4.3372645e+000  2.1551152e+000
  8.2796874e+000  3.6429146e+000
  3.9175049e+000  7.1069193e+000
  2.8495766e+000  2.9280611e+000
  3.2441658e+000  1.3166327e+000
  8.5500991e+000  1.5496063e+000
  4.5101843e+000  1.5090410e+000
  6.8847973e+000  1.0702296e+000
  1.1839856e+000  4.0457934e+000
  1.2565043e+000  6.9380247e+000
  3.7844127e+000  1.4365760e+000
  3.2082093e+000  1.6490311e+000
  6.8548845e+000  6.1445484e+000
  1.1414391e+000  2.1223953e+000
  8.7381066e+000  3.3426608e+000
  6.0432403e+000  9.2384715e+000
  8.4899145e+000  1.8130971e+000
  1.8200487e+000  8.0928634e+000
  1.0610626e+000  2.0505919e+000
  1.5221228e+000  5.1377292e+000
  5.6000110e+000  2.6322691e+000
  1.4163004e+000  7.1483414e+000
  5.4737799e+000  2.5704584e+000
  8.1456997e+000  1.3310719e+000
  8.7251981e+000  1.6442421e+000
  1.1995409e+000  7.6897809e+000
  2.8157674e+000  4.8843350e+000
  8.5979566e+000  7.3924234e+000
  8.7892485e+000  6.8218168e+000
  5.4367031e+000  2.3175717e+000
  4.6385631e+000  1.9900075e+000
  1.3960828e+000  6.8044795e+000
  6.3097725e+000  7.2484671e+000
  3.3876968e+000  5.8216217e+000
  5.8346002e+000  3.4188127e+000
  8.8787797e+000  4.8615232e+000
  3.6618260e+000  1.6892663e+000
  2.0480694e+000  8.7886692e+000
  3.4316977e+000  6.5420734e+000
  1.4558903e+000  7.2309491e+000
  3.2808566e+000  1.3695443e+000
  7.2125144e+000  6.7645552e+000
  3.3531553e+000  1.1700956e+000
  5.0590443e+000  3.4538738e+000
  7.9734129e+000  6.9198909e+000
  3.4104026e+000  9.1235402e+000
  2.7616155e+000  1.7620111e+000
  9.6645621e-001  1.3136827e+000
  3.2112373e+000  1.4516758e+000
  1.4481113e+000  1.2869954e+000
  1.9913400e+000  5.2877519e+000
  5.7643427e+000  2.5744012e+000
  1.3901574e+000  8.1521340e+000
  2.9626483e+000  2.6234029e+000
  8.7587732e+000  5.3994683e+000
  9.0034567e+000  2.8972117e+000
  1.8186661e+000  8.4300019e+000
  5.6445380e+000  2.7464455e+000
  8.9394614e+000  5.9356398e+000
  1.7239534e+000  6.4787126e+000
  7.4224857e+000  7.1668571e+000
  9.0923257e+000  8.5113817e+000
  8.9563254e+000  8.7298201e+000
  8.7075855e+000  4.6644960e+000
  1.5532779e+000  5.4355057e+000
  5.6968205e+000  4.8457807e+000
  2.6540905e+000  2.1055007e+000
  4.1983672e+000  6.0352634e+000
  8.1801189e+000  7.9986619e+000
  1.1141517e+000  1.5225335e+000
  2.9995800e+000  1.6235261e+000
  7.2784023e+000  5.4830451e+000
  1.4413947e+000  6.3762967e+000
  3.2753630e+000  8.9240790e+000
  2.6070175e+000  2.2994061e+000
  8.5766696e+000  2.3337564e+000
  3.7224171e+000  1.7512149e+000
  1.4933978e+000  7.0178868e+000
  5.1492804e+000  3.8487170e+000
  8.6288610e+000  2.4628203e+000
  7.2453216e+000  3.4609864e+000
  3.7509460e+000  3.7275640e+000
  5.7917184e+000  7.3254111e+000
  2.4476028e+000  3.2526757e+000
  2.6260646e+000  1.5813153e+000
  1.9235059e+000  7.8045191e+000
  2.2931740e+000  8.5893405e+000
  1.3065273e+000  7.7128365e+000
  5.4390390e+000  6.0125299e+000
  1.4208313e+000  7.6039938e+000
  8.7306438e+000  1.9413514e+000
  3.4172564e+000  7.0407456e+000
  3.2817924e+000  9.6611335e-001
  1.5476050e+000  1.5680367e+000
  5.1979107e+000  3.4476908e+000
  8.7582779e+000  2.4152822e+000
  8.5490189e+000  8.5129747e+000
  3.4987477e+000  1.2455120e+000
  5.3380860e+000  2.6806340e+000
  5.5854527e+000  7.4641514e+000
  8.1222532e+000  5.0646500e+000
  7.3593473e+000  9.2110284e+000
  8.9377312e+000  5.3371821e+000
  3.1696293e+000  1.4193853e+000
  6.7362922e+000  8.2424393e+000
  8.9206991e+000  8.8153838e+000
  1.5182218e+000  6.4457004e+000
  5.2721483e+000  2.9393450e+000
  8.4635589e+000  1.1799964e+000
  8.9063773e+000  6.1548221e+000
  8.3459371e+000  6.2221569e+000
  7.4813895e+000  1.3193237e+000
  4.5634005e+000  8.7381060e+000
  9.0171382e+000  8.7724646e+000
  6.3513711e+000  8.0143099e+000
  3.2701703e+000  1.9386089e+000
  5.4345588e+000  5.0843393e+000
  7.8644276e+000  1.0741826e+000
  8.7140412e+000  2.8844772e+000
  6.1142460e+000  6.3953260e+000
  8.8058141e+000  4.5551837e+000
  6.1828851e+000  7.2915052e+000
  8.7521770e+000  2.3651846e+000
  1.0215308e+000  8.7620881e+000
  4.8894827e+000  2.5326935e+000
  5.3420084e+000  1.2417926e+000
  1.6650255e+000  6.8887689e+000
  8.4800670e+000  2.1335994e+000
  6.6308881e+000  9.1616094e+000
  5.5726882e+000  9.8689021e-001
  4.8998400e+000  3.8899730e+000
  8.6614279e+000  2.4400355e+000
  8.5918370e+000  2.3308102e+000
  1.1951796e+000  7.2271480e+000
  2.2754726e+000  5.6731901e+000
  6.5975122e+000  7.2039794e+000
  4.0891223e+000  6.1598967e+000
  3.7101166e+000  1.2782799e+000
  3.8905867e+000  2.0010007e+000
  8.4500582e+000  1.2818246e+000
  1.8751794e+000  8.3049803e+000
  2.7796773e+000  2.0376268e+000
  4.1176575e+000  4.7809601e+000
  6.5989444e+000  6.4266595e+000
  4.5606698e+000  8.6793598e+000
  9.0765122e+000  3.6559927e+000
  5.8746256e+000  8.4069938e+000
  5.1278467e+000  3.0210234e+000
  1.6273128e+000  1.2361733e+000
  3.5471671e+000  5.0383122e+000
  2.1517388e+000  2.2719971e+000
  9.1622159e+000  8.3086249e+000
  5.1204889e+000  3.4025712e+000
  2.6865262e+000  4.9088342e+000
  8.9405234e+000  6.4625971e+000
  7.3222962e-001  3.2652080e+000
  5.3392178e+000  3.7378375e+000
  5.8219146e+000  9.0955065e+000
  8.7451961e+000  2.1429232e+000
  8.7963685e+000  5.1908234e+000
  4.4280816e+000  8.9735546e+000
  1.5821144e+000  5.9162316e+000
  5.0948768e+000  2.9210696e+000
  8.8949185e+000  4.3496797e+000
  5.4128811e+000  3.0769942e+000
  7.1609679e+000  6.2136357e+000
  3.3640053e+000  3.4523087e+000
  7.4855691e+000  7.1158648e+000
  1.1203373e+000  1.8404031e+000
  8.6184733e+000  4.1065896e+000
  7.5080777e+000  5.5203265e+000
  1.6646750e+000  7.7463508e+000
  1.4374712e+000  7.1015060e+000
  2.5512156e+000  8.6051120e+000
  1.0722563e+000  7.8574822e+000
  4.3331695e+000  9.1107427e+000
  7.4701000e+000  1.7781546e+000
  6.0678163e+000  6.8059336e+000
  5.1609289e+000  6.8993146e+000
  5.9767689e+000  7.8054015e+000
  7.8330605e+000  1.5395234e+000
  8.1065088e+000  1.5229055e+000
  7.0944201e+000  5.6410498e+000
  1.4883233e+000  4.2334676e+000
  5.1533412e+000  4.6747087e+000
  8.6463323e+000  5.6519533e+000
  2.7614549e+000  1.2075600e+000
  5.1844146e+000  2.8845248e+000
  2.8844243e+000  8.6418758e+000
  8.7497516e-001  4.8101246e+000
  4.8356481e+000  8.4601631e+000
  1.4319764e+000  6.8744831e+000
  2.7951597e+000  5.0361879e+000
  8.8925677e+000  5.0437863e+000
  4.6882695e+000  2.7615218e+000
  8.4335103e+000  7.0414904e+000
  1.3721218e+000  4.1641905e+000
  9.1227709e+000  7.4739151e+000
  6.6697025e+000  1.3537591e+000
  9.2795037e+000  3.6670928e+000
  8.6365557e+000  1.5008604e+000
  5.3306065e+000  3.1510254e+000
  4.6689653e+000  9.0154168e+000
  2.8095354e+000  4.6119843e+000
  8.7420251e+000  4.9203685e+000
  9.0053980e+000  4.8819170e+000
  7.0223116e+000  8.5314143e+000
  5.4702431e+000  6.9970355e+000
  3.3188208e+000  4.0643668e+000
  8.7700758e+000  1.4588028e+000
  5.6064471e+000  2.1712628e+000
  1.4363671e+000  1.4854799e+000
  5.3433628e+000  9.0385695e+000
  5.1939521e+000  3.5059277e+000
  4.3760690e+000  5.9660032e+000
  5.1049244e+000  6.4644400e+000
  9.0258426e+000  7.5154688e+000
  8.5242550e+000  2.4688728e+000
  8.6183651e+000  2.6345944e+000
  1.1265087e+000  2.0942864e+000
  8.7969259e+000  7.8274167e+000
  9.0078830e-001  1.8812045e+000
  4.0801003e+000  2.2223713e+000
  1.0862285e+000  1.3588113e+000
  1.3682543e+000  6.8769573e+000
  8.6983787e+000  2.5926300e+000
  1.4381357e+000  4.1674473e+000
  6.4304298e+000  4.7431017e+000
  8.3081988e+000  1.5006245e+000
  5.7239073e+000  3.0881039e+000
  5.8664580e+000  4.7810100e+000
  1.5291802e+000  1.3614259e+000
  2.4244946e+000  2.4689734e+000
  6.8767441e+000  1.8640336e+000
  5.1837776e+000  3.5286875e+000
  1.0731984e+000  1.7945319e+000
  8.6894252e+000  8.5172555e+000
  3.7223821e+000  8.5993168e+000
  6.5867893e+000  7.4573494e+000
  8.7978734e+000  8.7983493e+000
  8.9798657e+000  1.9526314e+000
  8.6007765e+000  2.5326756e+000
  8.4375876e+000  1.3589380e+000
  8.6884377e+000  7.6276112e+000
  5.0374657e+000  2.5630451e+000
  8.5532071e+000  2.4586680e+000
  8.7351443e+000  5.0221762e+000
  8.3899690e+000  6.3420297e+000
  1.3498565e+000  7.8514322e+000
  8.7641553e+000  2.0064873e+000
  3.7318411e+000  8.8637109e+000
  1.7217829e+000  5.8891654e+000
  7.2251251e+000  5.9282928e+000
  1.2529623e+000  7.0928521e+000
  5.4399338e+000  2.9668969e+000
  3.6739982e+000  1.0511358e+000
  8.8762668e+000  6.4208888e+000
  3.4873536e+000  9.1278702e+000
  7.3010818e+000  5.8884975e+000
  5.5911992e+000  1.4434483e+000
  6.8815861e+000  3.9908891e+000
  3.8616456e+000  6.9182570e+000
  1.7021235e+000  4.4377342e+000
  1.4298242e+000  1.4313582e+000
  2.3346257e+000  8.3533748e+000
  8.7649221e+000  2.0727448e+000
  2.7020726e+000  4.5255504e+000
  8.2197274e+000  9.7002933e-001
  8.9382951e+000  5.8155364e+000
  1.2453254e+000  6.6550221e+000
  5.8497312e+000  7.6634271e+000
  1.3690707e+000  7.2061574e+000
  1.2726601e+000  4.0037516e+000
  8.7949112e+000  6.6941818e+000
  7.8941081e+000  1.2226267e+000
  6.6542326e-001  2.5868745e+000
  2.2392499e+000  8.0110600e+000
  7.2585044e+000  6.3579869e+000
  3.9312264e+000  1.8954507e+000
  5.4697778e+000  1.0890911e+000
  6.8662072e+000  4.5207836e+000
  1.4423250e+000  6.3878579e+000
  8.9102954e+000  5.7853968e+000
  8.1907219e+000  2.1735308e+000
  3.0284677e+000  8.9226050e+000
  8.6336767e+000  3.4602681e+000
  5.8798681e+000  8.8386407e+000
  3.0330566e+000  1.6421459e+000
  8.6579776e+000  5.7803982e+000
  4.6576045e+000  8.8105819e+000
  8.8153817e+000  2.3733622e+000
  8.3691847e+000  1.2192142e+000
  8.7435680e+000  7.9409273e+000
  3.9728250e+000  1.8100045e+000
  4.8643417e+000  4.3279799e+000
  6.5238700e-001  9.6252459e+000
  5.3676605e+000  2.8881891e+000
  8.1676255e+000  3.1886698e+000
  3.3390777e+000  1.2912902e+000
  1.4665257e+000  6.5089397e-001
  9.1560227e+000  8.6614546e+000
  5.2949060e-001  4.0141950e+000
  2.1163652e+000  4.1984390e+000
  7.8630496e+000  5.8581896e+000
  8.6647953e+000  6.1950831e+000
  9.1078765e+000  4.9773639e+000
  4.9842150e+000  2.5716961e+000
  1.0660389e+000  8.6659368e+000
  1.4044003e+000  3.6990933e+000
  1.0758563e+000  2.0648894e+000
  1.4269685e+000  7.0845288e+000
  7.2258397e+000  6.0777261e+000
  1.0118045e+000  3.9931085e+000
  4.6440569e+000  9.0121224e+000
  5.5374375e+000  3.1277506e+000
  1.9342652e+000  1.6028382e+000
  1.0688197e+000  2.3336627e+000
  4.7740336e+000  4.3891858e+000
  5.3908404e+000  5.4436525e+000
  8.1842201e+000  8.3481233e+000
  4.6949495e+000  8.9582322e+000
  5.9753687e+000  5.2937586e+000
  5.0765013e+000  8.9292137e+000
  1.5962065e+000  7.7334678e+000
  4.1175669e+000  1.2211513e+000
  9.2997942e-001  8.7011338e+000
  3.7760285e+000  8.8503273e+000
  3.5654381e+000  1.6932440e+000
  9.2184497e+000  8.3666986e-001
  2.2435679e+000  8.6666458e+000
  5.0863253e+000  3.2679561e+000
  8.9133467e+000  2.3478352e+000
  1.8421949e+000  3.8347122e+000
  1.9676321e+000  5.0142173e+000
  3.8007911e+000  5.1481679e+000
  6.6426825e+000  8.7885996e+000
  3.0300094e+000  1.4944410e+000
  3.9481395e+000  5.6224522e+000
  5.5058962e+000  3.7199464e+000
  7.2990229e+000  3.9795250e+000
  8.7802516e+000  2.9883428e+000
  1.3226958e+000  1.1469404e+000
  8.9086597e+000  3.9851612e+000
  1.4813087e+000  7.1234974e+000
  7.5781888e+000  2.4433113e+000
  3.8925479e+000  8.8449333e+000
  9.2298947e+000  8.6173663e+000
  9.1615230e+000  7.6959067e+000
  9.0893243e+000  6.7923195e+000
  6.9810663e+000  5.2143459e+000
  5.6726231e+000  5.6379573e+000
  9.0512443e+000  5.0337828e+000
  3.4101176e+000  2.1796438e+000
  7.1465168e+000  8.8171480e+000
  5.6164673e+000  7.2038300e+000
  3.4670358e+000  1.5742548e+000
  5.0930601e+000  4.2432604e+000
  6.4717773e-001  8.8249333e+000
  4.1442585e+000  2.0343867e+000
  3.1470128e+000  9.0786863e+000
  1.5547740e+000  6.2983248e+000
  4.4317690e+000  1.0926067e+000
  1.4332538e+000  7.1050742e+000
  6.0989656e+000  6.5836182e+000
  9.0150930e+000  6.4609113e+000
  3.7261461e+000  2.0808321e+000
  8.6351402e+000  7.6322459e+000
  4.0384450e+000  9.0718523e+000
  9.1485683e+000  4.7102348e+000
  8.7013330e+000  2.2675518e+000
  1.0293406e+000  1.9238979e+000
  8.9475962e+000  3.7112909e+000
  3.0526807e+000  1.3712279e+000
  9.4847871e+000  9.3318534e+000
  1.5638964e+000  1.6810228e+000
  3.5604500e+000  1.1097687e+000
  8.7000522e+000  7.7072911e-001
  8.7321839e+000  6.6372611e+000
  8.2975067e-001  2.5589995e+000
  1.4942494e+000  7.5086080e+000
  1.1107225e+000  9.0122097e+000
  2.0181610e+000  8.5860834e+000
  5.1666431e+000  2.8953233e+000
  8.0883467e+000  5.0218343e+000
  1.4547019e+000  5.1452770e+000
  8.9152287e+000  9.0724831e+000
  1.3839060e+000  7.0167326e+000
  1.2353792e+000  1.1108849e+000
  8.5427858e+000  1.0733855e+000
  5.3360248e+000  7.2440250e+000
  4.2262169e+000  5.9853297e+000
  8.9233892e+000  6.4852101e+000
  6.9585805e+000  8.9727549e+000
  4.8825834e+000  2.1668663e+000
  8.5395755e+000  1.4217995e+000
  1.5093645e+000  5.4917074e+000
  8.8104956e+000  6.2684957e+000
  8.7558597e+000  6.4817230e+000
  5.4516312e+000  3.4999720e+000
  7.9646430e+000  1.6164208e+000
  4.7799709e+000  3.7210932e+000
  5.2194737e+000  8.9088786e+000
  4.1899722e+000  9.2497721e+000
  9.2184063e+000  6.3999722e+000
  5.9943373e+000  8.4086591e+000
  4.1282967e+000  9.0011149e+000
  4.8947919e+000  8.3703859e+000
  5.6608380e+000  8.6092390e+000
  6.3733742e+000  7.1889245e+000
  9.1609305e+000  1.0503991e+000
  7.9923088e+000  6.0877418e+000
  3.2751419e+000  1.2169219e+000
  8.9682497e+000  4.9663937e+000
  8.4035093e+000  7.1381479e+000
  8.4355763e+000  8.2261851e+000
  5.4421399e+000  4.3710640e+000
  1.6443175e+000  4.2380699e+000
  1.2513640e+000  5.1448534e+000
  1.6273348e+000  2.8257333e+000
  3.0477534e+000  1.7288898e+000
  1.4591479e+000  6.8055068e+000
  1.4286172e+000  8.9068033e+000
  8.7421936e+000  6.5534422e+000
  1.7072667e+000  6.0254232e+000
  1.3951529e+000  7.2808379e+000
  5.5978558e+000  1.4079407e+000
  2.5897493e+000  8.7525305e+000
  5.6589947e+000  7.3795817e+000
  8.7105930e+000  1.1500035e+000
  8.5248836e+000  1.7732236e+000
  8.6725523e+000  2.9589631e+000
  8.2844935e-001  9.1848566e+000
  7.0453341e+000  1.3313393e+000
  4.1601589e+000  2.3717800e+000
  1.2514804e+000  6.9174331e+000
  8.5828900e+000  9.5156256e+000
  1.2507644e+000  6.9861622e+000
  5.0423043e+000  4.3474295e+000
  3.3649035e+000  1.2835882e+000
  5.6115992e+000  3.3459064e+000
  6.8222975e+000  8.9796169e+000
  1.3299465e+000  6.5950656e+000
  9.0850169e+000  2.6847771e+000
  6.9563464e+000  5.8509185e+000
  6.6968537e+000  7.0164804e+000
  1.4005631e+000  2.2709859e+000
  3.4916398e+000  8.6805668e+000
  3.2707179e+000  1.1811300e+000
  1.0976955e+000  6.0396628e+000
  7.2594641e+000  1.9724835e+000
  8.1813866e+000  5.3869464e+000
  9.0401336e+000  8.5446745e+000
  1.8509468e+000  1.8335207e+000
  5.4869651e+000  5.6219623e+000
  2.1568887e+000  5.7844277e+000
  8.4859873e+000  5.5741768e+000
  4.8788763e+000  2.4300465e+000
  1.5782006e+000  5.0332848e+000
  6.5661291e+000  4.3739691e+000
  1.1846387e+000  5.8812937e+000
  3.0264151e+000  8.9821558e+000
  8.9691208e+000  5.0863283e+000
  1.5440694e+000  3.5601348e+000
  8.7497857e+000  8.9536272e+000
  5.7035859e+000  6.9731195e+000
  5.1385089e+000  4.8027581e+000
  8.9281241e+000  5.2622093e+000
  4.2434784e+000  8.7854673e+000
  2.2036531e+000  3.5396473e+000
  3.3803443e+000  2.2926735e+000
  1.3389668e+000  2.6204840e+000
  1.8183811e+000  4.7603621e+000
  6.8028987e+000  3.3415415e+000
  2.4355267e+000  4.0908427e+000
  6.0622036e+000  8.6053726e+000
  6.2299540e+000  8.0615919e+000
  1.2262986e+000  4.6105627e+000
  5.1607280e+000  9.0453455e+000
  8.9603525e+000  3.2156460e+000
  3.7696776e+000  1.2024792e+000
  1.7659024e+000  8.3238455e+000
  1.7245277e+000  3.5786955e+000
  9.1141398e+000  8.6631023e+000
  2.9908522e+000  1.3336174e+000
  5.1890429e+000  7.9525645e+000
  2.0676918e+000  3.3526278e+000
  4.5950000e+000  2.1239766e+000
  9.0924527e+000  3.0866469e+000
  8.7790706e+000  6.2540867e+000
  1.9242253e+000  7.0124421e+000
  7.1309424e+000  1.4921875e+000
  9.0943395e+000  6.4958196e+000
  2.3962278e+000  7.7208487e+000
  5.7506992e+000  3.2431992e+000
  7.1307038e+000  3.6143526e+000
  6.0817418e+000  7.0799119e+000
  1.0534638e+000  7.1524615e+000
  2.9359119e+000  1.3556352e+000
  2.0273614e+000  4.7176818e+000
  8.8232202e+000  4.4193294e+000
  7.6442948e+000  1.4720376e+000
  1.0880402e+000  4.2301242e+000
  1.5018491e+000  7.2602190e+000
  8.6523717e+000  4.6135662e+000
  1.1961693e+000  7.1099428e+000
  1.4749058e+000  6.6857057e+000
  7.8824177e+000  4.5523472e+000
  3.2660545e+000  1.3001709e+000
  8.9326351e+000  4.6909338e+000
  4.9799465e+000  6.6727333e+000
  8.3010392e+000  7.6885351e+000
  7.1404953e+000  7.1185620e+000
  1.1914617e+000  1.9859610e+000
  1.1705614e+000  6.8957121e+000
  9.2892618e+000  8.5255974e+000
  9.9564467e-001  3.6461470e+000
  4.8327408e+000  3.8835547e+000
  1.1286885e+000  1.6327507e+000
  5.0280199e+000  6.0257738e-001
  1.6317851e+000  1.4334107e+000
  2.2111374e+000  6.0195290e+000
  1.8719942e+000  2.3139784e+000
  8.8091963e+000  9.8940118e-001
  1.3893125e+000  7.3653679e+000
  8.3304479e+000  1.3908719e+000
  7.9233671e+000  5.3512422e-001
  5.6214595e+000  7.9422597e+000
  1.6017932e+000  6.0920637e+000
  2.7273216e+000  8.7489076e+000
  6.5874178e+000  6.1438959e+000
  4.5988491e+000  8.6007047e+000
  8.4967802e+000  1.1328894e+000
  6.0899207e-001  8.8277811e+000
  7.5568310e+000  2.2333167e+000
  5.8818450e+000  6.7003909e+000
  1.3556852e+000  1.1695480e+000
  7.9819838e+000  8.7266268e+000
  6.0919425e+000  2.9050189e+000
  1.1639293e+000  6.8557125e+000
  4.3815872e+000  8.8513594e+000
  4.4303780e+000  4.8126566e+000
  6.4678439e+000  8.8058053e+000
  6.9163977e+000  1.4691063e+000
  6.5463127e+000  9.4822580e-001
  6.4501426e-001  8.9935732e+000
  1.0440849e+000  2.3822962e+000
  9.0610872e+000  4.2160798e+000
  6.4641812e+000  6.6465794e+000
  2.5173983e+000  6.2641836e+000
  4.9025806e+000  4.8004639e+000
  8.7230097e+000  5.7414774e+000
  3.6143088e+000  8.8128839e+000
  1.1423073e+000  4.4117128e+000
  8.6138119e+000  2.4704993e+000
  6.0385904e+000  9.2298587e+000
  6.8552157e+000  6.7172620e+000
  5.7987654e+000  9.3236137e+000
  4.0487382e+000  7.5963892e+000
  6.9369192e+000  5.7092502e+000
  5.0091567e+000  2.7981190e+000
  9.2239335e+000  3.5011173e+000
  6.8601952e+000  3.8512846e+000
  7.3581948e+000  5.0447614e+000
  1.4699821e+000  6.5143008e+000
  7.0719759e+000  8.7063004e+000
  3.3670461e+000  8.3295297e+000
  1.1072801e+000  2.3075780e+000
  4.6833428e+000  2.4444045e+000
  9.1970375e+000  8.9079746e+000
  8.9284558e+000  5.6584363e+000
  2.8209314e+000  1.6187662e+000
  8.9974638e+000  5.4665205e+000
  8.4297848e+000  1.2117973e+000
  4.0064537e+000  7.5318449e+000
  3.1116172e+000  5.3411899e+000
  1.3398548e+000  6.9629487e+000
  1.7166582e+000  2.0697359e+000
  9.0604730e+000  6.6588391e+000
  2.9986042e+000  1.5055139e+000
  6.7970641e+000  3.0602460e+000
  8.4789203e+000  8.2465884e+000
  3.0615224e+000  4.7764960e+000
  8.9202902e+000  5.2977988e+000
  1.2849301e+000  1.0120378e+000
  9.0620337e+000  8.4286511e+000
  1.2285699e+000  5.9272582e+000
  1.5642366e+000  6.9564498e+000
  6.4284258e+000  2.9732990e+000
  1.2316514e+000  1.9033108e+000
  7.3154588e+000  8.7244451e+000
  4.8982926e+000  8.8642525e+000
  4.9850749e+000  4.6721812e+000
  1.5403729e+000  6.8950935e+000
  9.0660282e+000  8.8997442e+000
  1.0282460e+000  3.8732162e+000
  5.2382645e+000  2.3981292e+000
  4.1826352e+000  8.9831576e+000
  8.8007599e+000  2.1904655e+000
  7.6069524e+000  1.3254872e+000
  1.3445294e+000  7.1090526e+000
  5.2491139e+000  4.4417191e+000
  8.8484793e+000  5.0126210e+000
  2.1993322e+000  7.9438447e+000
  8.7269773e+000  1.8487260e+000
  7.0095279e+000  1.7583850e+000
  2.7749778e+000  1.4425714e+000
  7.3786867e+000  6.2644739e+000
  7.6762873e+000  7.2098028e+000
  8.2601770e+000  1.2860230e+000
  1.1580168e+000  8.4629560e+000
  8.7967771e+000  6.5844942e+000
  6.5351030e+000  3.8226134e+000
  1.5769422e+000  2.0061687e+000
  1.6469829e+000  3.0933140e+000
  4.6127731e+000  2.7171351e+000
  4.9288088e+000  4.3359435e+000
  5.2110523e+000  1.3838171e+000
  8.5468690e+000  7.7492239e+000
  8.6495032e+000  7.0168235e+000
  9.0283024e+000  8.4116913e+000
  6.8163893e+000  7.8119705e+000
  5.4730107e+000  6.0381320e+000
  8.7703721e+000  5.9709815e+000
  8.7072233e+000  5.0938594e+000
  9.3576459e+000  8.9376889e+000
  7.0798237e+000  8.0043263e+000
  5.4598056e+000  2.7405931e+000
  8.8969129e+000  5.9367151e+000
  8.1261331e-001  8.6111845e+000
  3.7354696e+000  8.8259621e+000
  3.6007220e+000  8.9636441e+000
  2.6693735e+000  2.0674098e+000
  9.0606067e+000  4.6822516e+000
  6.7528254e+000  4.3887715e+000
  1.5417926e+000  1.7178924e+000
  9.0631253e+000  7.6858692e+000
  2.0375066e+000  4.1575048e+000
  4.9951844e+000  8.1471072e+000
  4.7858978e+000  1.5712406e+000
  8.9912706e-001  9.1563635e+000
  7.2346442e+000  1.4340585e+000
  1.6021764e+000  3.7509655e+000
  3.0784995e+000  2.0277787e+000
  8.9369854e+000  6.0136498e+000
  1.4410287e+000  6.7391682e+000
  7.0558549e+000  8.0836438e+000
  6.8922296e+000  1.2755634e+000
  8.9198146e+000  4.6414749e+000
  8.9033461e+000  2.4620024e+000
  3.4494600e+000  1.5959478e+000
  7.7003532e+000  8.8636430e+000
  1.3253678e+000  7.3435823e+000
  6.9760605e+000  1.6073863e+000
  4.9942738e+000  4.4039659e+000
  8.8436486e+000  5.4824433e+000
  1.1571376e+000  8.4787544e+000
  6.9530223e+000  4.2392652e+000
  3.2990013e+000  9.0980348e+000
  1.0898876e+000  8.7536082e-001
  3.5959793e+000  1.0694253e+000
  1.9441479e+000  5.0575142e+000
  7.1678833e+000  5.1502948e+000
  9.8982117e-001  2.0350125e+000
  8.0465024e+000  7.8447702e+000
  1.4897494e+000  8.2289920e+000
  8.9975476e+000  6.8511325e+000
  7.1625762e+000  8.6842055e+000
  3.7585395e+000  8.7593702e+000
  8.9562153e+000  8.9150725e+000
  7.4669292e+000  1.7279995e+000
  7.0297701e+000  8.6638645e+000
  8.9169037e+000  2.2309552e+000
  1.4738214e+000  4.0861690e+000
  2.4081854e+000  8.9961690e+000
  8.7854332e+000  2.7881500e+000
  8.8812598e+000  3.9424902e+000
  3.1382549e+000  1.3326312e+000
  5.1149248e+000  4.1543692e+000
  7.8923995e+000  4.6024057e+000
  3.1248519e+000  8.8011197e+000
  8.8866111e+000  7.1298791e+000
  3.3533585e+000  1.2764959e+000
  4.2679873e+000  2.6372492e+000
  6.0652944e+000  6.4382317e+000
  3.7697021e+000  9.1792691e+000
  8.5659184e+000  3.8083853e+000
  3.4670369e+000  9.1975169e+000
  5.7953243e+000  2.0706124e+000
  3.4313324e+000  8.8657432e+000
  1.2690748e+000  1.9337208e+000
  2.0316150e+000  4.7534955e+000
  5.1196136e+000  8.1153928e+000
  6.1690586e+000  5.6748584e+000
  5.0389134e+000  4.3181759e+000
  7.2156232e-001  3.0260048e+000
  6.8279261e+000  8.5547267e+000
  3.6430100e+000  8.8466306e+000
  8.7545745e+000  1.7653340e+000
  5.4628646e+000  3.4666311e+000
  8.3742503e+000  5.7665672e+000
  1.3103804e+000  7.0374222e+000
  1.2884480e+000  1.5097821e+000
  5.8683128e+000  3.1834871e+000
  8.0494408e+000  1.9432958e+000
  4.8534489e+000  2.5955607e+000
  1.5012413e+000  1.5881585e+000
  1.1100145e+000  8.3432536e+000
  1.4756941e+000  4.3778266e+000
  9.0290627e+000  1.1358082e+000
  4.4759115e+000  8.7882742e+000
  8.9143424e+000  1.1108902e+000
  6.3297313e+000  1.3815976e+000
  2.0928693e+000  4.1594069e+000
  1.6631772e+000  4.2572016e+000
  5.0182091e+000  1.0847256e+000
  3.1783602e+000  1.5125825e+000
  8.5168053e+000  5.4376452e+000
  3.1713040e+000  2.6053653e+000
  5.8225125e+000  4.0816153e+000
  8.8989481e+000  4.9415626e+000
  3.2341776e+000  8.8182852e+000
  6.6685219e+000  7.9360604e+000
  5.7089600e+000  8.2541488e-001
  5.6129093e+000  5.6632023e+000
  3.2818351e+000  1.3559618e+000
  7.8334907e+000  8.6084525e+000
  8.7904628e+000  6.8269774e+000
  7.8564769e+000  4.9143872e+000
  1.3342882e+000  7.4203517e+000
  5.9323265e+000  9.5181983e-001
  1.4757608e+000  8.9943614e+000
  1.3351719e+000  6.9401894e+000
  7.2037340e+000  6.9979158e+000
  1.0827270e+000  7.2475008e+000
  2.5488525e+000  1.3638549e+000
  6.2788164e+000  8.3096729e+000
  5.1831021e+000  2.6974393e+000
  2.3929040e+000  3.8701961e+000
  2.8732273e+000  3.9868224e+000
  5.0574527e+000  2.4419960e+000
  8.5013491e+000  1.2291764e+000
  8.7803109e+000  9.5162577e-001
  8.6878820e+000  5.1678709e+000
  5.8115347e+000  7.4336930e+000
  7.1468796e+000  1.1620601e+000
  7.0498956e+000  6.8387632e+000
  4.9924116e+000  2.7198280e+000
  8.9015475e+000  6.7010928e+000
  3.2830063e+000  1.2563780e+000
  3.9356781e+000  6.2798880e+000
  1.4356247e+000  3.1050814e+000
  1.6878345e+000  4.2776849e+000
  5.3077723e+000  3.1257441e+000
  6.8418516e+000  1.9855040e+000
  1.8896848e+000  2.1894016e+000
  7.4759295e+000  7.8497560e+000
  8.9097393e+000  1.0244567e+000
  4.9264983e+000  4.1021325e+000
  8.6074978e+000  1.2140181e+000
  1.6570855e+000  1.4332343e+000
  5.1181511e+000  7.9877916e+000
  5.0338376e+000  5.5178708e+000
  9.1790512e+000  8.6145867e+000
  7.1913013e+000  6.9533325e+000
  1.6164424e+000  3.9284526e+000
  5.1620147e+000  2.8772067e+000
  4.9778408e+000  2.3893500e+000
  7.0725919e+000  8.6118914e+000
  7.5954225e+000  1.2605001e+000
  3.4886692e+000  4.5572940e+000
  5.2044010e+000  3.9068026e+000
  8.8692212e+000  4.7303523e+000
  6.5880542e+000  3.9221223e+000
  8.9707710e+000  3.9420516e+000
  3.9353740e+000  4.1376427e+000
  3.4093471e+000  3.2050473e+000
  2.8021888e+000  3.3905618e+000
  8.1187915e+000  5.9470870e+000
  1.6053339e+000  6.3940293e+000
  8.7029424e+000  1.9082442e+000
  6.7481921e+000  8.8470103e+000
  8.8423247e+000  5.1198750e+000
  5.3730635e+000  4.0689219e+000
  6.8965204e+000  5.7550121e+000
  1.2440609e+000  4.2808250e+000
  2.9784803e+000  8.5615088e+000
  8.2113356e+000  1.2530168e+000
  8.1045570e+000  7.5862533e+000
  9.0972673e+000  5.0560135e+000
  2.0405096e+000  1.8144127e+000
  2.4617708e+000  4.1104933e+000
  4.5959665e+000  4.0132563e+000
  5.5144290e+000  7.1553116e+000
  7.8888252e+000  6.9887562e+000
  5.0541087e+000  6.7373570e+000
  1.4257038e+000  1.2793652e+000
  1.3605507e+000  7.2072454e+000
  3.2145777e+000  8.7022031e+000
  1.6085823e+000  4.7225069e+000
  4.7790638e+000  2.1425209e+000
  6.7761940e-001  8.7336987e+000
  2.2823989e+000  8.6447295e+000
  2.8477392e-001  8.9646385e+000
  6.4474269e+000  1.1455158e+000
  8.4653654e+000  6.3611521e+000
  1.1239132e+000  7.3146385e+000
  9.0082636e+000  9.2139056e+000
  6.4780680e+000  2.1659424e+000
  1.1498299e+000  7.0221766e+000
  8.6561011e-001  9.1890219e+000
  5.9718818e+000  5.4812684e+000
  3.1694764e+000  8.0980066e+000
  1.2852325e+000  1.6692372e+000
  6.7913469e+000  3.9912861e+000
  7.2508277e+000  5.2358540e+000
  8.3986628e+000  8.5918986e+000
  2.8005856e+000  8.5156256e+000
  2.1900471e+000  1.2154567e+000
  1.5625224e+000  7.2998612e+000
  1.9933337e+000  7.2695677e+000
  3.1795993e+000  1.3183826e+000
  6.5175551e+000  4.1204021e+000
  9.6699226e-001  4.2628238e+000
  5.1392675e+000  2.5234629e+000
  7.4007879e+000  4.3509821e+000
  5.9249588e+000  6.6144367e+000
  4.7935344e+000  4.5967526e+000
  1.0281760e+000  1.9753608e+000
  6.1753644e+000  3.2863366e+000
  1.4844958e+000  7.1037430e+000
  7.2407375e+000  1.2210589e+000
  1.2801315e+000  7.4497348e+000
  1.0364107e+000  7.9301084e+000
  9.5380254e+000  9.5212692e+000
  2.5300661e+000  3.9077189e+000
  3.3262093e+000  8.8743051e+000
  4.9719122e+000  4.8731336e+000
  1.1918665e+000  7.6243982e+000
  1.4686512e+000  6.5211722e+000
  1.0445931e+000  8.5878885e+000
  6.3503571e+000  1.2258021e+000
  3.2935819e+000  1.1379623e+000
  4.9174353e+000  3.9457403e+000
  5.1438033e+000  4.3069807e+000
  1.0863428e+000  1.4137175e+000
  7.2603452e-001  9.1527603e+000
  1.5896606e+000  4.4146308e+000
  1.3660487e+000  3.6009508e+000
  5.1489659e+000  2.6001909e+000
  1.1808512e+000  8.6774030e-001
  1.4604376e+000  8.4895331e+000
  4.0486601e+000  6.6033139e+000
  4.5512143e+000  6.4612167e+000
  7.1307138e+000  4.4356327e+000
  5.1284546e+000  4.9068893e+000
  8.0460370e+000  5.7421594e+000
  8.7873154e+000  1.8227863e+000
  2.0965828e+000  4.8556108e+000
  6.6114617e+000  8.3724819e+000
  6.4615949e+000  1.9375026e+000
  4.8698572e+000  4.3008363e+000
  1.5789565e+000  7.0745609e+000
  3.6239818e+000  8.9984516e+000
  5.0130955e+000  8.9370388e+000
  6.8364345e+000  5.8176900e+000
  8.2144146e+000  1.2954822e+000
  1.0340250e+000  1.4535763e+000
  4.8051362e+000  5.2264674e+000
  5.3475392e+000  2.4043262e+000
  5.1039018e+000  1.3650089e+000
  6.2527476e+000  6.3154918e+000
  6.5869985e+000  8.6647564e+000
  1.2708612e+000  8.3481971e-001
  5.8648913e+000  7.8070418e+000
  4.7833800e+000  8.8579288e+000
  8.0536321e-001  8.6886871e+000
  7.6406480e+000  7.0004951e+000
  6.6688246e+000  7.5939204e+000
  4.4287097e+000  5.5218369e+000
  1.6638604e+000  6.5457993e+000
  9.0837175e+000  3.1194007e+000
  8.6412924e+000  4.8355393e+000
  5.4394067e+000  7.9898590e+000
  1.2636089e+000  3.9393469e+000
  3.4586451e+000  1.6073185e+000
  3.2182010e+000  8.9355249e+000
  5.7531849e+000  3.1134899e+000
  7.1555399e-001  9.4944681e+000
  5.5288722e+000  2.8056400e+000
  2.8344747e+000  8.9942999e+000
  8.9872568e+000  8.1476534e+000
  8.2438298e+000  1.1375910e+000
  6.7364676e+000  2.5128103e+000
  9.0441668e+000  2.9060867e+000
  9.0082194e+000  8.7034994e+000
  2.8085528e+000  5.3657022e+000
  5.3505624e+000  2.6814913e+000
  6.6291526e+000  7.5377668e+000
  7.3522120e+000  7.7296669e+000
  5.2348909e+000  3.7604351e+000
  9.4493942e+000  9.0116942e+000
  6.8889371e+000  1.9600653e+000
  8.4502512e+000  6.9145959e+000
  6.9192734e+000  2.1356919e+000
  7.1140824e+000  4.5209177e+000
  6.7622824e+000  8.8924851e+000
  5.4220883e+000  5.4293278e+000
  1.9319832e+000  1.2768971e+000
  4.4020505e+000  3.0510401e+000
  8.1840437e+000  1.3854705e+000
  1.0901213e+000  8.4887001e+000
  5.7141464e+000  8.8405010e-001
  9.0697901e+000  6.0403421e+000
  3.5439216e+000  9.0084230e+000
  3.8382184e+000  6.7646383e+000
  1.4705322e+000  8.4466943e+000
  6.5233602e+000  4.3721041e+000
  1.1833356e+000  1.7290919e+000
  8.4591027e+000  1.3134537e+000
  1.7379909e+000  6.0233244e+000
  3.9364737e+000  9.0531328e+000
  6.2190847e+000  3.7811173e+000
  4.4629975e+000  8.8156837e+000
  6.6763446e+000  8.6996606e+000
  3.3898620e+000  3.8582122e+000
  2.2458539e+000  9.0321064e+000
  3.3169498e+000  6.5628613e+000
  4.1128291e+000  1.8543274e+000
  8.8957741e+000  5.9012927e+000
  5.0298714e+000  8.8271192e+000
  4.9034755e+000  3.3791305e+000
  2.3505539e+000  5.5874196e+000
  4.8743923e+000  8.5296798e+000
  5.3233882e+000  3.2029212e+000
  4.5440528e+000  5.5324266e+000
  1.3496281e+000  4.7855626e+000
  1.7965774e+000  3.6457752e+000
  4.3172020e+000  9.0408789e+000
  3.2966610e+000  8.8160727e+000
  8.0801280e+000  1.7301826e+000
  5.0553026e+000  2.3956381e+000
  4.3947571e+000  7.3273768e+000
  8.3623539e+000  7.6652597e+000
  7.4708483e+000  9.0156847e+000
  7.5299800e+000  1.3158502e+000
  8.8108503e+000  6.6464204e+000
  1.2591437e+000  4.1689648e+000
  9.0404416e+000  3.3516887e+000
  2.8421963e+000  7.8004626e+000
  4.8706524e+000  6.7195042e+000
  6.7538642e+000  7.7205544e+000
  5.5570338e+000  5.7105523e+000
  1.0069271e+000  8.9719602e+000
  8.8559559e-001  2.3004704e+000
  3.7637220e+000  1.3628746e+000
  6.8832973e+000  3.7931997e+000
  8.8423186e+000  2.7981772e+000
  1.2394029e+000  1.8355881e+000
  3.1861968e+000  2.1175181e+000
  6.7112643e+000  4.7576140e+000
  5.2395037e+000  3.2053554e+000
  6.6478542e+000  5.8974219e+000
  2.2773452e+000  6.9470143e+000
  6.2954340e+000  7.2740850e+000
  2.9120659e+000  1.3814215e+000
  3.8306827e+000  8.9751677e+000
  7.2324849e+000  5.9292393e+000
  3.0332998e+000  8.7478868e+000
  7.6851570e+000  8.7612633e+000
  9.7134457e-001  4.0703542e+000
  8.1935393e+000  8.6983241e+000
  4.7946620e+000  3.7036742e+000
  1.4715689e+000  5.9207796e+000
  1.5827954e+000  5.9408840e+000
  1.3128015e+000  1.6484717e+000
  5.0111569e+000  5.4058568e+000
  8.8777233e+000  2.7876288e+000
  1.4459799e+000  7.0652382e+000
  6.9666751e+000  2.1649016e+000
  2.0405847e+000  2.7169639e+000
  8.7346323e+000  2.2338544e+000
  8.1612786e+000  7.4012580e+000
  5.6219116e+000  2.6154025e+000
  5.1236483e+000  6.6283009e+000
  5.6615167e+000  1.7824199e+000
  8.5204834e+000  1.4863958e+000
  5.5349974e+000  7.7513330e+000
  1.1493576e+000  7.2567455e+000
  9.7790564e-001  3.8964480e+000
  3.0639571e+000  1.4458642e+000
  8.4924859e+000  1.8511519e+000
  3.2636543e+000  8.8964685e+000
  3.0916344e+000  1.4760298e+000
  6.6882961e+000  5.3390029e+000
  7.1839836e+000  6.4724310e+000
  5.2486695e+000  2.6926319e+000
  9.0401105e+000  4.7370221e+000
  4.7431380e+000  5.9355956e+000
  1.8091586e+000  4.0877113e+000
  1.4723298e+000  1.4641067e+000
  9.1886647e+000  8.7485297e+000
  7.4552280e+000  1.1086313e+000
  7.5239544e+000  1.1046397e+000
  8.8252611e+000  5.5111963e+000
  8.9854250e+000  6.7662930e+000
  5.2341504e+000  3.2720246e+000
  3.7423260e+000  1.3595146e+000
  9.1480303e+000  8.7020429e+000
  2.8892408e+000  1.3940335e+000
  5.2793889e+000  8.1804243e+000
  2.5329854e+000  4.6232021e+000
  6.2308675e+000  3.7892308e+000
  6.6340597e+000  8.8302538e+000
  8.7325094e+000  5.4160237e+000
  4.8751926e+000  3.8442091e+000
  5.0992183e+000  3.7914301e+000
  2.0798822e+000  2.4249665e+000
  1.6992084e+000  4.0799549e+000
  6.3098309e+000  1.0623780e+000
  1.9380583e+000  4.9089554e+000
  6.9563859e+000  6.4846892e+000
  2.3872902e+000  3.5577980e+000
  3.2539356e+000  1.2354253e+000
  5.8907634e+000  2.3331680e+000
  6.5521983e+000  7.9987570e+000
  3.0348851e+000  1.1910617e+000
  8.6758649e-001  8.3045872e+000
  7.5718498e+000  6.6069641e+000
  3.3971966e+000  8.5651681e+000
  1.0794766e+000  7.3218180e+000
  7.9388943e+000  3.4271509e+000
  1.2741872e+000  7.3146836e+000
  5.4364935e+000  7.8138053e+000
  5.7092946e+000  7.6549664e+000
  1.3156328e+000  5.0407048e+000
  4.5115531e+000  3.8300008e+000
  8.6140120e+000  6.6057020e+000
  1.3527836e+000  7.1463743e+000
  6.4726797e+000  7.1469531e+000
  1.1836278e+000  6.5264888e+000
  1.6271084e+000  6.7346234e+000
  8.9195632e+000  8.3632856e+000
  6.0228181e+000  7.1806274e+000
  8.4171952e+000  2.1328527e+000
  8.3527828e+000  6.2679641e+000
  7.9550831e-001  3.7768896e+000
  6.4967432e+000  6.1792534e+000
  3.7411208e+000  6.2642013e+000
  7.0878987e+000  8.7611210e+000
  3.6374375e+000  4.4991792e+000
  6.8373495e+000  1.2579052e+000
  5.6739551e+000  3.9993843e+000
  3.1060140e+000  4.5674899e+000
  8.5663942e+000  2.2609600e+000
  2.2703766e+000  8.7102448e+000
  1.3530996e+000  7.3025960e+000
  5.0120364e+000  3.2179439e+000
  1.4574922e+000  7.0180271e+000
  1.6953963e+000  6.6166011e+000
  6.3049279e+000  1.2705723e+000
  1.4477448e+000  7.1507920e+000
  9.3509591e+000  1.0052244e+000
  8.8631723e+000  6.1226186e+000
  1.2861561e+000  1.9077909e+000
  3.9795965e+000  8.7014591e+000
  8.9597174e+000  6.5498822e+000
  1.2041091e+000  1.5945218e+000
  5.1988639e+000  5.7488579e+000
  3.9753841e+000  8.7397158e+000
  5.2714797e+000  1.0306550e+000
  9.1326477e+000  5.6826857e+000
  1.5331396e+000  1.2468070e+000
  6.7614439e+000  8.4163374e+000
  8.3116398e+000  2.1025520e+000
  4.9445060e+000  8.8959562e+000
  1.7007264e+000  6.2745107e+000
  7.0525663e+000  6.3441204e+000
  2.1993664e+000  8.3474576e+000
  9.9529047e-001  3.7607324e+000
  5.1544392e+000  1.1225261e+000
  8.7242345e+000  3.8592355e+000
  6.5438759e+000  3.6542724e+000
  9.1360284e+000  5.7589610e+000
  6.4304155e+000  5.1913811e+000
  8.9558735e+000  2.2711246e+000
  8.4813905e+000  9.0301019e+000
  5.5414751e-001  9.0551653e+000
  8.1142063e+000  1.3039316e+000
  1.1277527e+000  4.2790896e+000
  3.2996139e+000  1.4038597e+000
  5.1100910e+000  2.7217903e+000
  9.2442447e+000  8.6351400e+000
  3.6080874e+000  9.1739496e+000
  6.9334746e+000  9.0348031e+000
  4.9065697e+000  4.0205711e+000
  7.0746391e+000  9.1471381e+000
  1.6664833e+000  7.6513202e+000
  8.5552517e+000  1.5307315e+000
  3.1676531e+000  1.5258206e+000
  6.8917308e+000  5.9850427e+000
  1.5537273e+000  6.9267137e+000
  1.3348767e+000  1.2097218e+000
  5.3030958e+000  8.4914421e+000
  8.4893439e+000  2.6659103e+000
  3.2025229e+000  4.3777613e+000
  3.2132279e+000  1.3275785e+000
  8.7660031e+000  8.4776345e+000
  8.7522277e+000  2.3531975e+000
  2.8688535e+000  5.0479681e+000
  8.6182891e-001  4.8906823e+000
  3.2970884e+000  5.0186287e+000
  5.2476931e+000  8.7417127e+000
  2.9598305e+000  4.7633006e+000
  5.3471003e+000  2.9200331e+000
  6.4992969e+000  5.9438392e+000
  5.5010452e+000  7.2474234e+000
  8.3028616e-001  4.1479850e+000
  1.1294738e+000  4.0666767e+000
  6.1549517e+000  6.0665799e+000
  3.4474251e+000  1.4692235e+000
  7.0156733e+000  1.4149993e+000
  7.2483846e+000  8.9140804e-001
  8.8731472e+000  7.4366789e+000
  1.1669258e+000  4.0043813e+000
  1.3037961e+000  3.8321524e+000
  7.4174255e+000  1.1895822e+000
  7.1178271e+000  7.0158961e+000
  2.7001866e+000  8.8379783e+000
  2.9696892e+000  1.7325110e+000
  8.1766551e+000  8.5651673e+000
  7.6311834e+000  7.0705305e+000
  7.9652326e+000  2.1867022e+000
  2.7986573e+000  7.8902090e+000
  3.2228965e+000  1.2966633e+000
  3.4469171e+000  8.5475259e+000
  6.3284804e+000  8.5407024e+000
  5.3184834e+000  3.2420459e+000
  6.8998613e+000  7.9738821e+000
  1.1802250e+000  4.8923630e+000
  8.9642222e+000  6.7112342e+000
  3.6301838e+000  9.1402643e+000
  2.3465341e+000  2.8483356e+000
  5.5411959e+000  5.4644705e+000
  7.7173220e+000  5.2212679e+000
  2.7467754e+000  4.5425785e+000
  8.9874256e+000  8.8333758e+000
  8.6250440e+000  2.4972342e+000
  7.3546204e+000  8.8167940e+000
  4.3235631e+000  1.4538909e+000
  6.3720901e+000  7.3058192e+000
  5.0961328e+000  4.0236199e+000
  8.7078693e+000  2.5994527e+000
  3.7566867e+000  1.3579275e+000
  6.9649859e+000  5.1040428e+000
  6.3307944e+000  7.3510054e+000
  5.4812271e+000  5.6093909e+000
  3.2807399e+000  8.8578164e+000
  3.3582219e+000  8.8541498e+000
  7.2128569e+000  4.4986515e+000
  8.6608595e+000  2.6914701e+000
  3.6945799e+000  8.9634672e+000
  1.2227050e+000  7.1069339e-001
  6.0507096e+000  8.8839009e+000
  4.4905909e+000  5.0254541e+000
  6.6451490e+000  8.9204223e+000
  5.3549682e+000  8.4560392e+000
  1.4649227e+000  5.9875979e+000
  9.3261009e+000  8.8668958e+000
  1.2134379e+000  6.8660716e+000
  4.6002125e+000  4.1942680e+000
  1.3618385e+000  7.5522275e+000
  1.7621821e+000  5.1856834e+000
  7.1432368e+000  2.8744196e+000
  3.9540976e+000  6.3711487e+000
  8.8700599e+000  2.4135708e+000
  2.8270319e+000  1.3134861e+000
  5.8887112e+000  7.9533674e+000
  9.0426916e+000  3.8526978e+000
  6.0879701e+000  6.4658725e+000
  2.9518738e+000  3.8680132e+000
  3.4512782e+000  7.6356091e+000
  6.4197254e+000  3.4039704e+000
  1.2484536e+000  7.8647959e+000
  1.2576361e+000  7.2659250e+000
  3.2427784e+000  1.4600558e+000
  5.7768298e+000  1.0594264e+000
  9.0381214e+000  2.6598013e+000
  4.4215427e+000  8.9041106e+000
  6.6047274e+000  1.9447606e+000
  1.9536252e+000  9.1184280e+000
  4.3667757e+000  8.5328617e+000
  5.3119176e-001  9.3288997e+000
  6.7591539e+000  5.7826212e+000
  8.7767174e+000  7.2572737e+000
  5.1054169e+000  6.6574382e+000
  6.3766005e+000  4.6273615e+000
  8.8762040e+000  4.7769682e+000
  8.5337931e+000  1.7724356e+000
  4.6065830e+000  2.3609226e+000
  8.9805835e+000  8.4357358e+000
  1.2900001e+000  8.9341995e-001
  6.8947984e-001  8.9014382e+000
  1.3612040e+000  4.3881419e+000
  6.6276781e+000  1.1094536e+000
  1.3626626e+000  6.9527363e+000
  6.5298459e+000  5.3876961e+000
  8.8667007e-001  7.0103995e+000
  1.1932515e+000  6.4229243e-001
  7.1318575e+000  8.8838083e+000
  8.9581567e+000  3.2281035e+000
  5.8104098e+000  8.5118315e-001
  4.5076266e+000  4.2403146e+000
  1.1020092e+000  4.4464839e+000
  6.8378611e+000  6.2324302e+000
  8.9831727e+000  8.6762031e+000
  7.0868436e+000  6.3689713e+000
  7.7294397e+000  8.6501559e+000
  8.6559825e+000  6.9257229e+000
  1.1053320e+000  1.7848166e+000
  7.3831650e+000  5.8210744e+000
  1.2112966e+000  3.4549297e+000
  5.4454956e+000  7.3933495e+000
  1.0316935e+000  4.1841030e+000
  4.9864569e+000  8.8871215e+000
  4.8515558e+000  5.4002161e+000
  3.6193401e+000  1.1474919e+000
  3.2595684e+000  8.8294048e+000
  1.5597303e+000  3.7206631e+000
  3.0262148e+000  8.9656992e+000
  1.2460647e+000  4.1437822e+000
  1.4525197e+000  4.5348194e+000
  8.8712674e+000  2.9902535e+000
  8.8558280e+000  2.4330586e+000
  9.2634534e+000  9.2332626e+000
  8.6758077e+000  5.5613191e+000
  3.2823462e+000  1.4218673e+000
  2.8404635e+000  8.8579085e+000
  8.9845416e+000  2.6688343e+000
  5.1316142e+000  4.0961410e+000
  3.7995593e+000  3.8474333e+000
  8.4500935e+000  1.4105643e+000
  1.4246575e+000  7.6995733e+000
  5.1982483e+000  3.6534219e+000
  9.0005611e+000  2.6418279e+000
  2.8552281e+000  8.9720220e+000
  9.3371860e+000  8.8486852e+000
  8.8499656e+000  5.8756709e+000
  6.7870716e+000  1.5670805e+000
  2.2707797e+000  2.0151117e+000
  4.9638379e+000  4.3619859e+000
  3.1574598e+000  1.5373813e+000
  2.0590004e+000  5.8861652e+000
  1.2859442e+000  6.6197929e+000
  6.6706497e+000  8.9294499e+000
  2.3546612e+000  6.7237482e+000
  7.2287723e+000  1.8477663e+000
  8.6550827e+000  7.3651507e+000
  6.4935067e+000  3.4733575e+000
  8.4041416e+000  5.1522640e+000
  4.1450425e+000  5.9682936e+000
  7.5962916e-001  6.0198487e-001
  1.2249602e+000  4.1084937e+000
  5.7635020e+000  2.9180548e+000
  1.1481376e+000  4.0891860e+000
  5.4928059e+000  3.5213143e+000
  1.6798601e+000  4.3491975e+000
  2.6861703e+000  8.6844179e+000
  7.4821383e+000  7.5928468e+000
  3.1175452e+000  5.1049817e+000
  3.1879518e+000  1.3190893e+000
  1.3959436e+000  1.1370141e+000
  7.1660131e+000  1.0724548e+000
  1.4279466e+000  7.0258064e+000
  7.7254976e+000  1.5552779e+000
  1.1805660e+000  4.3414417e+000
  4.7028355e+000  4.1889198e+000
  9.1599788e+000  9.1133678e+000
  7.9591181e+000  6.3889391e-001
  8.1920828e+000  1.2259130e+000
  6.5204674e+000  1.5603250e+000
  2.6085963e+000  8.8274390e+000
  8.7390370e+000  2.6312636e+000
  6.1310933e+000  5.9075766e+000
  7.3230616e-001  2.0014842e+000
  3.2893110e+000  8.7018530e+000
  5.3185329e+000  6.9656939e-001
  4.9081854e+000  7.6148889e+000
  1.1828427e+000  1.1049937e+000
  6.8541314e+000  8.9298486e+000
  2.7609164e+000  4.7512675e+000
  9.7205505e-001  4.1435392e+000
  8.1870210e+000  8.7098318e+000
  6.0365068e+000  1.4695875e+000
  3.2284067e+000  2.0476114e+000
  1.7853031e+000  8.3578933e+000
  1.7479695e+000  6.2551905e+000
  7.7355606e+000  2.2798543e+000
  5.1601805e+000  3.1159184e+000
  8.1161448e+000  3.6634949e+000
  6.4541812e+000  8.1872478e+000
  1.8986795e+000  1.0502135e+000
  8.8467240e+000  5.6253492e+000
  7.2695959e+000  8.9634083e+000
  5.4429717e+000  2.7610722e+000
  8.7840492e+000  5.9869706e+000
  6.4430439e+000  6.2289629e+000
  2.0984057e+000  8.0678971e+000
  8.9309048e+000  9.1846065e+000
  9.1304436e+000  8.6916160e+000
  3.2325686e+000  8.5323731e+000
  5.1504695e+000  2.3850509e+000
  1.3545750e+000  4.3995208e+000
  7.5620527e-001  4.1981362e+000
  7.3327597e+000  8.5621549e+000
  4.6788694e+000  5.4503752e+000
  6.2493910e+000  2.0893027e+000
  1.1711617e+000  5.9747279e+000
  6.6713348e+000  8.0404207e+000
  4.1024479e+000  1.1771729e+000
  5.1675607e+000  6.0142994e-001
  8.9806244e+000  2.8106325e+000
  5.7482627e+000  3.1617224e+000
  8.1807004e+000  1.3140704e+000
  7.5925456e+000  5.5701926e+000
  8.5605736e+000  5.1602324e+000
  6.8788667e+000  5.8321976e+000
  3.2685087e+000  2.8978296e+000
  2.7139056e+000  3.7981259e+000
  2.4803287e+000  2.0765017e+000
  1.1800577e+000  6.9359691e+000
  6.6814845e+000  4.2324788e+000
  2.7149161e+000  8.5864162e+000
  5.1305528e+000  2.9103448e+000
  1.5789098e+000  6.8323705e+000
  8.7881128e+000  2.4300960e+000
  7.5059452e+000  2.1095115e+000
  2.6907624e+000  8.3530311e+000
  1.4548207e+000  1.8594701e+000
  8.9208781e+000  8.4067580e+000
  3.6411632e+000  1.6537856e+000
  3.9136530e+000  3.2596780e+000
  8.8444141e+000  2.6516995e+000
  1.3682944e+000  4.2290955e+000
  9.4575500e+000  8.5612147e+000
  8.5464621e+000  1.7106327e+000
  3.5772015e+000  2.0447138e+000
  4.7018277e+000  2.2211921e+000
  6.2357645e+000  2.5864250e+000
  4.3242987e+000  9.0241650e+000
  8.7540741e+000  6.7422928e+000
  4.6999057e+000  4.2121500e+000
  1.9502393e+000  7.5980974e+000
  3.8030733e+000  8.9025251e+000
  8.7316418e+000  1.6054603e+000
  3.3455018e+000  9.2940597e+000
  8.9101219e+000  4.3142647e+000
  8.9698664e+000  6.1304690e+000
  1.0845158e+000  1.8364526e+000
  1.4475382e+000  7.0482132e+000
  6.7669028e+000  8.4832291e+000
  8.6498755e+000  4.2605768e+000
  1.8328334e+000  4.1885156e+000
  1.2411253e+000  1.7971392e+000
  2.2974215e+000  5.6162493e+000
  5.4416526e+000  3.0667978e+000
  4.8821762e+000  4.3509940e+000
  4.7535453e+000  7.4320531e+000
  7.2534631e+000  4.8137917e+000
  4.9604647e+000  9.0072948e+000
  6.3048907e+000  6.1752338e+000
  8.6753002e+000  3.9867193e+000
  9.3613849e+000  9.3288832e+000
  8.4020159e+000  1.2195553e+000
  6.9956621e+000  4.4186613e+000
  8.8610003e+000  4.7612795e+000
  4.2845455e+000  8.7030003e+000
  3.6243592e+000  8.8568513e+000
  8.6842219e+000  2.1752349e+000
  5.7804447e+000  6.1316780e+000
  6.7691123e+000  5.7712073e+000
  6.0926396e+000  8.7232031e+000
  8.3798966e+000  5.4557962e+000
  3.3680427e+000  1.2574338e+000
  7.2726558e+000  4.1817405e+000
  7.8613469e+000  4.4853984e+000
  9.2065385e+000  6.3260237e+000
  6.5139338e+000  1.2088546e+000
  1.8110343e+000  1.4677532e+000
  1.2821921e+000  1.2892734e+000
  7.2893594e+000  8.8016649e+000
  4.7943387e+000  4.6266049e+000
  6.8857669e+000  5.8420982e+000
  9.4616982e+000  8.7476329e+000
  8.1735054e+000  2.5068504e+000
  8.7441388e+000  5.4419764e+000
  5.7807749e+000  1.6595501e+000
  6.6340649e+000  1.2578053e+000
  4.9683207e+000  2.0000224e+000
  5.1023942e+000  3.1898499e+000
  7.1647223e+000  7.4372622e+000
  6.7581380e+000  1.5045083e+000
  1.6709391e+000  5.8032513e+000
  3.4478780e+000  8.8680824e+000
  5.0375639e+000  2.6803096e+000
  8.9548004e+000  2.8981937e+000
  8.9708311e+000  5.2548844e+000
  5.6860920e+000  2.9507643e+000
  3.7401910e+000  8.7332676e+000
  8.7975224e+000  7.5928563e+000
  1.2766178e+000  7.1847984e-001
  8.9561981e+000  2.5564196e+000
  8.8416209e+000  3.2731452e+000
  1.4364916e+000  6.6738074e+000
  3.5802539e+000  4.2038378e+000
  6.4514773e+000  7.0121041e+000
  6.0500353e+000  1.5984259e+000
  7.8153046e+000  1.4614647e+000
  6.7710361e+000  2.4697592e+000
  5.0289276e+000  3.2473449e+000
  7.2314220e+000  1.4988983e+000
  8.7695960e+000  6.5016815e+000
  3.7146596e+000  1.0741153e+000
  7.4849663e+000  5.9488247e+000
  8.7674797e+000  8.8077628e+000
  5.1639792e+000  4.2968640e+000
  3.2631527e+000  1.3904086e+000
  2.5259689e+000  8.5967208e+000
  2.0410823e+000  8.6749124e+000
  2.3213038e+000  1.7787457e+000
  1.1501934e+000  7.2828400e+000
  9.5919918e-001  1.7939236e+000
  1.2152658e+000  7.3006522e+000
  1.2002871e+000  3.9472674e+000
  9.1297881e+000  4.1969574e+000
  3.1358348e+000  8.9989771e+000
  8.6328900e+000  2.3709011e+000
  5.4548188e+000  6.3187266e+000
  2.5525215e+000  6.0382240e+000
  1.5025640e+000  1.5506481e+000
  2.2563954e+000  2.2387489e+000
  4.4532505e+000  1.5381114e+000
  6.2885380e+000  6.1224906e+000
  6.1371302e+000  5.4982029e+000
  1.1390460e+000  7.3728010e+000
  6.2897646e+000  7.7537932e+000
  6.9973896e+000  7.3796903e+000
  3.1362911e+000  2.3704028e+000
  1.3339753e+000  3.9986882e+000
  7.0576569e+000  1.5234463e+000
  4.7012856e+000  3.7944957e+000
  8.9006443e+000  5.2425251e+000
  1.0451775e+000  4.9477364e+000
  5.2346530e+000  3.4672753e+000
  3.3027184e+000  1.2859603e+000
  8.3370973e+000  2.7633193e+000
  4.4541462e+000  5.0233512e+000
  8.4751853e+000  7.0659033e+000
  1.8136117e+000  4.8151583e+000
  1.1699920e+000  4.4328897e+000
  7.5073161e+000  1.5054930e+000
  5.3623524e+000  6.1585933e+000
  3.3154087e+000  3.4051944e+000
  4.6975455e+000  4.3295612e+000
  3.0162016e+000  4.1741237e+000
  6.4890265e+000  6.3584806e+000
  3.3911051e+000  1.4544961e+000
  7.1151656e+000  5.5176350e+000
  1.3922518e+000  6.6813874e+000
  5.9581182e+000  2.4625051e+000
  5.6908331e+000  6.4787616e+000
  4.3271182e+000  5.3096893e+000
  8.0706207e+000  6.8701623e+000
  3.6701748e+000  3.0625517e+000
  7.1309880e+000  4.9269865e+000
  8.7021744e+000  4.7973916e+000
  1.1098114e+000  1.9055160e+000
  3.6369820e+000  9.0794271e+000
  6.5676644e+000  7.2680565e+000
  5.4451830e+000  5.1274791e+000
  1.5913240e+000  7.7056240e+000
  8.7155949e+000  8.9485326e+000
  8.4794208e+000  1.2403692e+000
  8.8239491e+000  5.5407361e+000
  1.2152429e+000  7.0228506e+000
  4.6235857e+000  2.3227694e+000
  3.5751484e+000  8.9167782e+000
  6.9596344e+000  9.2790682e-001
  2.5092467e+000  9.2339761e+000
  7.9358537e+000  1.2380296e+000
  6.9815825e+000  8.7565740e+000
  6.5592548e+000  7.6088456e+000
  4.9404351e+000  4.7576717e+000
  2.7038349e+000  2.7430672e+000
  8.1048732e+000  7.9644633e+000
  7.2274427e+000  2.9775650e+000
  6.7849713e+000  1.4880270e+000
  3.0800052e+000  1.3113640e+000
  6.6052930e+000  7.9949515e+000
  5.0648698e+000  7.7420120e+000
  4.9988528e+000  4.5416528e+000
  1.5005017e+000  1.1106248e+000
  8.9518768e+000  8.1038385e+000
  7.2833866e-001  4.6624799e+000
  1.9178450e+000  4.1168816e+000
  8.2008995e+000  1.8530537e+000
  9.1218040e+000  5.4297405e+000
  7.7534641e+000  6.0638797e+000
  6.9159411e+000  4.7767981e+000
  6.9634284e-001  9.5028351e+000
  4.6581121e+000  6.7913952e+000
  2.6676960e+000  8.6129338e+000
  7.2674560e+000  4.2672766e+000
  8.7220493e+000  6.5591826e+000
  7.3940952e+000  5.9578176e+000
  6.8963824e+000  7.8383811e+000
  5.5010271e+000  3.5008794e+000
  7.0567131e+000  6.8192851e+000
  5.1696402e+000  2.9966665e+000
  8.7300007e+000  5.4735207e+000
  1.3006214e+000  7.8637759e+000
  1.5680080e+000  1.3284246e+000
  1.7105709e+000  6.8679877e+000
  5.1375739e+000  5.2520613e+000
  7.1471668e+000  8.7018808e+000
  5.9542644e+000  7.7211770e+000
  1.3710406e+000  7.1676139e+000
  5.2311634e+000  4.2618785e+000
  6.3989951e-001  9.3100816e+000
  8.8673379e+000  7.0564396e+000
  5.6044937e+000  1.2206936e+000
  1.3538949e+000  1.3094960e+000
  6.8969295e+000  5.7704054e+000
  1.4594849e+000  4.2530641e+000
  1.3238231e+000  7.1819466e+000
  5.5545161e+000  6.0623539e+000
  3.4931595e+000  4.0784002e+000
  9.0024095e+000  4.4416587e+000
  1.1734508e+000  6.7468907e+000
  8.7765093e+000  6.8980465e+000
  6.4223283e+000  4.7096938e+000
  4.4892814e+000  8.9149637e+000
  3.0354535e+000  4.0054661e+000
  5.7409961e+000  6.9265134e+000
  3.9322444e+000  8.6159094e+000
  6.4445594e+000  2.0058670e+000
  8.7863181e-001  4.0438513e+000
  4.3789525e+000  2.2752093e+000
  8.5181498e+000  9.2719372e+000
  1.5375367e+000  6.8585616e+000
  8.5203682e+000  8.2812742e+000
  3.5149706e+000  9.1914339e+000
  5.0179792e+000  2.7217965e+000
  5.1170597e+000  8.6159164e+000
  7.0093494e+000  8.8570867e+000
  8.8942762e+000  2.5983405e+000
  6.4347199e+000  6.3245432e+000
  1.6382990e+000  6.2934942e+000
  6.2459823e+000  8.6730300e+000
  8.9175354e+000  6.4584185e+000
  7.2042098e+000  8.5487081e+000
  7.0060748e+000  5.4057548e+000
  4.4650098e+000  1.9809781e+000
  6.0137161e+000  8.9416730e+000
  8.7895253e+000  1.9491370e+000
  6.3342493e+000  5.0660227e+000
  6.7405806e+000  8.8444164e+000
  2.9924072e+000  1.4011004e+000
  6.7205302e+000  7.7555319e-001
  8.7264608e+000  2.3551966e+000
  5.5328121e+000  7.3025672e+000
  4.9144309e+000  2.9628924e+000
  1.9001646e+000  4.9725659e+000
  1.7009231e+000  5.9329162e+000
  3.4786815e+000  6.8056544e+000
  8.5829617e+000  4.8567342e+000
  5.5044141e+000  2.8651351e+000
  4.8754852e-001  2.5166359e+000
  8.6778282e+000  2.1947337e+000
  7.0797437e+000  8.6244471e+000
  5.5245113e+000  4.4687620e+000
  3.0948214e+000  1.4801094e+000
  7.3639488e+000  5.8939145e+000
  7.4963680e+000  5.8197284e+000
  1.8382421e+000  6.8009255e+000
  3.3112007e+000  1.2256927e+000
  8.1353399e+000  5.9047782e+000
  8.5375379e+000  4.7649471e+000
  1.3289750e+000  8.4307808e+000
  8.5361909e+000  1.8748976e+000
  7.8072310e+000  8.8291525e+000
  7.4279276e+000  8.6285372e+000
  4.8314059e+000  7.4683337e+000
  3.8457040e+000  5.6866927e+000
  4.2536908e+000  1.1120467e+000
  1.7795399e+000  5.7553123e+000
  1.3306126e+000  7.4153869e+000
  8.4638725e+000  1.4442667e+000
  5.2701356e+000  4.3453370e+000
  5.1568157e+000  2.9393897e+000
  7.7321091e+000  6.2558706e+000
  5.1805332e+000  3.6466150e+000
  3.6911047e+000  1.1901361e+000
  1.2468364e+000  8.6202725e+000
  3.2498867e+000  1.1994177e+000
  2.6677375e+000  5.8598973e+000
  4.6648870e+000  8.4481850e+000
  6.3207616e+000  5.7455508e+000
  1.8191611e+000  8.5566871e+000
  1.1179275e+000  6.2942138e+000
  4.5516400e+000  3.9327640e+000
  2.4813982e+000  1.2260157e+000
  1.0366319e+000  8.4327948e+000
  8.5233429e+000  1.5855150e+000
  7.5552971e+000  5.8626893e+000
  4.8579237e+000  4.0453609e+000
  4.3161613e+000  9.1159683e+000
  1.5910926e+000  7.0598951e+000
  2.2467493e+000  4.5230324e+000
  6.2284940e+000  5.9842835e+000
  2.3945755e+000  2.7414019e+000
  9.2178111e+000  3.5162081e+000
  3.5228000e+000  8.6721668e+000
  8.7527468e+000  2.1474726e+000
  3.9289488e+000  1.9197941e+000
  1.5050401e+000  4.4123570e+000
  3.4883088e+000  9.0999383e+000
  8.8070937e+000  7.6419919e+000
  1.5419687e+000  4.4732798e+000
  3.7986961e+000  1.4887874e+000
  1.0595139e+000  8.6787657e+000
  5.2652959e+000  2.3506884e+000
  2.0267088e+000  4.1882056e+000
  8.5643250e+000  3.3694567e+000
  1.6082679e+000  6.3474298e+000
  7.0556461e+000  6.2569191e+000
  2.2039879e+000  3.3546269e+000
  1.2110250e+000  3.1185620e+000
  5.2087558e+000  8.0739221e+000
  3.1700566e+000  5.1657804e+000
  7.1736970e-001  1.2828994e+000
  2.3709866e+000  5.9513892e+000
  8.6871507e+000  4.3386503e+000
  5.8875745e+000  6.5148939e-001
  3.3898537e+000  1.3136374e+000
  1.2664349e+000  7.5967969e+000
  1.4492000e+000  6.6530714e+000
  5.9318081e+000  3.0200318e+000
  1.1860809e+000  5.3415117e+000
  8.0502826e+000  8.8891662e+000
  3.9470592e+000  4.3574710e+000
  5.7650288e-001  3.8124456e+000
  5.5904977e+000  3.0864041e+000
  2.7228247e+000  1.2547707e+000
  5.3414047e+000  9.2122361e+000
  7.4414497e+000  5.9238262e+000
  7.4455048e+000  5.5255781e+000
  5.1493779e+000  3.4166622e+000
  5.0546604e+000  2.7100360e+000
  4.3982769e+000  1.2382252e+000
  1.0061687e+000  3.6340909e+000
  4.6138616e+000  5.2585815e+000
  6.8355099e+000  4.8840901e+000
  8.9366821e+000  8.7624197e+000
  1.0691245e+000  1.7181296e+000
  2.7931584e+000  1.6868980e+000
  8.8546662e+000  5.4619160e+000
  8.7711647e+000  5.1275279e+000
  1.8860156e+000  3.5002900e+000
  1.1707802e+000  8.1144249e+000
  6.0022598e+000  2.6125966e+000
  6.9218332e+000  8.1415414e+000
  4.1696883e-001  2.1079895e+000
  8.7891875e+000  2.4798053e+000
  2.3432148e+000  2.6375738e+000
  9.0775007e+000  3.1808485e+000
  1.0502788e+000  7.9911363e+000
  1.8217076e+000  6.2979579e+000
  2.4514374e+000  5.1963216e+000
  8.2813245e+000  6.8658378e+000
  1.1845263e+000  1.5500143e+000
  8.3463951e+000  1.7296610e+000
  5.0970647e+000  1.4276029e+000
  8.4939856e-001  8.8284260e+000
  1.2439956e+000  1.0145040e+000
  3.4310831e+000  1.3382151e+000
  3.2344842e+000  9.1660183e+000
  8.8177448e+000  6.8303684e+000
  8.9155737e+000  3.4863794e+000
  3.4920399e+000  9.0289542e+000
  5.5640443e+000  7.9704019e+000
  4.9980630e+000  2.2404714e+000
  3.2400812e+000  1.1747019e+000
  5.1285730e+000  3.3078768e+000
  1.2766406e+000  4.2550876e+000
  5.5897506e+000  1.2942069e+000
  7.9737462e+000  5.2697574e+000
  8.8301597e+000  1.8411097e+000
  6.2672397e+000  1.6944986e+000
  6.0274510e+000  6.7999981e+000
  9.0371057e+000  8.3718043e+000
  7.5021736e+000  1.9779375e+000
  1.3882107e+000  7.2114606e+000
  1.1976421e+000  7.7173927e+000
  5.4355598e+000  5.3549597e+000
  7.0779748e+000  1.3357530e+000
  5.7184341e+000  2.7806984e+000
  4.7301624e+000  3.8554181e+000
  5.5036082e+000  3.4086594e+000
  1.6542550e+000  8.1499606e+000
  1.1659262e+000  3.4475560e+000
  5.1440487e+000  2.5782865e+000
  8.5286146e+000  2.1741407e+000
  5.6288372e+000  9.2742770e-001
  1.4585063e+000  6.9493725e+000
  8.8388284e+000  8.5169071e+000
  3.6135089e+000  8.8979964e+000
  3.1211312e+000  1.2659409e+000
  7.2461607e+000  5.4903965e+000
  8.7995282e+000  5.6973095e+000
  5.5850236e+000  9.3489586e+000
  7.5256188e+000  8.2215444e+000
  5.4128165e+000  3.2396594e+000
  8.6019354e+000  7.3754634e+000
  7.1247549e+000  4.1180625e+000
  1.7704252e+000  6.1556359e+000
  4.4018645e+000  4.0633638e+000
  8.9092235e+000  8.9126652e+000
  8.9591182e+000  7.6731626e+000
  8.4522433e+000  1.0070836e+000
  8.9310369e+000  5.3827311e+000
  1.7876105e+000  5.7205892e+000
  5.0270558e+000  3.5641066e+000
  6.4964627e+000  5.5084214e+000
  8.5024267e+000  1.3871883e+000
  8.5950834e+000  1.5801869e+000
  1.3787482e+000  7.2750980e+000
  4.0624410e+000  9.1293224e+000
  2.9367420e+000  8.8813725e+000
  1.7305671e+000  1.8326012e+000
  1.2809787e+000  7.6474081e+000
  6.9064715e+000  4.5189913e+000
  5.1998111e+000  2.9713050e+000
  1.4118577e+000  1.7270875e+000
  3.7364580e+000  9.2882876e+000
  5.3561022e+000  5.1827475e+000
  3.5494625e+000  5.5495089e+000
  1.3991103e+000  1.5461982e+000
  5.5265712e+000  8.0138893e+000
  5.1091666e+000  4.0976996e+000
  5.0205009e+000  4.2994742e+000
  3.6148097e+000  9.0438292e+000
  8.8903231e+000  6.5828446e+000
  4.7522507e+000  1.4413200e+000
  5.2601732e+000  8.7266071e+000
  6.9513873e+000  9.1805180e+000
  1.4244128e+000  1.6283332e+000
  1.1486640e+000  1.7052019e+000
  1.4729232e+000  7.7915680e-001
  1.6708424e+000  4.2400595e+000
  6.6253546e+000  6.7958282e+000
  4.7592836e+000  7.3638002e+000
  1.2254328e+000  1.7747610e+000
  9.6290493e+000  8.4284880e+000
  3.6717422e-001  3.0866431e+000
  4.8773432e+000  5.0284683e-001
  2.2132297e+000  8.6440972e+000
  5.7992654e+000  3.3348078e+000
  8.3854525e+000  5.5355425e+000
  6.5956827e+000  1.4099700e+000
  1.5863155e+000  6.6653607e+000
  5.2899998e+000  7.5041836e+000
  8.4423945e+000  1.8744756e+000
  1.9258786e+000  8.2412688e+000
  5.0220116e+000  1.7654684e+000
  6.5199110e+000  8.6608324e+000
  7.3414179e+000  6.6498594e+000
  8.8969024e+000  2.7336842e+000
  6.2195429e+000  6.5313131e+000
  7.6825469e+000  8.6780695e+000
  1.2611380e+000  7.1459661e+000
  4.3923319e+000  4.0560283e+000
  6.1177539e+000  3.6680890e+000
  3.5504031e+000  9.0179388e+000
  5.6760998e+000  3.3946368e+000
  7.6362034e+000  4.2481208e+000
  3.4595512e+000  1.7147688e+000
  1.8498445e+000  4.1858849e+000
  5.2919622e+000  2.9186380e+000
  3.9247639e+000  6.3379515e+000
  2.7846020e+000  5.7464607e+000
  5.7422157e+000  1.6064886e+000
  6.0856222e+000  6.5221697e+000
  8.7763711e+000  8.5211174e+000
  2.1168526e+000  5.3080177e+000
  8.8152681e+000  7.4764816e+000
  5.7981977e+000  3.4196041e+000
  6.6779743e+000  8.4773663e+000
  5.1392971e+000  3.0254850e+000
  2.4597030e+000  1.2682250e+000
  8.8988570e+000  3.2483428e+000
  2.5572705e+000  6.6467070e+000
  1.5147139e+000  1.0846781e+000
  2.9411699e+000  1.6432059e+000
  8.4311682e+000  1.1352844e+000
  1.5714176e+000  7.9603893e+000
  3.0142825e+000  8.7266365e+000
  2.4157943e+000  5.3847378e+000
  5.3788644e+000  2.5237917e+000
  6.5455691e+000  6.9329479e+000
  8.8586257e+000  2.2398254e+000
  6.4209372e+000  2.1159176e+000
  5.2329853e+000  2.6506488e+000
  6.4068859e+000  4.0151620e+000
  1.5772577e+000  6.0351984e+000
  7.9372503e+000  8.7482546e+000
  9.9710901e-001  2.4729897e+000
  8.7977510e+000  2.3362286e+000
  8.7118680e+000  4.9465774e+000
  8.3571052e+000  6.6987574e+000
  6.3541026e+000  8.7537533e+000
  1.2539557e+000  8.3390494e+000
  8.6725457e+000  8.5222520e+000
  3.1225859e+000  1.2585515e+000
  1.3393850e+000  7.0056847e+000
  1.2511772e+000  7.0504446e+000
  3.1346422e+000  8.8788668e+000
  7.7841198e+000  1.6199728e+000
  5.8242865e+000  5.8471430e+000
  5.0946535e+000  2.7809328e+000
  1.6730929e+000  6.6997393e+000
  3.4382281e+000  1.2800798e+000
  7.2874539e+000  7.0161538e+000
  9.0373875e+000  5.3794503e+000
  2.2382536e+000  7.5760926e+000
  6.9744876e+000  4.6795917e+000
  8.2239378e+000  1.5941607e+000
  1.1880520e+000  6.9566164e+000
  5.0779682e+000  4.5301992e+000
  7.0431121e+000  5.0737180e+000
  3.6140278e+000  8.8854649e+000
  1.4979809e+000  6.8035599e+000
  6.5260446e+000  4.0957900e+000
  4.9092854e+000  8.1478716e-001
  4.3182273e+000  1.3871272e+000
  4.9957937e+000  2.7654463e+000
  1.1236791e+000  8.8075697e+000
  3.4535757e+000  8.8544293e+000
  4.5351169e+000  6.9552618e+000
  8.2988270e+000  7.9440331e+000
  9.0985489e-001  9.0456524e+000
  5.2546169e+000  2.5049607e+000
  2.8925202e+000  1.2078909e+000
  1.5235549e+000  6.6022356e+000
  3.3700499e+000  8.7694689e+000
  7.1579971e-001  4.1799605e+000
  5.6033987e+000  5.7982038e+000
  8.3574986e+000  8.8191442e+000
  6.7216435e+000  2.3031231e+000
  3.5701736e+000  1.2345807e+000
  8.8210929e+000  8.6026265e+000
  8.8217966e+000  2.4737637e+000
  1.2512659e+000  7.2985735e+000
  1.2806283e+000  6.9664736e+000
  1.2605948e+000  7.1463757e+000
  8.6423453e+000  2.0843392e+000
  6.7913881e+000  6.5415054e+000
  7.2826153e+000  9.0270298e+000
  3.2521156e+000  6.2981669e+000
  9.0186540e+000  2.3900214e+000
  6.5597332e+000  6.4413528e+000
  8.8631854e+000  5.7961559e+000
  7.9468795e+000  1.0669559e+000
  5.7607670e+000  7.1727068e+000
  9.0353787e+000  2.2725456e+000
  6.9350426e+000  4.5481493e+000
  3.2874314e+000  8.8256799e+000
  4.2957293e+000  2.1368054e+000
  1.3238139e+000  7.2147215e+000
  6.6618129e+000  4.3236374e+000
  7.1484257e+000  8.7486090e+000
  7.6706250e+000  5.1954192e+000
  3.5772497e+000  5.9209636e+000
  1.9799612e+000  8.2130129e+000
  2.2167534e+000  8.7108422e-001
  6.4068867e+000  6.6857338e+000
  3.5595471e+000  9.1359237e+000
  6.1905469e+000  6.0362733e+000
  1.2337379e+000  7.0658692e+000
  7.5270772e-001  2.9050644e+000
  3.6101105e+000  6.1033571e+000
  7.6224321e-001  2.2695133e+000
  2.6528266e+000  5.4778051e+000
  3.6398112e+000  1.2247430e+000
  1.6930202e+000  4.9391867e+000
  7.9422395e+000  1.4843126e+000
  5.2360875e+000  2.6827297e+000
  1.2438011e+000  4.4064449e+000
  1.6026100e+000  1.1763499e+000
  4.3199889e+000  6.1111318e+000
  7.8737100e+000  6.2791345e+000
  8.8441950e+000  2.6417451e+000
  5.8192747e+000  7.1957458e+000
  3.1766060e+000  1.4787202e+000
  5.1794680e+000  3.2482867e+000
  5.2768470e+000  1.8626170e+000
  1.8310239e+000  3.7558909e+000
  8.7053302e-001  3.0233559e+000
  9.0874338e+000  6.3931312e+000
  6.0942134e+000  1.6928768e+000
  5.3153906e+000  3.1648225e+000
  1.4506818e+000  6.3699446e+000
  8.9251206e+000  2.6037235e+000
