  4.9826682e+000  4.3442093e+000
  6.4789729e+000  7.8668612e+000
  7.8112664e-001  6.8124122e+000
  7.8531088e+000  2.3881858e+000
  6.9751023e+000  6.0836604e+000
  5.9072520e+000  6.6702559e+000
  8.4347873e+000  2.6095099e+000
  2.5409933e+000  1.4210957e+000
  2.5366474e+000  4.6121315e+000
  1.3122570e+000  6.5636793e+000
  6.9810870e+000  7.9618445e+000
  3.0095012e+000  4.4973500e+000
  7.7369975e+000  5.8207867e+000
  2.5430829e+000  1.8692513e+000
  5.2191587e+000  2.5962450e+000
  8.3762583e+000  5.8960418e+000
  3.8001221e+000  8.6950587e+000
  8.1623378e+000  7.5639984e+000
  7.9824071e+000  2.0124776e+000
  5.6483126e+000  8.2478851e+000
  6.5153168e+000  7.8132917e+000
  3.7346830e+000  7.6877805e+000
  6.2748315e+000  2.2890092e+000
  5.1053511e+000  3.1584504e+000
  5.5808799e+000  5.3473801e+000
  7.1431261e+000  5.5657228e+000
  1.8691735e+000  7.0171094e+000
  8.6086545e+000  2.3253036e+000
  8.8457764e+000  6.0253838e+000
  5.7032977e+000  4.2215035e+000
  8.0053590e+000  5.8772677e+000
  7.5021403e+000  2.7573580e+000
  2.8405441e+000  2.3758168e+000
  1.8062421e+000  4.4063437e+000
  3.6294799e+000  1.2952721e+000
  7.9345840e+000  5.6815479e+000
  6.9532752e+000  8.1994769e+000
  1.4621118e+000  7.0762337e+000
  3.4782237e+000  8.9926452e+000
  7.3792330e+000  2.5784940e+000
  1.7236224e+000  2.5407403e+000
  6.6935228e+000  1.8666367e+000
  2.7693892e+000  1.7186655e+000
  7.6590172e+000  1.9248904e+000
  1.5804053e+000  4.7173603e+000
  2.6036624e+000  9.0403686e+000
  1.2798550e+000  3.7397028e+000
  5.7514353e+000  8.4272967e+000
  8.7088349e+000  1.8840943e+000
  1.8201099e+000  7.2964267e+000
  8.7761159e+000  1.8859498e+000
  3.6775729e+000  8.8250837e+000
  8.9328243e+000  5.9248779e+000
  6.4955074e+000  7.4586683e+000
  6.8714941e+000  6.5898123e+000
  6.8284919e+000  4.8745352e+000
  1.3488884e+000  4.3264777e+000
  6.5260827e+000  8.4223618e+000
  1.9502540e+000  4.1067594e+000
  8.2565876e+000  5.7181124e+000
  1.1638547e+000  4.3570055e+000
  2.2186954e+000  7.1181051e+000
  5.0589374e+000  3.2118579e+000
  8.8641772e+000  1.4965144e+000
  8.4220000e+000  6.1786743e+000
  1.4624557e+000  1.6929257e+000
  5.6790019e+000  6.6786903e+000
  5.2574576e+000  3.1330098e+000
  1.4699637e+000  7.6436274e+000
  6.3517721e+000  6.4373129e+000
  5.0635801e+000  3.4611403e+000
  1.7272590e+000  4.0500077e+000
  2.7952663e+000  7.0342081e+000
  1.8225088e+000  4.3093564e+000
  8.0773026e+000  5.7366393e+000
  4.6260941e+000  3.2999841e+000
  7.6705960e+000  2.8050095e+000
  3.1098244e+000  8.4454221e+000
  4.6927697e+000  2.3571930e+000
  3.6703543e+000  2.0471921e+000
  6.4705611e+000  7.1386802e+000
  7.1986393e+000  8.3227773e+000
  3.5264362e+000  8.2455029e+000
  8.0522638e+000  2.2425424e+000
  4.4476521e+000  2.2912420e+000
  5.7964887e+000  3.2585596e+000
  2.0761525e+000  2.5397574e+000
  3.2500601e+000  1.0844442e+000
  4.8769138e+000  2.1264890e+000
  9.1500850e+000  3.3882452e+000
  4.2291744e+000  6.9620446e+000
  2.6064618e+000  2.0979872e+000
  3.0094645e+000  2.1893959e+000
  8.0621702e+000  2.5837595e+000
  3.5985270e+000  2.3460139e+000
  6.9917579e+000  2.2913537e+000
  2.5159811e+000  4.5384191e+000
  1.8937325e+000  7.4586633e+000
  2.6395497e+000  1.6304399e+000
  3.5527274e+000  1.2953261e+000
  6.6384661e+000  6.0732668e+000
  1.8366224e+000  1.3400589e+000
  9.1007003e+000  2.4609011e+000
  6.4480598e+000  7.5687002e+000
  8.3549217e+000  2.1854101e+000
  1.2226507e+000  7.1077200e+000
  1.9845734e+000  1.3681800e+000
  1.4193602e+000  4.4156126e+000
  4.7103289e+000  3.6856589e+000
  1.9946826e+000  7.2254555e+000
  4.8588025e+000  3.6571434e+000
  8.5259924e+000  2.9336256e+000
  8.1393732e+000  2.5006921e+000
  2.4345861e+000  6.5611800e+000
  1.9216757e+000  4.6442194e+000
  8.6460083e+000  6.8059881e+000
  8.7548439e+000  6.1124775e+000
  5.0530169e+000  3.8724662e+000
  5.4006014e+000  3.1843250e+000
  1.0546222e+000  7.3635199e+000
  6.5202745e+000  7.3329362e+000
  3.5458177e+000  5.6054895e+000
  4.5175045e+000  3.0890886e+000
  8.9109879e+000  5.8447344e+000
  2.9236566e+000  1.2783832e+000
  2.3518944e+000  7.4484197e+000
  3.5137942e+000  6.4135758e+000
  1.9399288e+000  6.5182084e+000
  3.0240923e+000  2.0918179e+000
  6.5554266e+000  6.4191806e+000
  2.7409984e+000  2.1795660e+000
  5.7398786e+000  3.1052047e+000
  8.3786423e+000  6.0893096e+000
  3.5142722e+000  8.1852143e+000
  3.3334078e+000  1.3257754e+000
  2.7011002e+000  2.1311402e+000
  2.9464771e+000  1.9839673e+000
  1.4890267e+000  2.1065565e+000
  1.5357844e+000  4.6091056e+000
  4.5770656e+000  3.4702095e+000
  1.4779853e+000  6.7584093e+000
  2.7743774e+000  1.2581989e+000
  7.5696915e+000  5.5640129e+000
  7.7607001e+000  1.6464483e+000
  1.5394683e+000  7.6563981e+000
  4.6486651e+000  3.4197222e+000
  8.3031236e+000  5.5029781e+000
  1.4351991e+000  7.8809897e+000
  6.9884308e+000  6.5980941e+000
  8.3189343e+000  8.1751000e+000
  8.5117845e+000  7.9202096e+000
  9.0402315e+000  5.9292102e+000
  1.5642946e+000  5.2448422e+000
  5.0860733e+000  4.4330445e+000
  3.1579914e+000  9.9689605e-001
  4.6052669e+000  6.0274799e+000
  8.7129230e+000  8.2382115e+000
  1.5541549e+000  1.7132699e+000
  3.4576010e+000  1.3672155e+000
  7.0046114e+000  5.9464725e+000
  1.6501532e+000  7.9701762e+000
  3.3527330e+000  9.3686609e+000
  2.9722131e+000  1.0626974e+000
  7.9257994e+000  1.7931079e+000
  3.0723654e+000  1.1460589e+000
  1.1182758e+000  6.8712111e+000
  5.4421966e+000  3.0619853e+000
  7.7273264e+000  1.9220745e+000
  6.5378966e+000  3.6995436e+000
  4.7008528e+000  3.7084800e+000
  6.2149348e+000  7.2214902e+000
  2.2507293e+000  3.8136005e+000
  3.5420723e+000  1.5895508e+000
  8.3748507e-001  7.1754934e+000
  2.9790553e+000  7.8243238e+000
  1.9402474e+000  6.4538703e+000
  6.1928816e+000  6.0687301e+000
  1.4314756e+000  6.4962248e+000
  8.3209926e+000  2.1054114e+000
  3.5183458e+000  7.0129021e+000
  3.3688845e+000  2.9071158e+000
  1.3961196e+000  1.7979817e+000
  5.2067533e+000  2.8567314e+000
  7.5471959e+000  1.6703789e+000
  8.9438175e+000  8.4866847e+000
  2.7731256e+000  2.0538700e+000
  5.3529191e+000  3.6348171e+000
  6.2146008e+000  7.6784267e+000
  8.8633617e+000  5.7949293e+000
  6.7865457e+000  7.4933758e+000
  8.4970669e+000  5.6255182e+000
  3.5246244e+000  1.1616154e+000
  6.9621777e+000  8.2277258e+000
  8.0151206e+000  8.3600944e+000
  1.2843423e+000  7.7519535e+000
  5.2214460e+000  3.2702297e+000
  8.1221150e+000  2.8995981e+000
  8.2568617e+000  5.4614203e+000
  8.7866377e+000  5.5408871e+000
  8.3907996e+000  2.2148703e+000
  3.4083018e+000  8.3230449e+000
  8.8759457e+000  8.5858260e+000
  6.5667316e+000  7.7496790e+000
  3.4725950e+000  1.0178105e+000
  4.9858461e+000  4.6592887e+000
  8.3987458e+000  2.8790081e+000
  7.7574455e+000  1.5911599e+000
  6.6338587e+000  6.5383038e+000
  8.2021640e+000  5.9163825e+000
  6.4397933e+000  7.2252167e+000
  8.0272972e+000  1.7982183e+000
  1.6693449e+000  7.7794094e+000
  5.5860266e+000  3.6657736e+000
  5.5710631e+000  2.1101504e+000
  7.8513958e-001  7.2173477e+000
  8.6377563e+000  1.8364317e+000
  6.9386696e+000  7.4159300e+000
  5.5996933e+000  2.4771436e+000
  5.4519463e+000  2.9105695e+000
  8.0044431e+000  1.7438254e+000
  7.6458476e+000  1.8376764e+000
  1.8291924e+000  6.8558115e+000
  1.4868407e+000  5.0476687e+000
  6.3896209e+000  6.9849499e+000
  4.3288789e+000  6.1170847e+000
  2.7351957e+000  1.8394255e+000
  3.0247178e+000  1.2958653e+000
  8.1263180e+000  2.8785363e+000
  1.6903415e+000  7.0707396e+000
  3.5569813e+000  9.6210760e-001
  4.9266821e+000  4.1789271e+000
  6.3621551e+000  6.1094672e+000
  3.7049700e+000  8.0470718e+000
  8.7514627e+000  3.0836862e+000
  6.4321018e+000  7.6453953e+000
  5.5043860e+000  3.3303128e+000
  1.6752894e+000  2.2322108e+000
  3.3846932e+000  4.6225420e+000
  2.1219486e+000  1.2682351e+000
  8.5102095e+000  8.5245212e+000
  5.2407144e+000  2.7870155e+000
  1.7027862e+000  4.5527086e+000
  7.8150566e+000  5.5388457e+000
  1.8178616e+000  4.2043484e+000
  5.2350594e+000  2.8310186e+000
  6.1996534e+000  7.8105368e+000
  7.7860349e+000  2.0164484e+000
  7.8668682e+000  5.7267105e+000
  3.1376544e+000  8.3551411e+000
  1.4038948e+000  7.4781421e+000
  5.4193276e+000  3.1447298e+000
  8.1228828e+000  5.4949055e+000
  5.2742003e+000  3.3144634e+000
  6.7954219e+000  6.2331375e+000
  3.2439856e+000  3.4569360e+000
  6.7312421e+000  6.3845614e+000
  2.4006881e+000  1.5448663e+000
  9.0570342e+000  4.8711576e+000
  7.4959154e+000  5.8258157e+000
  1.1365890e+000  6.6209434e+000
  1.4035307e+000  7.1451869e+000
  3.5750413e+000  8.4978650e+000
  2.4773860e+000  6.5403831e+000
  3.5780552e+000  8.5429507e+000
  8.3986792e+000  1.7281889e+000
  6.4825976e+000  6.5005170e+000
  6.0526232e+000  6.9643161e+000
  6.5394250e+000  7.6337697e+000
  8.6709669e+000  2.2179417e+000
  8.4680093e+000  2.3941606e+000
  6.6622124e+000  6.3953146e+000
  1.6359758e+000  4.6827607e+000
  5.0962407e+000  3.4674884e+000
  7.8353510e+000  5.5273131e+000
  3.6465130e+000  2.7113302e+000
  5.4142704e+000  3.2260467e+000
  3.6894837e+000  8.8937459e+000
  2.4995939e+000  3.8704333e+000
  4.3705336e+000  8.6353708e+000
  2.4590590e+000  7.5131423e+000
  1.7521059e+000  4.4415104e+000
  8.7354439e+000  5.4885886e+000
  6.1549576e+000  2.8558609e+000
  8.5372603e+000  6.3130579e+000
  1.8987926e+000  4.5727149e+000
  7.7046622e+000  7.4795711e+000
  6.9601574e+000  1.8106844e+000
  8.9675772e+000  3.1640482e+000
  7.6475728e+000  2.4634965e+000
  5.4824389e+000  3.1965279e+000
  3.6695936e+000  8.1144431e+000
  1.8595605e+000  4.0951580e+000
  7.8742357e+000  5.9880158e+000
  8.4056586e+000  5.4720197e+000
  6.6354959e+000  8.5341306e+000
  6.5017980e+000  7.0301700e+000
  3.0698252e+000  4.1947291e+000
  7.8216382e+000  2.6816512e+000
  4.9132996e+000  3.7415711e+000
  1.4572672e+000  1.9689227e+000
  5.1281026e+000  7.6312436e+000
  5.2970474e+000  2.8401795e+000
  4.9033068e+000  5.6002680e+000
  5.6748319e+000  6.5444783e+000
  7.6933274e+000  7.5429093e+000
  8.7428133e+000  1.6564818e+000
  7.9929298e+000  1.7234544e+000
  2.3704283e+000  1.6342727e+000
  8.4922570e+000  8.2589021e+000
  2.0939662e+000  1.6626148e+000
  3.8950581e+000  1.3480052e+000
  2.1639081e+000  2.2071828e+000
  2.1340105e+000  7.2503294e+000
  7.6004641e+000  1.5336421e+000
  1.6312499e+000  4.1639097e+000
  6.8207145e+000  4.8463108e+000
  8.2973443e+000  2.6025825e+000
  4.4165941e+000  3.1764875e+000
  5.5068120e+000  4.8193820e+000
  1.6946621e+000  2.6103735e+000
  2.8235765e+000  1.3464806e+000
  7.7169873e+000  1.7234344e+000
  5.4706813e+000  2.9295297e+000
  2.2606838e+000  1.6495296e+000
  8.8978256e+000  7.7201667e+000
  3.3525883e+000  8.2475707e+000
  6.4083897e+000  7.1067973e+000
  8.7246854e+000  8.2591441e+000
  7.9355385e+000  2.0097621e+000
  7.9736713e+000  2.0116741e+000
  8.1892366e+000  2.7014927e+000
  8.7087755e+000  7.9196487e+000
  5.5735184e+000  3.6844430e+000
  8.0104574e+000  1.7049612e+000
  8.6013573e+000  5.8797711e+000
  8.8078120e+000  5.9061083e+000
  1.7669648e+000  6.3789168e+000
  7.9329238e+000  2.0577531e+000
  3.3454795e+000  8.2757179e+000
  1.7906344e+000  7.3998473e+000
  6.4613725e+000  6.1342532e+000
  2.5170249e+000  7.3187490e+000
  5.1004073e+000  3.0905666e+000
  2.8270414e+000  2.7128146e+000
  7.9619661e+000  6.0758291e+000
  3.2018188e+000  8.2709376e+000
  6.8646659e+000  6.1642522e+000
  5.7115752e+000  2.6739924e+000
  6.3378182e+000  4.6226086e+000
  4.0963050e+000  6.6038280e+000
  1.8984503e+000  4.0722460e+000
  1.5536390e+000  2.0998385e+000
  2.4522696e+000  8.6328616e+000
  7.4819667e+000  2.0656065e+000
  1.7882338e+000  4.2116491e+000
  8.1873349e+000  2.8343622e+000
  8.0324235e+000  5.3742563e+000
  2.4810216e+000  7.9172545e+000
  6.4095773e+000  7.8890634e+000
  2.0023438e+000  7.0701218e+000
  2.2015774e+000  4.3833961e+000
  8.2200291e+000  5.7887473e+000
  8.5148842e+000  2.8689865e+000
  2.0113057e+000  1.8131893e+000
  8.9889129e-001  8.2079959e+000
  6.8240656e+000  6.0556904e+000
  3.0257156e+000  1.3625539e+000
  5.4328914e+000  1.9040141e+000
  7.0690325e+000  5.0238563e+000
  1.3628110e+000  7.7157990e+000
  8.1585658e+000  5.6915294e+000
  8.8967519e+000  1.6443361e+000
  3.6857450e+000  9.0229917e+000
  7.9029368e+000  2.2794076e+000
  6.2571093e+000  7.3816498e+000
  3.3619913e+000  1.3363919e+000
  7.9481128e+000  5.3516545e+000
  3.7752495e+000  9.0220573e+000
  7.6632457e+000  1.8683871e+000
  8.2365130e+000  3.0902437e+000
  8.4500860e+000  8.3164577e+000
  3.0363670e+000  1.3396968e+000
  5.6650743e+000  3.0506323e+000
  1.2769751e+000  8.5674535e+000
  4.7602186e+000  2.9950225e+000
  8.9953051e+000  2.0807976e+000
  3.5532319e+000  1.9565211e+000
  1.8495748e+000  2.5857414e+000
  8.2676775e+000  8.0852388e+000
  2.4262333e+000  4.3440314e+000
  1.2887961e+000  4.5980772e+000
  8.2291222e+000  5.7947892e+000
  7.5852781e+000  5.8789851e+000
  7.9767198e+000  5.9199507e+000
  5.8196030e+000  3.1842766e+000
  1.5235829e+000  7.1452133e+000
  1.7644941e+000  4.9381032e+000
  1.6766639e+000  1.3565060e+000
  2.1805157e+000  6.7423497e+000
  6.8396630e+000  6.2692870e+000
  2.4269922e+000  4.6937746e+000
  3.5705659e+000  8.3909003e+000
  4.7582211e+000  3.3069412e+000
  1.7196371e+000  1.6039214e+000
  2.3710364e+000  1.4029662e+000
  5.2020486e+000  3.1695211e+000
  5.4563111e+000  5.2879287e+000
  8.5281485e+000  8.3473496e+000
  3.8047710e+000  8.8539361e+000
  6.3270977e+000  5.7901351e+000
  4.4120847e+000  7.8159187e+000
  1.1616238e+000  6.5377111e+000
  2.7058726e+000  2.1068376e+000
  2.0321186e+000  7.8469367e+000
  3.2386665e+000  8.5093334e+000
  2.7467834e+000  1.5007235e+000
  7.6209399e+000  2.6638078e+000
  3.1055503e+000  7.7627677e+000
  5.4195045e+000  2.9842345e+000
  8.1297013e+000  1.8742219e+000
  1.5583329e+000  4.8453304e+000
  1.2790083e+000  4.1888188e+000
  4.2547251e+000  4.9177197e+000
  6.9498682e+000  8.4051328e+000
  3.4088152e+000  1.6811593e+000
  4.2261281e+000  5.6309791e+000
  4.7425980e+000  2.7965502e+000
  6.9383197e+000  4.8011572e+000
  7.6618481e+000  1.6647967e+000
  1.6242730e+000  2.3348560e+000
  8.6668521e+000  4.2123850e+000
  2.0393116e+000  6.8238799e+000
  8.6824481e+000  1.5293707e+000
  3.4825082e+000  7.8358357e+000
  7.9169412e+000  8.5533528e+000
  7.7990454e+000  7.8987505e+000
  8.2674553e+000  6.0292157e+000
  7.1658528e+000  5.6867409e+000
  6.0787653e+000  5.6678864e+000
  8.3253389e+000  5.7215598e+000
  3.1986657e+000  8.5633853e-001
  6.7648421e+000  8.3329534e+000
  6.3573349e+000  6.9325904e+000
  3.1420788e+000  1.0603429e+000
  5.4913991e+000  3.1395886e+000
  1.2115056e+000  7.5619225e+000
  3.9015253e+000  1.2806874e+000
  3.3879047e+000  9.2826854e+000
  1.3621191e+000  7.7248466e+000
  3.0909728e+000  2.2834571e+000
  2.4705978e+000  7.4021566e+000
  6.6317519e+000  6.6869413e+000
  7.5013649e+000  5.6975591e+000
  3.2166720e+000  8.3356858e-001
  8.4677275e+000  7.6728959e+000
  3.2389539e+000  8.1420898e+000
  8.3016778e+000  5.7935994e+000
  7.4564561e+000  1.9323477e+000
  2.2282279e+000  1.6144363e+000
  9.1930268e+000  3.4067030e+000
  3.8414060e+000  2.0860015e+000
  8.3120299e+000  7.9130127e+000
  1.5252788e+000  1.9824295e+000
  2.7809903e+000  2.6839600e+000
  8.2281079e+000  2.9375234e+000
  8.1473282e+000  5.6559786e+000
  1.9126293e+000  1.5952022e+000
  1.6795940e+000  6.4533246e+000
  1.6147779e+000  7.7864459e+000
  1.9909569e+000  7.7583293e+000
  5.1319492e+000  3.3257621e+000
  8.7246334e+000  5.9321070e+000
  2.0906309e+000  4.1907920e+000
  8.0019954e+000  7.9822795e+000
  1.7192858e+000  7.2898084e+000
  2.0557999e+000  2.3566243e+000
  7.9344715e+000  3.0995896e+000
  6.4080523e+000  7.5462284e+000
  4.5623612e+000  5.9705502e+000
  7.3824127e+000  5.8188780e+000
  6.6276651e+000  7.9545059e+000
  5.4433804e+000  3.4765457e+000
  8.1002854e+000  2.6561532e+000
  2.4479574e+000  5.3033603e+000
  7.4852621e+000  5.7840330e+000
  7.6486110e+000  5.6808681e+000
  4.9012958e+000  2.7499697e+000
  8.7105406e+000  2.1651287e+000
  5.5098748e+000  2.8835677e+000
  5.0363628e+000  7.6479603e+000
  3.1052007e+000  8.5540524e+000
  8.0125859e+000  5.6125737e+000
  6.4882782e+000  8.0905289e+000
  3.0624825e+000  8.0843276e+000
  5.3076185e+000  8.9541964e+000
  6.0831963e+000  7.9838613e+000
  6.4317495e+000  6.6006972e+000
  7.3588008e+000  2.6872691e+000
  8.5519596e+000  5.6564681e+000
  2.9531922e+000  2.5573474e+000
  8.2770538e+000  5.8819177e+000
  8.6179059e+000  6.4958758e+000
  8.8039524e+000  8.3075079e+000
  4.8423460e+000  3.2244388e+000
  1.4185793e+000  4.5038029e+000
  2.5200139e+000  4.1121430e+000
  1.7725167e+000  2.4700840e+000
  3.3283358e+000  1.1716475e+000
  1.7762338e+000  7.1303886e+000
  1.5787606e+000  7.1550358e+000
  8.0246529e+000  5.5794770e+000
  1.5538300e+000  7.6624950e+000
  1.2784095e+000  6.8020026e+000
  5.8681303e+000  2.2581439e+000
  3.8164416e+000  8.5444418e+000
  6.1898624e+000  7.2843637e+000
  7.8688574e+000  2.7569999e+000
  8.2565967e+000  2.2719600e+000
  8.3069300e+000  1.5025077e+000
  1.6698766e+000  8.6885957e+000
  7.6610482e+000  2.0811632e+000
  4.9298532e+000  1.6945451e+000
  1.4463055e+000  7.3455271e+000
  9.0204493e+000  7.8653791e+000
  1.8020300e+000  7.0335435e+000
  4.8432977e+000  3.2323353e+000
  3.3817382e+000  2.0092425e+000
  4.7286916e+000  3.0379101e+000
  7.1667831e+000  7.5776689e+000
  1.3929873e+000  7.6739053e+000
  7.7620793e+000  1.6295409e+000
  7.0183142e+000  6.1249550e+000
  6.5744772e+000  6.4984455e+000
  1.5105813e+000  1.1472538e+000
  3.6362219e+000  8.0370185e+000
  3.4481541e+000  2.2113527e+000
  2.5071073e+000  7.6396271e+000
  8.0907542e+000  1.6108265e+000
  8.8057073e+000  5.7991520e+000
  8.2506804e+000  8.1318675e+000
  1.3701840e+000  1.5300918e+000
  5.5068051e+000  5.9433397e+000
  1.0769529e+000  5.9086491e+000
  8.0338354e+000  5.6707828e+000
  5.6705057e+000  3.5494011e+000
  2.0489634e+000  4.2763817e+000
  6.6814526e+000  4.5755410e+000
  2.2630310e+000  7.3913593e+000
  3.6666698e+000  8.6108670e+000
  7.8581180e+000  6.0864520e+000
  1.4927800e+000  4.7399298e+000
  8.7167730e+000  7.7806094e+000
  6.5497719e+000  6.7812423e+000
  5.2244819e+000  3.5730255e+000
  7.4229027e+000  5.9531403e+000
  3.1628121e+000  8.1962465e+000
  1.5805879e+000  4.4185595e+000
  3.1326308e+000  9.2694254e-001
  1.6980892e+000  1.6103556e+000
  1.8490469e+000  3.9719205e+000
  5.5079455e+000  3.5327223e+000
  1.2471464e+000  4.3127904e+000
  6.5701066e+000  7.2229021e+000
  6.6201449e+000  7.7833037e+000
  2.0876153e+000  4.0325610e+000
  4.8581160e+000  7.7432601e+000
  8.2888830e+000  1.9115793e+000
  2.6176201e+000  2.1081044e+000
  1.4772364e+000  6.8329983e+000
  1.4813845e+000  4.7303792e+000
  8.5024879e+000  7.9496878e+000
  2.9351601e+000  2.1236340e+000
  5.9460783e+000  7.9652279e+000
  1.2566793e+000  4.1096549e+000
  5.4239295e+000  3.2741039e+000
  8.0191136e+000  1.6527819e+000
  8.3203987e+000  5.7138094e+000
  4.0679144e-001  7.0116044e+000
  7.9621723e+000  2.0133983e+000
  8.4588591e+000  6.0044551e+000
  8.4242393e-001  7.8743686e+000
  4.6126372e+000  2.8704462e+000
  6.5292998e+000  4.2515849e+000
  6.5978696e+000  6.9451783e+000
  1.5556334e+000  7.2233579e+000
  3.5257908e+000  1.5368493e+000
  1.4307673e+000  4.1356799e+000
  8.4617417e+000  5.5077613e+000
  8.5998642e+000  2.4483324e+000
  2.2799915e+000  4.0805444e+000
  1.8632392e+000  6.8642532e+000
  8.3841212e+000  5.8771331e+000
  2.3791173e+000  7.0252299e+000
  1.5888602e+000  7.8757987e+000
  8.2450748e+000  5.3693796e+000
  3.3787801e+000  1.9995017e+000
  8.9014787e+000  5.8147516e+000
  5.9512246e+000  6.9222280e+000
  8.7404264e+000  7.9053771e+000
  6.6007152e+000  6.2970714e+000
  2.3468632e+000  1.5293411e+000
  2.0316860e+000  7.5983183e+000
  7.8475467e+000  8.7640344e+000
  2.3949906e+000  4.6684237e+000
  5.4230692e+000  2.8637378e+000
  1.9497553e+000  1.8588948e+000
  5.0676376e+000  1.8067125e+000
  1.4004403e+000  1.8226856e+000
  1.3356218e+000  6.9856761e+000
  1.5509199e+000  1.3423457e+000
  7.7984574e+000  3.0840457e+000
  2.0089651e+000  7.3985385e+000
  8.3550841e+000  2.6258326e+000
  8.3326459e+000  2.8055730e+000
  6.2640920e+000  7.6508546e+000
  2.0050447e+000  7.6698341e+000
  3.5016832e+000  9.1625922e+000
  6.6963246e+000  6.3818831e+000
  4.0920285e+000  9.1934413e+000
  8.0193681e+000  3.0782163e+000
  1.8447563e+000  7.9090218e+000
  8.6443944e+000  1.5467857e+000
  6.7166669e+000  6.8580238e+000
  1.7986182e+000  2.6340158e+000
  8.3127655e+000  7.9384370e+000
  4.5406871e+000  3.2005944e+000
  1.8490918e+000  7.4044088e+000
  3.1461293e+000  8.3776086e+000
  5.4459779e+000  4.0689479e+000
  6.7861620e+000  7.5686598e+000
  7.3899506e+000  2.0157170e+000
  6.8394698e+000  2.0812709e+000
  1.5436412e+000  8.1589876e+000
  2.4604818e+000  1.6946478e+000
  8.2251469e+000  5.1856118e+000
  6.5173213e+000  6.6035611e+000
  1.0183595e+000  6.8580159e+000
  5.5509323e+000  4.0636875e+000
  8.2053038e+000  5.4297592e+000
  3.1752158e+000  8.6445823e+000
  2.4258824e+000  4.1102641e+000
  7.8752499e+000  1.8068795e+000
  6.3988814e+000  7.5454884e+000
  6.2758976e+000  6.3716112e+000
  6.1265834e+000  7.7827317e+000
  4.3440685e+000  8.3388433e+000
  6.6010497e+000  5.9450600e+000
  5.8723732e+000  3.3094793e+000
  7.9704494e+000  2.6719324e+000
  6.2512186e+000  4.3150757e+000
  7.0689256e+000  5.6503072e+000
  1.5048193e+000  7.8564268e+000
  6.5364506e+000  7.6846245e+000
  3.2689025e+000  9.6058290e+000
  2.2904196e+000  1.2896310e+000
  5.9247112e+000  3.2800596e+000
  8.6215766e+000  8.1190921e+000
  8.6182817e+000  5.6171704e+000
  3.8166252e+000  1.4368937e+000
  8.2908840e+000  5.7176406e+000
  7.6952677e+000  2.6777644e+000
  4.0886976e+000  8.1558468e+000
  2.5892271e+000  4.7806373e+000
  2.3377562e+000  7.7506713e+000
  1.4478920e+000  1.3675643e+000
  8.3294352e+000  5.7628560e+000
  3.5958637e+000  1.6255738e+000
  5.7417915e+000  3.2585570e+000
  8.6716520e+000  8.5980789e+000
  2.6036142e+000  4.4046499e+000
  7.7813960e+000  6.1127151e+000
  1.4376750e+000  2.7502551e+000
  7.7895706e+000  8.6159719e+000
  2.3508571e+000  7.5375336e+000
  1.8429860e+000  7.7322012e+000
  4.6225164e+000  3.1537827e+000
  2.2442951e+000  1.5864374e+000
  6.7556027e+000  8.0286110e+000
  3.8919229e+000  8.3874151e+000
  5.4579764e+000  3.3283772e+000
  1.6809721e+000  7.3629491e+000
  8.4206661e+000  8.3068706e+000
  2.3648776e+000  4.6524165e+000
  5.1322308e+000  3.9176633e+000
  3.2161128e+000  9.0521721e+000
  8.0550631e+000  1.9008668e+000
  8.5954459e+000  2.5739040e+000
  1.9876744e+000  6.9726777e+000
  5.0086006e+000  3.1218758e+000
  7.4924288e+000  5.9649667e+000
  8.2465862e-001  7.8607984e+000
  7.7248410e+000  2.1972122e+000
  7.6785705e+000  1.7460480e+000
  3.8157565e+000  1.6976665e+000
  6.6656240e+000  6.1022328e+000
  7.7436394e+000  6.4793641e+000
  8.3017668e+000  2.8905344e+000
  2.2668373e+000  7.3286780e+000
  8.2695860e+000  6.0255084e+000
  5.7325548e+000  3.7068450e+000
  1.4191626e+000  1.1588355e+000
  1.5676512e+000  3.7438428e+000
  5.9440898e+000  3.5685610e+000
  5.2933827e+000  3.1558337e+000
  5.3725219e+000  2.8762639e+000
  8.3626108e+000  8.0853155e+000
  8.3323326e+000  6.4395382e+000
  8.2148195e+000  8.0020457e+000
  6.4201078e+000  8.1855865e+000
  6.2493172e+000  6.0832381e+000
  8.4898016e+000  5.5727127e+000
  7.6774998e+000  5.8313936e+000
  8.1117627e+000  8.0367643e+000
  6.3096277e+000  8.1581230e+000
  5.0899484e+000  3.4866904e+000
  8.4115878e+000  5.6776853e+000
  1.6922010e+000  6.9392181e+000
  3.2654469e+000  8.1186375e+000
  3.2312014e+000  8.6004274e+000
  3.4675618e+000  1.0928098e+000
  8.5046848e+000  5.4597411e+000
  7.0269643e+000  4.5674104e+000
  1.4858608e+000  1.4470225e+000
  8.0085081e+000  7.9848399e+000
  1.3809168e+000  4.5019262e+000
  5.6474197e+000  8.7126294e+000
  4.9833785e+000  3.0720870e+000
  1.5703729e+000  8.4453026e+000
  8.3082099e+000  2.3461477e+000
  1.5280970e+000  4.7206277e+000
  3.4411028e+000  9.5497659e-001
  7.8655713e+000  5.6208137e+000
  9.9333783e-001  7.2453619e+000
  6.7538580e+000  8.3861531e+000
  7.3817222e+000  2.4121129e+000
  8.0159416e+000  5.9384431e+000
  8.1072522e+000  1.8325098e+000
  3.2954059e+000  1.5745586e+000
  7.2637986e+000  7.8469786e+000
  1.8578907e+000  6.4691602e+000
  7.4808085e+000  1.7918722e+000
  5.0887774e+000  3.2161670e+000
  7.8179143e+000  5.7660391e+000
  2.4198723e+000  7.3606764e+000
  6.6947170e+000  4.5090003e+000
  3.5018043e+000  8.5652986e+000
  2.0167378e+000  2.6180410e+000
  2.9385059e+000  2.4176169e+000
  1.4316544e+000  4.5983682e+000
  7.1801646e+000  5.9335206e+000
  2.6002115e+000  1.4479642e+000
  8.4551480e+000  8.1278454e+000
  1.6292164e+000  6.7584066e+000
  7.6330044e+000  5.9555647e+000
  6.8355443e+000  7.4069638e+000
  3.3044370e+000  8.2560200e+000
  8.0972490e+000  8.2901381e+000
  8.5632252e+000  1.9022784e+000
  6.7597383e+000  8.3663486e+000
  7.8365017e+000  1.8018975e+000
  1.5460236e+000  4.3238809e+000
  3.5587671e+000  7.8628624e+000
  7.5932756e+000  1.5730981e+000
  8.5724115e+000  4.3337205e+000
  3.4487178e+000  1.4203056e+000
  5.2493843e+000  2.8425092e+000
  8.2752116e+000  5.4899194e+000
  3.7648399e+000  8.3757228e+000
  7.8667721e+000  6.2538691e+000
  2.8438360e+000  2.1683376e+000
  5.8480338e+000  3.0602172e+000
  6.6820977e+000  6.6125016e+000
  3.1387552e+000  8.8140382e+000
  8.9113626e+000  3.7712431e+000
  3.5383993e+000  8.0641557e+000
  4.9061658e+000  3.3658414e+000
  3.6365184e+000  8.0991221e+000
  2.2291402e+000  1.4160601e+000
  1.4555645e+000  4.1014659e+000
  5.9705479e+000  8.2673692e+000
  6.8129746e+000  6.0848313e+000
  5.4290485e+000  2.8727114e+000
  1.6927317e+000  3.0152637e+000
  6.7360324e+000  7.9944578e+000
  3.1143688e+000  9.2571047e+000
  7.9553725e+000  2.4937608e+000
  5.3696553e+000  2.9777487e+000
  8.7746134e+000  5.5831179e+000
  2.3749020e+000  7.4853363e+000
  2.6047062e+000  2.0826582e+000
  4.4675786e+000  3.1668462e+000
  8.9020348e+000  1.7612824e+000
  5.8090344e+000  3.3811515e+000
  2.3366362e+000  2.0144576e+000
  2.2088893e+000  6.9512070e+000
  1.6128021e+000  4.1305465e+000
  7.3412944e+000  2.6133363e+000
  3.4043395e+000  8.3827512e+000
  7.6225199e+000  2.8505953e+000
  6.6292401e+000  2.4602833e+000
  1.2647498e+000  4.4840242e+000
  1.4919759e+000  4.3376230e+000
  4.8274068e+000  2.6793558e+000
  3.1558216e+000  1.8931436e+000
  8.6721285e+000  5.7591601e+000
  3.0722283e+000  1.2038884e+000
  4.7362215e+000  2.8552128e+000
  7.9494607e+000  5.9402157e+000
  3.8974437e+000  8.3389934e+000
  6.6652741e+000  8.0924022e+000
  5.7161494e+000  1.6889641e+000
  6.0519175e+000  5.8021867e+000
  3.2876512e+000  1.9244568e+000
  7.5469420e+000  8.2476117e+000
  7.5740207e+000  6.0359829e+000
  8.3343678e+000  5.9093746e+000
  1.3400186e+000  6.6418235e+000
  6.1527528e+000  2.1363302e+000
  1.4944382e+000  7.0123281e+000
  1.2501024e+000  7.2256462e+000
  6.4311977e+000  6.4641956e+000
  2.0500381e+000  6.6114235e+000
  3.3512966e+000  2.2935197e+000
  6.7308312e+000  8.1570804e+000
  5.4748375e+000  3.4351595e+000
  1.1908587e+000  4.4810679e+000
  2.1144629e+000  4.3756222e+000
  5.4797356e+000  3.7609953e+000
  7.7841196e+000  2.7541063e+000
  7.4042078e+000  2.7937818e+000
  8.2709299e+000  5.7109858e+000
  6.3532088e+000  7.0630259e+000
  8.0744072e+000  2.5018642e+000
  6.3341511e+000  6.4162076e+000
  5.2706274e+000  3.5229971e+000
  8.6230329e+000  5.8574656e+000
  3.4435664e+000  2.2371329e+000
  4.2741436e+000  5.8980880e+000
  1.4988672e+000  4.0949173e+000
  1.6280655e+000  4.4120440e+000
  5.1994117e+000  3.2680537e+000
  6.7654123e+000  1.1328942e+000
  1.6788641e+000  1.2911911e+000
  7.0792444e+000  8.1355594e+000
  7.4357012e+000  2.7542482e+000
  5.5269587e+000  3.0302137e+000
  7.7048265e+000  2.8928217e+000
  1.4655384e+000  2.0709871e+000
  5.7132236e+000  8.1940407e+000
  5.4636226e+000  4.9440420e+000
  8.1247907e+000  8.0681901e+000
  6.5245202e+000  6.6600473e+000
  1.5218654e+000  4.6317179e+000
  5.2934138e+000  3.2697315e+000
  5.4460089e+000  3.8345970e+000
  6.4547866e+000  7.5279195e+000
  8.5827400e+000  2.7293980e+000
  3.4900351e+000  4.6987466e+000
  5.4924895e+000  2.8194692e+000
  8.7340241e+000  5.7761110e+000
  5.9867720e+000  4.0671837e+000
  8.4463042e+000  4.2406324e+000
  5.1546616e+000  4.0589886e+000
  3.5495616e+000  2.9979073e+000
  2.2139527e+000  3.7990842e+000
  8.7107720e+000  5.9420083e+000
  9.5248280e-001  7.4437551e+000
  7.8028289e+000  2.1286978e+000
  7.2172615e+000  8.0700140e+000
  8.1148075e+000  5.7519422e+000
  5.0587894e+000  2.8071722e+000
  6.8760556e+000  6.3254551e+000
  1.7783399e+000  4.2438361e+000
  3.2847786e+000  9.4723191e+000
  8.2888714e+000  2.6654396e+000
  8.5856790e+000  7.6256862e+000
  8.5935061e+000  5.4552177e+000
  2.1650313e+000  1.4859738e+000
  1.2140096e+000  4.4023425e+000
  5.8693684e+000  3.2017946e+000
  6.6520034e+000  7.2342850e+000
  8.1879918e+000  6.4306692e+000
  5.9916436e+000  6.7465055e+000
  1.8535078e+000  2.3237993e+000
  1.9805739e+000  7.0518402e+000
  3.8604897e+000  8.3359555e+000
  1.5481595e+000  3.9614418e+000
  5.5118693e+000  3.5294485e+000
  1.4056651e+000  7.3719216e+000
  2.8256379e+000  8.1349305e+000
  1.3800123e+000  8.7110381e+000
  6.6700669e+000  1.6710847e+000
  8.7046627e+000  5.8618184e+000
  1.9898108e+000  6.8334516e+000
  8.7435506e+000  7.6074884e+000
  6.4176292e+000  2.1346481e+000
  1.2805320e+000  6.9601917e+000
  1.8156952e+000  8.1107795e+000
  6.1991811e+000  5.9560240e+000
  3.2665587e+000  9.4823744e+000
  1.7954899e+000  1.4254584e+000
  6.5878206e+000  4.3684260e+000
  7.5720502e+000  5.7557941e+000
  8.7879406e+000  8.3541418e+000
  3.2313908e+000  9.2764275e+000
  2.4083102e+000  2.3800731e+000
  1.6861556e+000  7.0204826e+000
  4.3100792e-001  7.0808121e+000
  3.6788448e+000  2.4476996e+000
  6.4456673e+000  4.1956315e+000
  2.6189694e+000  4.2292313e+000
  5.3996354e+000  3.6117583e+000
  6.9492461e+000  4.9629941e+000
  6.6043015e+000  6.8005913e+000
  5.4772113e+000  3.5476407e+000
  2.1086927e+000  1.4183498e+000
  4.4893625e+000  3.1579045e+000
  1.5791253e+000  7.1789443e+000
  7.9978781e+000  2.4512751e+000
  1.5639327e+000  6.7262326e+000
  2.4428308e+000  6.6535527e+000
  8.5129082e+000  8.2666070e+000
  1.4891585e+000  4.4838268e+000
  3.6357290e+000  8.1720076e+000
  4.9982196e+000  3.9771066e+000
  1.9433353e+000  6.5152659e+000
  1.1755771e+000  7.5812024e+000
  2.0302633e+000  7.6748372e+000
  6.7065266e+000  2.4035954e+000
  3.0267701e+000  2.2966835e+000
  5.3858856e+000  3.1425566e+000
  5.4918238e+000  2.9156802e+000
  2.4466809e+000  2.1436519e+000
  1.8338930e+000  8.7494429e+000
  1.7417295e+000  4.4502139e+000
  2.0546358e+000  4.7819387e+000
  5.5341714e+000  3.5610729e+000
  1.9321156e+000  2.6088527e+000
  1.6766708e+000  7.0838303e+000
  4.2408478e+000  6.3468330e+000
  4.7571090e+000  6.2623041e+000
  7.1699485e+000  4.9715312e+000
  5.2630846e+000  3.4985448e+000
  8.5649253e+000  5.7347203e+000
  7.9381366e+000  2.1841577e+000
  1.5970414e+000  4.0969904e+000
  6.4850627e+000  8.3076553e+000
  6.5225481e+000  1.6811019e+000
  5.4990800e+000  3.2987448e+000
  1.4839262e+000  7.0721329e+000
  3.2217916e+000  8.4471094e+000
  4.4356286e+000  8.5403024e+000
  6.8645417e+000  6.1557305e+000
  8.4187504e+000  2.9377201e+000
  1.8961483e+000  2.0181794e+000
  5.5559919e+000  4.2723059e+000
  5.0194124e+000  3.8578164e+000
  5.1933998e+000  2.8097174e+000
  6.6460559e+000  6.2494487e+000
  7.1033439e+000  7.8979145e+000
  1.8031224e+000  2.4413401e+000
  6.1779138e+000  7.9047399e+000
  3.8485671e+000  8.2750792e+000
  2.1526311e+000  8.3451134e+000
  7.7870247e+000  6.2309996e+000
  6.2683683e+000  7.7151170e+000
  5.1052155e+000  5.2761810e+000
  1.2501541e+000  7.7744456e+000
  7.5211963e+000  1.9000870e+000
  7.8772278e+000  6.0718974e+000
  6.4412534e+000  8.0689055e+000
  1.7554037e+000  4.3470342e+000
  2.5182602e+000  2.3357286e+000
  3.4353292e+000  9.3155831e+000
  4.5729125e+000  3.0178801e+000
  1.3217404e+000  8.3074034e+000
  4.8552443e+000  3.3822666e+000
  3.9226038e+000  7.9967442e+000
  8.3116515e+000  8.4806254e+000
  8.2930217e+000  2.7072281e+000
  5.9629918e+000  2.0837575e+000
  7.4492307e+000  1.6293317e+000
  8.2788236e+000  7.4991002e+000
  1.9867039e+000  4.9764076e+000
  4.9833482e+000  3.7580523e+000
  6.1769413e+000  7.5435687e+000
  6.7089835e+000  7.8431587e+000
  5.3067231e+000  2.8728973e+000
  8.1238921e+000  7.8650571e+000
  7.1619955e+000  1.4143101e+000
  8.7388958e+000  6.1832524e+000
  7.2490822e+000  1.7144164e+000
  6.4072638e+000  5.0854154e+000
  6.9680549e+000  7.8902307e+000
  5.5382593e+000  5.2732925e+000
  1.6983680e+000  2.3013446e+000
  6.1759902e+000  3.0956718e+000
  8.2675282e+000  2.8370204e+000
  1.9198208e+000  7.1341258e+000
  5.9005101e+000  2.3876817e+000
  8.1777265e+000  5.6753954e+000
  3.2564037e+000  8.7501769e+000
  4.2338079e+000  6.4502680e+000
  1.6131689e+000  6.8810297e+000
  6.5306888e+000  4.7264662e+000
  2.6804256e+000  1.8171574e+000
  7.6450436e+000  2.7182528e+000
  1.1351821e+000  7.4911701e+000
  3.0653846e+000  8.5001403e+000
  4.7767654e+000  3.0766192e+000
  3.3011654e+000  8.6078791e+000
  6.6409336e+000  8.0196794e+000
  3.2171047e+000  4.2165908e+000
  3.1639364e+000  7.6166865e+000
  3.1359986e+000  6.5850291e+000
  3.0255048e+000  1.5245236e+000
  8.2589876e+000  5.6199049e+000
  4.4032575e+000  8.0752986e+000
  5.6375022e+000  2.9912794e+000
  1.4153077e+000  5.7136041e+000
  4.9037777e+000  9.1292956e+000
  5.0240243e+000  3.0050004e+000
  5.2223349e+000  5.2546766e+000
  2.0590627e+000  3.8684690e+000
  1.4335273e+000  4.7760795e+000
  3.2456478e+000  8.7602968e+000
  3.6964776e+000  8.9029003e+000
  8.6844567e+000  2.1201748e+000
  5.3389923e+000  3.7087560e+000
  4.9070470e+000  7.2980158e+000
  8.8623605e+000  7.7441609e+000
  7.0281777e+000  7.9226008e+000
  8.6009544e+000  2.5184758e+000
  7.8094586e+000  5.7182916e+000
  2.0351579e+000  4.1248099e+000
  7.6889971e+000  1.9878717e+000
  2.4425252e+000  8.8244900e+000
  5.6624623e+000  6.8660537e+000
  6.4081834e+000  7.9239184e+000
  5.7238867e+000  5.9015631e+000
  1.6780983e+000  8.2021444e+000
  2.1540029e+000  1.4436614e+000
  2.6766172e+000  2.4807355e+000
  6.2617372e+000  4.2400795e+000
  8.1834203e+000  1.7043925e+000
  2.0999171e+000  1.8848005e+000
  3.3786381e+000  9.3170841e-001
  7.0645209e+000  5.0362031e+000
  5.5257342e+000  2.9472615e+000
  7.2074887e+000  6.0495652e+000
  4.9816538e-001  7.1684304e+000
  6.2779939e+000  7.4012286e+000
  3.0078991e+000  2.5093760e+000
  3.0973894e+000  7.8063348e+000
  6.8369038e+000  6.3653248e+000
  3.9575874e+000  8.3420323e+000
  7.3036840e+000  7.9826085e+000
  2.5637634e+000  4.2732777e+000
  8.4465812e+000  8.2168035e+000
  5.6855365e+000  2.7649318e+000
  2.0243506e+000  7.5653110e+000
  1.3847137e+000  7.5331865e+000
  1.6866324e+000  1.7899928e+000
  5.4083646e+000  4.9644494e+000
  7.9338479e+000  1.5349319e+000
  2.0997311e+000  7.5805023e+000
  6.8357283e+000  1.3493452e+000
  1.6378143e+000  1.9135108e+000
  7.9497510e+000  1.9557803e+000
  8.6397526e+000  7.3849519e+000
  4.6203982e+000  3.3605998e+000
  6.1400814e+000  6.7444496e+000
  5.1612804e+000  2.9214194e+000
  7.9528292e+000  2.4863304e+000
  6.1420744e+000  7.4560658e+000
  1.5648962e+000  7.0171706e+000
  2.1972972e+000  4.3145000e+000
  3.4306157e+000  1.2877598e+000
  7.8138805e+000  2.1654259e+000
  3.5566068e+000  8.9610360e+000
  3.6463060e+000  2.1329489e+000
  7.1310014e+000  5.8845247e+000
  6.6212328e+000  6.2215641e+000
  5.1786110e+000  3.7211654e+000
  8.1528618e+000  5.8135890e+000
  5.4305250e+000  5.5336063e+000
  1.2648348e+000  4.4577838e+000
  1.7622576e+000  2.0018548e+000
  8.0652199e+000  7.9523212e+000
  8.3770049e+000  2.8094192e+000
  8.3938913e+000  2.6974492e+000
  7.5247546e+000  5.7934535e+000
  8.1913634e+000  6.0377123e+000
  5.2153212e+000  2.8436588e+000
  2.6454740e+000  1.8541165e+000
  7.9239993e+000  8.7519471e+000
  3.7766199e+000  1.9900920e+000
  5.9984832e+000  8.2013608e+000
  1.4635231e+000  4.2779166e+000
  5.0334852e+000  3.0280244e+000
  6.9676493e+000  7.5877837e+000
  8.6838311e+000  5.7627471e+000
  5.5784281e+000  2.9604950e+000
  5.6027202e+000  3.0629160e+000
  1.8532261e+000  1.5662554e+000
  1.3963515e+000  4.5454041e+000
  6.6271155e+000  2.4992253e+000
  1.5249221e+000  4.2130642e+000
  6.6227215e+000  6.3100274e+000
  1.2607754e+000  4.3664726e+000
  3.6850895e+000  2.4796965e+000
  4.7361743e+000  3.4550491e+000
  6.3982602e+000  8.1094628e+000
  3.7629487e+000  2.4626486e+000
  1.8725488e+000  7.1988488e+000
  7.2816644e+000  5.9165260e+000
  3.3715963e+000  9.6348201e+000
  2.7175512e+000  6.9177938e+000
  8.4358372e+000  2.6313392e+000
  1.9254536e+000  6.5045102e+000
  6.4281638e+000  7.9995270e+000
  6.3549506e+000  7.5453959e+000
  1.9335587e+000  4.1171537e+000
  6.0527799e+000  3.3523599e+000
  8.6039834e+000  5.8878815e+000
  1.7495853e+000  7.0763048e+000
  6.4856919e+000  6.8129725e+000
  1.4670453e+000  7.6050198e+000
  1.3781407e+000  7.7854086e+000
  8.0779895e+000  8.6161472e+000
  6.3899094e+000  6.6667772e+000
  8.6302402e+000  1.9651414e+000
  8.6516342e+000  5.7300116e+000
  2.4470909e+000  4.5886387e+000
  6.6430950e+000  6.6970690e+000
  4.0915490e+000  6.0974270e+000
  6.8206202e+000  7.9425098e+000
  3.9040871e+000  4.1999488e+000
  7.4707953e+000  1.9672699e+000
  4.7403388e+000  2.8414513e+000
  2.2284038e+000  4.2458532e+000
  8.7250083e+000  1.8517854e+000
  3.0157035e+000  8.4853806e+000
  1.7637332e+000  6.9644721e+000
  5.8679629e+000  3.0166084e+000
  2.4096145e+000  7.1531176e+000
  8.9876457e-001  7.4191251e+000
  6.5799345e+000  2.1757792e+000
  2.2923350e+000  6.7438963e+000
  7.5050941e+000  2.4969047e+000
  8.0524528e+000  5.6730388e+000
  2.0913098e+000  1.5210778e+000
  3.2413271e+000  8.2277417e+000
  7.4514215e+000  5.8593423e+000
  2.0598413e+000  1.8372863e+000
  5.9532264e+000  5.3198733e+000
  3.2238687e+000  8.2545286e+000
  5.7545752e+000  2.1121254e+000
  7.7641399e+000  5.4776279e+000
  1.5187748e+000  2.4094795e+000
  6.8692380e+000  8.2421704e+000
  8.7622520e+000  1.7818511e+000
  4.0393921e+000  8.1143158e+000
  1.5678272e+000  7.8972396e+000
  7.0353245e+000  6.2793552e+000
  2.2685444e+000  7.4504716e+000
  2.2241538e+000  4.3339682e+000
  5.3665394e+000  2.1723469e+000
  7.6166504e+000  4.0060786e+000
  5.2912446e+000  3.5043148e+000
  7.3756416e+000  5.5282720e+000
  7.0267223e+000  5.7559175e+000
  7.8850385e+000  1.9487958e+000
  8.7393180e+000  7.9303748e+000
  1.7250311e+000  8.1815645e+000
  8.0314056e+000  2.6488206e+000
  2.0151684e+000  3.9234817e+000
  2.7224894e+000  2.1264008e+000
  5.5766158e+000  3.4988456e+000
  7.9718443e+000  8.5062125e+000
  3.1836232e+000  8.7044928e+000
  7.4008554e+000  7.7771044e+000
  5.6069267e+000  2.7419554e+000
  6.5202708e+000  7.6653653e+000
  9.3237609e-001  6.8164993e+000
  7.8271710e+000  2.4865237e+000
  3.6955994e+000  1.9775196e+000
  6.7879653e+000  6.2144528e+000
  1.5981525e+000  7.2943953e+000
  2.1671712e+000  2.3238984e+000
  5.4199572e+000  8.3949440e+000
  8.8098165e+000  1.5786713e+000
  2.9175121e+000  4.7227369e+000
  3.3831892e+000  1.9937633e+000
  8.8947508e+000  8.3167985e+000
  8.5324830e+000  1.6941971e+000
  2.2979343e+000  4.8875033e+000
  2.5292405e+000  3.8677873e+000
  3.1435945e+000  4.8215490e+000
  4.9674688e+000  7.5331922e+000
  2.0872032e+000  4.4701353e+000
  5.1335170e+000  3.4725677e+000
  6.7713851e+000  6.5481258e+000
  6.5602811e+000  7.3875278e+000
  2.5794134e+000  4.3792305e+000
  2.0515976e+000  4.2309225e+000
  6.9317177e+000  6.2729349e+000
  3.0035983e+000  1.7674024e+000
  7.8730624e+000  2.0976383e+000
  8.0534067e+000  2.5444405e+000
  8.3116529e+000  7.0759749e+000
  2.4316326e+000  4.4067123e+000
  1.7623531e+000  4.3912706e+000
  8.3560690e+000  2.4376833e+000
  6.3397759e+000  6.2298775e+000
  3.6873134e+000  7.9724433e+000
  3.4930274e+000  1.1147555e+000
  8.4859681e+000  7.9965539e+000
  7.5349603e+000  6.5601005e+000
  8.8834753e+000  1.6655430e+000
  2.6465822e+000  8.9987141e+000
  3.3236151e+000  2.2199419e+000
  3.5832639e+000  8.2460198e+000
  6.8081213e+000  8.1931853e+000
  5.0218281e+000  3.0876261e+000
  6.6451158e+000  8.2726180e+000
  2.4416925e+000  3.9167391e+000
  7.5874877e+000  5.6587562e+000
  3.4467742e+000  8.9033054e+000
  2.1607261e+000  2.2760929e+000
  5.5096495e+000  5.3067543e+000
  8.0128636e+000  5.7387761e+000
  1.6328940e+000  4.4013983e+000
  8.4403342e+000  7.8856282e+000
  7.7728293e+000  2.0007142e+000
  6.7760303e+000  7.4475265e+000
  3.0161666e+000  2.1243059e+000
  6.5525709e+000  6.7169450e+000
  5.3929811e+000  2.9500313e+000
  8.9433011e+000  1.4743779e+000
  2.7571731e+000  2.3405261e+000
  7.1358965e+000  5.5258149e+000
  6.3150949e+000  7.3622742e+000
  5.7033272e+000  5.6058018e+000
  3.7738655e+000  8.4536971e+000
  3.6269772e+000  8.6054085e+000
  7.0535119e+000  5.1228135e+000
  8.0332415e+000  1.4731823e+000
  3.2792034e+000  8.9828686e+000
  1.9689810e+000  2.5074225e+000
  6.4900000e+000  7.5484846e+000
  5.4652173e+000  4.1535379e+000
  6.9720107e+000  8.2310397e+000
  5.3218530e+000  8.1912257e+000
  1.7746706e+000  7.8146896e+000
  7.9445668e+000  8.2994676e+000
  1.8155556e+000  7.5155020e+000
  5.7915982e+000  3.2228803e+000
  2.2425282e+000  6.6540292e+000
  1.6883605e+000  4.3707696e+000
  7.3253840e+000  2.2330673e+000
  4.0965470e+000  6.1973621e+000
  8.1174724e+000  1.8654234e+000
  3.6274402e+000  2.3470108e+000
  6.4080656e+000  7.7572771e+000
  8.4624075e+000  4.0216589e+000
  6.7652701e+000  6.3979781e+000
  2.2193576e+000  4.3843021e+000
  3.2546728e+000  8.7434332e+000
  4.6430316e+000  3.4493545e+000
  2.3242032e+000  6.5133532e+000
  1.9268262e+000  6.6396396e+000
  3.3575286e+000  1.8816267e+000
  5.6500507e+000  1.9588288e+000
  7.7023388e+000  1.7119845e+000
  3.3249237e+000  8.6385370e+000
  6.7214148e+000  1.6259886e+000
  2.2162198e+000  7.3725619e+000
  3.8993941e+000  9.3688873e+000
  1.2986015e+000  8.1709116e+000
  6.9666847e+000  6.2952458e+000
  8.1913177e+000  6.8180272e+000
  6.1771498e+000  6.4897028e+000
  6.5785969e+000  4.7060832e+000
  8.1083644e+000  5.7373656e+000
  8.1380861e+000  2.3108761e+000
  5.7673657e+000  3.5099634e+000
  7.9608876e+000  8.4012317e+000
  2.5017523e+000  2.4424942e+000
  1.2954629e+000  7.7445432e+000
  1.5614879e+000  4.4082689e+000
  7.0385048e+000  2.3990664e+000
  2.1487067e+000  7.0723033e+000
  7.1014106e+000  5.8355287e+000
  2.9292173e+000  7.1450077e+000
  1.9342509e+000  2.5202159e+000
  7.1237222e+000  7.7057759e+000
  8.7360931e+000  1.9450254e+000
  5.8674121e+000  1.8369568e+000
  5.7558599e+000  3.2049660e+000
  2.5883144e+000  3.9546600e+000
  6.6157077e+000  6.3101331e+000
  8.3570183e+000  8.0187120e+000
  6.4679148e+000  6.2521858e+000
  7.4761344e+000  8.4373184e+000
  8.6301912e+000  5.9793989e+000
  1.8549438e+000  1.6835842e+000
  7.1192606e+000  6.3334449e+000
  2.3381814e+000  4.5363151e+000
  6.5810347e+000  7.3865621e+000
  2.5058074e+000  4.0953805e+000
  4.4856369e+000  7.9654797e+000
  5.3679898e+000  4.8324881e+000
  2.6477157e+000  2.3852976e+000
  3.6139155e+000  8.7988223e+000
  1.3974559e+000  4.6980620e+000
  3.7235407e+000  8.3332936e+000
  2.3602935e+000  4.0759254e+000
  1.8237262e+000  3.9876983e+000
  7.5877478e+000  1.7770096e+000
  7.7285061e+000  1.7728883e+000
  8.6439988e+000  7.9795880e+000
  8.6472646e+000  5.7602758e+000
  3.3665577e+000  2.0357487e+000
  3.8810401e+000  8.6491530e+000
  8.4018223e+000  1.6070113e+000
  5.4314116e+000  2.8234759e+000
  4.8414971e+000  3.9211741e+000
  8.2978951e+000  2.5325838e+000
  1.7879636e+000  6.4444472e+000
  5.2611669e+000  2.8049484e+000
  7.4392109e+000  1.6868953e+000
  3.5706929e+000  9.0995436e+000
  8.6458690e+000  8.1175285e+000
  7.6309039e+000  5.8638453e+000
  7.0683422e+000  1.6632896e+000
  2.6544040e+000  1.2656866e+000
  5.6544183e+000  3.0870823e+000
  3.4163660e+000  1.3738672e+000
  9.4484026e-001  6.4493556e+000
  2.5166272e+000  7.7820079e+000
  7.0424960e+000  7.9580884e+000
  5.0553778e-001  7.1060677e+000
  7.9873084e+000  1.5066624e+000
  8.4044078e+000  6.8051835e+000
  5.0285840e+000  3.3683970e+000
  8.8852034e+000  5.8172353e+000
  4.3772436e+000  6.2244066e+000
  1.9663917e+000  2.1495720e+000
  2.2740832e+000  4.5771305e+000
  4.4920402e+000  3.2955020e+000
  1.7209609e+000  4.3013808e+000
  4.8242642e+000  2.8222151e+000
  1.4408812e+000  4.2734713e+000
  3.6200896e+000  7.7957069e+000
  6.9277370e+000  7.5948704e+000
  2.5139328e+000  4.8058987e+000
  2.9994749e+000  1.9227041e+000
  1.6482658e+000  2.6347040e+000
  8.0019907e+000  2.6425757e+000
  2.0205499e+000  7.6747225e+000
  8.6941077e+000  2.0547813e+000
  2.2800554e+000  4.3584859e+000
  5.8321768e+000  3.4449556e+000
  8.4305562e+000  7.6978889e+000
  8.3482190e+000  2.9824733e+000
  8.3486591e+000  2.8022967e+000
  7.2044892e+000  1.7866287e+000
  3.3947758e+000  9.1138057e+000
  8.4909844e+000  1.5152397e+000
  6.9136768e+000  6.5464419e+000
  2.5699701e+000  1.7079615e+000
  3.8335622e+000  8.3624784e+000
  5.6731052e+000  1.7794794e+000
  5.8804327e+000  8.0306419e+000
  1.9121292e+000  2.4408875e+000
  6.5621012e+000  8.0109947e+000
  2.0848307e+000  4.3552718e+000
  2.4860226e+000  4.0990997e+000
  8.4154497e+000  8.5825480e+000
  6.3985083e+000  1.9665138e+000
  3.1591604e+000  8.6004289e-001
  1.4614418e+000  7.3122595e+000
  8.3478239e-001  7.2766075e+000
  8.8489496e+000  1.5512007e+000
  5.2357418e+000  3.2537380e+000
  8.7372636e+000  3.4928553e+000
  6.7162203e+000  8.0499005e+000
  1.5465055e+000  2.6285403e+000
  8.1163997e+000  5.7086867e+000
  6.3078488e+000  7.4015977e+000
  4.9294815e+000  3.7289232e+000
  7.8394899e+000  5.4486065e+000
  6.7879145e+000  6.4177604e+000
  1.1477289e+000  7.6126672e+000
  8.3773344e+000  7.7194517e+000
  7.8674812e+000  8.2808413e+000
  3.7481292e+000  8.8552164e+000
  5.2730726e+000  3.9880935e+000
  2.2384753e+000  4.0471494e+000
  2.5526015e+000  3.9160130e+000
  6.8036463e+000  8.2029069e+000
  5.1443803e+000  4.6786583e+000
  5.5892674e+000  2.5406233e+000
  2.5259382e+000  7.5234838e+000
  6.2665198e+000  8.2063224e+000
  2.6237377e+000  2.4626800e+000
  5.3751634e+000  1.5955250e+000
  7.7568811e+000  1.6627084e+000
  4.5836345e+000  3.0829245e+000
  8.3527399e+000  2.6347690e+000
  7.7238967e+000  6.1014955e+000
  8.8903035e+000  5.7904185e+000
  7.1023197e+000  6.1049088e+000
  3.2162696e+000  1.7393197e+000
  1.8440724e+000  4.2392483e+000
  3.1890904e+000  1.1467434e+000
  1.6551804e+000  7.0383471e+000
  6.7215490e+000  4.2224605e+000
  3.7975195e+000  8.7149874e+000
  5.4430768e+000  3.5886689e+000
  1.7319257e+000  7.7885447e+000
  7.8365662e+000  1.8133715e+000
  8.6512618e+000  1.6594436e+000
  2.6888637e+000  9.3861863e+000
  1.5956702e+000  1.5639089e+000
  8.4063028e+000  8.6666243e+000
  2.8045475e+000  1.3916849e+000
  5.5322566e+000  3.1852369e+000
  7.5605722e+000  1.5064240e+000
  1.8128786e+000  4.4158680e+000
  7.9865691e+000  8.6821965e+000
  8.4405698e+000  2.1667474e+000
  3.2263404e+000  9.1049489e-001
  5.7137666e+000  3.3369684e+000
  4.5790076e+000  3.1364514e+000
  3.4367299e+000  8.3283845e+000
  8.0827853e+000  6.0591940e+000
  5.8149366e+000  2.8985220e+000
  8.6457098e-001  6.7630547e+000
  3.2781352e+000  7.8227738e+000
  7.4504273e+000  2.5002071e+000
  3.4822012e+000  8.6712901e+000
  8.3005445e+000  5.2806761e+000
  7.5337212e+000  5.5413337e+000
  2.6331919e+000  1.7351874e+000
  1.8364040e+000  7.2095730e+000
  6.6930186e+000  8.2954097e+000
  9.0652346e+000  5.4220166e+000
  1.4159761e+000  4.4026936e+000
  2.1287416e+000  1.6014525e+000
  1.5786507e+000  5.5050765e+000
  4.8503245e+000  3.1784779e+000
  5.1779416e+000  3.2555479e+000
  5.5105163e+000  7.7973052e+000
  6.8774257e+000  5.2828556e+000
  4.0604116e+000  8.0775808e+000
  6.8099670e+000  6.3439048e+000
  9.0445534e+000  4.4766479e+000
  8.2499400e+000  8.4783779e+000
  7.7536494e+000  2.7650014e+000
  6.5347506e+000  5.0907558e+000
  8.3450360e+000  5.9921703e+000
  3.1806861e+000  8.5364555e+000
  3.8104262e+000  7.9945853e+000
  8.0618834e+000  1.8586797e+000
  6.6881362e+000  6.3414061e+000
  6.7328938e+000  6.3176773e+000
  6.6744148e+000  8.1305733e+000
  8.8699364e+000  5.8614714e+000
  3.4269932e+000  2.0894419e+000
  6.7519724e+000  4.8772892e+000
  8.2801775e+000  5.3787635e+000
  7.4442949e+000  5.7809886e+000
  6.6473153e+000  1.8707522e+000
  1.5677334e+000  2.0954101e+000
  1.5103181e+000  1.9945127e+000
  6.7063171e+000  7.5080812e+000
  5.3058996e+000  3.2968782e+000
  7.0943778e+000  6.3289827e+000
  7.9527439e+000  8.5377508e+000
  8.9775288e+000  1.3759667e+000
  8.4562738e+000  5.9091700e+000
  5.4112530e+000  2.7912980e+000
  7.0654652e+000  2.3475955e+000
  5.4192479e+000  3.7111697e+000
  5.0756435e+000  3.1555033e+000
  6.3399835e+000  7.0569652e+000
  6.8566124e+000  1.7984422e+000
  1.2719917e+000  7.4628987e+000
  3.7741251e+000  7.8511148e+000
  5.5456593e+000  3.7775046e+000
  8.3769992e+000  1.7372853e+000
  8.3469668e+000  5.7051422e+000
  4.9226395e+000  3.3320386e+000
  3.3709084e+000  9.5039263e+000
  8.0915388e+000  7.5073167e+000
  2.1875386e+000  2.3604628e+000
  8.0106989e+000  1.6275908e+000
  7.7213045e+000  1.8023666e+000
  1.7398385e+000  7.6063975e+000
  3.8579106e+000  4.0293536e+000
  6.6150979e+000  6.7223687e+000
  6.1312669e+000  2.1652873e+000
  8.6204760e+000  2.3027878e+000
  6.2836439e+000  1.9236724e+000
  5.4928776e+000  3.0954391e+000
  8.1889669e+000  2.2693309e+000
  7.5240859e+000  5.4846600e+000
  2.5554399e+000  2.6499918e+000
  6.9542173e+000  6.0856236e+000
  8.7481445e+000  8.2035127e+000
  5.1614838e+000  2.7934138e+000
  3.5136725e+000  2.4295824e+000
  3.5510253e+000  8.4100460e+000
  1.9474472e+000  8.0080642e+000
  2.8415500e+000  1.4788043e+000
  1.7210028e+000  6.6645421e+000
  2.0754337e+000  1.5182549e+000
  1.6932317e+000  6.5671707e+000
  2.2818134e+000  4.5437614e+000
  8.8264372e+000  5.0681732e+000
  3.8175389e+000  7.8480535e+000
  8.4924430e+000  1.7528310e+000
  6.3300576e+000  6.4536734e+000
  1.3738130e+000  6.2515265e+000
  1.3479527e+000  1.7976986e+000
  1.9309248e+000  1.1902063e+000
  3.6016716e+000  2.2798236e+000
  6.8527245e+000  6.6896968e+000
  6.8167889e+000  6.0607164e+000
  2.7232999e+000  6.7819203e+000
  6.4607424e+000  7.4953263e+000
  6.3333524e+000  7.2618638e+000
  3.3611832e+000  9.8647014e-001
  1.8488861e+000  4.4657056e+000
  7.5610533e+000  1.7420535e+000
  5.9140708e+000  2.8900908e+000
  7.7658555e+000  5.9331150e+000
  2.4478328e+000  3.8257900e+000
  5.3353326e+000  3.0006461e+000
  3.1731335e+000  2.0608866e+000
  8.8892547e+000  1.3778238e+000
  5.2397060e+000  4.2319944e+000
  8.6573175e+000  6.2081430e+000
  1.3879482e+000  4.0598864e+000
  2.2494029e+000  4.2732084e+000
  8.4839793e+000  2.2182140e+000
  6.3814059e+000  6.3593674e+000
  3.1697555e+000  3.5864949e+000
  5.6071137e+000  3.3446439e+000
  2.3100573e+000  4.4958868e+000
  6.4966671e+000  6.1496333e+000
  3.2404843e+000  2.5155068e+000
  7.0773016e+000  5.8325847e+000
  1.5688767e+000  7.5313999e+000
  4.5868354e+000  3.3922218e+000
  6.6088911e+000  6.4861888e+000
  4.8101061e+000  4.6626419e+000
  8.6013228e+000  6.2045432e+000
  4.0304240e+000  2.7653601e+000
  6.9214126e+000  5.6596353e+000
  7.5776858e+000  5.6073994e+000
  2.3153188e+000  1.3256220e+000
  3.2979815e+000  8.0124405e+000
  6.4631869e+000  6.7058109e+000
  5.2170781e+000  4.5722937e+000
  1.2412381e+000  6.6355938e+000
  8.7079757e+000  7.5116531e+000
  7.8798045e+000  2.9503400e+000
  7.5208849e+000  5.8128087e+000
  1.7484398e+000  7.0016170e+000
  5.8071395e+000  3.3338265e+000
  3.3709645e+000  8.5967541e+000
  7.4017158e+000  2.4964767e+000
  3.7267906e+000  7.7564183e+000
  8.6751337e+000  2.7813391e+000
  7.1461322e+000  7.8127212e+000
  6.7845070e+000  7.6014768e+000
  5.3063166e+000  3.5857297e+000
  3.1873649e+000  2.0607639e+000
  8.4764091e+000  8.1761575e+000
  7.0081494e+000  2.5508362e+000
  7.1310235e+000  1.8001031e+000
  3.5721572e+000  2.6868649e+000
  6.2065669e+000  8.1883325e+000
  5.8654105e+000  7.8610139e+000
  5.3494577e+000  3.2723974e+000
  1.6722061e+000  2.6475160e+000
  7.8006960e+000  8.5382517e+000
  2.5367413e+000  3.8979283e+000
  1.3474323e+000  4.5657305e+000
  8.7021968e+000  1.8380217e+000
  7.3342338e+000  5.7192066e+000
  8.1670109e+000  5.8654870e+000
  6.7646021e+000  5.3295962e+000
  1.3289888e+000  8.4054426e+000
  5.3783134e+000  6.5067983e+000
  3.8165849e+000  8.7838283e+000
  7.0722024e+000  4.8046007e+000
  7.8296049e+000  5.8273193e+000
  7.8236026e+000  5.9423187e+000
  6.3379714e+000  7.9128143e+000
  4.7863992e+000  2.7975998e+000
  6.5310181e+000  6.0830420e+000
  5.4670146e+000  3.3488454e+000
  7.9545578e+000  5.8979993e+000
  1.6802250e+000  6.5603785e+000
  1.5374439e+000  2.4958463e+000
  6.6013800e-001  7.0270285e+000
  4.8641896e+000  4.7234058e+000
  6.7192909e+000  7.6286878e+000
  6.3507346e+000  7.1565295e+000
  1.9667026e+000  7.0792169e+000
  5.4696621e+000  2.9287944e+000
  1.0754227e+000  8.1281732e+000
  8.5735313e+000  6.2924487e+000
  5.8281311e+000  1.9158878e+000
  1.6009517e+000  2.4754382e+000
  6.6043319e+000  6.0819524e+000
  1.9121628e+000  4.1287252e+000
  1.9280956e+000  6.7208033e+000
  6.3515450e+000  6.2418792e+000
  3.5291400e+000  4.3982071e+000
  8.2449064e+000  5.7225380e+000
  1.6328930e+000  7.3987275e+000
  8.1750335e+000  5.7713117e+000
  6.7197400e+000  4.7672576e+000
  3.2856516e+000  8.4492071e+000
  2.2504644e+000  4.4216587e+000
  6.2081779e+000  7.2434990e+000
  3.0724847e+000  8.1934955e+000
  6.1618347e+000  1.5670947e+000
  2.4504423e+000  4.2475738e+000
  5.3227047e+000  3.0670490e+000
  8.7531029e+000  7.6180517e+000
  1.8977814e+000  7.0883497e+000
  8.7909205e+000  8.4175567e+000
  3.5781605e+000  8.6009466e+000
  5.6263401e+000  3.5640341e+000
  4.7310438e+000  8.4428562e+000
  7.0198156e+000  8.0236685e+000
  7.7853343e+000  1.5174399e+000
  6.7803906e+000  6.2415622e+000
  1.5602036e+000  7.9506959e+000
  6.8289106e+000  7.8022534e+000
  7.5267765e+000  5.6681699e+000
  6.6481694e+000  7.9594206e+000
  6.9542825e+000  6.1113548e+000
  4.7012618e+000  2.6762451e+000
  6.4299129e+000  7.9983786e+000
  7.7014927e+000  2.1501624e+000
  6.8027274e+000  5.3648787e+000
  6.7900493e+000  8.0088928e+000
  3.8623151e+000  1.7262218e+000
  7.0206560e+000  2.4043987e+000
  8.4665657e+000  1.5545179e+000
  6.5420566e+000  7.4005559e+000
  5.8259089e+000  3.1351352e+000
  1.7793367e+000  4.0798698e+000
  1.6115119e+000  7.5136102e+000
  3.6774608e+000  6.7068250e+000
  7.7045406e+000  5.7519960e+000
  4.8283561e+000  3.5413195e+000
  1.7125573e+000  1.8117877e+000
  7.9174021e+000  1.8889457e+000
  6.7641881e+000  7.6236206e+000
  4.7922842e+000  3.4648385e+000
  3.4900893e+000  1.5969827e+000
  6.9545869e+000  5.8549043e+000
  7.2682646e+000  5.8986441e+000
  4.7364732e-001  7.0584738e+000
  3.4753628e+000  2.4760994e+000
  8.7162265e+000  5.5788114e+000
  8.8617170e+000  5.8935418e+000
  1.6901573e+000  6.8569743e+000
  8.0385354e+000  2.2131137e+000
  7.5659660e+000  7.6020666e+000
  6.9899024e+000  8.5512635e+000
  5.9282317e+000  7.3815859e+000
  4.2013385e+000  5.6711259e+000
  2.7862041e+000  2.2947549e+000
  1.1786388e+000  6.9340126e+000
  2.1808596e+000  6.7228360e+000
  8.2066331e+000  2.6455314e+000
  4.9949666e+000  3.0155387e+000
  5.1737938e+000  3.3083033e+000
  7.7428866e+000  6.0250411e+000
  5.4543403e+000  2.7916174e+000
  2.7443160e+000  2.3828170e+000
  1.7573268e+000  6.7624933e+000
  3.2213282e+000  2.6767821e+000
  1.8275715e+000  5.4501746e+000
  4.0424983e+000  8.8875544e+000
  6.6629620e+000  6.5418285e+000
  1.5543574e+000  6.6873603e+000
  2.6230051e+000  7.8063410e+000
  6.0206222e+000  3.2702921e+000
  3.2641430e+000  2.5502857e+000
  1.7345815e+000  6.7646381e+000
  7.6080898e+000  2.4290660e+000
  7.1496115e+000  5.9073647e+000
  5.8097376e+000  3.1120274e+000
  3.3053826e+000  8.2398303e+000
  2.1589108e+000  7.2696657e+000
  1.2707161e+000  4.1471443e+000
  6.5882022e+000  6.0349872e+000
  2.4661353e+000  1.8856636e+000
  7.6950719e+000  2.6634632e+000
  3.2766476e+000  8.5134242e+000
  7.6336661e+000  1.9299417e+000
  2.9296921e+000  1.3826056e+000
  1.8422756e+000  3.9576012e+000
  3.8639207e+000  8.3621369e+000
  8.3780872e+000  7.5796497e+000
  1.5561684e+000  4.3971019e+000
  2.6133683e+000  2.2426148e+000
  1.6645690e+000  6.9954656e+000
  5.2183746e+000  3.8939258e+000
  1.2995212e+000  4.4117520e+000
  9.0807603e+000  2.2377901e+000
  1.2989804e+000  7.7381705e+000
  6.9351535e+000  6.2256149e+000
  1.2867065e+000  4.1714227e+000
  1.9557043e+000  4.0755073e+000
  5.4772505e+000  7.9158786e+000
  2.7522246e+000  5.0225918e+000
  2.5462220e+000  2.2479430e+000
  1.2662573e+000  6.2534870e+000
  7.7841373e+000  5.3566566e+000
  5.9418873e+000  1.9738618e+000
  3.0832360e+000  2.0851930e+000
  1.6621172e+000  6.5359812e+000
  1.6231336e+000  7.8548302e+000
  4.3716961e+000  3.3214761e+000
  2.5674323e+000  4.6138717e+000
  8.1695783e+000  7.8180814e+000
  5.1126611e+000  3.8118446e+000
  2.3907694e+000  4.5575820e+000
  4.5890200e+000  3.2116369e+000
  3.6051306e+000  2.3089639e+000
  5.2556936e+000  7.6398874e+000
  6.8916726e+000  5.8890298e+000
  7.4075911e+000  6.0458629e+000
  5.3283516e+000  2.9622111e+000
  5.6839119e+000  3.5493969e+000
  3.0828566e+000  2.1304062e+000
  2.2529446e+000  4.7486070e+000
  5.3498622e+000  4.3982903e+000
  7.3961056e+000  5.4905561e+000
  8.3064394e+000  7.8183622e+000
  2.3304743e+000  1.9336556e+000
  3.7563804e+000  1.8969373e+000
  8.3691346e+000  5.6073635e+000
  8.3045929e+000  5.8685009e+000
  1.5841566e+000  4.7129572e+000
  1.9727258e+000  6.6710149e+000
  4.4786126e+000  3.3401049e+000
  6.7160047e+000  8.2839127e+000
  2.2145607e+000  2.0327911e+000
  7.9519177e+000  1.7100933e+000
  2.4530867e+000  1.6978375e+000
  7.6984252e+000  1.8053445e+000
  2.3332003e+000  6.7574544e+000
  1.2340279e+000  7.7927326e+000
  1.6877978e+000  4.5513726e+000
  8.6272944e+000  6.0603100e+000
  1.7168255e+000  2.2026566e+000
  8.1567924e+000  2.3244191e+000
  5.2972291e+000  3.4194940e+000
  1.8393854e+000  7.8982332e+000
  2.1124338e+000  2.5708568e+000
  2.5647762e+000  2.0582084e+000
  3.6103690e+000  8.4844738e+000
  8.1557736e+000  6.3531690e+000
  7.7522034e+000  2.1958048e+000
  3.5019273e+000  9.1745887e+000
  5.8504582e+000  7.4960383e+000
  5.5412986e+000  3.4456186e+000
  3.6879833e+000  1.9649438e+000
  5.2141844e+000  2.8483308e+000
  2.0553087e+000  4.2139038e+000
  5.9643264e+000  2.1127906e+000
  8.7219248e+000  6.0004793e+000
  7.8189630e+000  2.4030856e+000
  6.4293400e+000  1.8982680e+000
  6.5812920e+000  6.7424942e+000
  8.5878653e+000  8.5685646e+000
  8.6069070e+000  1.8121308e+000
  2.1322278e+000  6.8243264e+000
  2.1266480e+000  6.4539782e+000
  5.3093139e+000  5.3221322e+000
  7.5914805e+000  2.4855333e+000
  4.5594693e+000  3.4132544e+000
  5.6112629e+000  2.9020922e+000
  4.7489316e+000  2.5401857e+000
  1.3188680e+000  6.9645049e+000
  2.0121443e+000  4.6722080e+000
  5.3707486e+000  3.7741870e+000
  7.8787209e+000  2.0679097e+000
  5.5076961e+000  2.3883943e+000
  1.9606885e+000  7.6976531e+000
  8.5345627e+000  8.3289242e+000
  3.3304345e+000  7.7960901e+000
  3.0315883e+000  2.0142697e+000
  7.2400327e+000  6.1393207e+000
  7.6340406e+000  5.7910423e+000
  5.4736638e+000  7.8658094e+000
  7.0353639e+000  8.4193230e+000
  5.3263434e+000  3.0079786e+000
  8.6792012e+000  6.9973428e+000
  6.9093905e+000  4.3813600e+000
  1.2236156e+000  7.6629301e+000
  5.8588655e+000  3.7687859e+000
  8.3710122e+000  7.6859578e+000
  8.0303205e+000  7.9397981e+000
  8.1685164e+000  2.9630098e+000
  8.3963471e+000  5.5303914e+000
  1.4742863e+000  6.8356320e+000
  5.6661139e+000  2.7955228e+000
  7.0253207e+000  6.1755799e+000
  8.0851687e+000  2.8272339e+000
  8.1238278e+000  2.5060264e+000
  1.7756444e+000  6.7455261e+000
  3.2501131e+000  8.6256336e+000
  3.9569470e+000  7.8275128e+000
  1.4753417e+000  1.6945735e+000
  1.8378671e+000  6.5100475e+000
  7.1409417e+000  4.8458943e+000
  5.2263574e+000  3.6618082e+000
  1.4328364e+000  1.5521340e+000
  3.2969539e+000  8.6028912e+000
  5.1781511e+000  4.5983911e+000
  3.4709035e+000  5.3227737e+000
  1.8631355e+000  1.7577041e+000
  6.1218311e+000  7.9488395e+000
  5.4095605e+000  2.9457002e+000
  5.3042177e+000  2.8944648e+000
  3.4641812e+000  8.2815324e+000
  7.9731400e+000  5.8669470e+000
  4.4700569e+000  2.5199070e+000
  5.1100924e+000  8.1787776e+000
  6.7902395e+000  7.5718222e+000
  1.9256204e+000  1.7979092e+000
  1.9326291e+000  1.4994467e+000
  1.5405946e+000  2.6719171e+000
  1.4987298e+000  4.2534358e+000
  6.3402537e+000  6.3795056e+000
  5.9629269e+000  7.5205026e+000
  2.2378993e+000  1.8418089e+000
  8.0597537e+000  8.6519958e+000
  1.6400260e+000  3.1619137e+000
  4.7357637e+000  1.7511194e+000
  2.7494277e+000  8.3842552e+000
  4.5202767e+000  3.0254791e+000
  8.8496352e+000  5.7843009e+000
  6.9490568e+000  1.8238110e+000
  7.7507370e-001  7.4695618e+000
  5.9060174e+000  7.2415424e+000
  8.1235857e+000  2.2800563e+000
  1.4612202e+000  6.8848019e+000
  5.2632003e+000  3.5142252e+000
  7.0587951e+000  8.1836055e+000
  6.5433371e+000  6.2142541e+000
  7.6376586e+000  1.7624047e+000
  6.5204832e+000  6.4872579e+000
  7.2142803e+000  7.7687198e+000
  1.3743567e+000  7.2020408e+000
  5.8162709e+000  3.4785499e+000
  4.7201095e+000  3.0142947e+000
  3.5442693e+000  8.0526970e+000
  4.6343290e+000  2.8605995e+000
  7.4759690e+000  5.2422637e+000
  3.1462723e+000  1.3204709e+000
  1.4576678e+000  4.6801964e+000
  4.9782370e+000  3.1846120e+000
  4.1646256e+000  6.4280900e+000
  2.0628670e+000  5.4600679e+000
  5.5008315e+000  2.4027232e+000
  6.7667433e+000  6.3471299e+000
  8.9247535e+000  8.1758647e+000
  1.3677401e+000  4.8001738e+000
  7.8695583e+000  7.4856562e+000
  4.5457897e+000  2.8416857e+000
  6.5892137e+000  7.5585270e+000
  5.3130582e+000  3.4700384e+000
  3.1891383e+000  2.0002245e+000
  7.9507069e+000  1.7532619e+000
  8.5627537e-001  6.9838704e+000
  1.8234202e+000  2.5127118e+000
  3.3783826e+000  1.1184120e+000
  7.7802224e+000  2.7828554e+000
  1.4240079e+000  6.5569601e+000
  3.9474654e+000  8.0076520e+000
  1.6643496e+000  5.0751424e+000
  5.1054369e+000  3.8156741e+000
  6.3788401e+000  6.4903570e+000
  7.8406131e+000  1.8411570e+000
  6.0238736e+000  2.0108365e+000
  5.1975621e+000  3.7732415e+000
  5.5524070e+000  4.0883008e+000
  1.0524277e+000  7.2957530e+000
  7.9681397e+000  8.2520618e+000
  2.0486980e+000  1.4747200e+000
  7.8442390e+000  1.8982364e+000
  7.8493349e+000  5.9078279e+000
  8.7205184e+000  6.1416917e+000
  6.8202046e+000  7.5971954e+000
  2.1916774e+000  7.1001172e+000
  8.4901701e+000  7.7387925e+000
  3.3696193e+000  2.6099129e+000
  2.0536423e+000  7.0958222e+000
  2.4456958e+000  7.6315728e+000
  3.8141579e+000  8.5411414e+000
  8.6500797e+000  2.2287890e+000
  6.5803441e+000  6.0637778e+000
  5.2521817e+000  3.7730280e+000
  8.1139472e-001  7.3014044e+000
  3.2509923e+000  2.2937117e+000
  6.6112057e+000  6.4629606e+000
  8.4336866e+000  5.5736863e+000
  6.3520513e-001  7.2847758e+000
  6.6787427e+000  5.1834367e+000
  8.5131689e+000  2.4233014e+000
  1.9218463e+000  7.2730942e+000
  5.1802147e+000  3.3960619e+000
  6.9407333e+000  5.6328740e+000
  3.3557446e+000  8.3655979e+000
  1.6720477e+000  7.6846895e+000
  6.0200730e+000  4.1756081e+000
  4.9308916e+000  2.0543787e+000
  3.0965259e+000  2.3937873e+000
  5.5137695e+000  3.8431474e+000
  1.5604736e+000  7.1281643e+000
  3.5475791e+000  7.8239837e+000
  5.2051508e+000  6.9165267e+000
  8.6895325e+000  8.0906399e+000
  1.5709675e+000  7.7821934e+000
  5.1620609e+000  3.8971568e+000
  3.8342935e+000  2.6234052e+000
  1.1747197e+000  7.3192969e+000
  3.4441531e+000  8.6532275e+000
  2.5880964e+000  4.3854044e+000
  6.1045373e+000  6.0699829e+000
  8.5045328e+000  7.9985609e+000
  6.3077326e+000  1.6872210e+000
  2.7260314e+000  2.2596430e+000
  8.8745465e+000  8.4868400e+000
  7.7793723e+000  1.8408192e+000
  1.9010148e+000  6.7564381e+000
  1.7821680e+000  7.0603709e+000
  2.1277566e+000  7.1269699e+000
  7.7197920e+000  2.0484434e+000
  6.6475441e+000  6.2862394e+000
  6.6148144e+000  7.6328690e+000
  3.1069348e+000  5.8244024e+000
  8.0296761e+000  1.7041799e+000
  6.6679739e+000  6.8419087e+000
  7.7322855e+000  5.6458446e+000
  8.4353033e+000  2.7752247e+000
  6.5414564e+000  6.9609404e+000
  7.8907191e+000  2.0111280e+000
  6.7743422e+000  5.0307226e+000
  3.6255322e+000  8.4827534e+000
  4.6148485e+000  2.3105228e+000
  1.8193112e+000  6.8867742e+000
  6.7675954e+000  4.8351319e+000
  6.5128592e+000  8.3560933e+000
  8.1346786e+000  5.8780756e+000
  3.6212967e+000  5.6859081e+000
  1.4839337e+000  7.3575128e+000
  2.4954974e+000  2.5911175e+000
  6.4684836e+000  6.3166909e+000
  3.3145864e+000  8.7677492e+000
  7.0011636e+000  6.1790861e+000
  2.0597635e+000  7.3421039e+000
  1.5774833e+000  2.6503167e+000
  3.6852472e+000  5.7867217e+000
  2.1791901e+000  1.4538170e+000
  2.0284549e+000  5.0352490e+000
  2.4359938e+000  2.3808078e+000
  1.7752879e+000  4.0994337e+000
  8.6003194e+000  2.1248318e+000
  5.4626872e+000  3.3630630e+000
  2.3590315e+000  4.1429519e+000
  1.2264074e+000  2.6104555e+000
  4.5016129e+000  5.9274085e+000
  8.1965054e+000  5.8512212e+000
  7.5646386e+000  1.4434031e+000
  6.2429936e+000  7.0354638e+000
  3.8177447e+000  1.5038873e+000
  5.1629709e+000  3.1094172e+000
  5.1720052e+000  3.5424256e+000
  1.4067290e+000  4.5733211e+000
  2.2222553e+000  3.1485196e+000
  8.1017118e+000  5.7387978e+000
  6.0728623e+000  2.0462982e+000
  5.5298050e+000  3.1496880e+000
  1.6022585e+000  7.9040806e+000
  8.2919293e+000  1.6883119e+000
