  6.8923515e+000  2.9094720e-001
  6.2460884e+000  3.9099993e+000
  4.6309723e+000  8.8782881e+000
  7.1292906e+000  2.4940791e+000
  6.8135677e+000  7.7212787e+000
  8.0212662e+000  7.1851312e+000
  6.9500446e+000  2.6347526e+000
  3.7255238e+000  3.8821647e+000
  2.2343251e+000  4.7272356e+000
  3.3930941e+000  8.9660829e+000
  7.5218699e+000  6.0960410e+000
  2.6702488e-001  4.4284341e+000
  6.8752802e+000  7.8399035e+000
  3.4844415e+000  1.2069195e+000
  6.4611684e+000  6.5903780e+000
  7.3952827e+000  7.6551144e+000
  1.5547461e+000  7.2738665e+000
  4.5911533e+000  5.2971296e+000
  5.8120301e+000  2.4047740e+000
  8.1784481e+000  3.2475568e+000
  9.0544712e+000  6.4841771e+000
  4.1480851e+000  8.2777267e+000
  3.5299221e+000  5.4275225e+000
  5.4676979e+000  3.7802205e+000
  8.2164360e+000  6.4262388e+000
  5.8925544e+000  6.3189894e+000
  3.3083943e+000  7.7543626e+000
  6.2602155e+000  3.2621844e+000
  4.5287530e+000  6.1131980e+000
  5.1045748e+000  5.8037254e-001
  7.6655565e+000  7.2494718e+000
  8.5460127e+000  2.5579092e+000
  3.1211860e+000  3.0212116e+000
  9.5496582e-003  4.7080064e+000
  1.8616718e+000  3.8360134e+000
  7.2221271e+000  8.2437501e+000
  7.6234470e+000  4.7106227e+000
  3.4798489e+000  3.8212496e+000
  3.5067198e+000  6.3534320e+000
  6.3508884e+000  5.7538488e+000
  4.3634394e+000  2.1424556e+000
  1.0044499e+001  3.9407635e+000
  2.6584577e+000  2.8572388e+000
  6.8513834e+000  2.6317231e+000
  3.1991693e+000  6.2900951e+000
  4.7673134e+000  6.2393823e+000
  3.8022018e+000  7.0713564e+000
  8.1218310e+000  3.0568493e+000
  4.9643374e+000  3.7572168e+000
  2.8843287e+000  7.9854050e+000
  7.0643063e+000  4.4863120e+000
  3.5727946e+000  6.6741189e+000
  4.2358852e+000  7.4274076e+000
  6.7191111e+000  4.3180714e+000
  5.8986765e+000  7.8335923e+000
  7.8650474e+000  9.0823883e+000
  3.3815303e+000  4.9964005e+000
  9.8601146e+000  4.7334113e+000
  2.6755392e+000  5.1891212e+000
  7.2758914e+000  8.2115923e+000
  3.7610100e+000  4.9989793e+000
  2.9659687e+000  7.7083817e+000
  5.8095242e+000  3.6684805e+000
  6.1205446e+000 -1.8567355e-001
  5.5579936e+000  3.4432839e+000
  5.5315885e+000  3.6217942e+000
  7.6320716e+000  6.2802056e+000
  6.0599851e+000  3.8401432e+000
  3.2634077e+000  7.6597961e+000
  8.4089565e+000  7.6155059e+000
  5.2498194e+000  3.4012575e+000
  3.6330863e+000  1.8612642e+000
  2.1229241e+000  7.8711262e+000
  3.7122947e+000  1.7349474e+000
  7.3753942e+000  7.1370518e+000
  6.2349781e+000  3.5934218e+000
  7.9236847e+000  2.4021523e+000
  2.3301185e+000  6.9650925e+000
  6.7407504e+000  5.2675930e+000
  1.8983800e+000  3.3732948e+000
  8.5564207e+000  5.5090866e+000
  8.5394531e+000  4.7204466e+000
  2.1737673e+000  6.8064702e+000
  6.6893701e+000  2.4716120e+000
  7.6753169e+000  6.3989515e+000
  5.2646881e+000  3.2783828e+000
  3.7864371e+000  2.1528415e+000
  2.6627344e+000  4.5516219e+000
  6.1873611e+000  6.6948573e+000
  8.1530750e+000  2.2490687e+000
  4.0224606e+000  7.6279826e+000
  3.1313757e+000  3.9180422e-001
  2.8639079e+000  3.1036765e+000
  6.7066272e+000  2.1648461e+000
  1.3136169e+000  2.5143569e+000
  1.0039990e+001  3.5232852e+000
  2.5533108e+000  4.7983440e+000
  2.9773978e+000  8.0705513e+000
  3.2794523e+000  3.5808731e+000
  2.1128616e+000  3.9746196e+000
  6.8848816e+000  6.9581005e+000
  5.0692179e+000  4.2163782e+000
  4.5383309e+000  4.4831795e-001
  7.2716478e+000  6.8804004e+000
  5.4579980e+000  2.8828189e+000
  3.7136105e+000  4.0776391e+000
  4.7204516e+000  4.0653547e+000
  4.2943478e+000  1.4274018e+000
  6.2752202e+000  2.8912851e+000
  3.2445495e+000  8.0082408e+000
  5.7941866e+000  2.9823380e+000
  6.4751371e+000  2.1612979e+000
  5.8496687e+000  1.8827645e+000
  1.7266405e+000  8.0768504e+000
  4.2427541e-001  2.6699532e+000
  4.2086203e+000  6.4048642e+000
  4.0445943e+000  5.3981141e+000
  6.1693332e+000  2.6075104e+000
  5.8594364e+000  5.6140706e+000
  4.2028044e+000  7.9783113e+000
  7.8508328e+000  4.8451171e+000
  2.8756157e+000  4.6529058e+000
  7.1055115e+000  4.0794368e+000
  4.8795033e+000  7.3521771e+000
  3.1570370e+000  4.2401703e+000
  1.3658676e+000  4.3803418e+000
  3.2364855e+000  6.4779729e+000
  3.3999808e+000  8.3074608e+000
  2.8882291e+000  3.1677057e+000
  8.9025658e+000  7.9674172e+000
  3.2937859e+000  2.6656985e+000
  5.0072534e+000  3.7028457e+000
  6.1918847e+000  2.9823460e+000
  1.9622721e+000  7.5216539e+000
  2.0557356e+000  3.8179255e+000
  3.2542610e+000  2.7747898e+000
  2.9804048e+000  3.2842857e+000
  5.1625222e+000  2.6197987e+000
  4.0478060e+000  1.5973713e+000
  6.7461598e+000  3.1614132e+000
  3.1349639e+000  4.8680211e+000
  3.0062466e+000  1.1673325e+000
  7.1676400e+000  6.6620195e+000
  6.1797245e+000  2.1000069e+000
  3.6310309e+000  3.4303786e+000
  6.3364238e+000  3.3404605e+000
  7.0699261e+000  8.7529696e+000
  3.8843471e+000  7.2395553e+000
  8.5675144e+000  8.2811814e+000
  6.2574499e+000  3.1556651e+000
  5.4677613e+000  3.7669282e+000
  4.0666134e+000  6.3899835e+000
  3.7263790e+000  1.2604229e+000
  6.8362393e+000  8.8246530e-001
  2.7203964e+000  4.2602013e+000
  6.0950837e+000  5.5412638e+000
  7.5665802e+000  7.5415136e+000
  5.5502988e+000  3.3902994e+000
  2.0150184e+000  3.6261627e+000
  6.9767314e+000  6.3607625e+000
  3.4292249e+000  7.0260616e+000
  2.5655785e+000  6.0245315e+000
  3.1081890e+000  3.8375884e+000
  6.4605595e+000  3.2933964e+000
  2.9853840e+000  4.5578983e+000
  4.1548565e+000  8.3313231e+000
  5.7981870e+000  3.9377658e+000
  6.7312844e+000  2.3193598e+000
  2.2457972e+000  2.1858763e+000
  8.7033267e+000  1.1847585e+000
  6.4688752e+000  5.5563522e+000
  1.5174563e+000  7.3279962e+000
  1.7680605e+000  3.2598107e+000
  4.3346950e+000  4.9418940e+000
  2.5954545e+000  8.0211252e+000
  2.9869080e+000  8.7805642e+000
  6.0462719e+000  7.0730376e+000
  3.1696883e+000  9.0262248e+000
  4.5531603e+000  3.0277720e+000
  1.9301217e+000  8.5860950e+000
  2.0572245e+000  2.2484853e+000
  5.5501883e+000  3.2713444e+000
  5.5152602e+000  4.5780388e+000
  7.0873609e+000  3.3231902e+000
  5.4334085e+000  5.1923942e+000
  3.2954460e+000  2.7688677e+000
  6.4449074e+000  3.1613955e+000
  6.5496435e+000  4.1366832e+000
  3.7634222e+000  6.9883008e+000
  9.0728342e+000  6.5224350e+000
  6.7926932e+000  7.8109708e+000
  1.9749230e+000  3.9173617e+000
  8.3497814e+000  4.0081740e+000
  6.1628053e+000  3.7271133e+000
  3.8256326e+000  7.1272081e+000
  5.8999083e+000  3.6359931e+000
  7.1493902e+000  1.9988253e+000
  6.9705110e+000  9.2040883e+000
  5.1924815e+000  8.5593350e+000
  8.1783410e+000  4.5567704e+000
  2.0095422e+000  6.5641624e+000
  4.9807994e+000  3.3877981e+000
  7.9662994e+000  4.8343475e+000
  2.3730039e+000  4.5258639e+000
  6.8977173e+000  1.2026734e+000
  7.6938828e+000  2.7145503e+000
  6.6358210e+000  2.1116461e+000
  6.4178521e+000  6.7804953e+000
  6.7032821e+000  6.0304499e+000
  7.2784963e+000  5.4654733e+000
  5.9793621e+000  3.0002113e+000
  2.9551041e+000  3.1483684e+000
  5.1178400e+000  2.8854510e+000
  5.0326716e+000  6.5346941e+000
  4.8573250e+000  7.9752282e+000
  4.2689768e+000  3.5260535e+000
  7.9548200e+000  7.4506158e+000
  4.9725229e+000  6.6519379e+000
  5.3758911e+000  3.9619836e+000
  6.1421495e+000  3.1415200e+000
  6.9221309e+000  3.1657002e+000
  2.9548027e+000  8.0315121e+000
  3.3196205e+000  1.4644521e+000
  7.9068105e+000  6.0717708e+000
  5.3007215e+000  5.7262407e+000
  3.1626581e+000  3.0242063e+000
  2.6222707e+000  4.0111133e+000
  6.9549736e+000  2.0201611e+000
  3.2459402e+000  4.2738025e+000
  2.9312669e+000  3.3514230e+000
  6.9807286e+000 -1.9885516e-002
  6.8474236e+000  7.3399691e+000
  1.7586356e+000  6.7627462e+000
  4.6753149e+000  9.0484683e-001
  6.7324572e+000  6.4961050e+000
  6.0917582e+000  3.6836779e+000
  4.7486414e+000  2.4542618e+000
  1.1273722e+000  3.7764453e+000
  4.0332064e+000  4.2572741e+000
  6.1494009e+000  3.2085682e+000
  5.2731901e+000  4.6588502e+000
  1.0208689e+000  2.6610707e+000
  7.2876342e+000  9.3195184e+000
  3.6130972e+000  7.0780152e+000
  6.3544541e+000  4.8252034e+000
  7.2933383e+000  6.3917249e+000
  6.8167701e+000  2.8925411e+000
  7.1403235e+000  6.8469862e+000
  1.9127759e+000  6.8218902e+000
  3.8930619e+000  8.2607112e+000
  5.7943941e+000  3.6043763e+000
  6.3882713e+000  6.1412302e+000
  6.5961743e+000  3.8322442e+000
  7.5697046e+000  7.3218437e+000
  2.3188054e+000  1.6534601e+000
  8.8200009e+000  8.3456796e+000
  3.2791056e+000  3.5055148e+000
  4.6251518e+000  7.9793425e+000
  5.9669757e+000  7.4109097e+000
  3.6411957e+000  8.6082495e+000
  3.1566402e+000  8.2653233e+000
  3.6935749e+000  7.3758827e+000
  1.3654150e+000  6.1342876e+000
  1.3199398e+000  6.8952861e+000
  7.8199320e+000  5.1992278e+000
  6.1145791e+000  7.3584610e+000
  6.0329528e+000  5.7821093e+000
  7.1288241e+000  4.8979463e+000
  6.3369154e+000  3.7854449e+000
  6.4163514e+000  2.7748353e+000
  8.0622116e+000  4.9608876e+000
  3.2465257e+000  3.3095148e+000
  6.9250566e+000  1.0193319e+000
  6.3959374e+000  7.4642511e+000
  7.1423912e+000  4.0506067e+000
  6.1593355e+000  3.5746884e+000
  2.3379521e+000  6.8744419e+000
  2.7554577e+000  1.5661199e+000
  8.3622051e-001  6.1468476e+000
  2.7906035e+000  7.3697224e+000
  5.6910461e-001  2.7872718e+000
  5.2568577e+000  7.8421976e+000
  3.5717626e+000  4.3054877e+000
  4.6260627e+000  3.5235642e+000
  2.9195046e+000  4.4008474e+000
  7.2218721e+000  5.1658537e+000
  9.7847733e+000  4.2212670e+000
  4.8157523e+000  1.4891465e+000
  8.0705773e+000  2.7725848e+000
  6.2762253e+000  3.8153030e+000
  1.1946850e+000  6.9668148e+000
  1.2963042e-001  4.7993474e+000
  7.3143366e+000  6.7433983e+000
  6.5085073e+000  7.0174224e+000
  9.2889841e+000  4.1987072e+000
  5.9895920e+000  6.0400845e+000
  4.8828086e-001  5.0880195e+000
  7.1420653e+000  2.0183732e+000
  6.3932773e+000  2.7790359e+000
  5.4207519e+000  3.0816025e+000
  7.3480772e+000  4.4624929e+000
  5.8648927e+000  4.7028574e+000
  6.5858079e+000  3.6319172e+000
  7.8499568e+000  6.6644813e+000
  7.1177749e+000  5.0855743e+000
  3.9705013e+000  3.2455979e+000
  6.0416630e+000  2.7970465e+000
  3.8235225e+000  3.8381593e+000
  6.4562607e+000  6.1179412e+000
  4.5257848e+000  3.6111295e+000
  9.6315174e-001  3.1830290e+000
  3.5884776e+000  2.8058480e+000
  3.1921818e+000  7.6079278e+000
  6.8618459e+000  3.3131830e+000
  2.9310336e+000  5.0744204e+000
  6.4469063e+000  9.5224767e+000
  6.4411437e+000  2.2914529e+000
  7.0889017e+000  4.0065619e+000
  5.7503594e+000  1.6002600e+000
  4.7248379e+000  2.5009856e+000
  3.3141457e+000  2.7402591e+000
  9.2233243e+000  4.8244223e+000
  6.2853230e+000  4.5824295e+000
  3.6031874e+000  3.4285358e+000
  4.7866827e+000  4.8852455e+000
  2.3534184e+000  6.8299794e+000
  8.0164901e+000  5.9322796e+000
  4.6849151e+000  4.0147909e+000
  4.8842584e+000  3.5295982e+000
  6.1310991e+000  1.6339092e+000
  6.8481172e+000  2.0933502e+000
  6.4763407e+000  7.2004230e+000
  5.7038467e+000  2.9111483e+000
  6.1427585e+000  3.3144579e+000
  6.0630460e+000  7.3980259e+000
  4.5915525e+000  6.6944809e+000
  2.8776366e+000  8.6884092e+000
  6.7651357e+000  2.6653211e+000
  2.1683484e+000  7.0685337e+000
  2.0909037e+000  9.3069623e+000
  8.3859503e+000  6.2032420e+000
  2.4698069e+000  7.7298198e+000
  6.2376169e+000  3.7979534e+000
  2.8223683e+000  2.3285466e+000
  6.8090095e+000  8.1685553e+000
  2.1627775e+000  7.6970338e+000
  7.4764218e+000  6.7108297e+000
  4.7445566e+000  6.0054293e+000
  5.5808215e+000  5.4509508e+000
  5.1464255e+000  5.5069044e+000
  3.3291191e+000  5.2832249e+000
  5.1600926e+000  2.9249238e+000
  3.3553905e+000  6.8581584e+000
  7.3491459e+000  2.9286416e+000
  4.4548613e-001  4.6161813e+000
  7.6438621e+000  3.0408815e+000
  6.9227634e+000  8.0283883e+000
  2.6874879e+000  6.9151847e+000
  6.7799595e+000  3.9246714e+000
  3.2991175e+000  8.0506402e+000
  2.8478060e+000  4.9113735e+000
  5.9511290e+000  7.4429127e+000
  6.9817919e+000  2.5710961e+000
  6.4663603e+000  1.9550085e+000
  9.4482928e-001  5.7152046e+000
  7.4673963e+000  7.9531813e+000
  2.6755035e+000  4.0056344e+000
  5.5506163e+000  6.8369104e+000
  6.3689402e+000  7.9013442e+000
  3.7472207e+000  7.0586344e+000
  7.2400306e+000  8.3438597e+000
  4.6092289e+000  3.9236001e+000
  2.1047510e+000  6.9579547e+000
  6.7032094e+000 -1.2643361e+000
  6.7245073e+000  7.2909880e+000
  2.1596611e+000  3.6876730e+000
  5.8974823e+000  7.9477476e+000
  1.1559147e+000  5.6215529e+000
  6.8058981e+000  2.8922751e+000
  6.9706952e+000  1.9144460e+000
  6.3796583e+000  5.7685285e+000
  2.6580379e+000  4.0978786e+000
  5.3307020e+000  2.0891518e+000
  3.3609360e+000  3.2043517e+000
  6.0413372e+000  4.3584583e+000
  5.9491995e+000 -1.1804717e+000
  2.1226015e+000  2.8398676e+000
  2.9169305e+000  6.1812778e+000
  6.5206697e+000  3.4277620e+000
  4.0721688e+000  5.2097321e+000
  3.7718098e+000  4.4648572e+000
  4.8116432e+000  8.4087332e+000
  7.2575815e+000  8.9294222e+000
  8.0096621e+000  6.7954467e+000
  5.1706036e+000  3.4318864e+000
  2.8588422e+000  3.6165237e+000
  2.9188573e+000  4.4421222e+000
  5.4614956e+000  4.2365559e+000
  2.9833738e+000  8.0913681e+000
  7.6653312e+000  7.0116700e+000
  2.3688253e+000  4.5549497e+000
  1.2971396e+000  6.6459785e+000
  6.1471753e+000  3.6027946e+000
  5.0270807e+000  3.1747017e+000
  4.4589623e+000  3.8508976e+000
  7.1930192e+000  1.7291426e+000
  5.9119577e+000  3.0031807e+000
  6.3576484e+000  5.9779291e+000
  9.3138155e-001  5.9695017e+000
  6.5139900e+000  6.6533908e+000
  6.7083642e-001  8.1169761e+000
  3.5286089e+000  8.7613848e+000
  2.0461602e+000  3.1106221e+000
  2.5588904e+000  3.3010990e+000
  2.1551211e+000  7.2383479e+000
  3.4340625e+000  3.6623940e+000
  4.0609139e+000  5.6604851e+000
  3.0254994e+000  8.3403761e+000
  5.7739639e+000  4.2022399e+000
  4.8078203e+000  2.9027361e+000
  3.5592871e+000  4.4407970e+000
  4.3145737e+000  1.9487771e+000
  6.9289339e+000  2.2103718e+000
  7.5695904e+000  4.8737308e+000
  2.1478866e+000  3.1579680e+000
  5.6251319e+000  5.6806898e+000
  6.3429021e+000  4.5637494e+000
  8.4454132e+000  8.7570710e+000
  6.9665361e+000  1.0542667e+000
  4.6553329e+000  2.2679803e+000
  6.7637640e+000  6.2847004e+000
  3.2991627e+000  7.9444378e+000
  8.8416917e+000  3.0317039e+000
  2.1367282e+000  7.0973938e+000
  7.4727633e+000  3.1256718e+000
  6.3541456e+000  5.3624527e+000
  5.0519336e+000  6.0594398e+000
  6.1723525e+000  6.4699253e+000
  7.2642835e+000  8.1343558e+000
  7.3672176e+000  7.1181454e+000
  2.4182136e+000  3.3273797e+000
  9.1230022e+000  5.1455236e+000
  6.0210132e+000  6.7250426e+000
  2.7943191e+000  4.6342075e+000
  5.6187015e+000  2.2639896e+000
  3.3711348e+000  3.4809520e+000
  1.2038083e+000  3.8177116e+000
  2.6701861e+000  6.1257823e+000
  3.7833501e+000  6.8151271e+000
  2.1348529e-001  3.0848559e+000
  2.5409814e+000  7.6406445e+000
  6.6186254e+000  6.7558611e+000
  7.9795334e+000  9.0822928e+000
  2.1069105e+000  3.5317216e+000
  6.4046928e+000  6.6258778e+000
  2.1200667e+000  7.3071846e+000
  7.4322230e+000  6.7509213e+000
  7.2666873e+000  2.8453606e+000
  3.9082664e+000  3.6526889e+000
  6.2459422e+000  2.2518682e+000
  1.6591477e+000  2.7315961e+000
  6.7043591e+000  4.9938890e+000
  5.3955830e+000  3.4766412e+000
  3.0791743e+000  2.3968607e+000
  4.8292868e+000  5.6168341e+000
  6.4013710e+000  8.4418126e+000
  6.3388880e+000  2.5251797e+000
  3.5757913e+000  8.6850797e+000
  3.0966235e+000  3.0173113e+000
  2.9892674e+000  3.6575869e+000
  5.1234280e+000  3.5308026e+000
  3.8874009e+000  6.8766576e+000
  3.4284875e+000  1.6550169e+000
  6.5896747e+000  4.9960743e+000
  3.2017442e+000  8.1241685e+000
  3.6674894e+000  2.2599921e+000
  7.5847597e+000  1.9808141e+000
  6.0873777e+000  4.2314909e+000
  5.8552629e+000  5.5079511e+000
  8.0799828e+000  8.9809281e+000
  8.7638529e+000  6.2819735e+000
  5.4050711e+000  3.3452501e+000
  6.8761613e+000  2.0705800e+000
  2.4776212e+000  1.6168845e+000
  7.6761413e+000  8.9310142e+000
  7.1500500e+000  9.2673187e+000
  6.0648714e+000  5.0002827e+000
  5.7636867e+000  3.7183402e+000
  4.9523586e+000  4.0258303e+000
  6.2133646e+000  4.6566392e+000
  1.4133332e+000  6.8501569e+000
  7.7433258e+000  8.9732296e+000
  6.9889222e+000  5.2805953e+000
  2.1899896e+000  7.2238594e+000
  6.2618806e+000  8.9387857e+000
  7.1511563e+000  5.5100360e+000
  6.7456993e+000  7.6981393e+000
  4.1571967e+000  4.7947900e+000
  5.1261694e+000  8.1783505e+000
  2.8793229e+000  2.7328400e+000
  7.4095888e+000  7.0962029e+000
  4.5426997e+000  3.6415880e+000
  6.1667573e+000  6.0982402e+000
  7.5352631e+000  1.8584046e+000
  3.3432402e+000  4.5766521e+000
  2.9599600e+000  1.4683037e+000
  5.0827009e+000  1.8838314e+000
  2.2282131e+000  4.1348967e+000
  3.5425398e+000  7.3991351e+000
  3.3527842e+000  3.4073248e+000
  6.6218931e+000  9.1739740e+000
  3.1323612e+000  7.7202470e+000
  3.4212662e+000  8.6457923e+000
  4.3565733e+000  6.0218776e+000
  3.2225288e+000  7.2759957e+000
  6.3559398e+000  5.3945120e+000
  7.2832857e+000  2.4270509e+000
  6.0083253e+000  2.4970159e+000
  4.8946389e+000  2.5557382e+000
  3.0988346e+000  4.9182711e+000
  9.5222527e+000  4.2943495e+000
  6.7201880e+000  4.1619032e+000
  3.0159156e+000  8.1243354e+000
  4.4375637e+000  6.0011692e+000
  3.1029227e+000  7.6303926e+000
  8.0103152e+000  1.9055336e+000
  2.4129345e+000  2.8527679e+000
  6.3336084e+000  4.3718473e+000
  8.2694338e+000  6.9388859e+000
  3.4102529e+000  7.6322593e+000
  5.7729554e+000  2.9477561e+000
  6.8211617e+000  7.0462068e+000
  7.4989594e+000  8.0313000e+000
  4.6200556e+000  2.8717227e+000
  2.1511933e+000  7.1001846e+000
  2.2693081e+000  2.5883871e+000
  3.4844761e+000  9.4128536e+000
  8.5696402e+000  5.0516786e+000
  3.8794816e+000  8.0418390e+000
  6.2243705e+000  3.2383753e+000
  4.7643317e+000  3.7168027e+000
  1.0230695e+001  7.5126592e+000
  2.0925326e+000  8.3739169e+000
  5.6945628e+000  7.9008969e+000
  5.3594570e+000  2.8530348e+000
  3.2954753e+000  1.7950693e+000
  7.7101244e+000  9.1512179e+000
  2.7463043e+000  9.2117996e+000
  1.9623308e+000  7.5047843e+000
  7.9357991e+000  7.1639547e+000
  3.1208850e+000  4.5438743e+000
  4.3078020e+000  5.1026697e+000
  6.1058068e+000  7.1374256e+000
  6.4775561e+000  6.5868035e-001
  8.1793074e+000  6.4332030e+000
  2.3464071e+000  6.8427522e+000
  2.7474400e+000  6.3981944e+000
  2.4281739e+000  2.6428376e+000
  5.3845785e+000  1.5300827e+000
  3.3096147e+000  5.1385013e+000
  1.2157170e+000  1.6565906e+000
  2.8309553e+000  5.1542648e+000
  6.8046314e+000  7.7667831e+000
  7.6975998e+000  4.9202191e+000
  2.7353486e+000  5.1543822e+000
  3.7474446e+000  5.0592507e+000
  4.5850406e+000  5.1998305e-001
  3.2430096e+000  2.8097050e+000
  3.5849717e+000  4.0226424e+000
  3.3790098e+000  4.5894054e+000
  5.9923072e+000  3.4793302e+000
  2.8273625e+000  3.0991518e+000
  6.9142443e+000  4.0972900e+000
  3.4519521e+000  7.9860087e+000
  5.5972091e+000  5.0340624e+000
  4.9291875e+000  1.6806063e+000
  6.6453992e+000  9.2024305e+000
  2.9331834e+000  7.8133765e+000
  9.0671003e+000  4.5077008e+000
  5.3326787e+000  7.0875696e+000
  3.1260915e-001  5.3228662e+000
  7.0175961e+000  4.6810823e+000
  4.0703734e+000  3.7481120e+000
  6.9222516e+000  6.6026869e+000
  2.7225303e+000  8.4161714e+000
  1.8134126e+000  2.9314341e+000
  3.6163767e+000  4.7524342e+000
  5.4249680e+000  6.3723771e+000
  7.0513786e+000  3.3013404e+000
  2.4535975e+000  5.2177660e+000
  3.5785494e+000  8.0369642e+000
  5.7713986e+000  6.0361063e+000
  2.6001734e+000  7.9358804e+000
  3.3291995e+000  7.7450119e+000
  4.5335570e+000  6.6778549e+000
  2.3849857e+000  2.8648923e+000
  4.8761806e+000  7.0083496e+000
  6.3737931e+000  5.5835777e+000
  7.3447899e+000  8.1572811e+000
  8.4345217e+000  8.6721731e+000
  3.5196938e+000  3.7984055e+000
  2.7999281e+000  7.9878392e+000
  7.6504166e+000  2.9098386e+000
  2.3015706e+000  4.6106846e+000
  5.3188543e+000  3.7501257e+000
  4.3485865e+000  3.2289740e+000
  6.6639950e+000  7.3767437e+000
  5.4384714e+000  2.9625985e+000
  2.2667875e+000  1.0620723e+001
  3.4816051e+000  1.9754158e+000
  6.2606758e+000  2.9874758e+000
  2.5680064e+000  7.3696087e+000
  6.5289208e+000  2.2183276e+000
  6.6476475e+000  7.8055853e+000
  6.4214808e+000  5.2397050e+000
  2.5809260e+000  7.3988784e+000
  3.7513259e+000  6.1401459e+000
  6.8836107e+000  6.5282538e+000
  1.2891687e+000  5.5739121e+000
  7.3774317e+000  1.9346051e+000
  2.5342029e+000  3.1080222e+000
  8.2417951e+000  4.5997870e+000
  6.7459936e+000  6.5310245e+000
  4.1784077e+000  2.0794648e+000
  5.3921114e+000  5.6068000e+000
  7.1260642e+000  3.7463228e+000
  2.8081480e+000  7.8563943e+000
  2.1750247e+000  6.8102392e+000
  5.7214195e+000 -8.3160622e-002
  7.8049299e+000  7.1502718e+000
  9.6608530e+000  4.2976458e+000
  1.0101005e+001  3.7130331e+000
  2.7889890e+000  3.0938827e+000
  4.6411268e+000  2.8555887e+000
  5.7703817e+000  6.9698393e+000
  6.9076176e+000  6.8223124e+000
  4.9401934e-001  1.0887946e+001
  5.2934537e+000  1.9793560e-001
  6.0058855e+000  8.1795523e+000
  2.3128316e+000  7.2500563e+000
  2.5543302e+000  5.2491085e+000
  6.3667587e+000  2.9446158e+000
  7.3014767e+000  6.8634508e+000
  8.1665872e+000  7.6106854e+000
  7.8452152e+000  6.0665495e+000
  1.6745847e+000  8.4519398e+000
  7.0528882e+000  6.2969396e+000
  4.8399652e+000  3.1077915e+000
  6.0825665e+000 -1.4855330e+000
  4.2652090e+000  2.0429775e+000
  6.8028014e+000  6.0888652e+000
  3.4082093e+000  7.4383790e+000
  9.3039836e+000  6.2860120e+000
  3.6375016e+000  8.6814606e+000
  4.4181253e+000  4.0714339e+000
  4.5697918e+000  3.3655182e+000
  5.6646224e+000  3.7192447e+000
  6.5083214e+000  8.6875589e+000
  1.6335695e+000  3.5532819e+000
  7.4501418e+000  7.7645480e+000
  8.5601715e+000  2.7529118e+000
  1.6152210e+000  8.4784777e+000
 -2.4828417e-002  2.3428575e+000
  2.7873803e+000  7.6026165e+000
  4.3927158e+000  3.8938611e+000
  5.8936265e+000  7.5464173e+000
  1.8707793e+000  3.2170436e+000
  1.3184965e+000  1.9226483e+000
  6.2481088e+000  5.7558391e+000
 -4.2391949e-001  3.8644194e+000
  7.8660403e+000  7.6339801e+000
  3.4751007e+000  5.6305032e+000
  7.5779373e+000  2.9253560e+000
  2.7209320e+000  8.9516689e+000
  3.1480573e+000  7.3862719e+000
  1.8707430e+000  2.5485458e+000
  3.6696358e+000  3.6556276e+000
  9.5544246e+000  5.4992443e+000
  9.4366541e-001  6.5290451e+000
  5.8593397e+000  1.0843907e+000
  3.6110869e+000  7.9245265e+000
  5.5225078e+000  3.7269133e+000
  2.4213853e+000  4.6785746e+000
  5.3881493e+000  2.6933107e+000
  1.7840750e+000  6.1619324e+000
  5.6505594e+000  2.9893254e+000
  7.4254130e+000  3.2231219e+000
  3.3489068e+000  7.8309704e+000
  7.2410494e+000  1.9812684e+000
  8.0879199e+000  6.0015933e+000
  1.9873774e+000  5.0118973e+000
  7.3795645e+000  2.8277411e+000
  9.1225711e+000  4.8169757e+000
  1.7033756e+000  2.9492784e+000
  8.2058299e+000  7.5744311e+000
  5.7841308e+000  5.0546099e+000
  6.7452841e+000  2.1549718e+000
  2.3362338e+000  3.8442610e+000
  5.4763690e+000  6.8277330e+000
  1.5424113e+000  2.0178817e+000
  4.3718519e+000  4.0059944e+000
  3.2743947e+000  7.8579152e+000
  4.2011106e+000  2.9243429e+000
  6.5231633e+000  1.8786559e+000
  5.8717840e+000  6.5147448e+000
  6.9311456e+000  6.9303275e+000
  4.5898385e+000  4.4842061e+000
  6.3886713e+000  3.3037893e+000
  9.1320811e+000  3.5993181e+000
  5.9034623e+000  7.0164376e+000
  6.4257552e+000  9.1542665e+000
  7.3460937e+000  6.5963339e+000
  7.4926297e+000  4.2952219e+000
  9.5624202e+000  4.0863808e+000
  6.3253402e+000  3.3419025e+000
  6.9928935e+000  8.9134914e+000
  2.6056662e+000  3.7094356e+000
  2.2779767e+000  7.0292870e+000
  2.1605562e+000  7.5284895e+000
  2.6649258e+000  3.7695140e+000
  6.1076200e+000  7.0330704e+000
  6.7601112e+000  9.7401682e+000
  5.4454086e+000  3.6807907e+000
  6.3584948e+000  5.2999358e+000
  3.7299039e+000  4.7769257e+000
  8.1188459e+000  5.5963761e+000
  7.8069881e+000  7.1745174e+000
  2.9793982e+000  3.3336430e+000
  8.7225731e+000  3.9597908e+000
  3.1700145e+000  4.5809394e+000
  2.4014193e+000  4.1912073e+000
  7.2956636e+000  8.5387221e+000
  4.5441051e+000  7.8470016e+000
  9.2224941e+000  3.7152332e+000
  9.9686469e+000  3.6391941e+000
  7.4563005e+000  6.1881201e+000
  4.9819565e+000  2.8466719e+000
  2.6185016e+000  3.5535739e+000
  8.9727330e+000  5.6125792e+000
  3.2217157e+000  8.4785881e+000
  9.3476075e+000  4.6625811e+000
  7.2166294e+000  1.7823961e+000
  7.2590447e+000  7.3413118e+000
  1.8917448e+000  3.9122738e+000
  7.5773767e+000  8.0343251e+000
  1.9761627e+000  7.6980257e+000
  3.8314443e+000  2.1635093e+000
  2.9491973e+000  2.5325723e+000
  4.1405942e+000  1.6360547e+000
  6.7760872e+000  6.2475869e+000
  3.6184330e+000  3.7715471e+000
  8.0376340e+000  7.9249152e+000
  3.2152774e+000  4.3703333e+000
  6.8145962e+000  7.1745204e+000
  9.4282245e+000  6.6718127e+000
  2.2703547e+000  6.9379779e+000
  5.9581814e+000  3.9978374e+000
  7.6913082e+000  4.8125182e+000
  9.0043035e+000  4.8445424e+000
  6.3174774e+000  3.0747430e+000
  2.9724614e+000  4.9232219e+000
  4.2595719e+000  8.2297805e+000
  6.8671319e+000  2.5291372e+000
  5.6754534e+000  8.5998301e+000
  2.0192779e+000  3.2189965e+000
  6.1673509e+000  3.4337691e+000
  4.5588291e+000  6.4867635e+000
  1.8295456e+000  7.1188718e+000
  5.5036904e+000  5.2970236e+000
  3.1860413e+000  2.9790122e+000
  4.6142961e+000  4.6692952e+000
  6.5250139e+000  6.8006679e+000
  2.0469933e+000  7.5427080e+000
  7.4278147e+000  2.1229468e+000
  1.9278101e+000  7.5944217e+000
  6.7950970e+000  4.2066340e+000
  2.0276647e+000  7.1224557e+000
  3.7374985e+000  3.7835646e+000
  3.5924079e+000  4.7042807e+000
  7.0307481e+000  3.6858575e+000
  5.8934558e+000  6.5016785e+000
  6.0430057e+000  2.7569186e+000
  4.3705173e+000  1.8788715e+000
  8.7698213e+000  5.3958470e+000
  2.4782824e+000  6.1863523e+000
  6.4448292e+000  1.9153924e+000
  6.3858401e+000  4.2341260e+000
  4.5518227e+000  9.0052194e+000
  2.7198673e+000  7.6773107e+000
  2.7487154e+000  3.2193511e+000
  7.1568673e+000  4.0864092e+000
  5.2025668e+000  4.2454318e+000
  5.1428865e+000  3.0424750e+000
  3.4231932e+000  3.3149704e+000
  2.6291559e+000  4.0461035e+000
  2.9698523e+000  5.1822268e+000
  5.6574881e+000  4.6542009e+000
  2.0130979e+000  6.6312189e+000
  6.7884369e+000  2.7361310e+000
  8.2889267e+000  2.7122432e+000
  3.8258505e+000  4.8121219e+000
  3.2363615e+000  4.9852596e+000
  8.1215547e+000  7.4852208e+000
  2.6642105e+000  3.3666653e+000
  5.0534302e+000  8.3742938e+000
  2.5815217e+000  7.4491080e-001
  6.0867692e+000  2.6988733e+000
  7.5486765e+000  6.7705328e+000
  1.6852513e+000  7.0425609e+000
  8.8069568e+000  3.8113252e+000
  4.8277077e+000  6.6849286e+000
  7.1212248e+000  7.6793069e+000
  2.5282532e+000  2.9718856e+000
  7.0164697e+000  3.8586241e+000
  7.1077456e+000  7.6809285e+000
  4.2022159e+000  6.6557173e+000
  3.2282779e+000  8.8895278e+000
  3.7485061e+000  5.8059031e+000
  3.4599095e+000  3.1517386e+000
  3.5192610e+000  8.1916510e+000
  9.2181766e+000  8.0522453e+000
  2.7221553e+000  8.2945924e+000
  1.9898231e+000  3.0542529e+000
  7.4677518e+000  4.7288028e+000
  6.2025405e+000  3.2740279e+000
  2.9527664e+000  5.1872697e+000
 -2.0711273e-001  4.8700947e+000
  5.6464641e+000  2.7958058e+000
  8.0119165e+000  2.4713372e+000
  7.6377166e+000  5.0677122e+000
  6.2764911e+000  7.2271651e+000
  6.3534519e+000  6.5804397e+000
  9.3275083e+000  3.8013348e+000
  8.8872314e+000  7.8788455e+000
  4.8030947e+000  3.2610484e+000
  4.6608400e+000  6.5008626e+000
  2.2902564e+000  2.7895897e+000
  5.7940988e+000  4.9624803e+000
  3.2166130e+000  7.9983750e+000
  3.2821319e+000  4.8718512e+000
  6.0276990e+000  3.9202986e+000
  7.9853464e+000  3.1793757e+000
  3.8870911e+000  3.7500853e+000
  8.2344365e+000  4.1803197e+000
  6.8769765e+000  4.6679977e+000
  5.6442865e+000  2.9302345e+000
  7.9114159e+000  2.2294421e+000
  5.2967465e+000  2.9023182e+000
  7.9849856e+000  3.2671292e+000
  4.9878564e+000  1.4636430e+000
  7.0406731e+000  3.4872401e+000
  9.3675261e+000  7.3533801e+000
  3.1955555e+000  4.6364489e+000
  5.6460864e+000  3.5148074e+000
  5.0925017e+000  2.7401712e+000
  9.3536885e+000  6.4172214e+000
  7.6368354e+000  3.1465912e+000
  1.5393596e+000  4.7800453e+000
  5.8188922e+000  4.3448059e+000
  5.5399969e+000  6.9577200e+000
  2.8991108e+000  1.8224756e+000
  6.1388904e+000  7.8748119e+000
  7.1102699e+000  8.0773422e-002
  2.0045076e+000  2.0599313e+000
  9.0036702e-001  7.0391603e+000
  4.8986850e+000  7.7035729e+000
  4.6855508e+000  7.0447479e+000
  7.2684056e+000  2.8363184e+000
  7.4879998e+000  5.5005342e+000
  7.0742101e+000  7.0214758e+000
  6.3467236e+000  4.0085795e+000
  7.3325249e+000  6.1261679e+000
  2.6746070e+000  5.0261909e+000
  3.9918709e+000  6.5168880e+000
  7.0426036e+000  2.4004998e+000
  7.7644779e+000  8.4755878e+000
  6.2435041e+000  7.7191938e+000
  4.2065775e+000  3.5304691e+000
  2.6938026e+000  4.9094487e+000
  4.9276248e+000  1.9184272e+000
  6.3242092e+000  5.3591613e+000
  5.8730733e+000  2.8752737e+000
  6.1007041e+000  6.3136957e+000
  4.3716144e+000  2.6177063e+000
  3.3211424e+000  8.0562225e+000
  1.8043058e+000  6.9346939e+000
  3.2641345e+000  4.9188680e+000
  5.3116425e+000  3.4826910e+000
  2.9060490e+000  3.5420373e+000
  3.2380081e+000  7.8734252e+000
  3.9501752e+000  6.2590787e+000
  9.6503435e+000  3.9680919e+000
  4.8571044e+000  7.1784307e+000
  2.8401351e+000  8.2103873e+000
  4.4225824e+000  6.1626419e+000
  5.7833248e+000  3.0986595e+000
  3.5980788e+000  8.4489602e+000
  2.7463677e+000  2.8964065e+000
  6.7402571e+000  6.4859699e+000
  4.4974808e+000  9.6436897e+000
  4.9964270e+000  3.5244521e+000
  5.2822257e+000  5.1785471e+000
  5.2427636e+000  7.0161910e+000
  5.2689976e+000  5.1739435e+000
  4.4680747e+000  6.2984977e+000
  3.5311405e+000  2.7920629e+000
  3.6415412e+000  8.2752632e+000
  2.3815317e+000  7.2131575e+000
  1.8345333e+000  2.5783520e+000
  3.6406703e+000  2.3562281e+000
  2.1774038e+000  5.1157228e+000
  5.8751303e+000  2.9974713e+000
  8.1621412e+000  8.2458900e+000
  6.5612519e+000  6.3752747e+000
  5.8133849e+000  7.4762232e-001
  4.3234087e+000  3.8741145e+000
  3.1357233e+000  2.2607065e+000
  3.3357568e+000  8.2024801e+000
  9.1972308e+000  3.7931873e+000
  2.9128822e+000  8.6524060e+000
  1.4339287e+000  5.7588557e+000
  5.7043429e+000  4.2533360e+000
  1.5514288e+000  5.0900290e+000
  1.9899438e+000  7.1559161e+000
  7.0713162e+000  2.3802974e-001
  2.7847326e+000  8.8143926e+000
  4.1005822e+000  7.3105731e+000
  2.7249010e+000  3.3880900e+000
  9.4149904e+000  3.0475510e+000
  2.8287194e+000  2.6713520e+000
  5.8837060e+000  2.6798850e+000
  5.3653707e+000  2.8375060e+000
  2.9936935e+000  2.9636457e+000
  3.3199840e+000  6.3209437e+000
  3.1946725e+000  4.3373231e+000
  2.9503495e+000  4.5388561e+000
  6.0569013e+000  3.0628970e+000
  3.7575219e+000  2.5620120e+000
  3.3225579e+000  3.7808567e+000
  5.1846974e+000  5.3711838e+000
  5.8034039e+000  5.1967261e+000
  6.5910449e+000  7.9340061e+000
  6.3568505e+000  6.2021630e-001
  4.4186579e+000  8.4772060e+000
  6.7171168e+000  2.5690317e+000
  3.2944381e+000  4.1143426e+000
  8.4537004e+000  4.5491077e+000
  8.4103209e+000  3.1931875e+000
  5.8345190e+000  1.5317449e+000
  3.6393048e+000  7.9817057e+000
  2.1386744e+000  7.5283509e+000
  3.6276580e-001  6.8164707e+000
  6.8543444e+000  6.5620273e+000
  6.6127603e+000  2.0970058e+000
  4.4458563e+000  2.9514477e+000
  5.2108222e+000  3.1306319e-003
  5.6052463e+000  2.7235349e+000
  6.8856201e+000  6.9681764e+000
  6.1519368e+000  7.0773182e+000
  7.9353345e+000  5.5790719e+000
  3.8961220e+000  3.2775871e+000
  7.0356339e+000  4.1168513e+000
  1.1316246e+000  6.6817187e+000
  2.9357170e+000  7.4831931e+000
  6.1782042e+000  5.0626878e+000
  8.7697123e+000  3.8114833e+000
  6.2049581e+000  2.7478500e+000
  3.9252305e+000  7.3388858e+000
  7.0031115e+000 -3.4728843e-001
  7.1481309e+000  6.6465493e+000
  6.0169676e+000  4.2944315e+000
  2.6994222e+000  4.8300905e+000
  3.3856354e+000  3.0660502e+000
  2.4669734e+000  6.1716334e+000
  6.9128081e+000  4.3688578e+000
  3.2031034e+000  2.7910249e+000
  5.9163893e+000  3.4417534e+000
  2.3228674e+000  7.8002099e+000
  6.1954873e+000  3.8206314e+000
  7.0029442e+000  2.6756443e+000
  4.6625137e+000  4.8157618e+000
  6.9964116e+000  1.3445907e+000
  6.1218914e+000  4.9495769e+000
  1.0282107e+000  1.5694254e+000
  5.6540536e+000  2.8789157e+000
  8.5767111e+000  4.1322793e+000
  8.3904127e+000  5.2580670e+000
  6.1431738e+000  4.7219643e+000
  7.7250802e+000  4.6983411e+000
  8.5957783e+000  4.3593513e+000
  4.4404411e+000  3.9093970e+000
  9.0611365e+000  3.9502280e+000
  9.6594648e+000  8.3447915e+000
  8.2704195e+000  6.2869814e+000
  6.1607168e+000  3.5813597e+000
  4.7874433e+000  2.5883319e+000
  3.8390352e+000  3.7507001e+000
  6.5995891e+000  2.4369180e+000
  2.9606266e+000  3.7058145e+000
  4.0747381e+000  6.2634666e+000
  7.6430771e+000  8.7935346e+000
  2.1823979e+000  7.5447371e+000
  5.5891872e+000  5.2091753e+000
  3.2944177e+000  3.8677418e+000
  8.1817305e+000  9.4383283e+000
  2.7672159e+000  3.4223895e+000
  8.2615425e+000  2.7004556e+000
  4.1715866e+000  8.2262657e+000
  2.0629268e+000  7.5863229e+000
  1.5586219e+000  2.5943996e+000
  1.9145095e+000  6.5216233e+000
  8.2874144e+000  5.8507108e+000
  1.1015213e+000  5.3411962e+000
  3.8223265e+000  8.1948089e+000
  8.3924581e-001  8.8132558e+000
  2.1018569e+000  3.7312122e+000
  7.0838162e+000  8.6797100e+000
  5.5966353e-001  7.4219745e+000
  5.4548237e+000  4.3127823e+000
  1.4929661e+000  6.5221082e+000
  3.2005142e+000  8.3881537e+000
  5.5483939e+000  4.1495731e+000
  6.0851635e+000  2.6955495e+000
  2.9194330e+000  4.4824256e+000
  3.5014973e+000  4.5484758e+000
  1.5769205e+000  6.5397100e+000
  1.6957679e+000  7.1931571e+000
  5.3849871e+000  3.5436854e+000
  5.2293731e+000  2.8467870e+000
  8.7433142e+000  6.2479398e+000
  6.9938188e+000  8.0238129e+000
  9.1093403e+000  5.9780632e+000
  7.7103400e+000  3.4561857e+000
  6.9843350e+000  8.9096842e+000
  2.7383791e+000  5.1295168e+000
  6.6776991e+000 -9.2197112e-001
  3.3505431e+000  7.0678610e+000
  7.6921872e+000  5.6274992e+000
  9.0352147e+000  3.7085174e+000
  8.9567044e+000  7.9225010e+000
  2.9170233e+000  3.0708759e+000
  5.1389293e+000  3.8267723e+000
  3.1088478e+000  2.7979372e+000
  4.0188474e+000  1.9842359e+000
  4.9242906e+000  2.6175094e+000
  4.1316386e+000  3.5898566e+000
  2.4303035e+000  3.7906447e+000
  5.9593494e+000  8.1698041e+000
  6.3648928e+000  4.2721109e+000
  5.9595998e+000  7.7095571e+000
  5.0762024e-003  8.2229142e+000
  7.6122265e+000  4.4944605e+000
  2.5770875e+000  2.9510659e+000
  2.1491853e+000  7.3988468e+000
  7.9556845e+000  6.3841166e+000
  1.7547946e+000  7.0958703e+000
  8.7587051e+000  5.1092946e+000
  2.1748415e+000  5.0361255e+000
  5.2081863e+000  5.1812674e+000
  5.0289540e+000  4.5743811e+000
  2.4498531e+000  8.3132179e+000
  3.9072496e+000  7.9830272e+000
  5.0996714e+000  3.3581497e+000
  5.1124783e+000  1.5207073e+000
  5.7794108e+000  3.0624068e+000
  2.8294704e+000  7.5891069e+000
  8.2039604e+000  3.1862933e+000
  3.5392446e+000  1.0065372e-002
  6.4044560e+000  2.7914874e+000
  7.0156766e+000  7.7332533e+000
  6.4139205e+000  3.4267732e+000
  5.7907779e+000  6.2381757e+000
  6.5016275e+000  5.9279103e+000
  7.3652956e+000  2.4860879e+000
  6.3539844e+000  5.4208431e+000
  2.7534607e+000  8.4419547e+000
  2.3363583e+000  4.8871199e+000
  2.0018644e+000  3.5260826e+000
  7.2766576e+000  3.1934817e+000
  1.9753259e+000  7.1863148e+000
  1.8932574e+000  3.2100776e+000
  6.0227045e+000  6.5947320e+000
  8.1663575e+000  7.8150969e+000
  5.5924671e+000  3.0740852e+000
  7.4817270e+000  6.5394782e+000
  8.6471512e+000  6.9013580e+000
  3.5671447e+000  4.8590297e+000
  4.7585733e+000  2.9413422e+000
  7.3832065e+000  3.9933262e+000
  8.6275984e+000  3.3093107e+000
  8.4383884e+000  3.3938025e+000
  7.5020405e+000  7.0528236e+000
  5.3374790e+000  6.2953173e+000
  5.7556453e+000  4.4247503e+000
  3.3315278e+000  3.0428565e+000
  7.0467105e+000  2.7850044e+000
  1.6736653e+000  2.8351034e+000
  7.0039652e+000  3.9983459e+000
  1.6020665e+000  4.0895477e+000
  1.3567241e+000  2.4472210e+000
  8.2276625e+000  6.9015061e+000
  5.8529697e+000  8.3472756e+000
  5.3434945e+000  4.0290529e+000
  5.0962703e+000  3.7305729e+000
  3.6688585e+000  2.0008199e+000
  3.3605594e+000  4.6941901e+000
  7.6121428e+000  3.8264426e+000
  3.7851764e+000  2.4517676e+000
  7.6554058e+000  7.5281867e+000
  2.5513567e+000  6.9988537e+000
  1.8860593e+000  2.3150339e+000
  6.9276843e+000  3.3270542e+000
  8.4873651e+000  3.9914659e+000
  2.6047868e+000  2.3646789e+000
  2.6358221e+000  3.6615554e+000
  6.7420934e+000  9.0427874e+000
  2.8778927e+000  6.8634715e+000
  1.5709346e+000  8.5389495e+000
  6.3014344e+000 -1.3318450e+000
  3.1069265e+000  8.4083247e+000
  6.0912253e+000  4.0940889e+000
  6.5041693e+000  4.9731309e+000
  3.4650476e+000  1.5519307e+000
  4.5611276e+000  1.6548688e+000
  4.7501978e+000  6.4617827e+000
  3.2265596e+000  8.0693063e+000
  7.2750645e+000  6.9378571e+000
  3.5306913e+000  7.5319362e+000
  3.6890994e+000  7.8045197e+000
  6.1886342e+000  2.9143461e+000
  6.2032044e+000  7.4425438e+000
  4.3417795e+000  3.1216214e+000
  5.2471848e+000  8.1067524e+000
  2.1824022e+000  4.6846976e+000
  7.4665403e+000  5.5156827e+000
  5.5127731e+000  5.5228635e+000
  9.1193910e+000  5.7875253e+000
  7.6820650e+000  2.5751700e+000
  9.7607946e+000  4.4122523e+000
  7.0394489e+000  3.4550201e+000
 -5.0524132e-001  4.4983592e+000
  3.8951337e+000  3.1946743e+000
  5.0640609e+000  7.1528894e+000
  3.2240366e+000  8.2670149e+000
  4.9740435e+000  3.9538631e+000
  2.4917055e+000  7.7515805e+000
  4.6847130e+000  7.2937213e+000
  9.0595136e+000  3.1170415e+000
  2.6881924e+000  8.2368898e+000
  3.1438190e+000  5.0900729e+000
  7.0261489e+000  9.0586031e+000
  4.1200365e+000  3.7061847e+000
  2.3373847e+000  6.7924943e+000
  7.9140275e+000  8.8621194e+000
  3.9657608e+000  3.0989650e+000
  7.4164421e+000  9.2822904e+000
  2.3134806e+000  6.8443639e+000
  4.4332965e+000  6.4101819e+000
  7.7509792e+000  7.3458352e+000
  4.9263390e+000  2.3905808e+000
  8.4728700e+000  4.5528143e+000
  4.3772355e+000  3.7679371e+000
  7.2131434e-001  7.0539143e+000
  3.5347757e+000  6.9332825e+000
  7.2306260e+000  8.0754547e+000
  1.3075638e+000  5.3916766e+000
  2.3359283e+000  4.9543795e+000
  5.6795178e+000  6.8038697e+000
  4.4969112e+000  3.8384473e+000
  1.2697071e+000  2.0567911e+000
  8.4863538e+000  7.5148637e+000
  5.6707312e+000  6.4044984e+000
  5.8805044e+000  2.6102417e+000
  4.2028662e+000  5.5416473e+000
  2.6009791e+000  3.1540690e+000
  7.7088796e+000  2.8940713e+000
  2.5085263e+000  5.3491993e+000
  3.3959716e+000  3.2766033e+000
  5.9362132e+000  3.1831362e+000
  7.3295267e+000  3.1754350e+000
  2.1599558e+000  7.7412342e+000
  7.4385859e+000  6.3226129e+000
  5.4921516e+000  4.1953307e+000
  8.8919561e+000  6.8363824e+000
  4.1523490e+000  8.3378674e+000
  7.4465006e+000  2.6554828e+000
  1.9056358e+000  3.3183382e+000
  7.0190092e+000  6.6466862e+000
  3.6138943e+000  7.9359428e+000
  3.5574506e+000  2.5436047e+000
  9.2805060e+000  4.2963285e+000
  4.0948932e+000  2.7969157e+000
  2.5786165e-001  3.8933627e+000
  2.3525402e+000  2.9226257e+000
  5.1940595e+000  4.2512251e+000
  4.0567263e+000  3.4522222e+000
  3.2156641e-001  2.1753423e+000
  2.7779105e+000  1.4261027e+000
  1.0252609e+000  3.4925579e+000
  5.3768050e+000  4.8830135e+000
 -1.6436266e-001  3.5142830e+000
  5.9606778e+000  3.5437043e+000
  7.2953835e+000  5.7321333e+000
  6.2058244e+000  4.7516173e+000
  2.0982746e+000  4.9204168e+000
  2.5402330e+000  4.9791907e+000
  6.0671361e+000  7.2874711e+000
  3.0186120e+000  3.1410589e+000
  9.3344941e+000  4.3645388e+000
  9.6075385e+000  4.1686146e+000
  5.8340414e+000  6.5244358e+000
  2.5905535e+000  4.9368701e+000
  2.7575299e+000  4.7652547e+000
  8.5934763e+000  3.9681025e+000
  8.8607333e+000  8.5643310e+000
  2.8250803e+000  8.0222687e+000
  2.0071696e+000  4.2006799e+000
  5.7108675e+000  5.8255532e+000
  6.8731986e+000  7.4582766e+000
  5.4365879e+000  4.0248951e+000
  4.6630370e+000  8.3108622e+000
  2.4075946e+000  2.9678432e+000
  2.2033473e+000  6.9090649e+000
  7.4007543e+000  5.1577256e+000
  5.4699297e+000  4.0779449e+000
  9.1854998e+000  3.6979197e+000
  2.7936132e+000  1.7721747e+000
  7.4729669e+000  8.7882004e+000
  1.8072520e+000  7.4587522e+000
  3.8563571e+000  7.6743365e-001
  6.1004774e+000  3.5099715e+000
  4.3480245e+000  7.2321487e+000
  5.9715791e-001  3.8851927e+000
  5.5610108e+000  4.0627074e+000
  6.7078764e+000  1.6711631e+000
  9.5872185e+000  6.6428405e+000
  1.0198070e+000  2.7556178e+000
  6.9391544e+000  7.6395387e+000
  5.8870838e+000  3.8208902e+000
  4.0219813e+000  2.8487206e+000
  3.1021821e+000  2.9697787e+000
  6.1212731e+000  6.4732028e+000
  7.6464794e+000  4.7813094e+000
  9.0814417e+000  8.9398890e+000
  1.7089446e+000  7.1496528e+000
  1.7920093e+000  7.2805827e+000
  6.9709485e+000  7.2043726e+000
  5.8775121e+000  3.4189153e+000
  2.0642388e+000  7.1458326e+000
  2.9338615e+000  5.1223328e+000
  6.9243937e+000  7.3512751e+000
  5.5867420e+000 -1.4346256e-001
  7.7053366e+000  5.5836446e+000
  9.3258153e+000  4.8958566e+000
  3.1733945e+000  7.1686852e+000
  7.7292728e+000  3.9664119e+000
  2.8088313e+000  8.0562545e+000
  5.2694779e+000  1.5240913e+000
  2.6592243e+000  8.4587997e+000
  4.0079945e+000  1.6384079e+000
  9.6155595e+000  3.2415416e-001
  5.0530313e+000  5.5785589e+000
  5.0392675e+000  2.7956241e+000
  1.9665828e+000  2.7165084e+000
  6.8269848e+000  4.9073740e+000
  6.8313926e+000  2.2747084e+000
  6.1730458e+000  7.4551439e+000
 -3.7307823e-001  4.9703774e+000
  3.8092664e+000  9.5775109e+000
  1.5250287e+000  1.9484398e+000
  1.6925189e+000  7.3653547e+000
  3.1288913e+000  8.1459982e+000
  2.4340254e+000  3.2152897e+000
  5.0860811e+000  6.6652429e+000
  6.3572630e+000  2.6972909e+000
  1.7529011e+000  6.5877363e+000
  8.7283210e+000  3.4058564e+000
  2.1180539e+000  3.4085927e+000
  1.7644050e+000  5.7658009e+000
  3.0800517e+000  2.8765433e+000
  7.0328933e+000  6.6245313e+000
  5.2350655e+000  6.6342318e+000
  5.7619776e+000  7.0069029e+000
  7.6301130e+000  9.2873842e+000
  7.0374085e+000  6.4308258e+000
  6.4909530e+000  2.4182168e+000
  4.7738841e+000  3.1283595e+000
  6.7662766e+000  3.0011075e+000
  2.9569216e+000  1.9562798e+000
  3.0456429e+000  3.2080336e+000
  3.0926100e+000  4.4089322e+000
  1.0155518e+001  3.4845890e+000
  3.1464835e+000  7.6776927e+000
  5.6982720e+000  6.6630808e+000
  2.5928757e+000  8.7125200e+000
  2.8241901e+000  5.6703393e+000
  8.8288891e+000  6.2516263e+000
  3.6875962e+000  9.5900418e-001
  4.4298481e+000  6.4985357e+000
  5.5843400e+000  1.3688567e+000
  2.3160637e+000  5.3634522e+000
  7.2278823e+000  6.7255023e+000
  5.8062809e+000  3.5354011e+000
  8.2564390e+000  7.1837051e+000
  7.0300423e+000  3.7666092e+000
  4.3809133e+000  4.9400218e+000
  4.8192400e+000  3.5653205e+000
  7.6065100e+000  7.1630338e+000
  2.1665974e+000  5.6783472e+000
  6.1200477e+000  5.0893409e+000
  2.2407805e+000  5.2398948e+000
  7.1394911e-001  7.8249087e+000
  5.1670777e+000  1.1829516e+000
  3.3502018e+000  2.7113654e+000
  1.8416056e+000  7.2956807e+000
  3.1677048e+000  4.5757562e+000
  1.8927947e+000  7.4248807e+000
  2.5520776e+000  5.3560800e+000
  2.9896824e+000  5.3446502e+000
  7.1101482e+000  5.7534640e-001
  6.7443421e+000  3.0065132e+000
  5.3410584e+000  4.7707390e+000
  5.8464058e+000  8.6191181e+000
  2.4278924e+000  3.1921133e+000
  1.9537181e+000  7.3087603e+000
  4.0561133e+000  3.2557690e+000
  5.8430691e+000  4.0272554e+000
  8.0616269e+000  6.6132734e-001
  6.2768968e+000  2.4666096e+000
  3.2705935e+000  8.8145076e+000
  5.7647394e+000  4.8345441e+000
  7.0554495e+000  2.5604869e+000
  2.9015123e+000  6.3553095e+000
  5.9907906e+000  3.4742882e+000
  7.5289767e+000  8.2942985e+000
  9.4190602e+000  4.4681028e+000
  3.0105173e+000  4.2252469e+000
  5.0714622e+000  2.0605925e+000
  2.1785501e+000  3.5456135e+000
  3.4259061e+000  9.7995794e+000
  2.7362550e+000  6.8525239e+000
  7.9277436e+000  6.2111472e+000
 -6.1073938e-001  9.3521082e+000
  8.4562857e+000  5.3246151e+000
  4.4582219e+000  6.2245579e+000
  1.3408106e+000  2.0041758e+000
  4.0003553e+000  7.6744218e+000
  5.1741512e+000  6.4406096e+000
  6.2637356e+000  3.7292234e+000
  2.7440842e+000  4.5723125e+000
  6.9055647e+000  3.6989208e+000
  2.6491139e+000  4.9154109e+000
  6.0944621e+000  4.8215351e+000
  3.2859341e+000  5.0619237e+000
  2.8755374e+000  8.3770499e+000
  8.6929034e+000  5.2032677e+000
 -1.1833921e-001  2.5104602e+000
  2.8243851e+000  2.8198763e+000
  4.3647513e+000  2.0561724e+000
  9.4943940e+000  3.5708977e+000
  2.8657154e+000  7.5204090e+000
  6.6536041e+000  4.7154436e+000
  2.6980838e+000  4.8486004e+000
  4.7309508e+000  1.2647299e+000
  5.8797509e+000  5.3831858e+000
  7.1836062e+000  6.8162996e+000
  6.8974237e+000  2.2223128e+000
  9.6597201e+000  4.5676054e+000
  4.3421145e+000  6.0095728e+000
  4.2562148e+000  3.3919131e+000
  6.7931879e+000  6.2516783e+000
  4.6049312e+000  3.3992998e+000
  1.8029199e+000  6.8824008e+000
  4.6858832e+000  6.7302477e+000
  7.5829902e+000  3.7535226e+000
  3.9506699e+000  2.1800977e+000
  8.5886453e+000  6.1643472e+000
  3.9353797e-002  3.8620206e+000
  2.1641885e+000  5.2030699e+000
  5.4229339e+000  4.7975867e+000
  8.4345636e+000  3.0855872e+000
  2.6919300e+000  4.4418175e+000
  3.6103697e+000  3.6698123e+000
  4.6370419e+000  7.7330910e+000
  7.3334139e+000  4.0683085e+000
  5.3842357e+000  3.8162423e+000
  7.1096451e+000  2.0383480e+000
  8.1120489e+000  4.5430356e+000
  3.6919020e+000  4.6769260e+000
  7.0441148e+000  7.9534873e+000
  9.4727730e+000  7.0176138e+000
  6.0559881e+000  2.8583763e+000
  6.6015536e+000  8.3424217e+000
  6.7521346e+000  6.9320436e+000
  3.9187038e+000  3.6579491e+000
  5.1246253e+000  5.8320680e+000
  7.7020507e+000  3.7807630e+000
  1.8262404e+000  6.7368837e+000
  5.3457452e+000  2.6131995e+000
  2.8630150e+000  5.3364128e+000
  2.1722116e+000  5.3150737e+000
  9.5637716e+000  4.8555220e+000
  5.8209201e+000  5.4113971e-001
  5.6630417e+000  5.9706469e+000
  3.0903882e+000  9.6068639e+000
  8.9240409e+000  3.8306064e+000
  1.9328055e+000  2.6447281e+000
  5.4494062e+000  7.0357511e+000
  6.2736661e+000  2.4342678e+000
  6.8067423e+000  4.2676281e+000
  6.8445967e+000  2.3925358e+000
  5.6300166e+000  8.3621478e+000
  4.3682414e+000  7.8795519e+000
  6.6440687e+000  7.2557433e+000
  1.9658271e+000 -7.5065412e-002
  5.3982758e-001  5.9732641e+000
  2.5178918e+000  4.2266521e+000
  3.0133945e+000  7.7479935e+000
  4.7736956e+000  4.1148455e+000
  2.7162585e+000  7.0682648e+000
  5.8251855e+000  3.3501753e+000
  3.3778171e+000  7.5565148e+000
  6.4864669e+000  2.9441133e+000
  8.0409206e+000  4.7321526e+000
  4.7460845e+000  8.5134996e+000
  5.3507397e+000  3.8491236e+000
  5.7544666e+000  3.2509822e+000
  3.2976171e+000  3.9053304e+000
  9.0342720e+000  2.1866563e+000
  6.9046867e+000  3.2181976e+000
  2.8619006e+000  4.8284863e+000
  7.5619574e+000  2.9454966e+000
  4.6502158e+000  3.4288097e+000
  2.5299194e+000  4.2141850e+000
  5.0057765e+000  3.7280490e+000
  5.9599185e+000  4.7696729e+000
  1.7928665e+000  6.9979068e+000
  5.6340444e+000  6.4969251e+000
  5.2060224e+000  2.4106067e+000
  3.9803834e+000  8.0979293e+000
  2.1955312e+000  7.1651584e+000
  7.8917510e+000  2.6177958e+000
  2.0237375e+000  7.8208013e+000
  5.5026448e+000  6.6997170e+000
  7.7874720e+000  8.5643906e+000
  3.0533440e+000  3.5231710e+000
  3.4896207e+000  7.9801356e+000
  8.6001951e+000  4.7416911e+000
  3.5707802e+000  6.8161005e+000
  3.4956839e+000  4.9317717e+000
  3.9272357e+000  3.4460786e+000
  2.1046186e+000  3.3349439e+000
  5.6927367e+000  3.8753361e+000
  6.9707001e+000  1.6544634e+000
  8.8136269e+000  3.8713243e+000
  7.3245031e+000  7.0369409e+000
  5.3710623e-001  7.2692293e+000
  6.4557542e+000  7.0393027e+000
  7.3928167e+000  7.0558595e+000
  6.0956532e+000  3.8413745e+000
  8.2433719e+000  2.6382851e+000
  8.9351524e+000  8.2659579e+000
  6.9692596e+000  6.7426818e+000
  2.2916397e+000  6.6672964e+000
  1.8800556e+000  7.1000153e+000
  6.2309296e+000  3.0798397e+000
  5.6648990e+000  6.8469538e+000
  7.2061962e+000  5.7563647e+000
  7.0476668e+000  5.8040510e+000
  4.2580957e+000  8.4899101e+000
  2.3469556e+000  2.7961455e+000
  9.0293279e+000  8.6775957e+000
  4.6068944e+000  6.7554730e+000
  8.4492664e+000  8.7810633e+000
  9.5036156e+000  3.6388029e+000
  5.1631651e+000  2.9929775e+000
  5.2639431e+000  2.7563103e+000
  9.5862813e+000  6.5871869e+000
  6.5719720e+000  1.2127164e+000
  7.1332671e+000  7.1294619e+000
  7.7716401e+000  3.2978242e+000
  5.6927906e+000  2.5399842e+000
  6.5872574e+000  8.2733396e+000
  5.7358820e+000  6.0426853e+000
  1.0089115e+001  3.6026156e+000
  5.6093590e+000  3.3322634e+000
  5.0891171e+000  3.8222571e+000
  9.8445891e+000  5.9138491e+000
  9.4993168e+000  4.0233316e+000
  4.0052411e+000  9.4105352e+000
  1.9489416e+000  7.4337537e+000
  5.4657923e+000  2.9377090e+000
  4.2181776e+000  2.3962289e+000
  7.2472830e+000  7.4493681e+000
  6.8007293e+000  3.7060329e+000
  2.2178489e+000  5.8517040e+000
  6.2182313e+000  4.3233983e+000
  3.0941989e+000  3.7274599e+000
  5.0896602e+000  3.2741337e+000
  6.8875723e+000 -3.3474616e-001
  3.3887178e+000  7.7208175e+000
  7.7290112e+000  2.7417772e+000
  7.1802963e+000  7.2660107e+000
  4.1016762e+000  5.6849496e+000
  6.6079541e+000  3.6185933e+000
  5.3921590e+000  3.2077846e+000
  5.7585780e+000  4.0919214e+000
  8.8102863e+000  4.0561321e+000
  7.3333184e+000  9.3401994e+000
  3.0491318e+000  2.4782142e+000
  7.4030993e+000  7.1884848e+000
  4.6089577e+000  4.1545171e+000
  6.6863552e+000  2.8739512e+000
  2.0915232e+000  2.8930857e+000
  3.6939328e+000  7.5366636e+000
  3.1525424e+000  3.4359902e+000
  2.5768751e+000  3.5267804e+000
  2.8795949e+000  8.3605216e+000
  4.3959749e+000  3.5811894e+000
  2.9971635e+000  8.4578911e+000
  2.7482525e+000  4.7792186e+000
  3.6904683e+000  7.9443722e+000
  1.9754506e+000  7.7324155e+000
  4.3048904e+000  3.2747245e+000
  5.6282641e+000  6.6225378e+000
  1.9320612e+000  9.9147174e+000
  5.6286164e+000  3.2767700e+000
  3.5923114e+000  3.8022020e+000
  1.2917447e+000  2.6159486e+000
  7.3112406e+000  6.0412327e+000
  5.8635186e+000  6.2489317e+000
  1.3663149e+000  8.5697953e+000
  7.6883268e+000  5.1202194e+000
  9.4563412e+000  4.8958501e+000
  2.5515509e+000  1.3131060e+000
  2.8181133e+000  4.8049338e+000
  9.2615491e+000  4.7554761e+000
  4.4977338e+000  3.7372153e+000
  7.6505376e+000  7.1181337e+000
  2.8835057e+000  1.5112597e+000
  6.2338809e+000  4.4928433e+000
  2.6860298e+000  2.8936417e+000
  5.0366484e+000  1.6170562e+000
  6.0481305e+000 -1.2385064e-001
  4.4875029e+000  3.5344938e+000
  3.8666334e+000  3.5804019e+000
  2.6860650e+000  4.9244874e+000
  7.8244952e+000  4.0420890e+000
  5.5269165e+000  6.6563487e+000
  1.7016568e+000  4.4715825e+000
  5.6080441e+000  1.2596823e+000
 -4.6352712e-001  4.1592708e+000
  6.4259685e+000  7.0882704e+000
  2.4518270e+000  2.8353798e+000
  6.5703420e+000  6.6553411e+000
  3.1434376e+000  7.7284129e+000
  7.1260403e+000  3.4307982e+000
  5.6983505e+000  7.1331204e+000
  6.4586337e+000  7.2332580e-001
  5.6672114e+000  2.9792642e+000
  7.6794285e+000  3.2762524e+000
  6.8277422e+000  5.9284368e+000
  7.3153352e+000  5.9151784e+000
  3.6104323e+000  3.8096824e+000
  2.1176232e+000  7.3836904e+000
  7.4151178e+000  7.5607680e+000
  6.3598322e+000  8.2402528e-001
  3.4117738e+000  8.8929964e+000
  4.1109228e+000  6.0666533e+000
  7.4942195e+000  2.2157742e+000
  7.5231882e+000  7.1513521e+000
  2.9968852e+000  7.7351355e+000
  4.7652350e+000  3.5501971e+000
  2.0271214e+000  7.4252455e+000
  1.0152805e+001  3.5711817e+000
  5.4922876e+000  7.5069971e+000
  6.6208590e+000  2.4830314e+000
  8.6183906e+000  5.7365179e+000
  8.8801319e+000  4.2687187e+000
  6.2793541e+000  6.3596242e-001
  2.5150436e+000  3.4390291e-001
  7.6979475e+000  7.4952214e+000
  8.8488394e+000  3.0172519e-001
  9.6263310e+000  4.4125294e+000
  2.0354756e+000  2.3665057e+000
  8.8097256e+000  3.7329271e+000
  7.1611422e+000  3.9511488e+000
  6.2408676e+000  1.4081090e+000
  4.2847557e+000  2.1497150e+000
  7.0511495e+000  3.3582272e+000
  3.6580776e+000  2.5619112e+000
  3.6533331e+000  4.6840004e+000
  4.9949993e+000  4.1268671e+000
  8.4802597e+000  6.5732892e+000
  5.3844100e+000  7.9577214e+000
  7.0655593e+000  6.9627668e+000
  3.2013859e+000  2.9244279e+000
  9.3936139e+000  7.7153912e+000
  3.0165348e+000  6.9838299e+000
  7.6013068e+000  8.9345035e+000
  6.8725492e+000  8.8952281e+000
  5.1957158e+000  8.5161611e+000
  9.3228584e+000  3.8968513e+000
  6.1632509e+000  4.8889470e+000
  8.0330783e+000  8.6941796e+000
  6.1851612e+000  3.6703393e+000
  6.9672298e+000  7.9020307e+000
  2.7671796e+000  8.7011026e+000
  4.9691651e+000  2.5119194e+000
  4.9832980e+000  7.9314981e+000
  6.9178887e+000  1.1615450e+000
  9.4555860e+000  6.2505859e+000
  6.5682114e+000  6.6398982e+000
  3.3503598e+000  8.0145877e+000
  5.0160905e+000  3.0043530e+000
  3.6569403e+000  3.0371495e+000
  4.0930822e+000  4.6027176e+000
  4.4676831e+000  6.2642420e+000
  4.8061098e+000  2.4590935e+000
  7.0870022e+000  6.0805329e+000
  3.0531635e+000  5.1563004e+000
  3.2914139e+000  7.9445053e+000
  5.7016551e+000  6.6446211e+000
  1.4842915e+000  5.0700838e+000
  6.8508274e+000  6.1889287e+000
  2.9241680e+000  7.7424106e+000
  5.5587791e+000  6.4886319e+000
  6.9642704e+000  9.6814031e+000
  1.8440786e+000  6.6809270e+000
 -4.9706212e-001  4.6207959e+000
  6.5181750e+000  4.6475710e+000
  2.4371288e+000  6.7897949e+000
  6.0442850e+000  3.3438193e+000
  2.1331641e+000  4.9981088e+000
  5.6314012e+000  5.4919981e+000
  4.2235147e+000  6.5114988e+000
  3.4930584e+000  7.5519352e+000
  5.9040931e+000  5.6132491e+000
  1.7266096e+000  7.7897752e+000
  5.6233990e+000  3.0898173e+000
  8.7100669e-001  7.0291577e+000
  8.6011204e+000  5.7574752e+000
  6.4297759e+000  3.2775599e+000
  6.3837220e+000  7.3199438e+000
  3.6585852e+000  6.8708434e+000
  7.5020402e+000  6.4590270e+000
  7.7326173e+000  9.1728860e+000
  9.6479531e+000  5.2918150e+000
  7.0953061e+000  5.9442104e+000
  7.0204381e+000  6.2452899e+000
  7.1689811e+000  6.3019782e+000
  7.1953225e+000  2.7870261e+000
  6.0751931e+000  7.1123758e+000
  8.3034950e+000  6.0689138e+000
  1.5617837e+000  2.9113859e+000
  1.0252219e+001  3.5184685e+000
  4.3364037e+000  3.7806668e+000
  6.2575478e+000  4.8223435e+000
  5.1781714e+000  3.6109567e+000
  3.2863270e+000  2.8706566e+000
  2.8461431e+000  8.7447737e+000
  3.3472444e+000  7.8652335e+000
  7.0909590e+000  6.1783868e+000
  6.0249987e+000  3.1749381e+000
  7.1250880e+000  2.5081792e+000
  6.7571454e+000  3.0380982e+000
  9.3867147e+000  6.0958408e+000
  7.5578155e+000  1.2466229e+000
  2.0702717e+000  3.1833238e+000
  6.9342822e+000  7.0783833e+000
  6.6300089e+000  7.4599572e+000
  4.0079554e+000  7.7521635e+000
  2.1990156e+000  2.5614566e+000
  4.5436882e+000  8.7011415e+000
  4.3598309e+000  6.5171154e+000
  3.1250983e+000  3.8739326e+000
  6.6394313e+000  2.7045966e+000
  8.0672313e+000  5.6909208e+000
  9.1616828e+000  4.0905136e+000
  6.5137140e+000  4.9741993e+000
  5.7160567e+000  5.6582804e+000
  9.1790327e-001  3.0555651e+000
  4.2962171e+000  9.8620494e+000
  2.9440715e+000  8.3604809e+000
  6.6544061e+000  2.0632366e+000
  7.2702340e+000  2.2549861e+000
  5.1687016e+000  3.5818270e+000
  6.0021648e+000  8.7311927e+000
  6.2447995e+000  4.8748898e+000
  3.2118433e+000  2.7837480e+000
  3.1017273e+000  3.7927407e+000
  2.4322795e+000  2.4219817e+000
  1.1680380e+000  2.1571089e+000
  1.1963562e+000  5.7284411e+000
  7.0348431e+000  4.9298502e+000
  3.5984753e+000  3.9510302e+000
  3.8677307e+000  8.6609786e+000
  4.5799329e+000  1.7706598e+000
  2.1698380e+000  2.5966773e+000
  2.7171080e+000  3.8489535e+000
  8.0072634e+000  3.0263340e+000
  6.8801719e+000  7.3111329e+000
  4.1920681e+000  2.8300993e+000
  1.7296558e+000  7.1139829e+000
  2.7968950e+000  7.6728475e+000
  3.6557150e+000  5.0250331e+000
  6.0066562e+000  6.7363046e+000
  3.5844027e+000  1.0280499e+000
  6.7762425e+000 -1.6376956e+000
  2.3412853e+000  6.9801651e+000
  7.2241215e+000  3.1602335e+000
  2.7788127e+000  3.9414667e+000
  3.0980288e+000  5.3722123e+000
  1.5219406e+000  7.4569723e+000
  6.0287042e+000  5.4700541e+000
  3.2496000e+000  4.2752361e+000
  3.1023060e+000  3.0474189e+000
  2.8384277e+000  3.6540784e+000
  5.8392740e+000  2.6486978e+000
  3.7736441e+000  4.9209274e+000
  5.0027607e+000 -5.1683786e-001
  3.8729885e+000  6.8658048e+000
  7.1941428e+000  7.6805870e+000
  3.2188928e+000  8.1357276e+000
  2.5595267e+000  8.2493596e+000
  8.9537007e+000  3.5464982e+000
  4.4682578e-001  2.4225302e+000
  4.4000100e+000  2.7847715e+000
  2.7453576e+000  9.6980304e+000
  6.6520338e+000  6.1289321e+000
  4.1444483e+000  6.5373929e+000
  2.8648564e+000  2.9974461e+000
  2.8673788e+000  8.8880682e+000
  3.2820503e+000  7.7412720e+000
  7.3516680e+000  3.7400688e+000
  2.7579163e+000  9.4563738e-001
  4.5876634e+000  5.2066573e+000
  7.7220800e+000  2.4369259e-002
  3.8695057e+000  5.0812434e+000
  6.5149651e+000  3.8218378e+000
  2.2794923e+000  2.6258157e+000
  9.8838530e+000  5.8167046e+000
  7.1920664e+000  7.1036192e+000
  6.6156562e+000  7.4900586e+000
  5.7686216e+000  4.4326809e+000
  5.5259998e+000  2.9913303e+000
  5.0896266e-001  3.0781008e+000
  2.3625840e+000  4.5232466e+000
  5.6075487e+000  2.9975519e-002
  5.2432481e+000  6.5305412e+000
  5.7374197e+000  3.9954378e+000
  3.4682666e+000  3.3830950e+000
  1.7555082e+000  3.5906062e+000
  6.7818241e+000  7.8085119e+000
  6.7979012e+000  7.3930507e+000
  3.4502508e+000  4.9806930e+000
  2.4325823e+000  5.2749835e+000
  7.2835012e+000  3.5093316e+000
  9.1759449e+000  3.9104920e+000
  6.3691231e+000  2.0997145e+000
  6.1399195e+000  3.0763173e+000
  3.6294486e+000  1.5546206e+000
  6.4407857e+000 -8.3515208e-002
  1.5869253e+000  5.6957452e+000
  3.8732285e+000  6.8701019e+000
  2.5093051e+000  2.0150545e+000
  4.9682271e+000  3.7836895e+000
  4.9279456e+000  3.0586928e+000
  6.5474428e+000  2.7498815e+000
  6.8171606e+000  6.7513469e+000
  2.7214726e+000  3.1018012e+000
  3.4562394e+000  1.9735186e+000
  3.6784187e+000  2.9638883e+000
  1.8851463e+000  7.7715107e+000
  5.0342767e+000  5.5382621e+000
  6.7778957e+000 -1.3011260e+000
  1.8950284e+000  6.7439483e+000
  7.2270914e+000  5.1799305e+000
  5.6350993e+000  3.0705021e+000
  1.8577989e+000  2.5187606e+000
  5.2626826e+000  4.4524520e+000
  2.8141848e+000  5.0960719e+000
  4.0719608e+000  5.9533943e+000
  4.0330539e+000  7.5677778e+000
  6.7124165e+000  2.1016897e+000
  8.2344220e+000  2.9466570e+000
  6.5159524e+000  6.9230394e+000
  5.8373011e+000  3.2742255e+000
  7.7274676e+000  4.6511458e+000
  3.1314892e+000  8.0596911e+000
  2.5918612e+000  8.6633452e+000
  5.9388778e+000  3.1601852e+000
  9.7289287e+000  3.5439425e+000
  6.6588865e+000  3.3712837e+000
  5.0973254e+000  3.7412303e+000
  6.6451032e+000  5.5394479e+000
  3.4802194e+000  4.2488509e+000
  2.5838499e+000  4.7479846e+000
  5.7050285e+000  2.9684602e+000
  6.4663728e+000  2.8097827e+000
  5.3556325e+000  6.8017436e+000
  3.0252554e+000  7.5715800e+000
  5.3451454e+000  3.4970227e+000
  2.1993778e+000  7.2864922e+000
  2.7280857e+000  2.7698804e+000
  6.9940415e+000  7.0175929e+000
  7.3169319e+000  7.6470371e+000
  1.0153847e+001  6.3607757e+000
  9.0657007e+000  3.7311169e+000
  6.6728608e+000  4.2245612e+000
  4.1184793e+000  7.0431379e+000
  7.6247847e+000  8.5733396e+000
  3.8198863e+000  7.1010016e+000
  5.1894714e+000  5.0480561e-001
  5.3319942e+000  4.9001626e+000
  6.3987898e+000  5.3276513e+000
  6.9514979e+000  2.4995724e+000
  6.8054940e+000  7.6664281e+000
  3.6092848e+000  1.0006564e+001
  5.8444517e+000  4.8076369e+000
  6.4815563e+000  6.4917702e+000
  6.7748018e+000  2.0140840e+000
  6.5736819e+000  2.0900840e+000
  3.3916011e+000  8.0623152e+000
  1.7655440e+000  7.3631466e+000
  2.2701981e+000  7.9551065e+000
  5.2706246e+000  3.7569068e+000
  2.9775387e+000  8.8222982e+000
  6.2532868e+000  8.9477083e+000
  5.6946490e+000  2.9599733e+000
  5.6188506e+000  3.7354960e+000
  1.8707209e+000  7.8693455e+000
  6.3874006e+000  8.1623824e-001
  1.7488055e+000  4.3373332e+000
  4.5956653e+000  3.0137167e+000
  6.6848453e+000  4.4419725e+000
  5.8847202e+000  3.5435970e+000
  6.4172830e+000  2.5974517e+000
  1.9741200e+000  7.3572871e+000
  6.8170555e+000  8.3822103e+000
  7.8754017e+000  5.9558563e+000
  5.2462399e+000  6.3990157e+000
  8.5501338e+000  7.0520764e+000
  4.4647448e+000  3.1702495e+000
  4.6021405e+000  3.4556369e+000
  3.3487295e+000  6.3481195e+000
  3.2484429e+000  5.0648562e+000
  7.1955867e+000  7.6305512e+000
  6.8466194e+000  4.5559240e+000
  3.6463021e+000  3.4873952e+000
  6.9642441e+000  3.2953937e+000
  4.6426183e+000  2.0779029e+000
  7.4164544e+000  7.0529457e+000
  4.2865454e+000  7.4390827e+000
  7.0022150e+000  4.3882323e+000
  4.3532261e+000  8.6526003e+000
  9.7637925e+000  4.2296980e+000
  4.8776263e+000  7.3735230e+000
  6.5945749e+000  5.4584666e+000
  6.2160024e+000  2.6521405e+000
  3.5106650e+000  4.2732854e+000
  6.4803257e+000  5.5340417e+000
  7.3125341e+000  5.0857496e+000
  8.8608623e+000  8.2344773e+000
  6.7699030e+000  2.0032844e+000
  6.3496894e+000  6.9351142e+000
  9.2602744e+000  5.3019925e+000
  3.0069241e+000  8.4428084e+000
  5.4569486e+000  8.6713296e-001
  2.0233673e+000  2.5149605e+000
  2.0292868e+000  7.2519879e+000
  6.7242980e+000  4.7896479e+000
  6.3169637e+000  6.2946935e+000
  2.8523192e+000  4.0716338e+000
  3.6053130e+000  4.0077064e+000
  5.3769988e+000  3.7065144e+000
  5.0901395e+000  6.2149965e+000
  1.1074246e+000  2.2827377e+000
  5.6722613e+000  6.3019984e+000
  6.0477068e+000  7.6089462e+000
  5.0571773e+000  4.2461131e+000
  3.8920424e+000  1.5852679e+000
  7.0262144e+000  4.0489362e+000
  7.0657260e+000  4.6999806e+000
  8.3871693e+000  6.2917394e+000
  5.5517194e+000  3.5659350e+000
  2.0915892e+000  2.6247428e+000
  5.9399035e+000  1.5649905e-001
 -6.5026439e-001  9.8915358e+000
  4.1850952e+000  2.1024609e+000
  2.0370018e+000  4.0418757e+000
  8.3481054e+000  2.5646991e+000
  3.2558852e+000  7.7721890e+000
  2.0196134e+000  7.5339058e+000
  2.7330746e+000  1.5217642e+000
  6.0778445e+000  2.8630086e+000
  7.0407660e+000  7.6036457e+000
  6.7010521e+000  2.9091638e+000
  5.1240166e+000  5.6145509e+000
  5.5694953e+000  2.9953462e+000
  3.6464512e+000  1.2562728e+000
  4.7472247e+000  7.9509219e+000
  4.8771796e+000  4.3571517e+000
  5.4830385e+000  3.3139898e+000
  6.5236132e+000  2.8374335e+000
  7.2096602e+000  6.6698018e+000
  4.5915952e+000  4.4811272e+000
  7.6674996e+000  7.0595327e+000
  2.4093322e+000  4.2477568e+000
  5.1226829e+000  4.4244543e+000
  2.1203628e+000  2.5723255e+000
  3.2913611e+000  7.7339214e+000
  2.6421952e+000  7.6553100e+000
  1.6723433e+000  7.3069589e+000
  6.4568878e+000  3.4911296e+000
  5.6242683e+000  6.6639256e+000
  5.1232338e+000  2.8093957e+000
  4.8747986e+000  7.5095533e+000
  2.5975636e+000  2.9083452e+000
  9.0080597e+000  8.2128148e+000
  7.0803115e+000  7.7542677e+000
  1.3693400e+000  5.5434002e+000
  7.8829473e+000  7.8485592e+000
  5.8766114e+000  2.5730893e+000
  2.9735159e+000  7.8560876e+000
  6.7010258e+000  1.2724223e+000
  6.6207116e+000  6.1819107e+000
  2.1202578e+000  7.2013696e+000
  3.3578499e+000  7.8990633e+000
  3.4133242e+000  1.8948811e+000
  7.2416877e+000  7.3511688e+000
  1.2675942e+000  2.3903383e+000
  5.0435943e+000  2.8236022e+000
  2.9540053e+000  3.5282751e+000
  2.1609595e+000  7.4579150e+000
  1.0137954e+001  5.5424725e+000
  7.1524764e+000  7.4353250e+000
  2.9440712e+000  2.9793600e+000
  5.5631568e+000  2.7703415e+000
  7.4504579e+000  4.5973991e+000
  4.1679433e+000  7.4256706e+000
  2.0607964e+000  7.1879418e+000
  2.2280361e+000  4.8119724e+000
  6.4721556e+000  6.8059251e+000
  4.7006000e+000  5.1367078e+000
  6.3417721e+000  2.8419567e+000
  3.3519242e+000  2.8982576e+000
  5.0388796e+000  3.8476246e+000
  6.5314839e+000  2.7647405e+000
  3.1257346e+000  8.1192006e+000
  3.1497129e+000  7.6170287e+000
  3.0819402e+000  7.9720807e+000
  6.9330616e+000  3.0612306e+000
  7.1461865e+000  7.6209174e+000
  9.3659941e+000  6.6559684e+000
  1.9936312e+000  4.0800043e+000
  4.6893354e+000  3.4787311e+000
  7.9295722e+000  5.5933108e+000
  7.1989088e+000  7.7492476e+000
  7.4089370e+000  2.8947882e+000
  6.4104967e+000  6.7747004e+000
  5.4513854e+000  2.4711171e+000
  7.6816041e+000  8.3948046e+000
  1.8690539e+000  7.1712956e+000
  6.8761010e+000  6.3863391e+000
  3.2754247e+000  7.9759895e+000
  7.3949047e+000  9.3072231e+000
  9.5375709e+000  5.0685031e+000
  4.2434209e+000  7.3683930e+000
  3.0431128e+000  4.7917169e+000
  3.6815505e+000  3.7995581e+000
  3.0057873e+000  1.9735844e+000
  6.4452534e+000  7.4524690e+000
  2.0632854e+000  7.6707208e+000
  5.8030162e+000  7.4793480e+000
  2.9844789e+000  8.0198109e+000
  5.9312462e+000  1.9857270e+000
  3.8383598e+000  4.9992594e+000
  5.4161733e+000  3.7499182e+000
  1.5583025e+000  1.4344334e+000
  3.5083725e+000  2.8306845e+000
  3.5151526e+000  2.3635792e+000
  6.2246506e+000  4.5215971e+000
  6.3076836e+000  3.3175259e+000
  2.7160891e+000  5.2229946e+000
  4.2861082e+000  3.9644839e+000
  5.5648770e+000  5.2331446e+000
  5.6816815e+000  7.3603935e+000
  6.9277803e+000  3.3511934e+000
  6.3321667e+000  6.1329563e+000
  1.6490857e+000  3.4290937e+000
  5.2645047e+000  4.0274303e+000
  6.2647120e+000  4.4161804e+000
  3.5375636e+000  4.6794204e+000
  3.2231240e+000  1.6926069e+000
  7.3961468e+000  8.9541818e+000
  4.4514996e+000  5.7950866e+000
  6.1580702e+000  3.8324852e+000
  3.4429345e+000  7.0414294e+000
  4.3647199e+000  3.1488949e+000
