  5.8315139e+000  1.7612632e+000
  7.6825721e+000  6.3917628e+000
  3.1748980e+000  7.5559824e+000
  7.5097210e+000  2.4212488e+000
  7.3498610e+000  6.9814400e+000
  8.1993080e+000  6.7081061e+000
  7.8819835e+000  3.2635016e+000
  3.9363815e+000  2.1570641e+000
  2.7368329e+000  4.6219547e+000
  2.8497663e+000  7.6604427e+000
  7.1190346e+000  5.7711962e+000
  1.2866777e+000  4.4799352e+000
  6.7433531e+000  7.0532474e+000
  2.9799625e+000  8.7214152e-001
  5.4962186e+000  5.3373971e+000
  6.2144301e+000  6.9339932e+000
  3.0356964e+000  7.5833698e+000
  7.4282401e+000  6.7610755e+000
  6.6017025e+000  1.6893101e+000
  8.0093570e+000  6.8188269e+000
  7.5750213e+000  5.8297913e+000
  4.5917888e+000  7.9095548e+000
  5.1287103e+000  4.3585607e+000
  5.6680769e+000  3.7655100e+000
  6.5856258e+000  5.2280613e+000
  7.1250010e+000  7.3707751e+000
  2.1579309e+000  7.8427743e+000
  7.5486547e+000  3.4747817e+000
  6.1577270e+000  6.9707242e+000
  5.7902933e+000  2.0938980e+000
  6.5466283e+000  7.0042605e+000
  8.2397247e+000  2.8042831e+000
  2.2183663e+000  2.0624800e+000
  4.2382023e-001  4.6951085e+000
  3.3573796e+000  2.3404243e+000
  6.6758163e+000  7.1548794e+000
  7.1800978e+000  5.7719690e+000
  2.3437234e+000  5.4600011e+000
  4.2486577e+000  7.3735872e+000
  6.9299593e+000  4.3365060e+000
  3.0465846e+000  2.9942067e+000
  8.5025937e+000  3.1723840e+000
  3.0206009e+000  2.7499988e+000
  7.7521664e+000  1.6016355e+000
  2.0080055e+000  5.8833409e+000
  4.1621209e+000  8.0755045e+000
  2.8756064e+000  5.7726137e+000
  7.8490906e+000  6.5000001e+000
  6.9474963e+000  3.0116437e+000
  2.4672088e+000  7.5778625e+000
  8.3597566e+000  3.3877663e+000
  4.3941112e+000  7.5087448e+000
  6.0589213e+000  6.9034800e+000
  7.5166276e+000  6.3404642e+000
  7.1961727e+000  6.4414189e+000
  7.4383477e+000  7.6330999e+000
  2.7654410e+000  4.6088744e+000
  6.8755114e+000  5.9258240e+000
  2.7600463e+000  4.4343819e+000
  6.3914547e+000  7.0947270e+000
  2.5644102e+000  4.5796328e+000
  1.4339321e+000  7.7272050e+000
  5.6834791e+000  3.7754577e+000
  7.6658337e+000  2.9949649e-001
  7.4952661e+000  4.4293927e+000
  3.5311184e+000  2.5589911e+000
  8.4554575e+000  6.7653292e+000
  5.4041697e+000  3.7966466e+000
  2.9325324e+000  7.5639012e+000
  7.8547413e+000  6.7836325e+000
  5.8039703e+000  3.2731619e+000
  2.8203963e+000  3.2983462e+000
  2.1541599e+000  8.2907371e+000
  2.3142082e+000  2.9150760e+000
  6.4750443e+000  7.1225062e+000
  6.2839824e+000  3.7102977e+000
  8.1088365e+000  2.6030929e+000
  2.9666403e+000  7.8427736e+000
  6.5478082e+000  3.6763290e+000
  2.4889679e+000  2.1515810e+000
  7.7093875e+000  6.4420339e+000
  7.0229392e+000  5.6730006e+000
  2.9242954e+000  8.2671952e+000
  7.0341625e+000  2.5914624e+000
  5.3537290e+000  4.8780790e+000
  4.5352172e+000  3.7853245e+000
  2.7157430e+000  3.0649909e+000
  2.4944956e+000  2.8133076e+000
  5.9532310e+000  4.4727734e+000
  9.1893278e+000  2.4647369e+000
  4.4241888e+000  7.0739553e+000
  2.7170524e+000  6.6475145e-001
  2.4862720e+000  2.2414443e+000
  7.3161070e+000  2.2871713e+000
  1.5007510e+000  2.4043766e+000
  8.7947722e+000  3.1918368e+000
  2.2004287e+000  4.5829597e+000
  2.2206919e+000  7.2717837e+000
  2.0871082e+000  3.1003014e+000
  2.4593910e+000  2.6722267e+000
  7.6512588e+000  7.0760856e+000
  3.8701773e+000  2.2628087e+000
  7.0167039e+000  8.6712110e-001
  7.7347763e+000  5.5436970e+000
  6.6566774e+000  2.7439885e+000
  2.4777098e+000  5.7464448e+000
  3.9258332e+000  2.4378986e+000
  3.0281813e+000  2.9263332e+000
  6.0237567e+000  3.4288758e+000
  1.6889495e+000  7.2580840e+000
  5.9328497e+000  3.4949469e+000
  7.6331049e+000  2.7050206e+000
  6.6038819e+000  2.2516147e+000
  1.6047364e+000  6.7354357e+000
  6.9153777e-001  3.4463804e+000
  6.6706193e+000  5.5392060e+000
  6.2788774e+000  5.0055713e+000
  5.5752581e+000  3.6094913e+000
  5.7979637e+000  5.0199027e+000
  3.3898093e+000  7.6932489e+000
  7.5770306e+000  6.3044845e+000
  3.7250661e+000  5.3032300e+000
  5.8161041e+000  3.1566714e+000
  5.8617426e+000  6.9761411e+000
  2.2877780e+000  2.9482936e+000
  1.3835902e+000  5.6576950e+000
  3.6042939e+000  6.2832400e+000
  1.8937172e+000  8.0014480e+000
  2.4554053e+000  2.2950772e+000
  7.5883451e+000  6.6549215e+000
  2.4253903e+000  2.5919604e+000
  4.5835128e+000  3.2613956e+000
  7.7168276e+000  4.3097335e+000
  3.2107423e+000  7.9289379e+000
  3.0016256e+000  2.5627960e+000
  3.9282652e+000  2.4731682e+000
  2.5608571e+000  2.3433723e+000
  3.5375947e+000  2.8293221e+000
  2.2511367e+000  2.7669943e+000
  5.9940893e+000  3.8649846e+000
  2.6894337e+000  5.9615742e+000
  2.8515507e+000  6.8391178e-001
  6.9116038e+000  7.3601904e+000
  6.7701405e+000  1.1181169e+000
  2.1693411e+000  5.3758132e+000
  6.1094778e+000  3.6650493e+000
  6.4087169e+000  7.2278576e+000
  2.0413840e+000  7.5907252e+000
  7.1574162e+000  6.2119149e+000
  6.7052022e+000  6.5569505e+000
  6.6545568e+000  6.5128281e+000
  6.0933090e+000  7.0382145e+000
  2.4340037e+000  3.3154817e+000
  5.3848631e+000  2.1799608e+000
  3.4283867e+000  1.8130116e+000
  5.1626608e+000  5.9352397e+000
  8.5870645e+000  8.2634555e+000
  4.0045683e+000  2.7591868e+000
  2.7085786e+000  2.7081084e+000
  7.2978450e+000  7.0888441e+000
  2.5266665e+000  7.6391170e+000
  3.5972391e+000  7.3939846e+000
  3.3567380e+000  1.4706452e+000
  7.3855666e+000  2.3121663e+000
  2.1587822e+000  2.8171162e+000
  3.1816078e+000  8.0021378e+000
  5.1342027e+000  2.7255986e+000
  7.6812737e+000  1.4185753e+000
  4.0752056e+000  3.4924188e+000
  7.2281152e+000  2.2987187e+000
  7.7731477e+000  6.3314609e+000
  1.2914631e+000  5.7339474e+000
  3.1578932e+000  2.5938158e+000
  2.3876198e+000  6.0705753e+000
  3.6302697e+000  8.0563280e+000
  1.9936343e+000  7.1771083e+000
  8.0342099e+000  7.1123481e+000
  2.6950391e+000  7.4691709e+000
  6.1468716e+000  2.5497193e+000
  3.0385238e+000  8.2167645e+000
  2.8045017e+000  3.4077277e+000
  3.4419870e+000  2.7048487e+000
  5.5576155e+000  3.8670657e+000
  7.6054826e+000  2.1472393e+000
  8.0120995e+000  7.4233682e+000
  2.3115508e+000  2.6623990e+000
  5.0785630e+000  3.3185738e+000
  7.8379250e+000  6.3584656e+000
  6.9370485e+000  7.0561772e+000
  7.0140356e+000  5.5991074e+000
  6.1409808e+000  7.2034482e+000
  2.5856341e+000  2.9097436e+000
  7.1408561e+000  5.9836946e+000
  6.6874606e+000  5.9443844e+000
  3.0269843e+000  7.7375204e+000
  5.4590873e+000  3.6632994e+000
  7.5369009e+000  2.8884815e+000
  6.4757470e+000  7.0643373e+000
  6.8427977e+000  5.8623263e+000
  8.6465599e+000  4.0092145e+000
  1.8388713e+000  7.7030079e+000
  7.0667116e+000  6.7261027e+000
  7.5036436e+000  6.0671009e+000
  2.6706516e+000  2.0432958e+000
  5.4733862e+000  2.5790735e+000
  8.4325843e+000  3.3127827e+000
  7.4421629e+000  1.1277421e+000
  7.4138963e+000  6.6952398e+000
  6.2942835e+000  6.9598689e+000
  7.6434494e+000  6.3145329e+000
  6.7216952e+000  2.2356348e+000
  2.4771955e+000  5.2325965e+000
  5.1219395e+000  3.5875983e+000
  5.2136092e+000  4.9114473e+000
  3.0884333e+000  7.7320215e+000
  6.2673662e+000  2.6444142e+000
  7.2131072e+000  5.7156184e+000
  4.9606021e+000  5.3399191e+000
  5.5888172e+000  2.8016011e+000
  6.9937731e+000  2.1479340e+000
  7.8269311e+000  1.9930372e+000
  2.4073632e+000  7.9179829e+000
  1.6070511e+000  2.9090191e+000
  7.8298163e+000  6.5102466e+000
  4.6663045e+000  6.0269809e+000
  2.0854117e+000  3.0149726e+000
  1.7940330e+000  2.2326829e+000
  7.5616306e+000  2.5773981e+000
  1.6529987e+000  5.6351166e+000
  3.6958612e+000  1.3665951e+000
  6.3824576e+000  1.6557786e+000
  7.8645554e+000  7.0703978e+000
  1.9160388e+000  8.1001160e+000
  6.8355654e+000  1.4137948e+000
  7.5338116e+000  5.9829651e+000
  5.0074074e+000  3.4282878e+000
  3.2443317e+000  2.8132469e+000
  2.0335893e+000  4.0037870e+000
  2.9388400e+000  1.8441310e+000
  6.8665713e+000  7.0854630e+000
  5.5475917e+000  4.0102756e+000
  8.6138135e-001  3.3936379e+000
  6.7735580e+000  6.5998018e+000
  3.4114264e+000  5.9424184e+000
  5.3526420e+000  3.4475421e+000
  7.9120841e+000  5.6437532e+000
  7.3993601e+000  2.1348167e+000
  6.5949563e+000  7.1229574e+000
  1.7670904e+000  7.2683109e+000
  2.5991664e+000  9.0204117e+000
  5.2077910e+000  3.8925066e+000
  6.3125850e+000  7.4253934e+000
  5.1707117e+000  3.4005176e+000
  7.5812229e+000  6.9332309e+000
  2.4666678e+000  2.7950738e+000
  7.1386945e+000  6.1556115e+000
  3.6997465e+000  2.5908818e+000
  7.9681617e+000  7.1811306e+000
  6.8322333e+000  7.0228247e+000
  2.7299148e+000  6.7707647e+000
  2.8985784e+000  7.5987775e+000
  4.4322273e+000  8.1788631e+000
  1.8812631e+000  6.1094324e+000
  1.8550618e+000  7.2318562e+000
  8.5778148e+000  3.8441656e+000
  7.6191700e+000  6.7236991e+000
  8.0287864e+000  6.5652971e+000
  7.4679987e+000  6.1075482e+000
  7.7270401e+000  3.6576919e+000
  7.4172471e+000  3.1580316e+000
  7.6120486e+000  6.9032988e+000
  2.7583786e+000  3.9126586e+000
  5.9760057e+000  1.3251142e+000
  6.6589577e+000  7.3181550e+000
  5.0523520e+000  3.2175168e+000
  5.1579641e+000  3.7784867e+000
  3.9883734e+000  7.7580059e+000
  3.2141595e+000  3.1586431e+000
  2.1177983e+000  7.8784492e+000
  1.6949536e+000  7.6986786e+000
  6.8565927e-001  3.3658506e+000
  5.9545917e+000  7.2807205e+000
  4.8998449e+000  3.9959823e+000
  6.9746446e+000  4.4792439e+000
  2.5676821e+000  4.1559337e+000
  6.0320881e+000  7.0739457e+000
  8.6950689e+000  3.0466935e+000
  7.0558191e+000  1.8713486e+000
  8.0611721e+000  2.7899078e+000
  4.7913210e+000  3.5109907e+000
  1.5360210e+000  7.6499416e+000
  5.1623308e-001  4.4106818e+000
  6.5458877e+000  6.8780245e+000
  6.1436101e+000  7.3611398e+000
  7.2489417e+000  5.8238312e+000
  7.4012089e+000  6.4182795e+000
  1.3817032e+000  4.6228645e+000
  7.3510845e+000  2.3165850e+000
  5.6203864e+000  4.1065455e+000
  3.6460534e+000  2.6509320e+000
  5.6978569e+000  5.8532010e+000
  5.4080271e+000  3.8299109e+000
  5.8461130e+000  4.8732679e+000
  8.4415308e+000  6.8422001e+000
  6.0988881e+000  7.1859158e+000
  6.1892744e+000  2.0226905e+000
  7.1461153e+000  1.5747742e+000
  3.7908733e+000  2.0582010e+000
  7.5566898e+000  8.2172803e+000
  4.0752130e+000  2.3884226e+000
  1.9331667e+000  1.4818917e+000
  3.6603030e+000  2.3178614e+000
  1.6155405e+000  7.6786877e+000
  7.5697769e+000  1.9220355e+000
  2.8190424e+000  4.9107460e+000
  7.4815095e+000  7.3562188e+000
  7.3407669e+000  2.5085494e+000
  6.1665504e+000  3.5570828e+000
  5.1888500e+000  3.2499956e+000
  3.1941801e+000  2.4805641e+000
  3.2744915e+000  1.1561793e+000
  9.1765538e+000  3.2308083e+000
  5.0471118e+000  3.5807167e+000
  3.7591440e+000  2.5400921e+000
  7.3398361e+000  7.2101671e+000
  3.0763200e+000  8.3242610e+000
  7.7975021e+000  6.4321757e+000
  6.9939334e+000  6.5821104e+000
  6.2691135e+000  2.8713612e+000
  7.2803709e+000  1.1315128e+000
  7.3532826e+000  2.6928237e+000
  7.6564601e+000  8.4252487e+000
  4.9905585e+000  3.4639418e+000
  7.2210907e+000  2.1802688e+000
  6.0406491e+000  6.9273417e+000
  6.7222028e+000  5.3357690e+000
  2.2270036e+000  6.7985459e+000
  7.0119367e+000  2.5297689e+000
  2.9610828e+000  7.9934404e+000
  1.5286486e+000  9.0553650e+000
  7.8467070e+000  7.0619145e+000
  1.6348273e+000  7.6144680e+000
  5.5782331e+000  3.9699783e+000
  1.8587169e+000  2.7054322e+000
  6.5782388e+000  5.7391436e+000
  3.3250600e+000  7.7428341e+000
  7.5213579e+000  6.9828590e+000
  4.7205669e+000  5.0408652e+000
  5.5753998e+000  5.3145780e+000
  4.4651344e+000  6.1048041e+000
  2.0121098e+000  4.7020437e+000
  3.6268217e+000  2.5798661e+000
  3.6145715e+000  7.6103625e+000
  7.8459522e+000  2.0337324e+000
  6.5279746e-001  4.3923846e+000
  7.9478627e+000  3.7547933e+000
  6.6123170e+000  7.4680879e+000
  2.8007900e+000  8.0709779e+000
  7.6184749e+000  6.2350918e+000
  1.7461614e+000  7.4451078e+000
  2.2319481e+000  4.8600380e+000
  6.6020291e+000  5.4430935e+000
  8.2030512e+000  2.9933991e+000
  4.4861408e+000  1.2126492e+000
  4.7676469e-001  6.8578430e+000
  7.5412344e+000  7.0100394e+000
  1.7579250e+000  2.4476023e+000
  5.3660581e+000  4.7875273e+000
  7.2797549e+000  7.8266157e+000
  3.1003085e+000  7.8444151e+000
  6.4897054e+000  7.1106340e+000
  6.9341190e+000  2.7331341e+000
  3.6888501e+000  7.3018828e+000
  7.3765632e+000 -5.4565199e-002
  7.8853841e+000  5.9399708e+000
  2.6986906e+000  2.7478808e+000
  6.6215546e+000  7.4281222e+000
  1.8673177e+000  7.2135555e+000
  7.4321028e+000  1.8096456e+000
  7.7006978e+000  2.7236649e+000
  7.6524074e+000  8.0478938e+000
  1.7301114e+000  2.6369153e+000
  5.1505869e+000  1.8170723e+000
  2.7569536e+000  5.9385278e+000
  6.1679520e+000  4.1021391e+000
  7.6403487e+000  5.4827068e-002
  2.1153101e+000  2.6248859e+000
  2.8426626e+000  4.6476860e+000
  6.5643479e+000  6.2925256e+000
  3.8830625e+000  4.9068331e+000
  2.0366161e+000  4.2378338e+000
  7.3024188e+000  6.2740274e+000
  6.9365573e+000  6.7451880e+000
  6.5486325e+000  6.9918380e+000
  4.6131889e+000  4.0626352e+000
  2.8380206e+000  5.1992423e+000
  2.6630294e+000  4.6966419e+000
  3.9792772e+000  2.2772711e+000
  1.5467126e+000  7.9542627e+000
  7.5492306e+000  6.9100732e+000
  2.6637716e+000  4.4154846e+000
  1.5811025e+000  7.3587698e+000
  6.1365479e+000  3.3154027e+000
  3.0249959e+000  2.9241962e+000
  3.9685991e+000  1.7881010e+000
  6.4531844e+000  1.7134717e+000
  5.8070191e+000  4.6144131e+000
  8.4010999e+000  7.5963069e+000
  1.7421185e+000  7.1393166e+000
  7.8917664e+000  7.3688455e+000
  2.3378888e+000  7.6983724e+000
  2.7671405e+000  6.8434599e+000
  1.3158501e+000  2.7517655e+000
  2.2553687e+000  5.4920778e+000
  3.0260610e+000  7.6970058e+000
  2.4309423e+000  2.8007389e+000
  5.8345514e+000  4.6442415e+000
  3.9248765e+000  8.1102941e+000
  5.2263751e+000  3.8327711e+000
  6.0830474e+000  2.1225620e+000
  2.1900299e+000  4.5064444e+000
  2.4584066e+000  3.2213689e+000
  5.5240826e+000  4.0501526e+000
  7.1867543e+000  5.5516438e+000
  2.5686849e+000  2.6427255e+000
  4.7331137e+000  5.7707059e+000
  6.1157279e+000  3.3154877e+000
  7.4181979e+000  7.8001737e+000
  7.4855075e+000  7.6635798e-001
  3.5510355e+000  2.8170030e+000
  8.0367562e+000  4.8379044e+000
  1.6089956e+000  7.8909123e+000
  9.1429297e+000  1.9589929e+000
  2.4979761e+000  8.2734383e+000
  6.6412537e+000  6.0081146e+000
  6.1515615e+000  7.6532352e+000
  6.1697072e+000  5.2330657e+000
  7.0655359e+000  7.2366702e+000
  8.0865211e+000  7.3806884e+000
  6.2399000e+000  7.1372270e+000
  2.6031900e+000  1.2463546e+000
  7.3168723e+000  5.6269510e+000
  7.5913128e+000  6.4617916e+000
  2.4739166e+000  2.9899005e+000
  5.1284375e+000  1.9453359e+000
  3.2595307e+000  5.4375493e+000
  1.8864450e+000  1.7914837e+000
  3.6986146e+000  7.1970922e+000
  2.8248023e+000  8.0200453e+000
  9.2330212e-001  2.7807512e+000
  1.5227121e+000  7.4880421e+000
  7.4287763e+000  6.6077803e+000
  6.8099396e+000  6.4779594e+000
  2.0695938e+000  1.4348225e+000
  7.6591844e+000  8.2027185e+000
  2.1636494e+000  7.6299983e+000
  6.1905862e+000  7.0958120e+000
  7.8660160e+000  1.7894678e+000
  3.8620818e+000  2.3996660e+000
  8.2543674e+000  2.5154974e+000
  2.8922788e+000  2.5967809e+000
  6.2364892e+000  5.8330366e+000
  3.4878509e+000  2.3687667e+000
  2.0805255e+000  2.4723868e+000
  6.4964710e+000  4.4942092e+000
  6.7506477e+000  5.7123719e+000
  4.3482722e+000  1.3168873e+000
  2.2051961e+000  7.6935914e+000
  2.4866788e+000  5.0420597e+000
  1.6594922e+000  5.5291643e+000
  5.7072349e+000  3.5874593e+000
  6.9331683e+000  6.9764096e+000
  2.4211861e+000  2.7415555e+000
  6.5089477e+000  5.9282528e+000
  2.3434217e+000  7.3968198e+000
  3.4673130e+000  2.6105682e+000
  7.7685892e+000  3.0492622e+000
  7.7573578e+000  6.5306577e+000
  5.0428339e+000  5.8954231e+000
  6.8359047e+000  6.3468175e+000
  7.5238206e+000  5.7080490e+000
  5.4891847e+000  4.4623426e+000
  7.2862943e+000  2.5576892e+000
  2.4904705e+000  3.5954861e+000
  6.9920757e+000  6.8296243e+000
  6.9111792e+000  6.5255071e+000
  5.8845873e+000  3.9232235e+000
  7.3752070e+000  3.5415743e+000
  5.6531694e+000  3.0799965e+000
  5.2749391e+000  6.1412439e+000
  1.9977436e+000  6.8787094e+000
  6.4005683e+000  6.4990632e+000
  7.4910373e+000  5.7558205e+000
  1.9030974e+000  7.5103229e+000
  5.7875172e+000  9.0568322e+000
  7.8906402e+000  5.7785032e+000
  7.7848688e+000  6.6770261e+000
  5.9839861e+000  4.2583585e+000
  7.4689463e+000  5.8924800e+000
  2.4686541e+000  2.1155530e+000
  6.2711863e+000  6.9658963e+000
  7.0510621e+000  4.6090107e+000
  8.1394474e+000  7.8717936e+000
  6.1318269e+000  1.7034788e+000
  2.8126198e+000  4.2374974e+000
  2.4665676e+000  2.4729528e+000
  3.2406641e+000  1.2729872e+000
  2.8055970e+000  2.6759584e+000
  2.1338097e+000  7.9941943e+000
  2.4239750e+000  4.7763687e+000
  6.8054735e+000  6.1197348e+000
  1.8358322e+000  8.8021162e+000
  3.0443120e+000  7.8061649e+000
  4.9095102e+000  4.6909399e+000
  4.3987656e+000  7.9700958e+000
  7.7879505e+000  6.3101732e+000
  7.3458255e+000  3.3117123e+000
  6.8002900e+000  2.5811902e+000
  6.3996403e+000  1.2682813e+000
  2.8139925e+000  6.5092223e+000
  9.2449363e+000  3.5315866e+000
  6.1085235e+000  2.6336346e+000
  3.1139008e+000  7.6239287e+000
  7.6448645e+000  5.8029253e+000
  2.4581366e+000  7.9895689e+000
  6.7024957e+000  1.8708695e+000
  2.1366942e+000  2.5598654e+000
  6.0562596e+000  3.5682501e+000
  7.0382816e+000  5.9316189e+000
  3.2056961e+000  7.6138500e+000
  6.4173579e+000  1.7780390e+000
  7.2432894e+000  6.9503113e+000
  7.7080828e+000  6.6961679e+000
  3.0644399e+000  1.2201344e+000
  3.0926501e+000  8.5084898e+000
  2.3146276e+000  2.5247284e+000
  2.9995081e+000  9.3499102e+000
  8.9357183e+000  3.4320441e+000
  6.6489585e+000  6.7826003e+000
  6.7281606e+000  6.5067125e+000
  2.5330510e+000  2.2876821e+000
  7.7775731e+000  6.9074123e+000
  8.1071370e-001  7.1437967e+000
  6.5228447e+000  7.0836744e+000
  4.9824689e+000  3.9059910e+000
  2.2134171e+000  3.0494964e+000
  7.0048472e+000  5.9518710e+000
  2.3542853e+000  9.2328757e+000
  3.6863453e+000  7.5626488e+000
  6.6455883e+000  6.8371674e+000
  2.7405919e+000  5.2473652e+000
  6.7903361e+000  6.4870074e+000
  7.4105280e+000  6.5110354e+000
  5.7008420e+000  1.1910061e+000
  7.0950929e+000  7.0677667e+000
  2.1110804e+000  7.7566771e+000
  1.5482502e+000  5.7141519e+000
  2.6152433e+000  1.0489939e+000
  3.5535928e+000  9.3698897e-001
  1.9431579e+000  4.1703095e+000
  2.9989786e+000  2.6427388e+000
  1.2640444e+000  4.9224419e+000
  7.5476536e+000  6.1144385e+000
  7.4400086e+000  6.0205601e+000
  2.5953971e+000  4.2324010e+000
  4.2815441e+000  6.3085726e+000
  6.0790948e+000  5.3203746e-001
  1.9319844e+000  2.7795024e+000
  2.0823062e+000  5.5009038e+000
  2.4815459e+000  5.2812154e+000
  6.5401812e+000  6.4833385e+000
  2.6721695e+000  2.3070587e+000
  8.0504894e+000  6.1645982e+000
  1.9972879e+000  6.0823177e+000
  5.8544660e+000  4.8028381e+000
  6.0596208e+000  9.2468149e-001
  6.4387448e+000  6.4297031e+000
  8.6401942e-001  7.4974726e+000
  9.1460713e+000  3.6424175e+000
  6.0076539e+000  5.6976909e+000
  2.6265407e-001  6.4937890e+000
  5.8365949e+000  3.8867637e+000
  4.9369194e+000  4.7008753e+000
  7.4911412e+000  6.4615784e+000
  3.0748117e+000  7.5298061e+000
  2.7460195e+000  2.9303579e+000
  2.1553436e+000  3.9943726e+000
  6.1184978e+000  7.3551914e+000
  8.3144747e+000  3.1741663e+000
  2.5180799e+000  4.9251300e+000
  1.8297511e+000  7.7073301e+000
  6.2337369e+000  6.9985454e+000
  1.5532886e+000  7.6945371e+000
  2.5030427e+000  7.1620682e+000
  7.0443490e+000  7.6943201e+000
  2.2702167e+000  2.5401333e+000
  5.8567341e+000  7.0248357e+000
  8.2116213e+000  6.6654806e+000
  8.3518298e+000  8.4885383e+000
  7.4304524e+000  6.3812911e+000
  3.6907936e+000  2.4130642e+000
  2.2050833e+000  7.2567279e+000
  6.5287101e+000  6.4013579e+000
  2.6830001e+000  5.2352703e+000
  5.8644392e+000  2.8158214e+000
  3.8332895e+000  2.4959503e+000
  5.6579830e+000  4.9470767e+000
  3.2595223e+000  2.9127429e+000
  1.4059854e+000  9.2782187e+000
  2.2455379e+000  1.0877044e+000
  6.9882862e+000  3.5730408e+000
  1.7346484e+000  6.6323407e+000
  7.2003272e+000  2.8600471e+000
  8.2036774e+000  5.3081168e+000
  7.6816545e+000  6.0813598e+000
  1.4616993e+000  8.5167647e+000
  4.3448572e+000  7.5860142e+000
  7.5179058e+000  6.8269090e+000
  2.2038312e+000  7.8127322e+000
  7.7519403e+000  2.8660863e+000
  2.6294953e+000  5.4253040e+000
  8.9424168e+000  2.8261117e+000
  7.2779319e+000  6.4795345e+000
  3.2933310e+000  2.7261032e+000
  8.1428291e+000  7.1083962e+000
  4.9164142e+000  3.8189594e+000
  2.5721691e+000  7.6288527e+000
  1.9531746e+000  7.4479089e+000
  5.7962734e+000  1.3245327e+000
  7.3958520e+000  5.9672334e+000
  9.1689731e+000  3.2008776e+000
  8.6070151e+000  3.3540828e+000
  2.7695181e+000  5.6230323e+000
  3.9783661e+000  1.3715337e+000
  6.2362306e+000  7.7482689e+000
  7.6965726e+000  6.7185176e+000
  4.7189261e-001  9.1204364e+000
  5.2782262e+000  1.4520004e+000
  6.4368702e+000  7.3334664e+000
  3.3794607e+000  7.6346259e+000
  2.3240739e+000  4.5147360e+000
  7.4124525e+000  1.7662317e+000
  7.8011261e+000  5.5641194e+000
  7.9275609e+000  6.8475100e+000
  8.0726431e+000  5.5271698e+000
  3.0451743e+000  9.2233013e+000
  7.7003966e+000  7.1757624e+000
  4.4649322e+000  3.6660355e+000
  6.7060499e+000  8.5510681e-002
  4.6362640e+000  3.7766461e+000
  7.2344932e+000  7.3265689e+000
  2.7387373e+000  7.4754072e+000
  7.5188701e+000  6.0229383e+000
  3.5860392e+000  9.5116057e+000
  3.9067104e+000  1.9419821e+000
  4.8258362e+000  4.2502762e+000
  6.4097864e+000  6.1796641e+000
  6.0869796e+000  7.1236223e+000
  3.2040041e+000  2.4979862e+000
  6.3404556e+000  7.1374962e+000
  8.3485955e+000  3.0786609e+000
  2.7777644e+000  9.1914915e+000
  8.8816869e-001  3.3495945e+000
  1.9786939e+000  7.3984867e+000
  2.6230682e+000  1.7907409e+000
  6.1751266e+000  5.6864401e+000
  2.6127305e+000  2.6535685e+000
  3.1064181e+000  3.2449731e+000
  8.1845797e+000  7.7749779e+000
  6.9790056e-001  3.9907432e+000
  6.7263814e+000  6.8096017e+000
  3.1032623e+000  4.2147360e+000
  6.6847827e+000  6.3104171e+000
  2.3553992e+000  9.2008850e+000
  1.8375480e+000  6.8402921e+000
  3.1897715e+000  3.5544174e+000
  3.6472370e+000  2.5020931e+000
  7.1781220e+000  5.8730981e+000
  1.5482040e+000  7.5615538e+000
  5.3991013e+000  1.3231648e+000
  2.1331449e+000  7.4294986e+000
  6.5767586e+000  6.0968603e+000
  2.6329410e+000  4.7077624e+000
  5.6642458e+000  3.4320839e+000
  2.3487032e+000  6.9925505e+000
  6.5346977e+000  2.4566853e+000
  8.4809830e+000  3.2863671e+000
  1.8532150e+000  7.7848393e+000
  6.1292923e+000  1.7350596e+000
  6.9599577e+000  7.0223718e+000
  8.9595848e-001  6.2714092e+000
  7.6753625e+000  2.5268120e+000
  9.0519526e+000  3.3740073e+000
  3.3424512e+000  2.7866304e+000
  7.6802298e+000  7.0045219e+000
  7.0791023e+000  4.7890046e+000
  7.6743865e+000  2.6450733e+000
  1.8110161e+000  5.4174399e+000
  6.4827997e+000  5.3574037e+000
  3.6133108e+000  2.3380838e+000
  2.6466105e+000  1.7881033e+000
  2.3929856e+000  5.9676994e+000
  4.8937180e+000  3.6367080e+000
  5.9497635e+000  1.7682163e+000
  5.3162324e+000  5.5022783e+000
  7.9301837e+000  8.3194539e+000
  6.6409757e+000  4.7557014e+000
  6.7578826e+000  6.7963472e+000
  7.0702974e+000  6.6325913e+000
  7.9744926e+000  7.0847431e+000
  6.2804454e+000  6.9913684e+000
  6.7407663e+000  7.0507824e+000
  6.4320416e+000  5.9338606e+000
  6.8364595e+000  6.6641694e+000
  5.5351134e+000  3.5099711e+000
  6.2804740e+000  6.9465584e+000
  2.9884105e+000  5.2157985e+000
  2.9164200e+000  8.1308240e+000
  3.2853066e+000  7.5378330e+000
  3.5830941e+000  1.5681120e+000
  6.0378056e+000  7.3793917e+000
  7.3202319e+000  6.7463655e+000
  3.3002476e+000  2.7075354e+000
  6.6594061e+000  7.8869427e+000
  2.1504166e+000  4.4279334e+000
  7.1168234e+000  8.1317771e+000
  6.2907419e+000  5.3055290e+000
  2.6356106e+000  5.9621984e+000
  9.1769772e+000  3.2487585e+000
  2.6643770e+000  4.7974296e+000
  3.0926027e+000  1.6592268e+000
  6.7531595e+000  7.1626382e+000
  3.3816348e+000  7.8804952e+000
  6.8555434e+000  6.4253244e+000
  9.3405367e+000  2.9549120e+000
  6.4257031e+000  6.9423470e+000
  6.1680890e+000  1.9440024e+000
  2.1670616e+000  2.6888004e+000
  6.9432827e+000  5.8997751e+000
  2.1786836e+000  7.9609765e+000
  9.0141095e+000  3.3554647e+000
  6.3260244e+000  1.7126168e+000
  6.7003399e+000  7.1320759e+000
  1.8476779e+000  5.5250224e+000
  6.4134831e+000  5.6647385e+000
  3.4274937e+000  7.5039871e+000
  3.4889296e+000  3.3359546e+000
  2.0445816e+000  2.5238940e+000
  2.3757798e+000  3.0394172e+000
  7.0327720e+000  7.0184084e+000
  3.9815124e+000  2.2787469e+000
  8.6214950e+000  8.3844854e+000
  2.2653548e+000  5.7663337e+000
  6.5418931e+000  5.3742260e+000
  7.1938404e+000  6.1023585e+000
  2.9921902e+000  8.1064733e+000
  6.6197244e+000  5.9459341e+000
  8.5640390e+000  3.7689555e+000
  7.3186943e+000  5.6813280e+000
  6.7505007e+000  2.6305431e+000
  2.8883269e+000  4.7597832e+000
  4.5962574e+000  8.0043040e+000
  7.4940134e+000  1.3097220e+000
  7.6976443e+000  5.7877949e+000
  2.4853473e+000  3.0104585e+000
  5.7986994e+000  2.4786798e+000
  7.0784412e+000  7.6046395e+000
  3.4340141e+000  8.0976482e+000
  6.5654132e+000  4.8591632e+000
  2.4431191e+000  2.3781979e+000
  5.8518900e+000  4.4141611e+000
  7.3543009e+000  6.6365148e+000
  2.9531728e+000  7.0807092e+000
  8.6816204e+000  3.0074947e+000
  3.0635199e+000  7.9489694e+000
  5.4371166e+000  4.7142023e+000
  3.1210965e+000  8.2984227e+000
  3.6234118e+000  2.6497727e+000
  2.1119411e+000  3.9639751e+000
  7.9921263e+000  6.1172774e+000
  7.2668060e+000  6.9609403e+000
  5.4418361e+000  2.0929619e+000
  3.6218089e+000  2.3334498e+000
  7.4036847e+000  5.8689442e+000
  3.2178751e+000  7.3477361e+000
  7.0264069e+000  1.8098645e+000
  4.7874242e+000  3.5161810e+000
  6.4070708e+000  6.7625505e+000
  1.6728171e+000  7.4115405e+000
  3.4461420e+000  2.1823936e+000
  5.8328475e+000  3.4457391e+000
  7.2825063e+000  3.2917807e+000
  4.7367599e+000  3.8775800e+000
  3.3694555e+000  2.2761434e+000
  1.8857365e+000  5.4150665e+000
  2.8361288e+000  4.6027112e+000
  6.7228151e+000  4.0481554e+000
  1.9153415e+000  7.6137547e+000
  7.0554486e+000  3.4066592e+000
  7.3760078e+000  3.1408091e+000
  2.1218742e+000  4.4735656e+000
  2.7196717e+000  4.4873322e+000
  6.1000500e+000  5.4757118e+000
  2.5034349e+000  2.3572211e+000
  6.1292684e+000  6.9295095e+000
  2.7920157e+000  4.9312970e-001
  5.0086850e+000  2.1375365e+000
  6.5232388e+000  6.9278744e+000
  3.1696745e+000  8.0926065e+000
  7.2256067e+000  6.2689458e+000
  5.3435155e+000  4.4128741e+000
  8.1331707e+000  7.3296817e+000
  2.2966426e+000  2.5518451e+000
  6.8690222e+000  5.9581072e+000
  6.7172039e+000  5.4865495e+000
  7.1958604e+000  7.0440774e+000
  2.9517984e+000  7.7394827e+000
  5.1589693e+000  4.4613838e+000
  2.4910835e+000  4.5581470e+000
  3.2713910e+000  7.7318847e+000
  7.4969449e+000  6.5041192e+000
  2.2239545e+000  8.0691757e+000
  3.2319609e+000  2.1570295e+000
  7.3327365e+000  5.7989284e+000
  5.0173578e+000  3.6193443e+000
  1.3136147e+000  5.1348466e+000
  4.8005945e-001  4.8066780e+000
  5.1686981e+000  3.5393602e+000
  8.1241387e+000  2.9023521e+000
  7.5023051e+000  4.1980775e+000
  6.2817567e+000  7.0753616e+000
  7.6260829e+000  6.3937950e+000
  9.4071505e+000  3.3849471e+000
  7.7588267e+000  6.7081370e+000
  5.6368561e+000  3.4613762e+000
  6.1386118e+000  5.3937886e+000
  2.3084492e+000  2.3685812e+000
  4.7889835e+000  5.4940498e+000
  2.7134718e+000  6.1728586e+000
  2.4980116e+000  4.3267382e+000
  5.4904105e+000  3.4421953e+000
  7.6106108e+000  1.5584753e+000
  2.4860969e+000  1.6462343e+000
  6.4175469e+000  7.0133519e+000
  7.1834437e+000  4.0661488e+000
  5.3441124e+000  2.2248740e+000
  8.0034990e+000  2.7432567e+000
  3.2747585e+000  2.6941706e+000
  8.0086615e+000  6.4928391e+000
  5.6023913e+000  3.0193229e+000
  6.5569601e+000  6.2742099e+000
  7.5354527e+000  6.5721435e+000
  2.6899357e+000  4.5326525e+000
  5.3871031e+000  3.7306772e+000
  5.3597633e+000  3.5872451e+000
  7.5840425e+000  6.1403510e+000
  8.6747638e+000  3.1046272e+000
  2.4388123e+000  4.6187155e+000
  4.9115693e+000  3.0522925e+000
  5.9252882e+000  7.0486098e+000
  4.2269078e+000  2.7699410e+000
  7.5174441e+000  5.2874801e+000
  6.6441476e+000  1.7746293e+000
  3.1772187e+000  1.6734019e+000
  9.9404619e-001  5.5835527e+000
  7.1015871e+000  5.6902436e+000
  3.0861276e+000  8.1969316e+000
  7.5483583e+000  2.6011922e+000
  6.9580653e+000  5.7559542e+000
  6.3993018e+000  7.0722152e+000
  5.7606301e+000  2.7230916e+000
  7.4008826e+000  6.8321990e+000
  2.9478501e+000  4.5566103e+000
  4.1850498e+000  8.4316942e+000
  7.6871853e+000  3.1957678e+000
  8.5725652e+000  8.3706247e+000
  6.0268961e+000  7.3829112e+000
  3.2250651e+000  2.7751835e+000
  1.2089113e+000  4.7599616e+000
  5.2400763e+000  1.8943342e+000
  7.2810763e+000  6.3228680e+000
  7.5605407e+000  4.3626638e+000
  8.1525520e+000  6.6749433e+000
  3.4390286e+000  2.4808428e+000
  1.8017862e+000  7.4811045e+000
  3.2514537e+000  8.2537892e+000
  2.7761836e+000  4.0571265e+000
  5.5296565e+000  4.5183326e+000
  3.1735476e+000  5.3460156e+000
  3.9467061e+000  7.8708558e+000
  3.1913321e+000  6.8906210e+000
  8.1548685e+000  3.0626229e+000
  6.5834539e+000  5.4912483e+000
  2.1771920e+000  7.7636248e+000
  6.2669471e+000  6.1353248e+000
  6.1961947e+000  2.4277197e+000
  3.3235544e+000  7.9965269e+000
  2.4439276e+000  5.3282811e+000
  8.0104007e+000  7.2598126e+000
  4.0118596e+000  9.7991849e+000
  3.6790419e+000  2.9047114e+000
  5.7942033e+000  4.9930175e+000
  6.8486768e+000  7.0558440e+000
  8.0619144e+000  7.2104159e+000
  4.4060057e+000  8.1156588e+000
  2.9769038e+000  2.3134791e+000
  2.0717399e+000  7.3958413e+000
  8.1690903e-001  6.9018768e+000
  2.8994555e+000  2.4237277e+000
  4.9188711e+000  3.6856595e+000
  2.6341630e+000  4.6001472e+000
  5.2219532e+000  3.5890207e+000
  7.4577194e+000  7.8114435e+000
  7.3855571e+000  6.5315284e+000
  5.5459825e+000  1.2734798e+000
  3.9089526e+000  2.5402622e+000
  3.9710524e+000  2.8524508e+000
  2.4788870e+000  7.4605713e+000
  9.2926337e+000  3.3207744e+000
  2.7108549e+000  7.6970341e+000
  1.8740372e+000  6.0356458e+000
  6.2029233e+000  5.7139872e+000
  9.5758892e-001  4.9713729e+000
  3.2570463e+000  8.2345805e+000
  6.0746223e+000  1.3414761e+000
  2.1601608e+000  7.4232349e+000
  3.2545056e+000  7.8025484e+000
  2.1055907e+000  5.3588921e+000
  8.0525552e+000  3.1195285e+000
  2.4044256e+000  2.4221799e+000
  5.7052775e+000  2.2710947e+000
  5.0227088e+000  2.0994286e+000
  3.5876880e+000  2.2707549e+000
  3.1739210e+000  6.7936837e+000
  2.5041721e+000  4.0109274e+000
  2.3100614e+000  5.0987111e+000
  4.9304587e+000  3.5524739e+000
  3.3483650e+000  3.5094702e+000
  2.2466394e+000  5.2836515e+000
  4.5306710e+000  5.9059508e+000
  5.0894267e+000  5.8640991e+000
  7.2131672e+000  7.8659602e+000
  5.6401977e+000  1.1182479e+000
  7.0615913e+000  6.4441598e+000
  6.9433546e+000  2.7123991e+000
  1.8062312e+000  3.8110131e+000
  7.5319501e+000  5.7815279e+000
  7.6629067e+000  2.0319383e+000
  5.4588643e+000  1.6461161e+000
  2.5485865e+000  7.7171184e+000
  3.2056304e+000  7.6638582e+000
  1.9914797e+000  7.5977800e+000
  7.3769153e+000  6.9529813e+000
  7.6204062e+000  2.6811738e+000
  3.9309743e+000  2.4800094e+000
  5.3871200e+000  1.5428231e+000
  5.7545617e+000  3.4850298e+000
  5.6940213e+000  5.5330847e+000
  7.4651729e+000  6.8931106e+000
  7.0645782e+000  5.8715025e+000
  3.3184790e+000  3.6554128e+000
  7.7905125e+000  6.1423516e+000
  1.6185265e+000  7.6865629e+000
  3.3457490e+000  6.8589705e+000
  7.3755950e+000  4.7349723e+000
  7.5190227e+000  6.5173391e+000
  6.1967297e+000  4.3341486e+000
  2.7231955e+000  7.5645083e+000
  7.1264889e+000  2.3853318e-001
  6.5180362e+000  6.8083121e+000
  7.6486686e+000  6.0789490e+000
  2.8994647e+000  4.9567446e+000
  2.3430440e+000  1.7444689e+000
  3.6251968e+000  7.3253897e+000
  5.9803145e+000  3.8420243e+000
  2.7856090e+000  5.4604468e+000
  5.9234466e+000  3.6292461e+000
  4.0626125e+000  8.1233186e+000
  7.1732838e+000  7.4183293e+000
  7.6129480e+000  3.5113949e+000
  4.6418125e+000  3.1838141e+000
  7.1635057e+000  8.4425828e-001
  6.4079577e+000  6.2819066e+000
  9.5618341e-001  3.0001681e+000
  5.8252214e+000  3.1182393e+000
  7.7275988e+000  6.4318150e+000
  6.2247144e+000  7.1070654e+000
  5.3533037e+000  3.3258326e+000
  6.3490184e+000  5.9648052e+000
  8.3882241e+000  2.4802793e+000
  6.8988181e+000  4.5806687e+000
  8.7533405e+000  2.2926106e+000
  7.4570436e+000  7.3369191e+000
  7.2266121e+000  5.7891241e+000
  6.0047898e+000  4.7239683e+000
  2.9215230e+000  2.7342728e+000
  5.4314641e+000  3.5783580e+000
  7.8601840e+000  2.4325273e+000
  2.2393309e+000  5.2413898e+000
  4.7782819e+000  5.0198334e+000
  6.4479106e+000  6.9486280e+000
  3.3402864e+000  7.3579446e+000
  4.7589593e+000  5.9062014e+000
  2.3373617e+000  5.3312455e+000
  7.0943520e+000  6.4688468e+000
  3.6344485e+000  2.2526071e+000
  8.3321018e+000  2.6855210e+000
  2.5658978e+000  8.9804368e+000
  2.5679449e+000  7.3065281e+000
  3.3628334e+000  2.1766298e+000
  1.9474611e+000  7.3193842e+000
  7.5152930e+000  5.7646723e+000
  1.6919983e+000  4.8031157e+000
  4.1778531e+000  7.3965903e+000
  1.6393204e+000  7.3815016e+000
  1.4663387e+000  2.3732530e+000
  6.4273244e+000  7.1133440e+000
  2.0968197e+000  7.8777932e+000
  4.9818159e+000  3.6121582e+000
  9.4578230e-001  6.0756726e+000
  4.3003443e+000  9.0989479e+000
  5.7894729e+000  3.8744889e+000
  6.2456874e+000  4.2525708e+000
  2.4944812e+000  3.8812155e+000
  2.4081873e+000  5.1079174e+000
  2.0480726e+000  6.9848244e+000
  3.2333062e+000  7.4335252e+000
  7.0890098e+000  3.2980673e+000
  5.4548794e+000  3.6889152e+000
  6.2131596e+000  7.3959474e+000
  8.2659526e+000  8.3874945e+000
  7.0897593e+000  5.7424381e+000
  8.5931712e+000  3.4548397e+000
  6.8204578e+000  5.9309198e+000
  2.4963178e+000  5.0089699e+000
  7.0304580e+000 -2.1801219e-002
  3.1416981e+000  8.8860216e+000
  8.4654242e+000  6.6759612e+000
  7.2445072e+000  6.5796141e+000
  8.2303277e+000  7.1448749e+000
  2.4861817e+000  5.6138184e+000
  4.2027763e+000  1.8676285e+000
  1.9497892e+000  2.0149197e+000
  4.5283999e+000  3.6658991e+000
  6.2219460e+000  1.4458438e+000
  3.6816898e+000  2.2036076e+000
  2.9410686e+000  1.4184708e+000
  7.2981886e+000  7.7621487e+000
  4.9102637e+000  3.9017014e+000
  7.0357760e+000  6.8489821e+000
  4.5893455e-002  7.7510538e+000
  7.7625822e+000  6.3308558e+000
  2.7390807e+000  1.8998578e+000
  1.9772562e+000  7.7547621e+000
  7.5430104e+000  6.8525826e+000
  3.5087994e+000  8.2107504e+000
  6.9255197e+000  5.8764954e+000
  2.5938779e+000  4.9349079e+000
  8.0767713e+000  6.9908704e+000
  5.2043337e+000  3.3316385e+000
  1.7683407e+000  8.9361640e+000
  2.6272469e+000  8.9593133e+000
  3.7837070e+000  2.6003978e+000
  5.6274339e+000  3.1401296e+000
  6.6085534e+000  1.7083061e+000
  1.6624193e+000  6.9679867e+000
  7.8874589e+000  1.6888277e+000
  2.3476354e+000  5.6356982e-001
  6.9962661e+000  2.1045729e+000
  8.4741692e+000  8.0091498e+000
  6.1460576e+000  3.9017727e+000
  7.9640347e+000  6.6677530e+000
  5.3540396e+000  5.1889298e+000
  7.7044818e+000  2.8314412e+000
  7.8238122e+000  6.1974361e+000
  2.9166842e+000  7.6605269e+000
  2.8061958e+000  5.1529722e+000
  2.6524862e+000  2.9391202e+000
  7.9337604e+000  2.6373949e+000
  3.4282878e+000  7.3126914e+000
  2.5948039e+000  2.2074392e+000
  7.0419785e+000  7.0491113e+000
  7.6886306e+000  6.8994987e+000
  5.5442925e+000  3.1249325e+000
  6.3333626e+000  7.0557229e+000
  7.0308857e+000  5.2696353e+000
  2.6558833e+000  4.5949540e+000
  3.5388744e+000  2.6111136e+000
  6.5081544e+000  6.1277093e+000
  9.1316216e+000  3.2031125e+000
  8.9160660e+000  3.4681664e+000
  6.9947897e+000  7.1768416e+000
  6.3479764e+000  5.2217066e+000
  5.5064397e+000  4.0913673e+000
  2.0770974e+000  2.8829055e+000
  6.7408352e+000  6.0540987e+000
  3.0891850e+000  2.5993237e+000
  7.9348454e+000  5.9807946e+000
  1.0446890e+000  4.0456462e+000
  3.1666620e+000  2.4426936e+000
  7.2406041e+000  5.9675116e+000
  6.0229233e+000  6.9817668e+000
  5.2741503e+000  2.8071246e+000
  4.8008802e+000  2.8177078e+000
  2.5436616e+000  1.0959222e+000
  2.7279196e+000  4.4300390e+000
  7.2157005e+000  3.6925335e+000
  2.3079251e+000  3.4697455e+000
  7.7055977e+000  6.8859867e+000
  1.3447252e+000  5.8276184e+000
  2.8350267e+000  2.5757249e+000
  5.4887158e+000  4.2809477e+000
  7.5153379e+000  6.1066152e+000
  3.7235014e+000  2.9676169e+000
  2.5567401e+000  5.4693906e+000
  7.1997983e+000  6.5821251e+000
  3.5251311e+000  8.9036982e+000
  1.7777393e+000  7.4589541e+000
  7.7051357e+000  2.1487306e-001
  2.1333844e+000  7.9851390e+000
  7.7184226e+000  6.2343978e+000
  7.6083772e+000  6.1751609e+000
  2.8254488e+000  2.9099360e+000
  5.2508610e+000  1.9272994e+000
  6.5012670e+000  5.2450004e+000
  2.3190203e+000  7.6091038e+000
  7.7536074e+000  6.5920547e+000
  3.3858791e+000  7.8224997e+000
  2.5625191e+000  7.1735948e+000
  7.0879001e+000  6.7483887e+000
  7.7224035e+000  6.6148738e+000
  6.2906922e+000  2.3995447e+000
  6.7844124e+000  5.7110695e+000
  3.1607483e+000  5.0640947e+000
  7.5490759e+000  6.6301736e+000
  4.6348618e+000  5.8908046e+000
  7.3061715e+000  5.8499677e+000
  5.2963421e+000  3.2791217e+000
  9.2239984e+000  3.5702234e+000
  5.7079309e+000  2.5189068e+000
  3.6282165e-001  4.3219282e+000
  6.0629888e+000  2.2766225e+000
  4.6219548e+000  7.8217236e+000
  2.2570246e+000  7.5358928e+000
  4.5030460e+000  3.6500502e+000
  1.3283399e+000  7.6437547e+000
  3.0236955e+000  7.9241562e+000
  7.7234854e+000  3.0968401e+000
  1.4095603e+000  7.7850366e+000
  5.4158991e+000  4.4533141e+000
  6.6143938e+000  6.8785292e+000
  3.6440014e+000  2.5952140e+000
  2.6699200e+000  8.0644543e+000
  6.7448093e+000  6.1285148e+000
  3.6763259e+000  2.5751288e+000
  7.8928524e+000  6.4156469e+000
  2.6651666e+000  7.9881643e+000
  5.1879314e+000  4.8476535e+000
  6.8697952e+000  7.4636319e+000
  3.2675469e+000  2.7725589e+000
  7.2470723e+000  5.8117327e+000
  6.5404761e+000  2.8227170e+000
  1.6164343e+000  7.8067677e+000
  1.7276164e+000  8.0406454e+000
  7.3193494e+000  6.7825461e+000
  1.2248116e+000  6.1210628e+000
  2.7207623e+000  5.3675337e+000
  5.4065180e+000  5.1568124e+000
  6.2771446e+000  4.1641957e+000
  3.1728778e+000  2.2175681e+000
  7.1843386e+000  7.4086374e+000
  7.1939679e+000  7.1998140e+000
  6.5231631e+000  2.0507782e+000
  7.4782379e+000  6.5379016e+000
  2.7738895e+000  5.6743710e+000
  8.3532425e+000  2.8910700e+000
  2.7705643e+000  4.9945774e+000
  2.5554888e+000  2.2429348e+000
  4.8785140e+000  3.4919909e+000
  6.6307150e+000  5.9986454e+000
  3.2277576e+000  7.2352674e+000
  6.7833667e+000  5.8979177e+000
  5.2673890e+000  2.7739372e+000
  7.5313054e+000  5.6994795e+000
  2.9169096e+000  6.7425202e+000
  7.8942908e+000  2.6380101e+000
  2.3933603e+000  2.2716369e+000
  7.5054362e+000  6.9433369e+000
  2.3168032e+000  7.5169355e+000
  3.3793257e+000  2.4379118e+000
  6.7273975e+000  7.1624597e+000
  6.3765820e+000  1.5041415e+000
  1.2484776e+000  4.3528459e+000
  2.3399098e+000  2.5023099e+000
  7.4037294e+000  7.2707425e+000
  5.9635900e+000  2.3604688e+000
  8.6474914e-001  3.3520743e+000
  3.2743322e+000  2.7991607e+000
  1.7685575e+000  4.0470385e+000
  4.9683116e+000  6.2258600e+000
  4.6800373e-001  3.8275371e+000
  5.5742961e+000  3.2654705e+000
  7.4024685e+000  6.6860880e+000
  7.4221006e+000  6.3313330e+000
  2.9771908e+000  4.6163927e+000
  2.7044659e+000  4.9866105e+000
  7.1480513e+000  6.7674178e+000
  2.3378441e+000  2.6812398e+000
  9.2974388e+000  3.5357318e+000
  9.3611767e+000  3.9602925e+000
  6.3050855e+000  6.3146043e+000
  2.2217350e+000  4.8483468e+000
  2.8141394e+000  5.0787878e+000
  8.9110250e+000  3.7894104e+000
  7.5160491e+000  6.4737709e+000
  4.1244707e+000  8.3572956e+000
  2.9744011e+000  2.4919928e+000
  8.2070268e+000  7.3849560e+000
  6.8570064e+000  5.4723891e+000
  7.5283380e+000  2.7860211e+000
  3.8457318e+000  9.1991422e+000
  2.4041730e+000  2.2673102e+000
  3.2191052e+000  8.4823671e+000
  7.2667013e+000  5.6964027e+000
  5.8148112e+000  3.6538747e+000
  6.9931366e+000  6.4399152e+000
  2.5124886e+000  3.1441467e+000
  6.7120816e+000  5.9169816e+000
  2.9641087e+000  7.1123106e+000
  2.7794471e+000  9.0562448e-001
  5.8392954e+000  4.7864824e+000
  6.9670023e+000  6.9959951e+000
  6.6406118e-001  4.0572689e+000
  6.5446984e+000  6.3371263e+000
  7.6313118e+000  1.1853403e+000
  7.0714472e+000  6.0083046e+000
  1.1291302e+000  2.2603641e+000
  7.6796481e+000  6.5947246e+000
  5.3891608e+000  2.5838960e+000
  6.4401302e+000  1.4994596e+000
  1.9745974e+000  2.0802472e+000
  7.1325505e+000  7.4088271e+000
  7.7531087e+000  6.3054780e+000
  7.8308863e+000  6.8603765e+000
  3.1539339e+000  7.9012087e+000
  3.1947743e+000  7.6967568e+000
  7.3312093e+000  7.8130109e+000
  6.9000681e+000  2.0482092e+000
  3.0744669e+000  7.1786174e+000
  3.2413545e+000  4.0343165e+000
  7.5958148e+000  5.8689461e+000
  5.7017698e+000  1.3505468e+000
  7.1655107e+000  5.5744323e+000
  6.4995212e+000  7.1133769e+000
  2.1116521e+000  8.7283398e+000
  6.5410693e+000  5.8015717e+000
  2.5183871e+000  7.3849228e+000
  5.3697340e+000  1.6708227e+000
  1.4868884e+000  7.2583621e+000
  2.4969345e+000  2.7950168e+000
  8.8250030e+000  9.8620324e-001
  4.3946409e+000  5.9342065e+000
  6.2183102e+000  1.9677449e+000
  3.4955428e+000  2.4757759e+000
  7.5660670e+000  6.0402434e+000
  7.6400108e+000  3.6774895e+000
  7.3190944e+000  6.7249116e+000
  4.5493843e-001  4.8915333e+000
  3.6097291e+000  9.6398190e+000
  3.1413171e+000  2.1109487e+000
  1.6206026e+000  6.3972853e+000
  2.1406290e+000  8.0144244e+000
  2.3138329e+000  2.4449547e+000
  5.1476346e+000  4.7694319e+000
  6.7682638e+000  1.5571512e+000
  1.9444952e+000  7.2068830e+000
  8.1096029e+000  2.0498138e+000
  1.4667020e+000  5.0227693e+000
  2.3226351e+000  8.2168142e+000
  2.9339736e+000  5.4252526e+000
  7.2504896e+000  6.8210980e+000
  6.3601560e+000  5.6114652e+000
  8.0776713e+000  6.7052981e+000
  7.1696590e+000  6.0740726e+000
  6.3639686e+000  7.0892184e+000
  7.0823214e+000  2.4299705e+000
  5.2481616e+000  4.2621867e+000
  6.7944651e+000  6.3498957e+000
  3.4305687e+000  2.9380165e+000
  3.0625145e+000  5.3453800e+000
  3.0559971e+000  4.1165931e+000
  9.0337599e+000  3.0863408e+000
  1.5932371e+000  7.8191415e+000
  7.1017717e+000  7.0918568e+000
  3.2815376e+000  8.5377204e+000
  3.2439673e+000  4.3187733e+000
  7.0905574e+000  5.9295423e+000
  5.8961922e+000  7.3254126e-001
  5.2149633e+000  4.5197096e+000
  5.6793540e+000  1.5699645e+000
  2.4635593e+000  4.4776479e+000
  7.6895190e+000  6.9128177e+000
  6.6909609e+000  6.4606213e+000
  7.8223803e+000  6.9436737e+000
  6.9155498e+000  5.8241945e+000
  6.5510422e+000  4.7686411e+000
  3.9390716e+000  2.5342632e+000
  7.2596402e+000  6.7987758e+000
  2.2324999e+000  5.7395873e+000
  7.3717499e+000  6.2862495e+000
  2.4970803e+000  4.9391005e+000
  2.4422461e+000  7.7769398e+000
  5.6101953e+000  2.7623429e+000
  2.1078760e+000  2.4607101e+000
  3.3708176e+000  7.5117348e+000
  2.8316318e+000  4.9175396e+000
  3.6456333e+000  7.9350134e+000
  2.1526493e+000  5.0763794e+000
  2.5831700e+000  4.5307492e+000
  7.4351639e+000  6.0908072e-001
  7.1901065e+000  1.9891168e+000
  6.2193214e+000  6.0185031e+000
  6.0854768e+000  6.9351718e+000
  2.2712030e+000  2.2941994e+000
  3.8832986e+000  7.6809144e+000
  5.7592690e+000  1.9235021e+000
  5.2221606e+000  2.6446621e+000
  6.9796241e+000  2.1045952e+000
  6.9978968e+000  3.0231863e+000
  2.0750485e+000  7.2612424e+000
  5.4938222e+000  3.6574012e+000
  7.2926660e+000  1.3895412e+000
  4.0293975e+000  7.2704006e+000
  6.3557744e+000  6.2001257e+000
  6.9100817e+000  7.0022533e+000
  8.6290792e+000  2.9529958e+000
  3.2123929e+000  2.5507317e+000
  4.9894823e+000  1.8014458e+000
  2.5034699e+000  2.8464935e+000
  1.5506942e+000  8.7605078e+000
  2.5078633e+000  8.1274272e+000
  7.1200048e+000  5.7400081e+000
 -2.2021088e-001  8.3473422e+000
  8.7869359e+000  3.6255873e+000
  6.4997429e+000  5.4667574e+000
  3.0173049e+000  2.3579754e+000
  6.2157300e+000  6.9386811e+000
  4.6874878e+000  6.4408848e+000
  4.1351832e+000  3.7360746e+000
  2.2851544e+000  4.2980004e+000
  6.1077839e+000  3.6593414e+000
  3.1360555e+000  4.7540568e+000
  5.9913591e+000  3.7329084e+000
  2.7613318e+000  4.4446199e+000
  4.0099644e+000  8.5226920e+000
  6.2847427e+000  6.9416609e+000
  7.8694933e-001  3.4871393e+000
  2.5310547e+000  2.6391601e+000
  3.2156307e+000  3.0331740e+000
  9.4643701e+000  3.2819420e+000
  1.8157903e+000  6.8780919e+000
  7.9587404e+000  3.9239519e+000
  2.3594447e+000  4.2588417e+000
  5.0583829e+000  1.6503560e+000
  6.2654622e+000  6.0945682e+000
  8.2807947e+000  4.9315124e+000
  7.6841537e+000  2.9959472e+000
  9.0213436e+000  3.0920137e+000
  4.4762454e+000  7.4927186e+000
  6.0539451e+000  1.9938902e+000
  7.1196363e+000  6.6307275e+000
  4.3074395e+000  1.9436029e+000
  3.1528666e+000  8.2076038e+000
  5.4243136e+000  4.6391710e+000
  8.3064057e+000  6.7060350e+000
  3.5636515e+000  2.6250054e+000
  7.5983258e+000  5.6958664e+000
  6.0203684e-001  3.9513336e+000
  2.6274619e+000  5.0114252e+000
  8.2052990e+000  6.8996019e+000
  7.3275213e+000  2.9450317e+000
  2.9186098e+000  1.7637719e+000
  2.2503179e+000  5.3941845e+000
  2.6185509e+000  8.7118924e+000
  8.6036944e+000  2.4968638e+000
  5.5034278e+000  3.4566303e+000
  8.5948592e+000  2.3060709e+000
  7.3587793e+000  5.9363863e+000
  2.3889133e+000  3.7248433e+000
  6.4864389e+000  7.1277846e+000
  7.3843862e+000  5.8576367e+000
  5.8496522e+000  3.0384863e+000
  6.7549459e+000  7.3462984e+000
  7.3823005e+000  6.7741324e+000
  2.0135456e+000  5.6972327e+000
  6.3700970e+000  6.1151413e+000
  6.6252808e+000  5.9324460e+000
  3.3761032e+000  7.9039031e+000
  5.5023827e+000  3.4119910e+000
  2.1020229e+000  4.7101490e+000
  3.3102492e+000  4.9484727e+000
  7.0620506e+000  5.9241452e+000
  5.7070988e+000  2.3042582e+000
  4.6317882e+000  4.6957748e+000
  2.7545156e+000  9.3806982e+000
  7.4866802e+000  6.1914483e+000
  1.2533119e+000  2.4892361e+000
  5.5647663e+000  4.5118014e+000
  6.8262503e+000  1.2921866e+000
  6.0213947e+000  3.6924905e+000
  7.5987511e+000  3.1010035e+000
  6.7868095e+000  6.5491796e+000
  6.0296712e+000  6.9584525e+000
  7.1252779e+000  6.9229521e+000
  2.5023629e+000  3.1946820e-001
  6.9103137e-001  5.3297707e+000
  3.4277278e+000  1.9730265e+000
  2.8765294e+000  8.0989498e+000
  6.0071674e+000  4.4848043e+000
  4.2117714e+000  8.0780572e+000
  5.1365943e+000  3.0523899e+000
  1.9692570e+000  6.9605195e+000
  7.1173786e+000  1.9151363e+000
  8.8528895e+000  3.1133709e+000
  3.9094725e+000  9.3325520e+000
  3.5614765e+000  2.5066474e+000
  7.2829472e+000  7.0122565e+000
  2.3418694e+000  2.9626877e+000
  7.6440954e+000  2.9219292e+000
  7.3561484e+000  1.8237554e+000
  2.7118432e+000  4.3435214e+000
  6.4440283e+000  6.2739266e+000
  6.4240816e+000  3.0528441e+000
  2.3067059e+000  1.7835976e+000
  5.1501886e+000  4.5686179e+000
  4.4053700e+000  4.4397664e+000
  1.8901768e+000  7.4711699e+000
  6.6892721e+000  5.1398392e+000
  5.2726728e+000  1.9429083e+000
  2.1430271e+000  6.6400610e+000
  2.3939052e+000  8.0926814e+000
  8.0351642e+000  2.2868138e+000
  3.3569840e+000  7.2054209e+000
  6.2028395e+000  7.6062224e+000
  7.0089963e+000  7.2267257e+000
  3.7609301e+000  2.2197054e+000
  1.9575659e+000  7.4582955e+000
  7.3927616e+000  5.7437015e+000
  6.6324508e+000  7.5485455e+000
  2.5196996e+000  4.5156581e+000
  3.6517106e+000  2.6426011e+000
  1.2382585e+000  4.4417084e+000
  6.0269829e+000  3.6704551e+000
  6.2694622e+000  1.6921571e+000
  8.2556849e+000  7.0513453e+000
  7.5127301e+000  7.6912077e+000
  1.5767387e+000  7.7450798e+000
  7.2921907e+000  6.7943803e+000
  8.8850092e+000  5.7686136e+000
  6.4314957e+000  5.6503671e+000
  8.3273914e+000  2.8734312e+000
  7.6951271e+000  7.6142456e+000
  6.1972417e+000  6.8647703e+000
  2.2828268e+000  7.6019225e+000
  2.8086763e+000  8.3267083e+000
  6.8643346e+000  2.6609920e+000
  7.3407224e+000  6.7728496e+000
  7.5066032e+000  6.8591452e+000
  7.3302319e+000  5.6450896e+000
  6.2484139e+000  6.7254402e+000
  2.1307109e+000  2.5133161e+000
  7.4550201e+000  7.6077401e+000
  7.1276502e+000  7.7529522e+000
  6.6760368e+000  6.4369919e+000
  8.0342112e+000  3.0444335e+000
  3.1098657e+000  2.6013478e+000
  3.7718349e+000  2.8353041e+000
  7.1836188e+000  6.0177888e+000
  6.0463401e+000  1.3638837e+000
  7.1647866e+000  6.7797268e+000
  6.4942218e+000  5.8912160e+000
  7.6861519e+000  1.4239374e+000
  6.1788693e+000  6.8394232e+000
  4.9455625e+000  5.1439167e+000
  9.0725869e+000  2.9287930e+000
  5.5319399e+000  4.5487795e+000
  5.9606992e+000  3.5015398e+000
  7.4684766e+000  6.5479135e+000
  8.4370405e+000  2.7679288e+000
  2.5352740e+000  9.2878617e+000
  3.0832604e+000  8.4266825e+000
  5.0468834e+000  3.1468651e+000
  5.8267570e+000  1.3219447e+000
  6.2564743e+000  7.1429623e+000
  5.5491249e+000  3.5640320e+000
  2.9720916e+000  7.8944138e+000
  6.8789558e+000  7.3786212e+000
  3.2538545e+000  3.7208703e+000
  6.2149073e+000  2.1686900e+000
  7.3188964e+000  1.8961080e-001
  2.2700375e+000  7.4276847e+000
  5.3724366e+000  3.3129494e+000
  7.6401602e+000  6.6196765e+000
  5.0071118e+000  4.0389455e+000
  7.8397591e+000  3.6589847e+000
  5.6347789e+000  2.0350971e+000
  5.1221824e+000  3.6293918e+000
  9.1791883e+000  3.2135714e+000
  6.9701191e+000  6.7134416e+000
  1.7776087e+000  2.7173393e+000
  7.4507277e+000  7.0249210e+000
  7.0217282e+000  6.6148978e+000
  5.9704138e+000  2.2573406e+000
  2.5155043e+000  2.1222707e+000
  4.4158743e+000  8.2608724e+000
  1.8289754e+000  5.6257966e+000
  3.0964155e+000  2.6634110e+000
  2.6459141e+000  8.0549211e+000
  3.9627801e+000  2.6835175e+000
  2.5910968e+000  8.0666738e+000
  2.3005830e+000  4.6886794e+000
  6.0308418e+000  7.5964962e+000
  3.5582350e+000  8.2714762e+000
  6.1060163e+000  2.2636012e+000
  7.7537716e+000  6.7898455e+000
  9.5209693e-001  8.3867733e+000
  3.4901934e+000  2.7136647e+000
  2.4434444e+000  1.6271955e+000
  1.4891045e+000  2.3577436e+000
  7.2776036e+000  6.5748056e+000
  7.2695196e+000  6.9891916e+000
  1.7173953e+000  7.2377784e+000
  7.6208768e+000  6.1789917e+000
  7.5208845e+000  6.5516075e+000
  3.0186333e+000  6.6822759e-001
  2.6800269e+000  4.6537977e+000
  8.9534433e+000  3.5793295e+000
  4.9990036e+000  2.7309906e+000
  6.7388024e+000  6.9849518e+000
  2.8881268e+000  2.7009733e+000
  5.2857403e+000  3.5621282e+000
  2.3387834e+000  2.4746317e+000
  7.1127890e+000  9.4284985e-001
  5.8961136e+000  1.4650769e+000
  6.9024523e+000  4.4599009e+000
  2.6378043e+000  3.7430494e+000
  2.4306909e+000  4.2280845e+000
  8.5661329e+000  3.6206897e+000
  7.7571480e+000  6.8449570e+000
  2.0966665e+000  3.9085658e+000
  5.4841864e+000  1.5207837e+000
  4.4952820e-001  4.4208176e+000
  7.6996944e+000  7.0257024e+000
  2.3423535e+000  1.8832254e+000
  7.1713287e+000  7.1521174e+000
  2.7820440e+000  7.5936011e+000
  5.5312139e+000  4.2198795e+000
  7.4054406e+000  6.6664432e+000
  5.9788542e+000  2.4940697e+000
  7.6110660e+000  4.3478450e+000
  5.7749540e+000  2.5642460e+000
  7.3741868e+000  7.3630681e+000
  6.8174661e+000  7.3135986e+000
  3.7470098e+000  2.7108759e+000
  2.8546282e+000  7.9983515e+000
  7.7955915e+000  6.6283114e+000
  5.4116937e+000  2.2825356e+000
  2.7604484e+000  7.0179742e+000
  6.7517453e+000  6.3825505e+000
  8.0152858e+000  2.5846285e+000
  7.0018509e+000  7.1613731e+000
  2.6150306e+000  8.0209248e+000
  5.1016970e+000  4.4577516e+000
  3.1934539e+000  7.6026024e+000
  9.3803733e+000  3.3990450e+000
  4.8793879e+000  7.4843165e+000
  7.7838775e+000  3.2827850e+000
  7.0712868e+000  5.9147559e+000
  7.2077337e+000  6.3827810e+000
  5.7258674e+000  1.1962334e+000
  2.9891120e+000  6.3338553e-001
  8.5537694e+000  8.2355647e+000
  8.1593688e+000  1.0910631e+000
  8.8327257e+000  3.0861209e+000
  3.3990271e+000  2.4788656e+000
  7.5323707e+000  6.2275528e+000
  8.1899084e+000  6.3844095e+000
  5.6424426e+000  1.4712188e+000
  3.0367738e+000  3.1758365e+000
  6.7342085e+000  7.1280070e+000
  3.6259131e+000  3.6849223e+000
  2.4061432e+000  4.3806790e+000
  6.9297882e+000  3.4283036e+000
  7.2153239e+000  7.3107759e+000
  7.5344689e+000  5.8051651e+000
  7.5730256e+000  7.6685264e+000
  2.7690612e+000  5.6546468e+000
  8.3919825e+000  6.7407958e+000
  4.3176699e+000  7.9731104e+000
  7.3116684e+000  7.7941677e+000
  6.8400638e+000  5.9477032e+000
  7.2352415e+000  6.2519249e+000
  7.1883238e+000  6.5912405e+000
  6.0245745e+000  3.7755189e+000
  7.6430979e+000  6.7768697e+000
  5.0458501e+000  3.4229664e+000
  6.5560860e+000  6.9345702e+000
  2.4605963e+000  6.8274495e+000
  3.1902510e+000  2.6169254e+000
  2.7128205e+000  7.8743946e+000
  5.6247269e+000  2.6509567e+000
  7.3049092e+000  6.0426636e+000
  7.6720272e+000  6.3384487e+000
  1.8151709e+000  7.4999445e+000
  4.8790162e+000  2.1871911e+000
  3.0097818e+000  5.5556591e+000
  6.2814985e+000  4.8187878e+000
  5.2900561e+000  4.3615196e+000
  3.5116136e+000  2.5154506e+000
  7.6828818e+000  7.0683459e+000
  2.3651204e+000  4.8891959e+000
  2.0457870e+000  8.0367759e+000
  7.7801274e+000  6.9537217e+000
  2.5203335e+000  4.7387619e+000
  6.2104215e+000  7.1782302e+000
  3.0415379e+000  7.8196253e+000
  6.7252231e+000  5.0664704e+000
  7.4439769e+000  6.8329555e+000
  1.8063387e+000  7.3240880e+000
  4.0135666e-001  4.6882141e+000
  7.8177140e+000  6.4455055e+000
  2.6651377e+000  8.0527075e+000
  6.0535813e+000  2.0440186e+000
  2.8388316e+000  5.0159830e+000
  6.1134501e+000  4.6941698e+000
  7.3411596e+000  6.0251263e+000
  1.7092814e+000  7.9392788e+000
  8.0089965e+000  7.7257072e+000
  2.9503673e+000  7.3592080e+000
  4.8805243e+000  3.4114364e+000
  2.8855510e+000  7.8852493e+000
  7.1843645e+000  5.7435737e+000
  6.8601447e+000  2.2064961e+000
  7.3928305e+000  6.8854198e+000
  1.9784426e+000  7.9291617e+000
  7.2552157e+000  5.8680851e+000
  6.8875865e+000  6.5900834e+000
  7.2150055e+000  6.0238451e+000
  7.2854767e+000  6.9482329e+000
  6.3153292e+000  4.6847618e+000
  7.6058418e+000  5.6191343e+000
  7.5447667e+000  2.3136999e+000
  7.4914713e+000  7.6170011e+000
  7.3901599e+000  5.7227667e+000
  2.8271400e+000  2.7566294e+000
  8.9166840e+000  3.5630375e+000
  6.1403084e+000  2.5544731e+000
  7.4301177e+000  6.3037952e+000
  4.6274906e+000  3.7717185e+000
  1.9938325e+000  3.5204605e+000
  1.8234423e+000  9.0320178e+000
  3.9079763e+000  6.8343615e+000
  6.6649640e+000  7.0963509e+000
  6.0057222e+000  3.2226935e+000
  4.6757287e+000  1.4766588e+000
  7.2409959e+000  2.4879062e+000
  7.3022785e+000  6.0729007e+000
  6.0365758e+000  1.4805160e+000
  2.4792122e+000  2.7350883e+000
  7.4050931e+000  7.2020410e+000
  7.0649448e+000  7.0704691e+000
  1.4790323e+000  7.9765718e+000
  2.4558997e+000  2.3227619e+000
  7.0566843e+000  6.3535465e+000
  6.1299261e+000  7.0146193e+000
  2.3907380e+000  5.3651377e+000
  7.3168142e+000  2.4167500e+000
  6.7239753e+000  6.0554837e+000
  7.0046644e+000  5.7976695e+000
  8.2184454e+000  6.4158601e+000
  4.7765025e+000  5.7854478e+000
  1.0416447e+000  2.7575942e+000
  2.4973850e+000  9.2510944e+000
  1.5783268e+000  7.5075249e+000
  7.2069638e+000  2.5441224e+000
  6.1518952e+000  1.9467313e+000
  5.6244091e+000  3.5693627e+000
  7.1022535e+000  6.0236548e+000
  5.1107589e+000  3.6434850e+000
  2.0234601e+000  2.3546661e+000
  2.4047605e+000  4.9684943e+000
  2.5655887e+000  2.2307007e+000
  1.0165117e+000  3.8303059e+000
  1.9619954e+000  7.7317158e+000
  7.4294392e+000  6.7360649e+000
  1.7781960e+000  5.0440301e+000
  3.4009998e+000  9.1191431e+000
  5.1833590e+000  1.8887828e+000
  3.4499004e+000  2.3003246e+000
  2.7495416e+000  5.3821586e+000
  8.2478745e+000  2.5564599e+000
  7.2137400e+000  7.1171746e+000
  4.8245105e+000  2.1755022e+000
  1.7716156e+000  7.3736575e+000
  1.2822024e+000  7.3672495e+000
  1.7301856e+000  4.3398608e+000
  7.5379642e+000  7.0710122e+000
  2.9743989e+000  8.2280912e-001
  6.9589393e+000  5.2897830e-003
  3.4557822e+000  7.9889357e+000
  7.6706317e+000  2.3671235e+000
  1.7747592e+000  2.3845222e+000
  2.4232959e+000  4.8354099e+000
  2.7476901e+000  7.7148973e+000
  7.2201583e+000  7.8614104e+000
  2.8455683e+000  4.0123903e+000
  1.9138211e+000  1.9576617e+000
  2.7011183e+000  5.0662765e+000
  5.4631583e+000  3.5069800e+000
  2.2542066e+000  4.5293908e+000
  7.1614488e+000  3.8150040e-001
  2.7899715e+000  7.9413974e+000
  7.4188063e+000  6.8954441e+000
  1.7561030e+000  6.1321368e+000
  2.5240677e+000  6.2409220e+000
  7.9292266e+000  6.5436660e+000
  1.2532823e+000  3.6957744e+000
  4.2664363e+000  2.4017690e+000
  1.2184589e+000  8.4532463e+000
  6.6008270e+000  7.6122591e+000
  5.0336366e+000  4.7959731e+000
  2.3008294e+000  2.4064403e+000
  2.5386098e+000  7.5538039e+000
  2.5097822e+000  7.2264593e+000
  5.6847556e+000  3.4565206e+000
  2.6239806e+000  2.4236539e+000
  7.4915758e+000  6.6706507e+000
  6.8632911e+000  1.4499453e+000
  3.8315257e+000  5.0069312e+000
  6.2794964e+000  3.5396985e+000
  3.6953373e+000  2.6491408e+000
  6.7873889e+000  5.6934578e+000
  7.4957201e+000  7.1863632e+000
  6.8712727e+000  6.8749152e+000
  5.3669604e+000  3.7086624e+000
  4.7348807e+000  3.4493553e+000
  9.9665279e-001  2.6323347e+000
  2.8205769e+000  5.0818801e+000
  5.6527752e+000  1.7126163e+000
  7.0676612e+000  7.4041556e+000
  6.6114113e+000  6.3919389e+000
  3.7082451e+000  2.1941415e+000
  3.1321649e+000  2.0093751e+000
  6.2652128e+000  7.2161637e+000
  6.2553732e+000  6.9427809e+000
  2.0576531e+000  5.5217739e+000
  2.1329621e+000  5.9771769e+000
  5.4523532e+000  4.0924086e+000
  7.1025668e+000  6.1817856e+000
  4.6688883e+000  1.5259875e+000
  6.8045885e+000  2.1343422e+000
  3.0215552e+000  9.3187504e-001
  6.8555938e+000  2.9804812e-001
  1.8360288e+000  6.0279592e+000
  2.1002131e+000  8.2172203e+000
  1.2993692e+000  2.9937242e+000
  7.2156016e+000  4.4834959e+000
  3.8694898e+000  2.2241820e+000
  7.4793175e+000  2.5567946e+000
  5.6386294e+000  5.6596631e+000
  2.4202185e+000  5.3508080e+000
  3.3324788e+000  2.7571033e+000
  2.4414631e+000  2.5436707e+000
  3.4072684e+000  7.5210980e+000
  6.4990181e+000  4.9960355e+000
  7.1951011e+000 -1.2550072e-001
  3.1664436e+000  7.1228801e+000
  8.1503569e+000  6.1948549e+000
  5.1067269e+000  4.2811294e+000
  2.3270213e+000  2.8537883e+000
  5.5760544e+000  4.0212244e+000
  2.4603631e+000  4.7044835e+000
  5.1426460e+000  4.4501633e+000
  7.2563521e+000  6.6328934e+000
  7.1652832e+000  1.8002676e+000
  7.2879730e+000  2.5625311e+000
  7.4653765e+000  6.5759621e+000
  7.0723659e+000  7.0979200e+000
  8.6628587e+000  3.3004258e+000
  1.5779371e+000  7.7498901e+000
  1.8821664e+000  7.0025956e+000
  5.4096471e+000  4.7829489e+000
  9.3588019e+000  2.8383585e+000
  6.1153729e+000  3.6573966e+000
  5.5606814e+000  2.7264347e+000
  5.8854117e+000  4.0549618e+000
  2.5867515e+000  5.7863557e+000
  2.6934104e+000  5.5201298e+000
  5.2765924e+000  3.2645991e+000
  7.6153304e+000  1.8421868e+000
  5.0837535e+000  5.3791163e+000
  1.8469145e+000  6.9288354e+000
  7.1376671e+000  6.8527813e+000
  2.7603481e+000  8.2515323e+000
  2.5605753e+000  2.5744456e+000
  7.0163916e+000  6.8711199e+000
  6.8911135e+000  7.1449176e+000
  7.8445748e+000  5.8415882e+000
  6.6888254e+000  6.3779478e+000
  5.0845076e+000  3.7948739e+000
  6.7206807e+000  6.3333809e+000
  6.5213336e+000  5.7811348e+000
  2.3595554e+000  8.6242406e+000
  5.6744856e+000  1.5744187e+000
  6.4871673e+000  6.2941152e+000
  6.8542760e+000  7.9276656e+000
  7.4227638e+000  3.4896536e+000
  6.2372436e+000  7.3091100e+000
  2.2424624e+000  9.2540412e+000
  4.8882237e+000  3.6525532e+000
  7.0689812e+000  6.8486743e+000
  7.4851680e+000  2.3134778e+000
  7.0172939e+000  2.4393994e+000
  2.2378887e+000  7.9176039e+000
  2.3190686e+000  7.1298645e+000
  3.9579774e+000  8.2951798e+000
  3.0761436e+000  2.3429881e+000
  2.2103005e+000  7.4161784e+000
  7.2435854e+000  7.7533756e+000
  5.5241625e+000  2.7598034e+000
  3.5867250e+000  2.6299315e+000
  2.8281631e+000  7.1853755e+000
  5.4646365e+000  2.3040081e+000
  2.9016733e+000  4.7828111e+000
  3.5756321e+000  2.7896608e+000
  7.8445678e+000  6.0300436e+000
  5.3218807e+000  2.4462102e+000
  5.8463429e+000  2.1106075e+000
  2.9508060e+000  7.8555447e+000
  6.6345305e+000  5.7523031e+000
  5.8879725e+000  4.7389560e+000
  5.0196262e+000  7.2106188e+000
  7.3265927e+000  5.7010945e+000
  3.5562479e+000  2.6403079e+000
  3.7952922e+000  2.8249947e+000
  2.8392116e+000  4.7177424e+000
  2.6843386e+000  4.6684377e+000
  7.8934346e+000  6.8615543e+000
  8.3292100e+000  6.5910066e+000
  3.6176540e+000  2.3127563e+000
  6.1589129e+000  6.6508191e+000
  3.7114086e+000  3.2328969e+000
  5.4319896e+000  4.6830057e+000
  4.2381388e+000  7.7544146e+000
  5.8980131e+000  3.4525168e+000
  6.2568839e+000  6.7506456e+000
  8.7198537e+000  2.9681753e+000
  3.0763954e+000  7.8355995e+000
  8.1398243e+000  6.3635501e+000
  7.2779378e+000  2.1639215e+000
  1.7877927e+000  5.6578907e+000
  5.8200758e+000  5.1200734e+000
  7.0792001e+000  5.7210610e+000
  7.5694659e+000  6.7299012e+000
  7.3026464e+000  1.1455628e+000
  7.5826775e+000  6.7632181e+000
  6.9037287e+000  6.0470695e+000
  3.1049475e+000  7.4970377e+000
  5.7554545e+000  1.5220850e+000
  3.7126701e+000  2.4651800e+000
  2.9765430e+000  8.1536652e+000
  5.9708424e+000  3.7227361e+000
  6.8957995e+000  7.7139234e+000
  2.3699943e+000  2.8125978e+000
  2.4027428e+000  4.0695920e+000
  5.8975373e+000  3.8307496e+000
  4.5309504e+000  6.3979763e+000
  1.1078454e+000  3.9326927e+000
  5.0604305e+000  5.0438813e+000
  7.3487994e+000  6.7357811e+000
  7.2990698e+000  7.2079257e+000
  2.0069061e+000  2.9196218e+000
  6.5382013e+000  7.0697115e+000
  5.6561786e+000  3.5585663e+000
  7.6085482e+000  6.1006137e+000
  5.3811114e+000  3.0935394e+000
  3.0760400e+000  2.6477718e+000
  6.7542131e+000  3.4873678e-001
 -1.2764014e-001  8.5931812e+000
  3.1502215e+000  2.8979851e+000
  2.9543294e+000  2.7089280e+000
  8.2527589e+000  3.1245068e+000
  2.4712828e+000  6.4284196e+000
  3.6639686e+000  8.4870157e+000
  1.3973929e+000  3.0240738e+000
  5.5549035e+000  3.2989678e+000
  7.8554874e+000  6.7817819e+000
  6.9409405e+000  2.4789015e+000
  4.9928196e+000  3.4596503e+000
  5.5205939e+000  3.1219796e+000
  4.3681574e+000  2.1700617e+000
  2.9738446e+000  8.8217380e+000
  7.3495814e+000  6.4710374e+000
  4.1007522e+000  1.4805333e+000
  7.0965672e+000  1.9381263e+000
  6.5627045e+000  6.9428105e+000
  6.9899909e+000  4.7102682e+000
  7.3302590e+000  5.9662743e+000
  1.7118299e+000  5.5430961e+000
  7.2388490e+000  7.1101464e+000
  2.8117061e+000  2.2200796e+000
  1.7473773e+000  7.7326019e+000
  1.9789035e+000  7.5157003e+000
  3.3481227e+000  7.7745684e+000
  7.8448622e+000  3.4108356e+000
  7.5542625e+000  7.0323627e+000
  5.5568275e+000  2.8901975e+000
  3.0466815e+000  7.9159513e+000
  2.1716033e+000  2.2241843e+000
  7.3877223e+000  6.4295514e+000
  6.2065520e+000  7.2846804e+000
  6.4952717e-001  6.2626977e+000
  7.6582350e+000  7.7039443e+000
  7.0174169e+000  2.8212371e+000
  2.3042879e+000  7.6371630e+000
  5.9084326e+000  1.4449632e+000
  7.3330426e+000  7.3683289e+000
  3.1477033e+000  7.9117758e+000
  2.2523247e+000  7.0753755e+000
  4.4181183e+000  2.8507118e+000
  5.7979115e+000  5.1319146e+000
  1.2466226e+000  2.1984400e+000
  5.1507868e+000  2.9095082e+000
  2.7300033e+000  4.9721806e+000
  3.1145711e+000  8.4517588e+000
  8.1753094e+000  6.6702344e+000
  8.3492207e+000  8.2810760e+000
  2.6376692e+000  5.0439526e+000
  5.5696774e+000  3.2418336e+000
  5.4050070e+000  3.5405673e+000
  3.2030577e+000  7.9866038e+000
  3.4437954e+000  7.7309482e+000
  3.3450104e+000  4.5209403e+000
  8.0834324e+000  7.1665192e+000
  7.7314493e+000  6.8495187e+000
  6.2099640e+000  1.6832617e+000
  2.2256404e+000  2.3838609e+000
  7.3545003e+000  7.0329116e+000
  7.1831944e+000  1.6723961e+000
  2.1670781e+000  7.8706230e+000
  2.4526364e+000  7.9613123e+000
  1.7055157e+000  7.4676971e+000
  7.7411473e+000  2.1835973e+000
  7.6583646e+000  6.8992563e+000
  7.2768218e+000  5.7986614e+000
  2.4819524e+000  5.0931682e+000
  6.0174563e+000  2.4271605e+000
  7.5684526e+000  6.5605946e+000
  6.8272746e+000  7.2632868e+000
  8.0854923e+000  3.6377511e+000
  7.4139139e+000  6.4319812e+000
  6.2957587e+000  1.8985331e+000
  7.5410118e+000  7.7433484e+000
  3.3175572e+000  7.9053662e+000
  6.0634949e+000  4.3851695e+000
  2.2254274e+000  7.8265496e+000
  7.4633544e+000  7.6135917e+000
  7.3725828e+000  5.7213118e+000
  7.2048203e+000  6.8145703e+000
  3.7508599e+000  5.4227094e+000
  1.9491316e+000  5.5519970e+000
  2.7583652e+000  3.0680704e+000
  7.7297518e+000  6.8911315e+000
  3.2156939e+000  7.2332064e+000
  7.1421294e+000  6.7862364e+000
  1.8873441e+000  7.2477451e+000
  3.9694012e+000  1.5474827e+000
  3.9346712e+000  5.4607206e+000
  4.3667925e+000  1.9025555e+000
  1.1467357e+000  2.9567375e+000
  2.0325376e+000  2.3755088e+000
  2.4013744e+000  3.4422183e+000
  7.5872803e+000  3.9199302e+000
  4.9916497e+000  3.7461645e+000
  2.1709472e+000  4.5191857e+000
  2.6414349e+000  3.6295630e+000
  4.8218994e+000  5.6783805e+000
  7.5619624e+000  5.4724045e+000
  7.3008747e+000  1.9756908e+000
  7.7519417e+000  6.4335607e+000
  2.4380436e+000  2.6915347e+000
  5.6477060e+000  3.5889208e+000
  5.6217380e+000  4.8575192e+000
  2.4384911e+000  5.0685845e+000
  3.4426645e+000  2.7681578e+000
  6.4031260e+000  6.3188783e+000
  5.1130531e+000  3.8753284e+000
  4.7177084e+000  3.5722379e+000
  2.6088044e+000  7.6801470e+000
  5.8799747e+000  1.9553507e+000
