  5.3011127e+000  2.9946748e+000
  7.3702015e+000  7.6851957e+000
  1.7720461e+000  7.0225993e+000
  7.5655651e+000  2.5001291e+000
  7.0948494e+000  6.1146726e+000
  6.6764689e+000  6.4963945e+000
  8.2871145e+000  3.1804562e+000
  3.5073517e+000  1.5203908e+000
  2.9152012e+000  4.7149194e+000
  2.1038197e+000  6.8510775e+000
  7.0543193e+000  6.9305067e+000
  2.1904893e+000  4.5528870e+000
  7.3790787e+000  6.0746233e+000
  2.6822683e+000  1.0284714e+000
  5.2965473e+000  4.3191843e+000
  7.1701063e+000  6.2745093e+000
  3.6207670e+000  8.1519904e+000
  8.2853545e+000  7.2467058e+000
  7.0944680e+000  1.7060918e+000
  6.7174262e+000  8.0587150e+000
  6.3672363e+000  6.6572038e+000
  4.4049439e+000  7.6269934e+000
  6.1006032e+000  3.3846661e+000
  5.5228437e+000  3.5598205e+000
  5.9582548e+000  5.2491165e+000
  7.6175182e+000  6.6347037e+000
  1.9240255e+000  7.4686126e+000
  8.2045875e+000  3.1194125e+000
  7.9972372e+000  6.8173749e+000
  6.1740487e+000  3.1789112e+000
  7.1319143e+000  6.3685678e+000
  7.7769981e+000  3.0175639e+000
  2.2877423e+000  2.2332181e+000
  8.3858255e-001  4.6155344e+000
  3.8400344e+000  1.6618873e+000
  7.2562107e+000  5.9078688e+000
  7.0233695e+000  7.3757888e+000
  1.7326632e+000  6.0285194e+000
  4.1519125e+000  8.2399886e+000
  7.0530194e+000  3.6806388e+000
  2.2143024e+000  2.9798444e+000
  7.4571807e+000  2.6371893e+000
  3.0667432e+000  2.3308376e+000
  7.8214647e+000  1.5373046e+000
  1.6246174e+000  5.4645752e+000
  3.3804026e+000  8.8695674e+000
  2.0260467e+000  4.8423011e+000
  6.6575696e+000  7.9981822e+000
  7.9877938e+000  2.4098042e+000
  2.2719627e+000  7.4105354e+000
  8.8655410e+000  2.5825607e+000
  4.3554463e+000  8.1880898e+000
  8.0048558e+000  6.4744758e+000
  7.1755736e+000  7.4606297e+000
  7.5827982e+000  6.3125211e+000
  6.9136015e+000  5.7844492e+000
  1.9736051e+000  4.4860278e+000
  6.0823667e+000  7.3725396e+000
  2.5443467e+000  4.1833273e+000
  7.2421105e+000  5.9874045e+000
  1.6642949e+000  4.4865443e+000
  1.6028499e+000  7.4862521e+000
  5.3263442e+000  3.6461779e+000
  8.3894235e+000  7.1655539e-001
  8.2278659e+000  5.0948557e+000
  2.2319218e+000  1.9905583e+000
  7.1303379e+000  6.8360312e+000
  5.1893941e+000  3.5536998e+000
  2.1900790e+000  7.7962398e+000
  6.5033392e+000  6.3169393e+000
  5.6983260e+000  3.4490147e+000
  2.2911345e+000  3.5840101e+000
  2.6818915e+000  7.6266578e+000
  1.9351453e+000  3.4890460e+000
  7.2329974e+000  6.3971775e+000
  5.4948634e+000  3.6708909e+000
  7.8291724e+000  2.9006686e+000
  2.9805133e+000  8.3464421e+000
  5.8114064e+000  2.7560702e+000
  3.3080037e+000  2.0226962e+000
  6.4862252e+000  6.9682677e+000
  6.7797088e+000  7.3132095e+000
  3.2339665e+000  8.4541766e+000
  7.3562153e+000  2.5440060e+000
  4.4871212e+000  3.7367806e+000
  4.9764963e+000  3.7276325e+000
  2.2405829e+000  3.0301613e+000
  2.8698186e+000  1.6952710e+000
  5.5118396e+000  3.1134354e+000
  9.3887872e+000  2.9240467e+000
  4.3801155e+000  6.9580121e+000
  2.5473390e+000  1.0667965e+000
  2.7201524e+000  2.2674076e+000
  7.6028050e+000  2.5495235e+000
  2.4016741e+000  2.5308726e+000
  7.8146041e+000  2.9535643e+000
  2.5321011e+000  4.6543759e+000
  2.0719083e+000  7.3509533e+000
  2.0141219e+000  2.3936057e+000
  3.1705579e+000  1.8095495e+000
  6.9590122e+000  6.4120352e+000
  2.8402099e+000  1.4547885e+000
  8.2998184e+000  1.4698419e+000
  7.0818236e+000  6.1219151e+000
  7.3633273e+000  2.5971299e+000
  1.6054192e+000  6.1980829e+000
  3.0403670e+000  1.6068026e+000
  2.1724750e+000  3.5812362e+000
  5.2801155e+000  3.7978899e+000
  1.5903648e+000  7.1917230e+000
  5.4274892e+000  3.8547975e+000
  8.1886211e+000  2.9910985e+000
  7.1433926e+000  2.5200124e+000
  2.1355562e+000  6.3866863e+000
  1.0545753e+000  3.9403946e+000
  8.1638952e+000  5.9951078e+000
  7.7148247e+000  5.1941737e+000
  5.1565423e+000  4.1426874e+000
  5.8547722e+000  4.4588790e+000
  2.2060237e+000  7.6083588e+000
  6.7726734e+000  7.2480944e+000
  3.6861640e+000  5.4653847e+000
  4.8033151e+000  2.9172365e+000
  7.6772414e+000  6.5268579e+000
  2.3563353e+000  1.9389148e+000
  1.8840647e+000  6.3230592e+000
  3.5902919e+000  6.3340336e+000
  1.7123961e+000  7.1510075e+000
  2.6946874e+000  2.2122287e+000
  6.3772732e+000  6.1729926e+000
  2.4134035e+000  2.5670999e+000
  4.9611313e+000  2.9600238e+000
  8.2914296e+000  4.9825053e+000
  3.5215183e+000  7.8902508e+000
  3.4713092e+000  1.7778412e+000
  3.6602926e+000  2.4491471e+000
  2.7079751e+000  2.1327963e+000
  2.3223960e+000  2.6453589e+000
  1.6750195e+000  3.5494432e+000
  5.0176939e+000  3.9850089e+000
  2.1445909e+000  6.1073260e+000
  2.7809589e+000  6.7698659e-001
  7.1687990e+000  6.4312298e+000
  7.1069146e+000  1.0866514e+000
  1.5961425e+000  6.3318499e+000
  5.2630063e+000  3.7538655e+000
  7.2638597e+000  5.8134568e+000
  1.4099760e+000  8.0015897e+000
  6.4847710e+000  5.9397021e+000
  7.6146019e+000  7.8292743e+000
  7.8743796e+000  7.5364343e+000
  8.0649238e+000  6.7650146e+000
  1.9146004e+000  4.3341648e+000
  4.9059720e+000  3.3212289e+000
  3.4800779e+000  1.1120583e+000
  4.9015955e+000  5.9893571e+000
  8.7955032e+000  8.3650732e+000
  2.7501252e+000  2.2565127e+000
  3.3479896e+000  1.9368191e+000
  7.0918646e+000  6.5805476e+000
  1.9515179e+000  8.1735230e+000
  3.5805214e+000  8.6165130e+000
  3.2663089e+000  9.5033870e-001
  7.7451621e+000  1.8773985e+000
  2.3852068e+000  1.7202880e+000
  2.0696238e+000  7.4275444e+000
  5.1292212e+000  2.5156555e+000
  7.8305730e+000  1.4262476e+000
  5.3510176e+000  3.7827773e+000
  6.2482643e+000  3.0649609e+000
  7.1625966e+000  7.0876795e+000
  1.6244991e+000  4.8581799e+000
  3.7183304e+000  2.0565431e+000
  1.2807762e+000  6.4515352e+000
  3.4779907e+000  7.6995179e+000
  1.9522076e+000  6.5199551e+000
  7.5057564e+000  6.5230868e+000
  2.1153202e+000  6.6858882e+000
  7.0387047e+000  2.4113455e+000
  3.4364410e+000  7.3653647e+000
  3.2286119e+000  3.4015725e+000
  2.1250244e+000  2.2255419e+000
  5.5092562e+000  3.2316923e+000
  7.5690584e+000  1.7220651e+000
  8.6710412e+000  8.0620195e+000
  2.3198988e+000  2.4902414e+000
  4.8564446e+000  3.6595516e+000
  7.2247290e+000  7.5764079e+000
  8.5000047e+000  6.5040607e+000
  6.2269971e+000  6.2567087e+000
  7.2877708e+000  6.2444636e+000
  3.2815466e+000  1.9459205e+000
  6.8354087e+000  7.6390687e+000
  7.5154034e+000  7.5234801e+000
  2.0576348e+000  8.0839701e+000
  5.2624613e+000  3.6003182e+000
  7.7367009e+000  3.1865664e+000
  7.3215776e+000  5.6128192e+000
  8.1455577e+000  5.3531987e+000
  8.7695745e+000  3.3334436e+000
  2.4731669e+000  8.2483268e+000
  8.2027104e+000  7.9212897e+000
  6.7918509e+000  7.3321577e+000
  3.1592924e+000  1.1959153e+000
  4.9433279e+000  3.7725073e+000
  8.6015914e+000  3.3483293e+000
  7.6547645e+000  1.0516209e+000
  7.2337293e+000  6.6248258e+000
  7.4468674e+000  6.8973158e+000
  6.9015281e+000  7.0808479e+000
  7.2120207e+000  1.9195479e+000
  2.2029274e+000  6.3421032e+000
  5.5220255e+000  3.9279943e+000
  5.6015925e+000  3.5584816e+000
  1.6433359e+000  7.5408952e+000
  7.4232144e+000  2.2108375e+000
  6.7364170e+000  6.1427095e+000
  5.3201379e+000  4.2262729e+000
  5.7158473e+000  2.5405303e+000
  7.4681668e+000  1.7725615e+000
  7.8669701e+000  1.7044198e+000
  2.2665305e+000  7.2990982e+000
  1.2948720e+000  3.8976267e+000
  6.6214139e+000  6.8041991e+000
  4.5044631e+000  6.0700866e+000
  2.1139342e+000  2.5446624e+000
  2.1505020e+000  1.4582206e+000
  7.7891378e+000  2.9491642e+000
  1.3966188e+000  6.1229893e+000
  3.8302221e+000  9.7308839e-001
  5.9160875e+000  2.9167597e+000
  6.9627761e+000  6.3420672e+000
  2.7338408e+000  8.2235991e+000
  7.9494572e+000  2.1627222e+000
  7.1383383e+000  6.8724167e+000
  5.0363193e+000  3.4055371e+000
  2.2323544e+000  2.7110679e+000
  2.8980756e+000  4.2816409e+000
  2.3412563e+000  1.2138593e+000
  7.7147559e+000  8.2186837e+000
  5.6337384e+000  3.3173750e+000
  1.0229763e+000  3.8383155e+000
  7.1918156e+000  5.3732342e+000
  2.8721046e+000  5.2708041e+000
  5.0396289e+000  2.8051962e+000
  7.0750648e+000  6.4675792e+000
  7.5462801e+000  1.9718001e+000
  7.3249682e+000  6.4914367e+000
  2.3397856e+000  7.9219190e+000
  1.8767330e+000  8.6593943e+000
  5.3166273e+000  3.7081894e+000
  7.3924825e+000  6.9674902e+000
  4.8114931e+000  3.3379033e+000
  6.7618578e+000  6.3182417e+000
  2.9643038e+000  3.3248732e+000
  6.3331830e+000  5.8187412e+000
  3.3016299e+000  1.9449470e+000
  8.8433987e+000  5.9826372e+000
  7.6366366e+000  6.2759655e+000
  1.7831302e+000  6.4229443e+000
  2.2183654e+000  7.2925860e+000
  4.3121684e+000  8.4390833e+000
  2.3760250e+000  6.1301854e+000
  2.6863779e+000  7.8564820e+000
  8.8016512e+000  2.8102379e+000
  7.2605551e+000  6.3814033e+000
  7.4696388e+000  7.0270269e+000
  7.0516796e+000  7.3201099e+000
  8.3800676e+000  3.1366111e+000
  8.0098598e+000  2.9769854e+000
  6.6703476e+000  6.9961363e+000
  2.2468564e+000  4.3085322e+000
  5.4801436e+000  2.0220017e+000
  7.4985265e+000  6.1796547e+000
  4.2162043e+000  2.9795008e+000
  5.1024846e+000  3.6814558e+000
  4.1208656e+000  8.4682794e+000
  3.1029989e+000  3.5730671e+000
  3.3275478e+000  8.5003381e+000
  1.9939300e+000  7.7617967e+000
  9.6526167e-001  3.7476962e+000
  7.5661976e+000  6.3697852e+000
  5.9490590e+000  3.5028127e+000
  8.0231014e+000  5.1564652e+000
  2.3398036e+000  4.3919379e+000
  6.6338742e+000  7.7142404e+000
  7.7826746e+000  2.4494269e+000
  8.1910834e+000  2.4704623e+000
  7.7710537e+000  2.8044429e+000
  4.7332416e+000  3.3188187e+000
  2.5370014e+000  7.8950093e+000
  9.1682746e-001  4.1646053e+000
  7.3178851e+000  6.6259466e+000
  7.3271509e+000  6.5917638e+000
  6.4609726e+000  7.5568391e+000
  7.4351750e+000  6.9610816e+000
  2.2947218e+000  4.4114352e+000
  7.3893520e+000  2.6696208e+000
  5.0419688e+000  4.3810401e+000
  2.3367529e+000  2.3541977e+000
  5.2824573e+000  6.6974788e+000
  5.3197481e+000  3.1514244e+000
  5.3515479e+000  5.3154326e+000
  7.0301779e+000  6.7219919e+000
  6.7175922e+000  7.8154808e+000
  7.5309873e+000  1.6341950e+000
  7.6466468e+000  1.3782271e+000
  3.2644901e+000  1.5528428e+000
  8.0557553e+000  8.4789967e+000
  3.3113825e+000  1.8676303e+000
  2.9336788e+000  1.1014363e+000
  3.0960184e+000  2.4077320e+000
  1.6544522e+000  7.5767901e+000
  7.6323942e+000  1.4803796e+000
  2.3051279e+000  4.5740184e+000
  7.2738589e+000  5.5185495e+000
  7.8462810e+000  2.6722067e+000
  5.0119118e+000  3.3315443e+000
  5.2437742e+000  4.3659110e+000
  2.2224443e+000  2.6958222e+000
  3.1038839e+000  9.1556720e-001
  8.7535394e+000  2.3327355e+000
  5.0023830e+000  3.0122635e+000
  3.2276134e+000  1.9918868e+000
  8.4305877e+000  7.5752100e+000
  3.1870751e+000  8.5195415e+000
  6.6052475e+000  6.8634905e+000
  8.2113210e+000  7.6101345e+000
  6.8756503e+000  2.5503715e+000
  7.7328113e+000  1.3039855e+000
  7.6828509e+000  2.9284912e+000
  8.2694927e+000  8.3474626e+000
  5.1835300e+000  3.8623343e+000
  7.7144374e+000  1.7337883e+000
  7.5503251e+000  6.4571696e+000
  8.0772658e+000  5.3151405e+000
  2.0145143e+000  6.3027568e+000
  7.2599779e+000  2.3556589e+000
  3.1650416e+000  8.2217413e+000
  1.4744027e+000  8.5723267e+000
  6.5721246e+000  6.6555018e+000
  2.1141014e+000  7.4516337e+000
  5.1148421e+000  3.6984695e+000
  2.1480379e+000  2.9139027e+000
  7.2425083e+000  5.3370211e+000
  3.3841548e+000  7.8172415e+000
  6.8164668e+000  6.4781254e+000
  5.1884786e+000  4.1966857e+000
  5.9079959e+000  5.0606086e+000
  4.2730417e+000  6.3490578e+000
  1.8425597e+000  4.3202708e+000
  2.4079976e+000  2.4242534e+000
  3.0291555e+000  8.3082962e+000
  7.6476006e+000  1.9359796e+000
  9.4371192e-001  4.2424805e+000
  8.0783421e+000  3.6423381e+000
  7.2931405e+000  6.0133874e+000
  2.6385083e+000  8.2969568e+000
  7.1347023e+000  7.6486207e+000
  1.6597523e+000  7.1877263e+000
  2.3265988e+000  4.7366631e+000
  7.4681282e+000  5.1129193e+000
  8.5711999e+000  3.0960460e+000
  3.3942780e+000  1.1997044e+000
  4.8100825e-001  7.5518984e+000
  6.8220723e+000  6.0794971e+000
  2.0980976e+000  1.6359046e+000
  5.4920449e+000  3.2446534e+000
  7.4029124e+000  6.1978189e+000
  2.1751317e+000  8.1452587e+000
  7.2645824e+000  5.9163138e+000
  8.1465392e+000  2.0348773e+000
  3.9524662e+000  8.1948177e+000
  7.6921210e+000  8.0579216e-001
  7.1499516e+000  6.3056313e+000
  3.2589555e+000  1.9288039e+000
  7.5874140e+000  6.0558434e+000
  2.6941506e+000  8.3741440e+000
  7.5234356e+000  1.6443013e+000
  7.9596784e+000  3.1654411e+000
  8.0986539e+000  8.4240748e+000
  2.0707175e+000  1.7540420e+000
  5.4061393e+000  2.0607940e+000
  1.9485980e+000  7.2632231e+000
  5.5615094e+000  3.6946304e+000
  8.4786853e+000  8.8686141e-001
  2.9041314e+000  2.4311174e+000
  2.3770781e+000  3.6698645e+000
  7.4924190e+000  7.6438323e+000
  3.4411312e+000  4.6804108e+000
  1.4021869e+000  4.4504152e+000
  8.3022943e+000  5.7970825e+000
  7.1650908e+000  5.6360039e+000
  6.9658936e+000  6.5697324e+000
  5.1527593e+000  3.9247355e+000
  2.3263591e+000  5.9532971e+000
  2.2973620e+000  5.0032579e+000
  2.8041307e+000  1.4837800e+000
  1.6768838e+000  7.3180698e+000
  6.7471538e+000  6.4111704e+000
  2.8057996e+000  4.6502649e+000
  2.4675416e+000  7.9367840e+000
  5.4432595e+000  3.2677342e+000
  2.0250803e+000  2.2425407e+000
  3.3288855e+000  1.2551110e+000
  5.9780040e+000  2.1384691e+000
  5.6022717e+000  5.0933084e+000
  8.6482840e+000  8.0724022e+000
  2.6734976e+000  8.1371628e+000
  7.2885625e+000  6.6794157e+000
  3.5298989e+000  7.4507939e+000
  1.8619695e+000  6.4105559e+000
  1.6462086e+000  2.4917960e+000
  2.4288819e+000  6.5126369e+000
  3.1353957e+000  8.1836524e+000
  2.3195354e+000  2.0081726e+000
  6.7467442e+000  3.8567212e+000
  3.7068642e+000  7.6773459e+000
  5.3434414e+000  3.3738503e+000
  6.8801663e+000  1.9214805e+000
  1.7115192e+000  4.8434529e+000
  1.6555896e+000  3.5516965e+000
  4.7285471e+000  4.6944441e+000
  7.0089648e+000  7.2302201e+000
  3.2107337e+000  2.1764511e+000
  4.4757160e+000  5.6874964e+000
  5.3648559e+000  2.7329652e+000
  6.8030871e+000  5.9826335e+000
  7.5912603e+000  8.9620641e-001
  2.5160051e+000  2.8437865e+000
  8.4197164e+000  4.5020993e+000
  1.5505363e+000  7.3404455e+000
  9.0902210e+000  1.6316976e+000
  3.0152365e+000  8.0689752e+000
  7.1291104e+000  7.8043887e+000
  6.8933529e+000  8.1938094e+000
  7.1696677e+000  5.1442755e+000
  7.5067299e+000  6.5586079e+000
  7.0993735e+000  6.2340715e+000
  7.1381046e+000  6.4935807e+000
  2.8829685e+000  7.7001965e-001
  6.4724304e+000  7.1319376e+000
  7.3586199e+000  6.7330592e+000
  2.7456987e+000  1.8186333e+000
  5.2080882e+000  2.1599440e+000
  2.3976467e+000  6.3177158e+000
  2.8967772e+000  1.2123374e+000
  3.7096305e+000  8.3701379e+000
  1.9587575e+000  8.2902422e+000
  1.6974220e+000  2.6485148e+000
  1.9370018e+000  7.4662841e+000
  7.1508586e+000  6.6606957e+000
  6.8392732e+000  5.4329734e+000
  2.5445651e+000  8.5825844e-001
  8.1870792e+000  8.0936954e+000
  2.7212387e+000  7.8713089e+000
  7.0558527e+000  6.7144344e+000
  7.7014492e+000  1.6739692e+000
  3.2530047e+000  1.8167534e+000
  8.9488936e+000  2.9867101e+000
  3.6421314e+000  2.4376188e+000
  7.1806848e+000  6.9038786e+000
  2.2283773e+000  2.0686263e+000
  2.2333502e+000  2.7809062e+000
  7.2754528e+000  3.9260274e+000
  7.5350200e+000  5.1518593e+000
  3.2101657e+000  1.1134890e+000
  1.7548462e+000  6.8428310e+000
  2.1025985e+000  6.2357922e+000
  1.6627091e+000  6.4846989e+000
  5.7165856e+000  3.5888612e+000
  8.4498850e+000  6.5542201e+000
  2.2365441e+000  3.4104630e+000
  7.4137679e+000  7.1128656e+000
  1.9660154e+000  7.3218660e+000
  2.8430629e+000  2.7917259e+000
  7.7575442e+000  3.3928971e+000
  7.4598644e+000  7.5603889e+000
  4.8203391e+000  5.9381922e+000
  6.7505655e+000  5.4579349e+000
  6.4935871e+000  6.6925404e+000
  5.6518724e+000  4.4011904e+000
  7.5612083e+000  2.8136210e+000
  2.6596107e+000  4.5185479e+000
  6.9838507e+000  5.6212402e+000
  7.2087708e+000  5.4003964e+000
  5.3359525e+000  3.1537799e+000
  8.1757178e+000  3.0354950e+000
  5.9402700e+000  2.7738633e+000
  5.1069471e+000  6.8647748e+000
  2.5849222e+000  7.6154673e+000
  6.9182064e+000  5.4144278e+000
  7.0978275e+000  7.1947978e+000
  2.4547843e+000  7.8525372e+000
  5.5570743e+000  9.0421728e+000
  7.0414491e+000  7.0197001e+000
  6.9421792e+000  6.2643342e+000
  6.7241024e+000  3.6650516e+000
  8.4152390e+000  5.5468925e+000
  2.6678028e+000  2.4924085e+000
  7.2010969e+000  6.5228070e+000
  8.1731355e+000  5.3881654e+000
  8.6275551e+000  8.2135585e+000
  5.3473966e+000  2.0882413e+000
  2.0783982e+000  4.3705321e+000
  2.5828320e+000  3.3314167e+000
  2.2363534e+000  1.6320205e+000
  3.2813068e+000  1.7153876e+000
  1.7274136e+000  7.7693280e+000
  1.9394616e+000  5.7464232e+000
  7.4995951e+000  5.2466378e+000
  1.5049537e+000  8.5862065e+000
  2.2459718e+000  7.1335994e+000
  5.6392480e+000  3.5442580e+000
  4.4288002e+000  8.3049757e+000
  7.2225372e+000  7.1446257e+000
  7.4321738e+000  3.3480629e+000
  7.3747273e+000  2.5542668e+000
  7.3063949e+000  1.0698955e+000
  2.3026602e+000  7.6581263e+000
  8.7061504e+000  2.9008867e+000
  5.5018206e+000  1.8957202e+000
  2.4653300e+000  7.4493428e+000
  8.7035211e+000  6.6823715e+000
  2.1754953e+000  7.5861241e+000
  5.8311089e+000  2.2361526e+000
  2.7666438e+000  2.4160268e+000
  5.2430180e+000  3.1568166e+000
  6.7893706e+000  6.5981739e+000
  2.3555079e+000  7.8273572e+000
  6.8400915e+000  1.5023761e+000
  7.1517601e+000  6.3955082e+000
  6.7282584e+000  6.1572693e+000
  2.1627882e+000  9.5657046e-001
  3.4671416e+000  8.3899367e+000
  2.9840970e+000  2.5878085e+000
  2.7014387e+000  8.8411450e+000
  8.8394304e+000  2.3973038e+000
  8.3486824e+000  6.1893218e+000
  7.6203942e+000  7.7753833e+000
  1.6515072e+000  1.7619422e+000
  6.0551562e+000  6.2984192e+000
  7.2765241e-001  6.4614119e+000
  7.7378722e+000  6.1513946e+000
  5.3924232e+000  4.1196913e+000
  2.0751889e+000  3.5497902e+000
  6.7641439e+000  4.9682240e+000
  2.2698056e+000  8.7016274e+000
  3.9504621e+000  8.0072074e+000
  7.0395396e+000  6.4425179e+000
  2.1265041e+000  5.1987507e+000
  8.2394813e+000  7.2033863e+000
  7.3781853e+000  6.5845108e+000
  5.3989470e+000  2.0162952e+000
  6.7882629e+000  6.5342465e+000
  2.5397481e+000  8.1914164e+000
  1.3237849e+000  5.2353482e+000
  2.8529064e+000  7.1295077e-001
  2.5113999e+000  9.6719431e-001
  1.7438048e+000  3.8950259e+000
  4.0038724e+000  3.2183234e+000
  9.7643140e-001  4.6859480e+000
  7.0600479e+000  6.2973572e+000
  6.9029187e+000  7.3222874e+000
  2.5081995e+000  4.0088304e+000
  4.6003138e+000  6.9607837e+000
  7.0664397e+000  9.0876692e-001
  1.9337280e+000  2.5516519e+000
  1.5593413e+000  5.9500727e+000
  1.8884545e+000  5.2008279e+000
  7.6890291e+000  7.6206586e+000
  2.8484983e+000  2.2805645e+000
  7.1518438e+000  7.5835141e+000
  1.3788082e+000  5.2422246e+000
  5.9536246e+000  4.3694307e+000
  6.8391430e+000  9.9679608e-001
  7.4598492e+000  5.4453651e+000
  4.6379157e-001  7.2481464e+000
  8.8650358e+000  2.8891916e+000
  7.1844374e+000  5.3259817e+000
  3.6256540e-001  7.1578231e+000
  4.8464901e+000  3.3235450e+000
  5.8010099e+000  4.7147304e+000
  7.0202665e+000  6.7481737e+000
  2.6374411e+000  7.2013441e+000
  3.4429965e+000  2.3398103e+000
  1.5806981e+000  3.8911738e+000
  7.6088267e+000  6.8710437e+000
  8.7441508e+000  2.8675013e+000
  2.6263316e+000  4.5217608e+000
  1.5392177e+000  7.2148013e+000
  7.6931470e+000  6.8522947e+000
  1.9546054e+000  7.3188407e+000
  1.9061726e+000  7.6654315e+000
  8.2711111e+000  6.7728480e+000
  2.8941539e+000  2.3964288e+000
  7.6599531e+000  6.6414299e+000
  7.4636343e+000  7.1064213e+000
  8.6916100e+000  8.3039055e+000
  6.4622074e+000  5.8151306e+000
  3.1995892e+000  1.7358394e+000
  2.1952632e+000  7.4171780e+000
  7.0113165e+000  8.1028000e+000
  2.7787667e+000  5.1433125e+000
  5.9340113e+000  2.5934620e+000
  2.9882870e+000  2.1596182e+000
  5.3039430e+000  3.2925821e+000
  2.0115924e+000  2.4277050e+000
  1.0824501e+000  8.3460529e+000
  1.7382340e+000  1.0498009e+000
  7.2516563e+000  3.5963459e+000
  1.7274161e+000  6.8749453e+000
  7.7102859e+000  2.9879913e+000
  8.3574266e+000  4.2661406e+000
  7.2264264e+000  7.2268890e+000
  1.5319826e+000  8.4620119e+000
  4.1894118e+000  8.5331055e+000
  7.0015328e+000  6.6142022e+000
  3.1148272e+000  8.8617595e+000
  7.8101225e+000  3.2687428e+000
  2.5695187e+000  6.5343934e+000
  9.0372942e+000  2.0470214e+000
  7.2127853e+000  6.7918434e+000
  2.4823517e+000  2.9404912e+000
  8.5318119e+000  7.5421112e+000
  4.2756065e+000  3.6329563e+000
  2.3579421e+000  7.5357930e+000
  2.4267404e+000  8.1023367e+000
  5.9211220e+000  2.5784628e+000
  6.7865042e+000  6.5605821e+000
  8.4745675e+000  2.6024190e+000
  7.5936490e+000  2.9306564e+000
  2.3558927e+000  6.8112526e+000
  3.3948181e+000  1.2128073e+000
  7.3783439e+000  6.8152098e+000
  6.9049560e+000  6.5609754e+000
  5.1701213e-001  8.0793305e+000
  5.5696348e+000  2.5849919e+000
  7.5818339e+000  6.0418003e+000
  3.3158365e+000  8.2195893e+000
  2.5713258e+000  4.2558884e+000
  7.7600915e+000  1.5475902e+000
  7.0816510e+000  6.1157091e+000
  6.5731786e+000  6.3225431e+000
  7.0440640e+000  6.3060036e+000
  3.8439227e+000  9.0429124e+000
  6.9473996e+000  6.6343390e+000
  5.0231331e+000  3.6620095e+000
  7.1750433e+000  1.1672093e+000
  5.4459479e+000  4.3936443e+000
  7.2086991e+000  6.6847290e+000
  2.0199162e+000  7.9349812e+000
  6.3015736e+000  6.8032733e+000
  3.4318094e+000  9.6999122e+000
  3.2225557e+000  1.2618173e+000
  5.5987430e+000  4.1223160e+000
  7.7171881e+000  7.4594951e+000
  7.3205468e+000  5.9486487e+000
  3.8568401e+000  1.8684818e+000
  7.1496918e+000  6.1618454e+000
  8.0036721e+000  3.1559538e+000
  3.5354677e+000  8.9595426e+000
  1.6448538e+000  3.9778896e+000
  2.1401623e+000  7.6676252e+000
  1.8111206e+000  1.3682439e+000
  7.1773981e+000  5.1796648e+000
  3.3833564e+000  2.1370660e+000
  4.1343891e+000  3.3461767e+000
  8.5539631e+000  8.3437572e+000
  1.5292949e+000  4.1046212e+000
  7.0409231e+000  6.2480846e+000
  2.2418172e+000  3.5172822e+000
  7.1099882e+000  8.0172851e+000
  2.2995188e+000  8.7524415e+000
  1.5412061e+000  7.3293793e+000
  3.7443322e+000  3.5007313e+000
  3.0742235e+000  1.8513307e+000
  6.2793292e+000  7.0671769e+000
  2.6287077e+000  8.0671349e+000
  5.4081236e+000  1.9407938e+000
  1.6129987e+000  7.4665570e+000
  7.7535441e+000  7.5019931e+000
  2.7414016e+000  4.8164509e+000
  5.5321505e+000  4.0097981e+000
  2.6992939e+000  8.1649125e+000
  7.0702668e+000  2.1882970e+000
  8.8129271e+000  3.0550580e+000
  1.7374335e+000  7.3861062e+000
  5.5172425e+000  2.0416909e+000
  6.8887134e+000  6.7160560e+000
  6.1023925e-001  7.0170485e+000
  7.6036353e+000  2.4077921e+000
  8.6559259e+000  2.4584034e+000
  3.8941113e+000  2.2623835e+000
  6.6043161e+000  6.2508697e+000
  7.5834668e+000  5.2643425e+000
  8.0430199e+000  2.9564484e+000
  2.2028964e+000  6.1521994e+000
  7.4622506e+000  5.2080091e+000
  4.4185004e+000  3.0189656e+000
  1.8400238e+000  1.2692085e+000
  1.8629709e+000  4.9611931e+000
  5.7483525e+000  3.8071241e+000
  5.7003170e+000  2.1059375e+000
  5.3524340e+000  4.5987013e+000
  8.2147193e+000  8.4049389e+000
  7.7192507e+000  5.2843194e+000
  7.5877849e+000  7.8625892e+000
  6.3643113e+000  7.8772983e+000
  7.5467958e+000  6.5261737e+000
  7.4725536e+000  5.7114363e+000
  7.2254724e+000  6.5816707e+000
  7.1083750e+000  7.3071155e+000
  6.1080692e+000  7.7479939e+000
  5.0452886e+000  3.6867640e+000
  7.2858952e+000  5.7380944e+000
  2.6013963e+000  5.8972302e+000
  3.0884048e+000  8.2231596e+000
  3.3315137e+000  8.0182481e+000
  3.7598949e+000  1.1073751e+000
  7.3468482e+000  6.6603720e+000
  7.1946333e+000  5.1605931e+000
  2.0964760e+000  1.9310972e+000
  7.3216392e+000  8.3192476e+000
  1.5275921e+000  4.5123213e+000
  6.3226082e+000  8.6216876e+000
  5.7253532e+000  4.5587142e+000
  2.1562320e+000  7.1891606e+000
  9.0681122e+000  2.8288428e+000
  2.0761925e+000  4.9442967e+000
  3.4118041e+000  1.0225398e+000
  7.2076315e+000  5.7908282e+000
  2.0971010e+000  7.7037959e+000
  6.4368698e+000  7.8822643e+000
  8.5471886e+000  2.7549557e+000
  7.2230315e+000  6.8487419e+000
  6.9174202e+000  1.7508089e+000
  2.6549660e+000  2.0270715e+000
  6.6279593e+000  7.0282828e+000
  2.0010054e+000  7.0489870e+000
  8.4701813e+000  2.5155242e+000
  5.7798924e+000  2.1184290e+000
  7.2516401e+000  6.2424030e+000
  2.3855995e+000  6.2439121e+000
  6.4688298e+000  4.9383083e+000
  3.6534808e+000  7.8682832e+000
  2.9061571e+000  3.2725364e+000
  2.3038374e+000  2.6793640e+000
  1.6995347e+000  3.6819782e+000
  7.3190992e+000  6.6789393e+000
  3.6079236e+000  1.6494957e+000
  8.6700793e+000  8.3899879e+000
  1.8676526e+000  6.0155614e+000
  6.9040740e+000  5.1476895e+000
  6.2737425e+000  6.6342798e+000
  3.1287905e+000  8.3421387e+000
  7.5775814e+000  7.4172734e+000
  8.8721225e+000  2.8874305e+000
  6.5423694e+000  7.2857432e+000
  7.0400027e+000  2.2446160e+000
  2.2833360e+000  4.6121690e+000
  4.3508160e+000  7.7670540e+000
  7.5549925e+000  1.1454693e+000
  8.2839932e+000  4.9157055e+000
  3.1753676e+000  2.3003796e+000
  5.5469150e+000  2.2816920e+000
  8.2984035e+000  6.8032047e+000
  3.8480192e+000  8.3095723e+000
  7.1632268e+000  5.0958701e+000
  2.4968353e+000  2.3571310e+000
  6.3230968e+000  3.8940957e+000
  7.2275950e+000  6.6442278e+000
  3.1010897e+000  7.8312247e+000
  8.9603945e+000  3.5435289e+000
  3.4538532e+000  7.7876632e+000
  4.8619372e+000  4.4645628e+000
  3.5155125e+000  8.2342659e+000
  3.0276351e+000  1.8210583e+000
  1.5707711e+000  3.8541635e+000
  7.0997433e+000  7.7445157e+000
  7.5265964e+000  6.6366201e+000
  5.3836850e+000  2.0926850e+000
  2.7223305e+000  2.8961443e+000
  6.5777490e+000  7.1447866e+000
  3.1346730e+000  8.5519928e+000
  7.3169609e+000  2.1745378e+000
  4.6563397e+000  3.0727252e+000
  8.0881278e+000  5.8215777e+000
  1.9756690e+000  7.4764735e+000
  3.3088783e+000  2.1421741e+000
  4.7476106e+000  3.2288022e+000
  8.3171989e+000  2.4721497e+000
  5.3017139e+000  3.9465437e+000
  2.9217875e+000  2.0997731e+000
  2.1537808e+000  5.9621869e+000
  2.2895557e+000  4.3057172e+000
  6.9539426e+000  3.5550424e+000
  2.5249822e+000  8.2078261e+000
  7.1676444e+000  3.3998289e+000
  6.9179456e+000  2.9651846e+000
  1.4343881e+000  4.5264095e+000
  2.0644693e+000  4.4035701e+000
  5.3453095e+000  4.4449301e+000
  2.8824131e+000  2.0594037e+000
  7.8279320e+000  6.1289824e+000
  2.9393793e+000  5.7108035e-001
  4.6666593e+000  2.2131739e+000
  7.2086551e+000  6.6057287e+000
  3.7677592e+000  8.2795421e+000
  6.5999703e+000  7.7171887e+000
  5.7515624e+000  2.8786165e+000
  7.1493582e+000  6.3973647e+000
  2.8278091e+000  2.3222672e+000
  7.2745097e+000  7.5781418e+000
  6.9785199e+000  5.2097576e+000
  8.4075894e+000  6.6251758e+000
  2.2797940e+000  6.9441265e+000
  6.0504055e+000  3.3315928e+000
  1.9125587e+000  5.5905917e+000
  2.3679897e+000  7.4613634e+000
  6.2570560e+000  6.1234450e+000
  2.3493383e+000  7.2206297e+000
  3.6229327e+000  2.2729542e+000
  7.0111128e+000  7.3841922e+000
  4.9985035e+000  3.7676755e+000
  9.9137954e-001  4.9282145e+000
  1.0559007e+000  4.6876487e+000
  5.3069314e+000  3.9987697e+000
  7.9124027e+000  3.0880238e+000
  7.3356362e+000  3.7449463e+000
  7.5925345e+000  6.4412060e+000
  7.1991057e+000  6.7916501e+000
  9.0407007e+000  3.0737870e+000
  6.3762063e+000  6.2276222e+000
  5.8526244e+000  3.6630241e+000
  7.4512479e+000  5.1534306e+000
  2.9705495e+000  2.4519031e+000
  4.5270590e+000  5.6761092e+000
  2.1071392e+000  5.3239365e+000
  1.9992730e+000  4.3491146e+000
  5.1997175e+000  3.3177728e+000
  7.0551303e+000  1.1264882e+000
  1.8723945e+000  1.2459730e+000
  6.5020896e+000  8.0349303e+000
  7.1804442e+000  3.6566989e+000
  5.4500430e+000  2.2541272e+000
  7.7576935e+000  3.0720538e+000
  2.0586401e+000  2.4438205e+000
  6.7436737e+000  7.8994217e+000
  5.7448803e+000  4.2126302e+000
  7.3283066e+000  7.6633381e+000
  6.2550933e+000  6.3768098e+000
  2.0844302e+000  4.7189060e+000
  5.3959133e+000  3.6860106e+000
  5.6030430e+000  4.0539929e+000
  6.2683008e+000  6.7584704e+000
  8.9143088e+000  3.0138203e+000
  3.1777365e+000  4.7072837e+000
  4.9728415e+000  2.5583250e+000
  7.5459552e+000  6.6456469e+000
  4.9045430e+000  3.5545974e+000
  8.0617574e+000  4.6454361e+000
  6.2633723e+000  2.9718984e+000
  3.6102785e+000  2.3682075e+000
  1.4060625e+000  4.7413702e+000
  8.3366920e+000  5.5998708e+000
  1.8147779e+000  8.1872623e+000
  7.5696353e+000  2.4133626e+000
  7.1175951e+000  7.0826182e+000
  7.3665553e+000  6.4877790e+000
  5.2894715e+000  2.3654746e+000
  6.9357091e+000  6.7056000e+000
  2.5585642e+000  4.3864935e+000
  3.8293354e+000  9.2037787e+000
  8.0044526e+000  3.2225135e+000
  8.7561473e+000  8.0391728e+000
  7.2923939e+000  6.3860948e+000
  2.5133664e+000  1.9790590e+000
  9.3534215e-001  4.6446990e+000
  5.7339099e+000  2.2655140e+000
  7.3696091e+000  7.1572486e+000
  8.1744971e+000  5.2238079e+000
  7.4974322e+000  6.8328215e+000
  2.5464835e+000  2.5813115e+000
  1.6896806e+000  7.1967345e+000
  3.7783839e+000  8.4363120e+000
  2.1339252e+000  3.8477773e+000
  5.7482808e+000  4.4288952e+000
  2.5292022e+000  6.1624842e+000
  3.5376783e+000  7.8250968e+000
  2.3314948e+000  7.9540340e+000
  7.2345191e+000  2.4341986e+000
  7.9242047e+000  5.2978664e+000
  2.2544464e+000  7.1557585e+000
  7.9905746e+000  6.7510481e+000
  6.3324576e+000  2.1857700e+000
  2.4801540e+000  7.4039468e+000
  2.3515546e+000  6.6045092e+000
  7.1907065e+000  6.7639079e+000
  3.6688463e+000  9.7807128e+000
  2.6430345e+000  2.0847298e+000
  6.2499129e+000  4.7283696e+000
  7.8594099e+000  6.4327826e+000
  8.6673500e+000  7.8539527e+000
  3.9743257e+000  8.9611529e+000
  2.6251160e+000  2.5134857e+000
  1.5677972e+000  7.0950525e+000
  4.6388260e-001  6.9455762e+000
  3.5260433e+000  2.6012015e+000
  5.9426095e+000  4.1460202e+000
  2.9132708e+000  4.4135474e+000
  5.2322128e+000  3.9250582e+000
  6.8687615e+000  6.1416426e+000
  7.2188664e+000  6.8143956e+000
  5.6013394e+000  2.0765249e+000
  3.1664672e+000  1.7466913e+000
  4.0447229e+000  3.0653188e+000
  1.9149822e+000  7.2684486e+000
  8.9419248e+000  3.0029099e+000
  2.3318308e+000  6.9782246e+000
  2.3579565e+000  6.1397459e+000
  7.4298084e+000  7.0430453e+000
  9.5691106e-001  4.8466505e+000
  3.6186883e+000  8.2344928e+000
  5.5143351e+000  2.4338907e+000
  2.2025362e+000  6.6874052e+000
  2.1506234e+000  7.9806867e+000
  2.2764971e+000  6.3332504e+000
  7.2403496e+000  2.9633875e+000
  2.6906686e+000  2.5672451e+000
  5.6917422e+000  2.3877516e+000
  5.1205471e+000  2.1192272e+000
  3.2996034e+000  2.3056295e+000
  2.6205113e+000  7.8197603e+000
  2.1111039e+000  4.1477033e+000
  2.2465923e+000  5.1419372e+000
  4.9930802e+000  3.8340524e+000
  2.7541277e+000  3.3132584e+000
  1.8890203e+000  5.9419741e+000
  4.3829247e+000  6.1169989e+000
  4.9321419e+000  6.0661097e+000
  7.3278305e+000  6.2069284e+000
  5.3901047e+000  1.9254995e+000
  8.3696410e+000  5.8764518e+000
  7.1969044e+000  2.5968558e+000
  1.4788249e+000  3.7695489e+000
  6.6699435e+000  7.4219882e+000
  6.9185380e+000  1.7377605e+000
  5.5286172e+000  2.1160942e+000
  1.8047992e+000  7.4092269e+000
  3.2862559e+000  7.9833053e+000
  3.3549304e+000  8.0473610e+000
  7.0838811e+000  6.5606580e+000
  8.0878210e+000  3.0041042e+000
  3.0589818e+000  2.3525413e+000
  5.7309369e+000  2.8189723e+000
  5.4538344e+000  4.0187510e+000
  5.4646894e+000  4.5647562e+000
  7.3070684e+000  6.4317131e+000
  6.9872413e+000  7.1077127e+000
  2.6136823e+000  3.2902552e+000
  7.0198149e+000  7.5701152e+000
  2.6541388e+000  8.0645687e+000
  2.9925083e+000  7.4146260e+000
  7.7598543e+000  5.1231433e+000
  6.4444922e+000  7.6046249e+000
  5.6847451e+000  4.9655497e+000
  1.7637706e+000  7.9402795e+000
  7.1951817e+000  7.6150606e-001
  7.3932320e+000  6.6828222e+000
  7.4142851e+000  7.5495104e+000
  2.4989922e+000  4.7795613e+000
  2.1185719e+000  1.9057505e+000
  3.6803999e+000  8.5118263e+000
  4.9423807e+000  3.4383348e+000
  2.0543978e+000  6.8295709e+000
  5.3319623e+000  3.6937515e+000
  4.2918303e+000  7.9661237e+000
  7.7704797e+000  8.3153840e+000
  7.9330185e+000  3.4498341e+000
  5.1615053e+000  2.2893676e+000
  7.1677644e+000  9.3965608e-001
  7.6170183e+000  7.1410835e+000
  1.2469340e+000  3.9114112e+000
  5.5240557e+000  3.6060363e+000
  6.4797734e+000  7.4422974e+000
  6.0674444e+000  7.7696829e+000
  5.1612912e+000  2.7446462e+000
  6.9885810e+000  7.1620732e+000
  7.8910882e+000  1.7393612e+000
  8.0839480e+000  5.1414626e+000
  8.1874602e+000  1.7942375e+000
  6.3223612e+000  5.9492495e+000
  6.7644116e+000  6.8181374e+000
  5.7357824e+000  5.1039944e+000
  1.9905909e+000  2.6391121e+000
  6.2617690e+000  3.3784578e+000
  8.2309145e+000  2.6939910e+000
  2.2022127e+000  5.9628613e+000
  5.5522493e+000  3.9504392e+000
  7.0752015e+000  5.6926122e+000
  3.3881605e+000  7.9799026e+000
  4.5092817e+000  6.1701773e+000
  1.9112425e+000  5.8796425e+000
  6.6203504e+000  5.2185848e+000
  3.4903493e+000  1.9461406e+000
  7.9909630e+000  2.8764077e+000
  1.6744845e+000  8.6078266e+000
  2.8605189e+000  7.8492425e+000
  4.0357504e+000  2.5702700e+000
  2.4811164e+000  8.1603615e+000
  6.6894313e+000  6.9593982e+000
  2.5840905e+000  4.5455919e+000
  3.8139259e+000  7.1998550e+000
  2.6412899e+000  6.7882807e+000
  1.9246847e+000  1.7291491e+000
  7.2946929e+000  5.8199013e+000
  3.3991058e+000  7.8137968e+000
  5.3952785e+000  3.1577279e+000
  9.6942980e-001  5.8741841e+000
  4.6816568e+000  9.2039765e+000
  5.5300246e+000  3.4518107e+000
  5.7858919e+000  4.9062674e+000
  2.3550975e+000  3.7531987e+000
  1.7856094e+000  5.1292154e+000
  2.5806000e+000  7.9206817e+000
  3.6642722e+000  8.2306545e+000
  7.9776992e+000  2.8439657e+000
  5.5779146e+000  4.0604197e+000
  5.4128949e+000  7.3974144e+000
  8.7282544e+000  8.1362344e+000
  6.4420069e+000  6.8035439e+000
  8.8733035e+000  3.1347320e+000
  7.2849342e+000  5.2118411e+000
  2.4110852e+000  4.6152582e+000
  7.2610626e+000  6.6471055e-001
  2.7045495e+000  9.1463760e+000
  7.1399863e+000  7.0279195e+000
  6.3974132e+000  7.7331446e+000
  6.5848899e+000  6.3334528e+000
  2.1931162e+000  6.8349394e+000
  3.3439804e+000  1.3264969e+000
  1.9776829e+000  2.2632802e+000
  5.3761016e+000  4.2952115e+000
  7.0492713e+000  1.3004729e+000
  2.9433660e+000  1.8528924e+000
  3.2417145e+000  8.8786287e-001
  7.5201314e+000  6.0872471e+000
  4.8904971e+000  3.3909517e+000
  7.5763713e+000  6.2073387e+000
  1.5210357e-001  7.4783539e+000
  6.7925699e+000  7.3523401e+000
  2.9924417e+000  2.2581213e+000
  2.6025050e+000  7.7414646e+000
  6.6844986e+000  6.5987850e+000
  4.0154734e+000  8.3658642e+000
  6.7494941e+000  7.2160260e+000
  2.8531447e+000  4.6767970e+000
  8.5521672e+000  7.6484610e+000
  5.6833888e+000  2.7769623e+000
  1.7670580e+000  8.6422491e+000
  1.8829126e+000  8.6583855e+000
  2.6392873e+000  2.1463201e+000
  5.6904964e+000  4.3104924e+000
  7.1162609e+000  1.3628718e+000
  1.6749296e+000  7.2806070e+000
  7.2665011e+000  1.2945227e+000
  1.8010359e+000  1.0500413e+000
  7.3555347e+000  1.9302099e+000
  8.7693155e+000  7.7002326e+000
  5.2733732e+000  3.9283289e+000
  7.5735262e+000  6.8694789e+000
  5.0415182e+000  4.4625565e+000
  7.7577599e+000  2.8638509e+000
  7.2415375e+000  7.1504083e+000
  2.5303015e+000  7.1522185e+000
  2.7702231e+000  4.8681718e+000
  3.2931175e+000  2.0947807e+000
  7.9613092e+000  2.3682270e+000
  3.6864029e+000  8.1621738e+000
  3.3706507e+000  2.1565554e+000
  7.5652785e+000  6.5659929e+000
  6.5922055e+000  6.2008357e+000
  5.4271883e+000  3.5734493e+000
  7.1410456e+000  6.7494650e+000
  6.0874323e+000  5.2771288e+000
  1.8146764e+000  4.5973095e+000
  2.4944448e+000  2.3814011e+000
  7.2239528e+000  7.4718998e+000
  9.0387576e+000  3.1449732e+000
  8.9169066e+000  3.2783577e+000
  7.0376138e+000  6.3035620e+000
  7.2509320e+000  5.1391748e+000
  5.3940810e+000  3.4728700e+000
  2.0192500e+000  2.4267360e+000
  7.2554166e+000  7.9353627e+000
  3.7384514e+000  2.3552326e+000
  7.0810617e+000  7.6019591e+000
  9.8087013e-001  4.0613041e+000
  4.0142217e+000  2.7038747e+000
  6.7323435e+000  6.6435591e+000
  7.5446360e+000  6.1230462e+000
  5.5308953e+000  2.5373984e+000
  5.0266974e+000  2.5876134e+000
  2.0057568e+000  1.0916387e+000
  1.9913089e+000  4.5636766e+000
  6.9038906e+000  3.2858992e+000
  1.7320690e+000  3.6725531e+000
  6.7058088e+000  6.2900089e+000
  1.0518770e+000  5.2392507e+000
  3.4615591e+000  2.7613518e+000
  4.7203706e+000  4.2491245e+000
  6.6231024e+000  7.6176223e+000
  3.8614018e+000  2.8708259e+000
  2.4902408e+000  6.1352367e+000
  7.2416132e+000  5.5556937e+000
  3.4571189e+000  9.4677910e+000
  2.5418715e+000  6.9735310e+000
  8.3324129e+000  1.2278304e+000
  2.0553020e+000  7.0974170e+000
  7.4130068e+000  7.6323224e+000
  7.2032797e+000  7.2946236e+000
  2.4593910e+000  3.4833982e+000
  5.9169744e+000  2.4491156e+000
  7.7396324e+000  5.1602469e+000
  1.9944986e+000  7.2888809e+000
  6.7740198e+000  6.5550043e+000
  2.5347938e+000  7.9169202e+000
  1.7337525e+000  7.5999187e+000
  7.6510097e+000  8.1413884e+000
  7.1948585e+000  6.3737473e+000
  7.4487226e+000  2.1289108e+000
  8.0443639e+000  5.3498257e+000
  3.0979127e+000  4.9705199e+000
  6.8613198e+000  6.9371189e+000
  4.3634827e+000  5.9829763e+000
  6.4476892e+000  6.9741682e+000
  4.2913030e+000  3.8521026e+000
  8.5454954e+000  2.8644885e+000
  4.9863896e+000  2.3252549e+000
  1.0562411e+000  4.2130590e+000
  7.3884644e+000  1.9565386e+000
  4.0587101e+000  8.1407069e+000
  1.9709188e+000  7.1167404e+000
  5.0439271e+000  3.2399294e+000
  1.7240107e+000  7.4227158e+000
  1.7003235e+000  7.9314160e+000
  7.0150410e+000  2.7824198e+000
  1.6938214e+000  7.1784705e+000
  6.5549938e+000  3.6875909e+000
  7.3367864e+000  5.6193040e+000
  2.8975078e+000  1.8539330e+000
  2.8814434e+000  8.3651165e+000
  6.7829058e+000  5.3857676e+000
  2.9538357e+000  2.2278560e+000
  6.8409778e+000  5.3531668e+000
  2.8771226e+000  8.3248761e+000
  5.8277830e+000  3.5476279e+000
  6.9670847e+000  6.1821261e+000
  2.1660813e+000  2.7691099e+000
  6.7607709e+000  7.4431548e+000
  7.7460015e+000  2.2423002e+000
  2.8237178e+000  7.9222028e+000
  1.3762219e+000  8.2946619e+000
  6.9647426e+000  6.0608456e+000
  1.5954374e+000  6.6060016e+000
  2.7215935e+000  5.0227542e+000
  5.5246993e+000  3.8007084e+000
  6.9641391e+000  4.0978113e+000
  4.0508065e+000  2.8776198e+000
  6.6900695e+000  6.1549480e+000
  7.6679569e+000  6.6218883e+000
  6.9562201e+000  1.9387634e+000
  8.5383559e+000  7.1973312e+000
  2.5387557e+000  6.8244575e+000
  8.3605032e+000  2.9105420e+000
  2.6167267e+000  4.4432207e+000
  2.4460670e+000  2.1534985e+000
  5.0010162e+000  3.7055916e+000
  7.1749138e+000  7.7661947e+000
  3.2940444e+000  7.7995563e+000
  7.1823432e+000  6.8397275e+000
  5.4665339e+000  2.3780865e+000
  6.3726587e+000  6.3549586e+000
  1.7405770e+000  6.5261464e+000
  7.8339612e+000  2.6915435e+000
  3.2502056e+000  2.0718119e+000
  6.9555494e+000  6.5254751e+000
  1.6978606e+000  7.4697373e+000
  2.8347331e+000  2.6199890e+000
  5.8302053e+000  7.9622553e+000
  7.7100384e+000  1.2806093e+000
  2.0946813e+000  4.6469202e+000
  2.9649033e+000  2.3527820e+000
  8.3507723e+000  7.9913876e+000
  7.1413355e+000  1.9245621e+000
  1.4100524e+000  4.0779068e+000
  3.1421021e+000  3.4429309e+000
  2.5849614e+000  4.4611914e+000
  4.9586442e+000  6.8551954e+000
  1.0295610e+000  4.0552296e+000
  5.2477061e+000  3.4175940e+000
  6.9796289e+000  6.8766478e+000
  7.3717691e+000  7.3340186e+000
  3.0930371e+000  4.5322253e+000
  2.5979534e+000  4.6933691e+000
  7.5004970e+000  6.4242449e+000
  2.5331976e+000  2.2282347e+000
  8.8920179e+000  2.8794745e+000
  8.9349932e+000  3.5093782e+000
  7.6956899e+000  6.7312331e+000
  2.4945679e+000  4.7362548e+000
  2.4316963e+000  4.8996335e+000
  8.8969059e+000  3.3254825e+000
  6.3286881e+000  5.8998075e+000
  4.2077909e+000  8.1129189e+000
  3.5109559e+000  1.5843020e+000
  8.5959243e+000  7.7305389e+000
  7.1933925e+000  5.5222153e+000
  8.4756608e+000  2.0529152e+000
  3.2014049e+000  9.3550201e+000
  2.9601015e+000  2.3377164e+000
  3.4895642e+000  8.5922914e+000
  7.0477136e+000  7.2177137e+000
  5.5704151e+000  3.3237643e+000
  6.4395354e+000  7.8448942e+000
  2.6186678e+000  3.5320374e+000
  6.9616420e+000  5.1968386e+000
  3.3021168e+000  7.9001332e+000
  2.2350660e+000  1.3183683e+000
  5.6270650e+000  5.1598554e+000
  8.2010718e+000  6.3893771e+000
  8.6592863e-001  4.1695316e+000
  7.7965086e+000  7.4050515e+000
  7.8250990e+000  1.3403967e+000
  6.1641710e+000  6.5803889e+000
  1.7271136e+000  2.1818386e+000
  6.8894000e+000  6.3121296e+000
  5.3242809e+000  2.3702180e+000
  7.8251554e+000  1.2432381e+000
  2.0415428e+000  2.2047946e+000
  7.5130169e+000  6.5396114e+000
  6.7758984e+000  7.2582832e+000
  6.3378386e+000  5.8504013e+000
  3.6731755e+000  8.2136747e+000
  3.5847913e+000  8.1777842e+000
  7.1978020e+000  6.4051435e+000
  7.4553381e+000  1.5194341e+000
  3.2099946e+000  8.1136728e+000
  2.7319564e+000  3.4583040e+000
  7.0661276e+000  6.3943832e+000
  5.8814472e+000  2.6460112e+000
  6.9754848e+000  6.9848321e+000
  5.6669935e+000  7.7736595e+000
  1.8193619e+000  8.6739651e+000
  7.0054246e+000  7.4241131e+000
  2.2937891e+000  7.4390640e+000
  5.7389121e+000  2.1424606e+000
  1.7576959e+000  6.7095676e+000
  1.9507731e+000  3.4684491e+000
  8.2453991e+000  1.4240721e+000
  4.2317587e+000  6.0572899e+000
  6.9533314e+000  1.7942545e+000
  3.8259805e+000  2.5006101e+000
  7.1114232e+000  7.3283980e+000
  8.0397068e+000  4.0102180e+000
  7.3697750e+000  6.3577075e+000
  1.1146572e+000  4.7590918e+000
  3.4209319e+000  9.4622334e+000
  3.8369137e+000  2.8577496e+000
  2.0169648e+000  6.1991457e+000
  2.0531428e+000  7.2362181e+000
  2.9026090e+000  2.1530659e+000
  5.5334511e+000  3.3003766e+000
  7.0223384e+000  1.4055438e+000
  2.5191738e+000  8.0560694e+000
  7.3064853e+000  1.6974038e+000
  1.7955939e+000  5.9584383e+000
  3.0511068e+000  9.1205957e+000
  2.2121471e+000  6.7218409e+000
  7.0991249e+000  6.5930290e+000
  7.5807402e+000  5.9072815e+000
  7.6669424e+000  6.5299090e+000
  6.7888705e+000  5.0398633e+000
  7.3440875e+000  6.7521827e+000
  7.5049165e+000  2.4519860e+000
  5.8222223e+000  4.2408221e+000
  7.4001466e+000  7.9106527e+000
  3.1795604e+000  3.0612240e+000
  2.3282201e+000  6.3906850e+000
  2.4339720e+000  4.2020649e+000
  8.0291488e+000  2.9289027e+000
  1.6663338e+000  7.5238496e+000
  7.6576421e+000  6.5318551e+000
  3.3165751e+000  7.6720169e+000
  2.7314017e+000  3.5616724e+000
  6.6136982e+000  6.8256556e+000
  7.3081193e+000  1.0327051e+000
  5.8400100e+000  3.0873612e+000
  5.9060325e+000  2.1051915e+000
  2.7681133e+000  4.1428275e+000
  6.8260135e+000  6.5182460e+000
  7.7551892e+000  7.6198474e+000
  6.5675875e+000  6.4018300e+000
  7.2261003e+000  7.5996271e+000
  7.7543654e+000  5.0174878e+000
  2.9662588e+000  1.9813815e+000
  6.8864803e+000  6.3969335e+000
  2.4244081e+000  5.3462592e+000
  7.4058250e+000  7.2489597e+000
  2.7580943e+000  4.5463203e+000
  3.6449172e+000  7.6199966e+000
  5.7243444e+000  3.9958043e+000
  2.0792468e+000  2.5487828e+000
  3.6968977e+000  8.1916991e+000
  2.1083172e+000  4.9980083e+000
  3.9629864e+000  8.0773180e+000
  2.3934583e+000  4.6253025e+000
  2.2571343e+000  4.1423661e+000
  7.4817402e+000  8.7332778e-001
  7.3516013e+000  1.7119106e+000
  7.6843174e+000  7.0817210e+000
  7.5891736e+000  6.0053339e+000
  2.8660395e+000  2.1599617e+000
  4.1986201e+000  8.1674570e+000
  6.9096606e+000  1.5497862e+000
  5.1958968e+000  2.3292463e+000
  6.2359847e+000  3.1002474e+000
  7.5078580e+000  3.0497795e+000
  1.8134647e+000  6.5633848e+000
  5.3817379e+000  2.9553357e+000
  7.2230681e+000  1.2834371e+000
  4.0775802e+000  8.2408578e+000
  7.6007644e+000  7.5321849e+000
  7.0877125e+000  5.8816757e+000
  7.8776848e+000  2.2308916e+000
  3.0075613e+000  1.6021939e+000
  5.2699817e+000  2.0659962e+000
  3.1359120e+000  2.0582356e+000
  8.9808896e-001  7.6858475e+000
  2.4955796e+000  8.2784224e+000
  6.9184465e+000  6.8426104e+000
  3.1391908e-002  7.7743429e+000
  8.7032482e+000  2.4607925e+000
  7.9030446e+000  5.8983171e+000
  3.8854220e+000  2.9431883e+000
  8.1327260e+000  6.3769783e+000
  4.5452620e+000  6.3510899e+000
  3.2091572e+000  3.2635984e+000
  2.4290756e+000  4.4979296e+000
  5.0189517e+000  3.5689909e+000
  2.6581405e+000  4.5899631e+000
  5.3557578e+000  3.0606604e+000
  2.0482525e+000  4.3038367e+000
  4.0916698e+000  8.0884389e+000
  6.1433402e+000  7.5782859e+000
  1.5224910e+000  4.0986318e+000
  2.7794080e+000  2.4174693e+000
  2.3325027e+000  3.0596779e+000
  9.0184183e+000  3.1113880e+000
  1.7312500e+000  7.2892525e+000
  8.5502308e+000  3.1742599e+000
  2.4959630e+000  4.2692544e+000
  5.5885035e+000  2.2534209e+000
  7.5826275e+000  6.9617618e+000
  8.3958001e+000  4.1790789e+000
  8.0547709e+000  3.1620633e+000
  8.2645327e+000  2.3482809e+000
  4.2101876e+000  8.4341139e+000
  7.1944234e+000  1.5273197e+000
  7.2927449e+000  6.8119180e+000
  3.7765452e+000  1.6449732e+000
  3.6889449e+000  8.4383897e+000
  5.8747134e+000  3.1235164e+000
  7.2028778e+000  7.9176449e+000
  2.8112267e+000  2.8425426e+000
  6.5575334e+000  6.7425089e+000
  1.1037660e+000  4.0401065e+000
  2.8357854e+000  4.5988337e+000
  8.5617877e+000  7.8281977e+000
  6.7724312e+000  2.5138046e+000
  3.0805255e+000  9.8389254e-001
  1.6210191e+000  6.1251042e+000
  1.4582428e+000  8.3142329e+000
  8.9406732e+000  1.8810388e+000
  5.5492453e+000  3.3469717e+000
  8.9163563e+000  2.9222866e+000
  6.8229985e+000  7.4559486e+000
  1.7327313e+000  3.2276351e+000
  7.3488926e+000  6.0671286e+000
  6.1173123e+000  6.3476912e+000
  5.3802585e+000  3.4995303e+000
  7.3945202e+000  5.8758643e+000
  7.1056394e+000  6.5186855e+000
  1.1975776e+000  6.5184811e+000
  7.8168090e+000  6.8862515e+000
  7.0845615e+000  7.5654276e+000
  3.7430110e+000  8.6283998e+000
  5.5083726e+000  4.0404677e+000
  2.2429265e+000  4.3264681e+000
  3.2459423e+000  4.4348066e+000
  6.3233874e+000  7.3338704e+000
  5.6012641e+000  3.6080856e+000
  4.7262052e+000  3.6930825e+000
  2.5949362e+000  8.7976705e+000
  6.4639669e+000  7.6730115e+000
  1.5874178e+000  2.5488505e+000
  5.6156012e+000  2.8502745e+000
  7.1344221e+000  1.1943152e+000
  4.9975816e+000  3.3522029e+000
  8.0064880e+000  3.1295458e+000
  7.8070313e+000  6.0662226e+000
  7.9377620e+000  6.3361430e+000
  7.2878433e+000  6.3374825e+000
  2.8741998e+000  7.2459852e-001
  1.0095556e+000  4.9021870e+000
  3.5526280e+000  1.2762725e+000
  2.4276579e+000  7.6212188e+000
  6.5193062e+000  4.3679888e+000
  4.3031434e+000  8.5357038e+000
  5.1589162e+000  3.3439686e+000
  1.5396795e+000  7.4607108e+000
  7.4069593e+000  1.6779426e+000
  9.0285565e+000  2.2624288e+000
  3.2900439e+000  9.5390909e+000
  2.3554144e+000  1.8194409e+000
  7.9460714e+000  8.1904325e+000
  2.2990270e+000  2.0577906e+000
  6.7977334e+000  3.1661349e+000
  7.3966169e+000  1.4163017e+000
  2.3850434e+000  4.3829217e+000
  7.0053304e+000  7.9992917e+000
  7.2841731e+000  2.7914146e+000
  2.6843622e+000  1.0160715e+000
  5.6498353e+000  4.3622586e+000
  4.1349148e+000  3.9688919e+000
  2.6073232e+000  7.9407815e+000
  7.4529274e+000  5.1317679e+000
  5.6265294e+000  2.0820414e+000
  1.1705945e+000  6.5333430e+000
  2.8850035e+000  7.9522472e+000
  7.6499457e+000  2.4586228e+000
  3.5892579e+000  7.6886051e+000
  7.5227797e+000  6.8356913e+000
  6.9709696e+000  5.7607055e+000
  3.5255522e+000  1.8384486e+000
  1.6368759e+000  7.3391513e+000
  6.6668364e+000  7.3583266e+000
  8.4056291e+000  6.7080147e+000
  1.8247282e+000  4.4858070e+000
  2.9713327e+000  2.0067674e+000
  1.2004499e+000  5.0697191e+000
  5.5301526e+000  3.4736109e+000
  5.8434782e+000  2.1500365e+000
  6.7427896e+000  7.9398285e+000
  7.0341954e+000  6.4433100e+000
  2.8409224e+000  7.7969016e+000
  7.2723241e+000  6.4908917e+000
  9.0695709e+000  5.1037832e+000
  7.3877585e+000  7.2592277e+000
  8.0555981e+000  3.0527307e+000
  6.6251589e+000  6.1134333e+000
  7.3669450e+000  6.6860721e+000
  2.6011340e+000  8.3343828e+000
  3.4340340e+000  8.1662367e+000
  7.2887871e+000  2.2766833e+000
  7.5839417e+000  6.5902228e+000
  6.9463164e+000  6.8084782e+000
  7.1257392e+000  6.9743114e+000
  8.1046312e+000  6.0873507e+000
  2.8009672e+000  2.4509834e+000
  6.5981636e+000  5.9101389e+000
  8.3104357e+000  6.8097700e+000
  6.5942311e+000  5.5417989e+000
  7.1646980e+000  2.5598139e+000
  1.9956395e+000  2.3753016e+000
  2.5410204e+000  2.6039241e+000
  6.1783908e+000  6.6328152e+000
  5.7696047e+000  1.9689233e+000
  7.0971425e+000  6.4434321e+000
  6.9410064e+000  7.6853488e+000
  8.5130504e+000  1.2567918e+000
  7.4589761e+000  6.0777337e+000
  4.9496196e+000  4.3289113e+000
  8.0996566e+000  2.7467272e+000
  5.5740094e+000  4.5731806e+000
  5.9083922e+000  3.3111280e+000
  6.1023204e+000  6.8298919e+000
  7.5491477e+000  2.2722134e+000
  1.7687214e+000  8.7451242e+000
  3.5995730e+000  8.0766813e+000
  5.2572383e+000  3.6328142e+000
  6.9431983e+000  1.2472030e+000
  7.2099906e+000  6.3290007e+000
  4.7962881e+000  3.5152946e+000
  3.1249512e+000  9.0212437e+000
  7.6396636e+000  7.8519159e+000
  2.8647942e+000  3.3276022e+000
  6.8844872e+000  1.7649932e+000
  7.5020367e+000  6.6680380e-001
  1.8201335e+000  7.6907500e+000
  4.2967636e+000  3.7745418e+000
  6.8255769e+000  6.4422340e+000
  5.8583292e+000  2.9765775e+000
  8.4098695e+000  3.2041285e+000
  5.9465158e+000  1.7402094e+000
  5.3183810e+000  3.2980133e+000
  9.0133492e+000  2.7464910e+000
  7.1089323e+000  5.3937296e+000
  1.8762201e+000  2.8260302e+000
  6.8605851e+000  6.3147199e+000
  8.2498246e+000  7.5754104e+000
  5.5677259e+000  2.1482288e+000
  3.1879831e+000  2.3649820e+000
  4.2911169e+000  8.4279196e+000
  1.7400113e+000  6.7280776e+000
  3.1652239e+000  1.9426825e+000
  2.4156151e+000  7.2156920e+000
  3.2206647e+000  1.9921449e+000
  2.3173282e+000  7.1644105e+000
  2.4414969e+000  4.7435584e+000
  7.8791775e+000  6.4098241e+000
  3.9352629e+000  7.9207532e+000
  7.2087232e+000  1.8920070e+000
  7.5794731e+000  6.6910253e+000
  8.1137243e-001  7.3002893e+000
  2.1335642e+000  2.2358694e+000
  1.9868719e+000  1.1634040e+000
  2.3897276e+000  2.4334789e+000
  7.0413497e+000  6.8524003e+000
  7.5500773e+000  6.7206480e+000
  2.5136083e+000  6.7873611e+000
  6.8093157e+000  7.2063849e+000
  6.2089763e+000  7.1499781e+000
  3.2558974e+000  5.8374346e-001
  2.3958303e+000  4.6682815e+000
  8.4775263e+000  2.6578744e+000
  5.6051132e+000  2.4989412e+000
  7.1099488e+000  6.3915646e+000
  2.8486060e+000  3.3703792e+000
  5.0985513e+000  3.0674026e+000
  2.7557347e+000  2.3852700e+000
  8.1496097e+000  9.4993858e-001
  5.8344239e+000  2.7858115e+000
  8.0235533e+000  5.0788388e+000
  1.8737112e+000  3.7345944e+000
  2.5254395e+000  4.1769881e+000
  8.8170763e+000  3.0391754e+000
  7.6619764e+000  6.6737932e+000
  2.7721869e+000  3.7388039e+000
  5.6735742e+000  2.1045506e+000
  1.1648370e+000  4.5309323e+000
  7.1169617e+000  6.3941816e+000
  2.8027259e+000  2.2322850e+000
  7.2981948e+000  6.4803635e+000
  2.1687392e+000  7.7201266e+000
  4.6372562e+000  4.1401194e+000
  7.5526140e+000  6.5219354e+000
  5.4857875e+000  3.7453010e+000
  8.3807727e+000  5.1103495e+000
  4.7203451e+000  2.4358393e+000
  7.1682559e+000  6.7720947e+000
  7.1434397e+000  6.8304545e+000
  3.2376312e+000  1.8327066e+000
  3.1628016e+000  7.8915888e+000
  6.7268365e+000  6.3454527e+000
  5.1611390e+000  3.5053910e+000
  1.9223637e+000  6.5331150e+000
  8.2842485e+000  6.9153707e+000
  7.9319969e+000  2.9762072e+000
  7.0299610e+000  6.2701616e+000
  2.3047931e+000  7.5398552e+000
  5.7268255e+000  4.2744589e+000
  3.3686014e+000  8.0861739e+000
  8.5295282e+000  3.1937620e+000
  4.5072078e+000  7.4484418e+000
  8.3612627e+000  3.2875034e+000
  6.7511013e+000  7.0297851e+000
  6.5754481e+000  7.4853804e+000
  5.5400056e+000  2.0396291e+000
  3.2335221e+000  1.0573390e+000
  8.6516265e+000  8.3358256e+000
  7.5251688e+000  1.7192682e+000
  8.0429601e+000  2.4062228e+000
  3.6926668e+000  2.7668037e+000
  6.4821195e+000  7.6974489e+000
  7.1531881e+000  7.6664609e+000
  5.4880118e+000  1.9866036e+000
  2.2214136e+000  3.1035075e+000
  7.2128894e+000  8.3088733e+000
  3.3243107e+000  3.7902401e+000
  1.6864023e+000  4.5350918e+000
  7.9047197e+000  2.7162380e+000
  6.6389961e+000  6.4707504e+000
  8.2891251e+000  5.5936540e+000
  7.1191836e+000  6.4807780e+000
  2.0397013e+000  7.0002932e+000
  6.5038970e+000  6.3854505e+000
  4.3690156e+000  8.4998798e+000
  7.0229901e+000  5.8912786e+000
  7.3541286e+000  5.2731190e+000
  8.0675183e+000  5.7852355e+000
  6.2670011e+000  7.6660723e+000
  5.3482285e+000  3.0781229e+000
  6.6140049e+000  5.8778506e+000
  5.0052336e+000  3.4239411e+000
  7.4134018e+000  6.1287203e+000
  2.1987267e+000  6.3960033e+000
  2.1027097e+000  2.6944191e+000
  1.3063435e+000  7.5030704e+000
  5.0146855e+000  3.8664772e+000
  6.2760773e+000  6.8095881e+000
  7.0930089e+000  6.7739361e+000
  1.6781066e+000  7.2410813e+000
  5.0043224e+000  2.1763838e+000
  1.9754778e+000  6.7592944e+000
  7.5932602e+000  5.1930617e+000
  5.8732363e+000  3.0192395e+000
  2.4226671e+000  2.6813408e+000
  6.9251031e+000  6.6977864e+000
  2.1698070e+000  4.5231415e+000
  1.8925117e+000  7.3530196e+000
  7.5668768e+000  6.6586392e+000
  3.2453247e+000  4.6058190e+000
  7.2714135e+000  6.9384011e+000
  2.5068925e+000  7.6878983e+000
  7.4971609e+000  4.9703444e+000
  7.0663798e+000  5.2596585e+000
  2.4175258e+000  8.0282464e+000
  1.1009159e+000  4.6523177e+000
  7.1957625e+000  7.3462509e+000
  2.7895162e+000  8.3721075e+000
  6.0750968e+000  1.5994532e+000
  2.9465839e+000  4.7113437e+000
  6.1394840e+000  4.1127972e+000
  8.5272436e+000  6.6813864e+000
  1.4838115e+000  7.6552113e+000
  8.5517011e+000  8.2177086e+000
  3.4154260e+000  7.7623716e+000
  5.1273264e+000  3.6895770e+000
  4.0462769e+000  8.1776073e+000
  6.6902507e+000  6.9743390e+000
  7.1404424e+000  1.7001340e+000
  7.2319390e+000  6.3245515e+000
  1.5152326e+000  8.2925027e+000
  7.0009548e+000  6.8570213e+000
  6.9585456e+000  5.4397638e+000
  6.2474898e+000  7.1745388e+000
  7.0884224e+000  6.7467369e+000
  5.6061684e+000  3.8628603e+000
  7.0587481e+000  6.6867185e+000
  7.5106068e+000  2.2266126e+000
  7.5302418e+000  6.3756214e+000
  6.7101002e+000  6.8611133e+000
  3.6528275e+000  2.3005709e+000
  7.9087784e+000  3.2910435e+000
  7.2042736e+000  1.9576261e+000
  7.3463518e+000  7.3178642e+000
  5.1810660e+000  3.5520606e+000
  1.7098580e+000  3.6271567e+000
  1.5421114e+000  8.6284545e+000
  3.8093263e+000  6.6945301e+000
  7.3319990e+000  6.7536400e+000
  5.4245902e+000  3.4713667e+000
  3.3174839e+000  1.3358038e+000
  7.5018803e+000  2.1308398e+000
  6.3227114e+000  6.8764090e+000
  5.2071926e+000  2.1239094e+000
  3.1946598e+000  2.1859828e+000
  7.0409755e+000  6.2929617e+000
  7.3163569e+000  6.1762465e+000
  7.1356450e-001  7.5664811e+000
  3.0963996e+000  2.6103352e+000
  8.3725011e+000  5.7059780e+000
  8.0121630e+000  6.7127395e+000
  2.0591390e+000  5.8873142e+000
  7.6563185e+000  2.3195902e+000
  7.0659223e+000  7.0288172e+000
  6.5527405e+000  7.5816141e+000
  7.4441303e+000  7.2869558e+000
  4.4885182e+000  5.7153489e+000
  1.5742970e+000  2.6148078e+000
  1.5903771e+000  8.4262560e+000
  1.7512088e+000  6.9291859e+000
  7.6026194e+000  2.7891385e+000
  5.5323421e+000  2.0998130e+000
  5.6719379e+000  3.5485340e+000
  7.7649062e+000  5.5438505e+000
  5.0602405e+000  2.9240610e+000
  2.0832026e+000  2.4681705e+000
  2.1238792e+000  5.6854461e+000
  2.9991673e+000  2.6990928e+000
  1.2055462e+000  4.7463670e+000
  2.9327887e+000  8.6565817e+000
  7.0940206e+000  7.1041769e+000
  1.4449351e+000  5.6952272e+000
  2.9563192e+000  8.7888423e+000
  5.8217614e+000  2.3429854e+000
  3.6445543e+000  2.5881618e+000
  2.4453201e+000  5.8879402e+000
  7.9551581e+000  2.5450238e+000
  7.1449773e+000  6.2116905e+000
  5.3223264e+000  2.2890050e+000
  2.5010732e+000  7.7977474e+000
  1.4258821e+000  7.3373449e+000
  1.2286448e+000  4.1445179e+000
  7.3881439e+000  6.5259808e+000
  2.6204526e+000  1.0182097e+000
  7.1254386e+000  1.1258432e+000
  3.4156773e+000  8.4409763e+000
  7.6185515e+000  2.0575692e+000
  2.0496366e+000  1.6148221e+000
  2.1409369e+000  4.3294857e+000
  3.4851729e+000  7.8786743e+000
  7.9392751e+000  7.9691298e+000
  2.2277663e+000  4.1059154e+000
  1.9096350e+000  2.0180557e+000
  2.3337323e+000  5.8289030e+000
  5.2888294e+000  4.0784333e+000
  1.5389282e+000  4.5028272e+000
  8.3169794e+000  1.1099430e+000
  1.8798779e+000  8.2354938e+000
  6.9263915e+000  6.1846304e+000
  1.2667539e+000  5.2967859e+000
  2.3765962e+000  5.3528654e+000
  6.3448520e+000  7.6620656e+000
  1.9909737e+000  4.4197012e+000
  3.7323837e+000  2.4694682e+000
  8.7406503e-001  7.3515730e+000
  7.3266502e+000  6.9372241e+000
  5.8056556e+000  3.4211220e+000
  2.6094816e+000  2.3185551e+000
  2.2807963e+000  6.7593019e+000
  1.9440226e+000  7.7026343e+000
  4.5906117e+000  3.3993111e+000
  2.7827618e+000  3.5330842e+000
  8.2980967e+000  7.3038045e+000
  6.2777896e+000  2.5722474e+000
  3.3873528e+000  4.8845852e+000
  5.3752581e+000  3.3691312e+000
  3.8838909e+000  2.5800448e+000
  5.6326693e+000  6.5425801e+000
  6.9257216e+000  6.3069361e+000
  7.4416832e+000  6.2907837e+000
  5.3627724e+000  3.1868150e+000
  5.0100443e+000  3.7147543e+000
  1.7059461e+000  2.4486513e+000
  2.7821812e+000  5.1063743e+000
  5.7810530e+000  3.0418261e+000
  7.8728360e+000  6.5749181e+000
  7.7567540e+000  7.4371168e+000
  3.2525468e+000  1.9675752e+000
  3.7803998e+000  1.8095965e+000
  7.3673520e+000  6.1958560e+000
  7.4577370e+000  6.4036236e+000
  1.6479189e+000  5.2995902e+000
  2.1543506e+000  6.0799967e+000
  4.5140828e+000  3.9773116e+000
  6.4985532e+000  7.7173763e+000
  3.7443594e+000  1.6129506e+000
  7.2329533e+000  1.7742791e+000
  2.6476868e+000  9.7329815e-001
  7.1480537e+000  7.3784266e-001
  2.2531837e+000  6.1608401e+000
  1.4023472e+000  8.3349006e+000
  1.2500230e+000  3.6031261e+000
  8.1672956e+000  5.0320051e+000
  2.7838596e+000  2.2274110e+000
  7.9051713e+000  2.4585023e+000
  5.4626557e+000  4.9273673e+000
  2.3791434e+000  6.4835792e+000
  2.8207061e+000  3.0015069e+000
  2.2112983e+000  2.3496442e+000
  3.7213248e+000  7.7916563e+000
  7.4264443e+000  5.2577481e+000
  7.4194551e+000  7.1915701e-001
  3.4445358e+000  8.2218710e+000
  6.9826320e+000  7.1220781e+000
  5.3349592e+000  4.3230671e+000
  3.1784968e+000  2.6509256e+000
  5.6490959e+000  3.4108382e+000
  2.3952575e+000  4.4684826e+000
  5.9259053e+000  3.2568708e+000
  8.5527602e+000  6.2978548e+000
  7.3151959e+000  2.0955849e+000
  6.7381990e+000  2.2235888e+000
  7.1670098e+000  6.6204250e+000
  7.9093707e+000  8.1963737e+000
  8.9432268e+000  2.4637429e+000
  1.6521690e+000  7.2160650e+000
  2.0843979e+000  6.4416487e+000
  5.3053650e+000  5.1897657e+000
  8.7246917e+000  2.6920125e+000
  5.1299842e+000  3.7179856e+000
  5.8547738e+000  2.5507876e+000
  5.1119159e+000  3.1005436e+000
  1.8196020e+000  6.1264958e+000
  2.5350495e+000  5.3143504e+000
  5.2953916e+000  3.7515203e+000
  7.9129330e+000  1.7604148e+000
  5.2965050e+000  4.1727871e+000
  1.6769577e+000  7.3564228e+000
  8.0536273e+000  7.8956506e+000
  3.1171059e+000  7.9654061e+000
  2.8543602e+000  2.4607757e+000
  7.2371632e+000  6.4620161e+000
  7.1605845e+000  6.0878435e+000
  6.0429633e+000  6.6311535e+000
  6.5195850e+000  7.8859562e+000
  4.7829916e+000  3.3540913e+000
  8.2932951e+000  6.6051873e+000
  6.6309766e+000  4.8861115e+000
  1.5907264e+000  8.5178719e+000
  6.0987493e+000  2.5641809e+000
  7.8318475e+000  7.1725478e+000
  7.4526768e+000  8.2989419e+000
  7.7021651e+000  3.5614083e+000
  7.3076135e+000  6.2612716e+000
  1.6260807e+000  8.3776700e+000
  5.1478443e+000  2.9557272e+000
  7.4061240e+000  6.6678608e+000
  7.7325533e+000  2.7238944e+000
  7.3952699e+000  2.6380838e+000
  1.9077398e+000  7.2561628e+000
  2.8137872e+000  7.7976808e+000
  4.2435130e+000  7.9694323e+000
  1.9513811e+000  1.8343206e+000
  2.0957943e+000  6.6748907e+000
  7.3877328e+000  5.8559100e+000
  5.4488305e+000  3.1777017e+000
  2.2659638e+000  1.9385782e+000
  3.1700577e+000  7.6558558e+000
  5.1866390e+000  3.5393371e+000
  3.3506902e+000  5.1131059e+000
  2.6222138e+000  2.3275321e+000
  7.1605563e+000  7.4636191e+000
  5.2692727e+000  2.2974177e+000
  5.6131829e+000  2.1312085e+000
  3.2993806e+000  7.9859792e+000
  7.2748614e+000  5.2261501e+000
  4.8068070e+000  3.8323160e+000
  5.0844330e+000  7.6646604e+000
  6.4977529e+000  6.2855475e+000
  2.6479486e+000  2.2038020e+000
  2.9143373e+000  2.0946458e+000
  2.1333752e+000  3.6926261e+000
  2.0402728e+000  4.4637295e+000
  6.8133646e+000  6.2890095e+000
  7.4860532e+000  7.5180132e+000
  3.0550744e+000  1.9402906e+000
  6.9019640e+000  8.1242404e+000
  2.8350075e+000  3.3620848e+000
  4.7489667e+000  3.1180536e+000
  3.6280196e+000  7.9865842e+000
  4.8529569e+000  3.0849435e+000
  8.0817295e+000  6.0158217e+000
  7.8069046e+000  2.3920627e+000
  1.6598432e+000  7.8759058e+000
  7.2430666e+000  7.0828368e+000
  7.7818399e+000  2.1517630e+000
  1.3372477e+000  6.0643698e+000
  5.6056285e+000  4.7281563e+000
  7.1256877e+000  7.2235733e+000
  6.3956430e+000  6.0596324e+000
  7.4167113e+000  1.1624105e+000
  7.1689560e+000  6.5353041e+000
  6.5234251e+000  7.1583333e+000
  2.4535385e+000  7.2042121e+000
  6.0533548e+000  2.3140981e+000
  4.1169997e+000  2.6941001e+000
  3.3675366e+000  8.0364648e+000
  5.0303948e+000  3.1282517e+000
  7.4800674e+000  6.7766920e+000
  2.6613966e+000  1.8716101e+000
  1.7751716e+000  4.4054603e+000
  5.6504191e+000  3.6643009e+000
  4.3470412e+000  6.4234828e+000
  1.3999095e+000  4.8188211e+000
  5.1688633e+000  3.9308635e+000
  7.4073543e+000  6.2764225e+000
  8.3449826e+000  7.8787931e+000
  1.4398232e+000  3.7317744e+000
  7.2294804e+000  7.8021017e+000
  4.7132358e+000  3.0319671e+000
  6.5716968e+000  6.8394997e+000
  5.4208220e+000  3.2493805e+000
  3.4416060e+000  2.5130377e+000
  7.2799990e+000  7.2108332e-001
  1.9837911e-001  7.8437265e+000
  2.3706409e+000  2.9592542e+000
  3.4496072e+000  1.7415178e+000
  7.9929563e+000  3.2587576e+000
  1.8532105e+000  6.2226624e+000
  4.0928493e+000  8.2791509e+000
  1.2877439e+000  3.9966583e+000
  5.2053633e+000  3.8186165e+000
  6.8439381e+000  6.2991205e+000
  7.1657257e+000  2.1522708e+000
  5.5272725e+000  2.4174517e+000
  5.4285429e+000  3.6169449e+000
  4.6307962e+000  3.1471368e+000
  1.8343040e+000  8.4627683e+000
  8.0694962e+000  7.5646802e+000
  3.1419628e+000  1.1215405e+000
  7.3713729e+000  1.7651407e+000
  7.3437352e+000  6.6301514e+000
  8.1410552e+000  5.1960717e+000
  6.8722807e+000  6.6269215e+000
  1.9985773e+000  6.0736274e+000
  8.1795885e+000  7.6224928e+000
  3.3008213e+000  2.6129388e+000
  1.7023367e+000  7.4681279e+000
  2.2829278e+000  7.5948184e+000
  3.8405384e+000  8.1566860e+000
  8.4783602e+000  2.9283472e+000
  7.6014049e+000  6.5963975e+000
  5.6813169e+000  3.4242494e+000
  1.6394434e+000  7.8059756e+000
  2.6570472e+000  2.3517010e+000
  6.3165707e+000  6.0369999e+000
  7.1774993e+000  6.2324389e+000
  4.6771024e-001  6.7048384e+000
  6.9134737e+000  6.2523449e+000
  7.7624976e+000  2.7817482e+000
  2.1900406e+000  7.4664744e+000
  5.5280676e+000  2.0480662e+000
  7.2498338e+000  6.6681738e+000
  3.3077836e+000  8.1841372e+000
  1.7491755e+000  7.4527611e+000
  5.0964909e+000  3.6686261e+000
  5.2337207e+000  3.6670256e+000
  1.8512533e+000  2.3567059e+000
  5.4609718e+000  3.4728115e+000
  2.2454764e+000  5.8356750e+000
  3.4523444e+000  8.0841534e+000
  6.1594685e+000  6.9365461e+000
  8.6623984e+000  8.3051073e+000
  2.2316358e+000  6.2428369e+000
  5.4354648e+000  3.8332773e+000
  4.3743160e+000  3.0471428e+000
  2.0883918e+000  7.9223612e+000
  3.5894351e+000  8.2862923e+000
  3.2795824e+000  4.4738232e+000
  7.3076885e+000  6.6620154e+000
  8.4813015e+000  7.4547803e+000
  6.1838965e+000  1.4687438e+000
  2.1995316e+000  2.4039522e+000
  8.3332597e+000  7.9718733e+000
  7.4253965e+000  1.5361010e+000
  2.0638809e+000  7.2080455e+000
  2.1328676e+000  7.6000601e+000
  1.7983025e+000  7.2474242e+000
  7.8032383e+000  1.9824200e+000
  6.8518534e+000  6.2380972e+000
  6.2072591e+000  6.4965516e+000
  2.9534967e+000  5.5171163e+000
  6.7915585e+000  2.0137135e+000
  6.7099453e+000  6.9198474e+000
  7.2140735e+000  6.0321197e+000
  8.3707484e+000  3.5228799e+000
  7.2572386e+000  6.7376621e+000
  6.8346014e+000  1.8755232e+000
  6.9833776e+000  6.0606376e+000
  3.6625136e+000  8.2545283e+000
  5.2415332e+000  3.2101998e+000
  1.9734118e+000  7.3035311e+000
  7.0309033e+000  5.7194228e+000
  6.2975221e+000  7.1876994e+000
  8.3444139e+000  6.3622616e+000
  3.7171249e+000  5.5590559e+000
  1.3952782e+000  6.2501648e+000
  2.6801318e+000  3.1458268e+000
  7.0821624e+000  6.2918639e+000
  3.3681103e+000  7.8523232e+000
  7.5975735e+000  6.3335006e+000
  1.9230931e+000  7.2478312e+000
  2.7122124e+000  1.9864035e+000
  3.8200141e+000  5.6145254e+000
  3.4877448e+000  1.3789344e+000
  1.3856656e+000  3.9301139e+000
  1.8716227e+000  2.4393065e+000
  1.9929770e+000  3.6271113e+000
  8.2204560e+000  3.2749107e+000
  4.9363564e+000  3.8125442e+000
  2.4007798e+000  4.2756265e+000
  1.7070015e+000  3.1752969e+000
  4.6645903e+000  5.7948147e+000
  8.2368924e+000  5.3964464e+000
  7.3471683e+000  1.4758983e+000
  7.1912437e+000  6.9059809e+000
  3.3798606e+000  2.0591768e+000
  5.6523604e+000  3.2964823e+000
  5.3596395e+000  4.6605104e+000
  1.7710601e+000  5.0008471e+000
  3.0384875e+000  3.2166925e+000
  7.0763716e+000  5.3841404e+000
  5.8266935e+000  2.7669255e+000
  4.7294801e+000  3.3238274e+000
  1.9796224e+000  8.1624773e+000
  6.8939670e+000  1.6365813e+000
