  5.4692517e+000  2.5330247e+000
  7.5870098e+000  7.4201027e+000
  2.2421193e+000  7.1521135e+000
  7.5414819e+000  2.4748436e+000
  7.2160813e+000  6.2836269e+000
  7.2176396e+000  6.5075966e+000
  8.1622778e+000  3.2515058e+000
  3.7137707e+000  1.6795877e+000
  2.9086540e+000  4.6895931e+000
  2.3800941e+000  7.0641675e+000
  7.0390400e+000  6.4743647e+000
  1.8580789e+000  4.5303284e+000
  7.1768920e+000  6.2880727e+000
  2.7696200e+000  9.2548577e-001
  5.3515943e+000  4.7345093e+000
  6.6944393e+000  6.4269835e+000
  3.4724810e+000  7.9582639e+000
  8.1767697e+000  7.1399345e+000
  6.9089259e+000  1.6705417e+000
  7.1518535e+000  7.8264981e+000
  6.6038754e+000  6.2703124e+000
  4.5130370e+000  7.7025541e+000
  5.8542876e+000  3.7295758e+000
  5.6226954e+000  3.6369297e+000
  6.1296739e+000  5.2203402e+000
  7.6104508e+000  6.9778996e+000
  1.9533839e+000  7.6017523e+000
  7.9854108e+000  3.2859105e+000
  7.4807641e+000  6.9652006e+000
  6.1034904e+000  2.8045314e+000
  6.8013799e+000  6.5481475e+000
  7.9326618e+000  2.9718834e+000
  2.1903436e+000  2.1411162e+000
  6.7025784e-001  4.6507177e+000
  3.7504614e+000  1.8454701e+000
  7.0059051e+000  6.1929911e+000
  7.0323612e+000  6.9074751e+000
  1.9092959e+000  5.8371984e+000
  4.2399602e+000  7.9432533e+000
  7.0134948e+000  3.9135608e+000
  2.4630499e+000  3.0403874e+000
  7.8011031e+000  2.8339789e+000
  3.0817947e+000  2.4937503e+000
  7.8406549e+000  1.5227297e+000
  1.7097641e+000  5.6103888e+000
  3.6659458e+000  8.6645327e+000
  2.3151050e+000  5.1723642e+000
  7.0429657e+000  7.6908351e+000
  7.6396589e+000  2.6171223e+000
  2.3457249e+000  7.4393553e+000
  8.7430915e+000  2.8417865e+000
  4.4229619e+000  7.9560076e+000
  7.4484106e+000  6.5987595e+000
  7.3621588e+000  7.2555336e+000
  7.6261476e+000  6.2256285e+000
  7.0646129e+000  6.3158443e+000
  2.2311302e+000  4.5246582e+000
  6.1402669e+000  6.9213425e+000
  2.6479486e+000  4.2554176e+000
  6.8481969e+000  6.2398154e+000
  1.9328443e+000  4.5152577e+000
  1.4575172e+000  7.5759378e+000
  5.4656986e+000  3.7076920e+000
  8.1699577e+000  5.5685070e-001
  8.0184149e+000  4.8487157e+000
  2.6291500e+000  2.1456497e+000
  7.7444920e+000  6.8525302e+000
  5.2328117e+000  3.6457852e+000
  2.4455830e+000  7.7266666e+000
  6.8615838e+000  6.3853038e+000
  5.8100558e+000  3.3751291e+000
  2.4655384e+000  3.5102715e+000
  2.5143275e+000  7.8772893e+000
  2.0170879e+000  3.3135498e+000
  6.8711586e+000  6.6358232e+000
  5.8351841e+000  3.6992770e+000
  7.9298495e+000  2.8124269e+000
  2.9943636e+000  8.2336728e+000
  6.1283259e+000  3.0466142e+000
  3.0532948e+000  2.0188896e+000
  6.7588649e+000  6.8492193e+000
  6.6987460e+000  6.7984938e+000
  3.1446169e+000  8.4627209e+000
  7.2175230e+000  2.5801960e+000
  4.6901787e+000  4.1739852e+000
  4.7346875e+000  3.7755173e+000
  2.3641385e+000  3.0914781e+000
  2.7165619e+000  2.0197239e+000
  5.7229528e+000  3.5663947e+000
  9.3642275e+000  2.7580402e+000
  4.4087655e+000  6.9805743e+000
  2.5868440e+000  8.8858776e-001
  2.6025027e+000  2.2347783e+000
  7.4992783e+000  2.4643027e+000
  2.0259625e+000  2.4905155e+000
  8.1527875e+000  3.0601681e+000
  2.4316527e+000  4.6318657e+000
  2.1024279e+000  7.2913348e+000
  1.9594265e+000  2.6410733e+000
  2.9354964e+000  2.0550483e+000
  7.2295782e+000  6.6209871e+000
  3.2102236e+000  1.6483878e+000
  7.9105370e+000  1.2378426e+000
  7.3576874e+000  5.7538363e+000
  7.0932153e+000  2.6734647e+000
  1.8672752e+000  6.0364539e+000
  3.3854822e+000  1.8269867e+000
  2.4484387e+000  3.3949004e+000
  5.5659394e+000  3.6916917e+000
  1.5427175e+000  7.1899972e+000
  5.6495543e+000  3.7591564e+000
  8.0149518e+000  2.9137538e+000
  6.9314536e+000  2.4490194e+000
  1.9413429e+000  6.4639652e+000
  9.0248475e-001  3.7606091e+000
  7.7887151e+000  5.7180222e+000
  7.2512980e+000  5.0523815e+000
  5.2762492e+000  4.0256283e+000
  5.8607737e+000  4.7004477e+000
  2.6309422e+000  7.6223083e+000
  6.9866153e+000  7.0596371e+000
  3.7175425e+000  5.4154820e+000
  5.0932473e+000  2.9410711e+000
  7.0344356e+000  6.6866794e+000
  2.2609192e+000  2.2537970e+000
  1.6770873e+000  6.0835548e+000
  3.6072269e+000  6.3152465e+000
  1.6992410e+000  7.4304035e+000
  2.5711343e+000  2.2128071e+000
  6.6242150e+000  6.2173920e+000
  2.3578013e+000  2.5950437e+000
  4.7598285e+000  3.0176637e+000
  8.1296420e+000  4.7416275e+000
  3.4652300e+000  7.8902014e+000
  3.3698575e+000  1.9996060e+000
  3.8236877e+000  2.4717960e+000
  2.6200775e+000  2.1706302e+000
  2.7143242e+000  2.7564626e+000
  1.8154986e+000  3.2951434e+000
  5.3346037e+000  4.0021934e+000
  2.3501498e+000  6.0529811e+000
  2.7992782e+000  6.4540401e-001
  7.0370260e+000  6.7992130e+000
  6.9752919e+000  1.0533944e+000
  1.7456491e+000  6.0016878e+000
  5.5858483e+000  3.7473099e+000
  6.8805609e+000  6.1538024e+000
  1.5379329e+000  7.9038784e+000
  6.5697255e+000  5.8784632e+000
  7.3293323e+000  7.6053743e+000
  7.5559311e+000  7.3610126e+000
  7.5107653e+000  6.9464594e+000
  2.0648719e+000  3.9831341e+000
  5.0041874e+000  2.8916209e+000
  3.4972640e+000  1.2792429e+000
  4.9890004e+000  5.9779321e+000
  8.7465266e+000  8.3488793e+000
  3.2106428e+000  2.4397548e+000
  3.1709919e+000  2.1716184e+000
  7.1721429e+000  6.8086915e+000
  2.1067623e+000  8.0587372e+000
  3.6266839e+000  8.2362247e+000
  3.3125970e+000  1.0625583e+000
  7.6503132e+000  1.9916725e+000
  2.2376749e+000  2.0419345e+000
  2.4536874e+000  7.6146059e+000
  5.0859465e+000  2.5235321e+000
  7.8204053e+000  1.3884901e+000
  4.8544533e+000  3.7102982e+000
  6.5925164e+000  2.8250313e+000
  7.5020234e+000  6.9027924e+000
  1.4647521e+000  5.1618897e+000
  3.6077310e+000  2.2267958e+000
  1.5989344e+000  6.3038735e+000
  3.5779640e+000  7.7901795e+000
  1.9418089e+000  6.6895777e+000
  7.8974072e+000  6.7190440e+000
  2.3356059e+000  6.8865207e+000
  6.7214774e+000  2.4758288e+000
  3.3548005e+000  7.6058460e+000
  3.1278157e+000  3.4569538e+000
  2.5184138e+000  2.3812619e+000
  5.5651744e+000  3.4287375e+000
  7.6054879e+000  1.8297177e+000
  8.5045774e+000  7.8863774e+000
  2.2478652e+000  2.5602089e+000
  4.8412571e+000  3.5470927e+000
  7.5431764e+000  7.3321958e+000
  8.1740197e+000  6.6900208e+000
  6.3273243e+000  5.9302345e+000
  6.7740604e+000  6.5244981e+000
  3.0741848e+000  2.2565169e+000
  6.8303523e+000  7.2356908e+000
  7.2654768e+000  7.1214833e+000
  2.3709970e+000  8.0240174e+000
  5.3176661e+000  3.6297492e+000
  7.6510656e+000  3.1325865e+000
  6.9788236e+000  5.9284550e+000
  7.7902678e+000  5.4236857e+000
  8.7582989e+000  3.6043149e+000
  2.2322635e+000  8.1373577e+000
  7.9174792e+000  7.6473368e+000
  6.9677052e+000  7.0145229e+000
  2.9968778e+000  1.3928335e+000
  5.0625473e+000  3.3554890e+000
  8.5741196e+000  3.3783532e+000
  7.6042245e+000  1.0375681e+000
  7.4063524e+000  6.6311246e+000
  7.0107003e+000  7.0513126e+000
  7.1621516e+000  6.9012950e+000
  7.0259323e+000  2.0138992e+000
  2.3135653e+000  5.9687539e+000
  5.3922973e+000  3.8531660e+000
  5.4937187e+000  4.0671839e+000
  2.0938266e+000  7.6082874e+000
  7.0121324e+000  2.3664722e+000
  6.8082296e+000  5.8248734e+000
  5.1755006e+000  4.6728092e+000
  5.6980248e+000  2.5804423e+000
  7.3082906e+000  1.8721303e+000
  7.8991799e+000  1.7617491e+000
  2.3167345e+000  7.4894650e+000
  1.3582605e+000  3.5539769e+000
  6.9592446e+000  6.7212179e+000
  4.5569153e+000  6.0570312e+000
  2.0300460e+000  2.7218617e+000
  1.9699428e+000  1.6613728e+000
  7.7050774e+000  2.8487466e+000
  1.4291543e+000  5.9522914e+000
  3.8195364e+000  1.0628337e+000
  6.1073082e+000  2.4803119e+000
  7.3490032e+000  6.5414799e+000
  2.4467742e+000  8.2621154e+000
  7.6025204e+000  1.8791783e+000
  7.3663415e+000  6.5148950e+000
  4.9522622e+000  3.3944300e+000
  2.5360913e+000  2.7923759e+000
  2.6363836e+000  4.1762223e+000
  2.5041011e+000  1.3464402e+000
  7.4442837e+000  7.9941476e+000
  5.6632602e+000  3.5473301e+000
  9.3855666e-001  3.6738941e+000
  7.0227072e+000  5.6037558e+000
  3.1035974e+000  5.5163331e+000
  5.0935429e+000  2.9619020e+000
  7.4500581e+000  6.0410064e+000
  7.5086628e+000  2.0001982e+000
  7.0335310e+000  6.7345037e+000
  2.1170280e+000  7.7205019e+000
  2.0956619e+000  8.8486206e+000
  5.2565441e+000  3.8028470e+000
  6.9867159e+000  7.3069949e+000
  4.8457319e+000  3.3349912e+000
  6.9738323e+000  6.4576812e+000
  2.8091874e+000  3.2136117e+000
  6.4664193e+000  5.7963454e+000
  3.5054766e+000  2.1397631e+000
  8.6543372e+000  6.3641735e+000
  7.5046814e+000  6.4662679e+000
  2.0967413e+000  6.4957576e+000
  2.4733134e+000  7.3537328e+000
  4.4037156e+000  8.3741777e+000
  2.2241380e+000  6.1107178e+000
  2.4125308e+000  7.6407003e+000
  8.7686641e+000  3.1747391e+000
  7.5340193e+000  6.4074950e+000
  7.8602155e+000  6.9272618e+000
  7.2261656e+000  7.0254574e+000
  8.1721782e+000  3.3587363e+000
  7.8042166e+000  3.0758782e+000
  6.8928997e+000  7.1203705e+000
  2.4265658e+000  4.1635212e+000
  5.6329856e+000  1.7406327e+000
  7.2613927e+000  6.5261147e+000
  4.4379567e+000  3.0392656e+000
  5.0600395e+000  3.7385681e+000
  4.1315779e+000  8.2503143e+000
  3.1843612e+000  3.4850642e+000
  2.9307958e+000  8.3649956e+000
  1.8316124e+000  7.7706644e+000
  8.4311775e-001  3.6042019e+000
  6.9696268e+000  6.6837057e+000
  5.6505853e+000  3.6823361e+000
  7.7064834e+000  4.8885411e+000
  2.4252064e+000  4.3036726e+000
  6.3157560e+000  7.6204664e+000
  8.1111934e+000  2.6366441e+000
  7.8426379e+000  2.2426381e+000
  7.8709092e+000  2.8131564e+000
  4.6569731e+000  3.3681297e+000
  2.1748858e+000  7.8462634e+000
  7.5125495e-001  4.2441149e+000
  6.9971362e+000  6.7419179e+000
  6.8274967e+000  6.9363423e+000
  6.5446989e+000  7.0623137e+000
  7.5941739e+000  6.8164180e+000
  1.9647175e+000  4.4797519e+000
  7.3538422e+000  2.5667005e+000
  5.2037611e+000  4.3766071e+000
  2.7588029e+000  2.4644418e+000
  5.3827052e+000  6.4166860e+000
  5.3433575e+000  3.3530442e+000
  5.5059036e+000  5.2015577e+000
  7.6566502e+000  6.7850910e+000
  6.4130333e+000  7.7327822e+000
  7.0741498e+000  1.7357564e+000
  7.4990787e+000  1.4037236e+000
  3.4919997e+000  1.6564660e+000
  7.8945610e+000  8.4432790e+000
  3.6380933e+000  2.0101746e+000
  2.5779745e+000  1.1628779e+000
  3.3445427e+000  2.3862445e+000
  1.5560871e+000  7.6246446e+000
  7.6415907e+000  1.5896106e+000
  2.4968533e+000  4.6906135e+000
  7.4500705e+000  5.9802223e+000
  7.6771302e+000  2.6241839e+000
  5.4011828e+000  3.3858124e+000
  5.1883892e+000  4.0549666e+000
  2.5044775e+000  2.6528663e+000
  3.1673033e+000  9.4145515e-001
  8.9428195e+000  2.6035225e+000
  4.9448785e+000  3.1601392e+000
  3.4735450e+000  2.1550038e+000
  8.1764207e+000  7.5392864e+000
  3.1620057e+000  8.5284450e+000
  6.9247220e+000  6.7397920e+000
  7.9450993e+000  7.3769247e+000
  6.6648252e+000  2.6780323e+000
  7.6063567e+000  1.2074600e+000
  7.5536120e+000  2.8810181e+000
  8.0752915e+000  8.4165541e+000
  5.0592185e+000  3.7572582e+000
  7.5725503e+000  1.8497231e+000
  6.9894087e+000  6.5938442e+000
  7.6807618e+000  5.2421047e+000
  2.0838235e+000  6.4282077e+000
  7.1470539e+000  2.4264181e+000
  3.1223881e+000  8.1893150e+000
  1.4586049e+000  8.7761152e+000
  6.9093929e+000  6.8690593e+000
  1.9047313e+000  7.5015264e+000
  5.2426174e+000  3.8248495e+000
  1.9844297e+000  2.8699363e+000
  7.0035247e+000  5.3341178e+000
  3.4140984e+000  7.7620515e+000
  6.9924475e+000  6.6459077e+000
  4.9859808e+000  4.5527867e+000
  5.7818885e+000  5.1679924e+000
  4.3322399e+000  6.2705090e+000
  1.8629019e+000  4.4419263e+000
  2.8069453e+000  2.4919898e+000
  3.2576906e+000  8.1006170e+000
  7.7454784e+000  1.9339897e+000
  8.1403947e-001  4.2915917e+000
  8.0336799e+000  3.7354390e+000
  7.0079612e+000  6.4408346e+000
  2.6961079e+000  8.2989089e+000
  7.3653253e+000  7.3539935e+000
  1.6110563e+000  7.2526803e+000
  2.2925859e+000  4.7832589e+000
  7.1861998e+000  5.1260692e+000
  8.4816201e+000  3.0812762e+000
  3.7934606e+000  1.1567927e+000
  4.5278284e-001  7.3192896e+000
  7.0264712e+000  6.2704115e+000
  1.9133279e+000  1.8592684e+000
  5.4687335e+000  3.7866242e+000
  7.4857954e+000  6.7839021e+000
  2.4808370e+000  8.1090046e+000
  6.9196831e+000  6.1835567e+000
  7.7673149e+000  2.2443308e+000
  3.9172680e+000  7.8794581e+000
  7.5976226e+000  4.8437209e-001
  7.5117226e+000  6.0245723e+000
  3.0993345e+000  2.1796230e+000
  7.3329329e+000  6.4664353e+000
  2.4032522e+000  8.0377182e+000
  7.5115488e+000  1.6634751e+000
  7.8697730e+000  3.0532027e+000
  7.9609015e+000  8.3548700e+000
  1.8800687e+000  2.0100837e+000
  5.2932029e+000  1.9344979e+000
  2.2287612e+000  6.7841011e+000
  5.8407677e+000  3.8603180e+000
  8.2217996e+000  5.9021788e-001
  2.6088715e+000  2.5118181e+000
  2.5520402e+000  3.9811930e+000
  7.1661633e+000  7.3830455e+000
  3.6275093e+000  4.7613207e+000
  1.5670256e+000  4.3762414e+000
  8.1138334e+000  5.8642830e+000
  7.0672869e+000  5.8145980e+000
  6.6427779e+000  6.7386953e+000
  4.8962454e+000  4.0278935e+000
  2.5320164e+000  5.7139578e+000
  2.4335336e+000  4.9104381e+000
  3.2239984e+000  1.6748077e+000
  1.5486658e+000  7.5364885e+000
  6.9354737e+000  6.5390769e+000
  2.8036964e+000  4.5737688e+000
  2.1414906e+000  7.7660576e+000
  5.7338240e+000  3.2591329e+000
  2.2908524e+000  2.4756965e+000
  3.5837361e+000  1.3685597e+000
  6.1401684e+000  1.9693016e+000
  5.6696820e+000  4.9789911e+000
  8.6092567e+000  7.9385394e+000
  2.3504669e+000  7.8271901e+000
  7.6467869e+000  6.9976024e+000
  3.1834513e+000  7.4744988e+000
  2.1716047e+000  6.5097937e+000
  1.4674556e+000  2.5749641e+000
  2.4047645e+000  6.1619477e+000
  3.1316448e+000  8.0431982e+000
  2.2849777e+000  2.2499243e+000
  6.4976473e+000  4.1328288e+000
  3.8297582e+000  7.7937992e+000
  5.2878352e+000  3.5218123e+000
  6.5955124e+000  1.9782080e+000
  1.8304810e+000  4.7371731e+000
  1.8798696e+000  3.4439500e+000
  4.9435477e+000  4.5515514e+000
  7.0248045e+000  6.6598726e+000
  3.0141092e+000  2.3288700e+000
  4.5557194e+000  5.7160402e+000
  5.6479913e+000  2.8796723e+000
  6.9217309e+000  6.5837439e+000
  7.5698610e+000  8.1357908e-001
  2.8721220e+000  2.9026780e+000
  8.3151893e+000  4.6074092e+000
  1.4808677e+000  7.5297723e+000
  9.1260947e+000  1.7213636e+000
  2.8567578e+000  8.1939558e+000
  6.8677020e+000  7.3761578e+000
  6.6052971e+000  8.1125278e+000
  6.8150130e+000  5.0916826e+000
  7.4898164e+000  6.8524945e+000
  7.5783225e+000  6.5830640e+000
  6.6749834e+000  6.7315884e+000
  2.7803208e+000  8.8118883e-001
  6.5630362e+000  6.6019741e+000
  7.6165056e+000  6.6141009e+000
  2.6156753e+000  2.1811940e+000
  5.1468177e+000  2.0428157e+000
  2.7376839e+000  6.0262501e+000
  2.5297020e+000  1.3306692e+000
  3.7546416e+000  7.9728692e+000
  2.2210535e+000  8.2862865e+000
  1.3787120e+000  2.6906517e+000
  1.7310441e+000  7.4690935e+000
  7.3246568e+000  6.6216387e+000
  6.7463087e+000  5.6198601e+000
  2.3619491e+000  1.0054697e+000
  8.0347050e+000  8.1900657e+000
  2.5466799e+000  7.8047027e+000
  6.5892975e+000  6.9183626e+000
  7.7955637e+000  1.6754442e+000
  3.5225273e+000  1.9724237e+000
  8.7651920e+000  2.8170980e+000
  3.4587298e+000  2.5163603e+000
  6.7236620e+000  6.5078835e+000
  2.6094600e+000  2.1306709e+000
  2.1120273e+000  2.6986358e+000
  7.0201645e+000  4.1134542e+000
  7.2935313e+000  5.2251796e+000
  3.6184705e+000  1.1276702e+000
  1.8566663e+000  7.0886621e+000
  2.2384489e+000  5.8371555e+000
  1.6122408e+000  6.1483827e+000
  5.7914399e+000  3.5915767e+000
  8.1446835e+000  6.6951889e+000
  2.2640855e+000  3.2211068e+000
  7.0843762e+000  6.7348046e+000
  2.0661405e+000  7.3176051e+000
  3.0863326e+000  2.7924831e+000
  7.7453752e+000  3.3321390e+000
  7.6955458e+000  7.3687753e+000
  4.8951276e+000  5.9297181e+000
  6.6912924e+000  5.5997180e+000
  6.6901329e+000  6.2456376e+000
  5.6209846e+000  4.5028357e+000
  7.4469935e+000  2.7533453e+000
  2.6306677e+000  4.2039907e+000
  6.9226561e+000  5.8416785e+000
  7.1010670e+000  5.5933406e+000
  5.5547295e+000  3.3911025e+000
  7.9047878e+000  3.2503806e+000
  5.9035645e+000  2.8439268e+000
  5.1530408e+000  6.6284514e+000
  2.4087035e+000  7.3268183e+000
  6.6441474e+000  5.6301385e+000
  7.2964936e+000  6.7201297e+000
  2.2533355e+000  7.7565344e+000
  5.6346212e+000  9.0493183e+000
  7.4376071e+000  6.5675950e+000
  7.2880536e+000  6.2723918e+000
  6.5392134e+000  3.8790717e+000
  8.1956047e+000  5.6009916e+000
  2.5589640e+000  2.3582431e+000
  6.7446365e+000  6.6783296e+000
  7.8481138e+000  5.0841026e+000
  8.4964777e+000  8.1308188e+000
  5.5949574e+000  1.9152920e+000
  2.3243480e+000  4.3163053e+000
  2.5245182e+000  3.0962438e+000
  2.5322459e+000  1.4355664e+000
  3.1531278e+000  1.9896484e+000
  1.7960570e+000  7.8899788e+000
  2.0844625e+000  5.4304262e+000
  7.2938016e+000  5.3908779e+000
  1.5769637e+000  8.7131340e+000
  2.5509971e+000  7.3122849e+000
  5.4030130e+000  3.9775448e+000
  4.4720187e+000  8.2038641e+000
  7.5622879e+000  6.9422967e+000
  7.3746661e+000  3.3876404e+000
  7.1502124e+000  2.5857136e+000
  6.9881990e+000  1.0905219e+000
  2.5075370e+000  7.2282167e+000
  8.9322639e+000  3.1239767e+000
  5.7026457e+000  2.1037972e+000
  2.7292934e+000  7.4671359e+000
  8.4797317e+000  6.3422114e+000
  2.2552240e+000  7.7411612e+000
  6.1297915e+000  2.0904521e+000
  2.5118600e+000  2.4724031e+000
  5.5442929e+000  3.2633681e+000
  6.7271443e+000  6.2575136e+000
  2.6668369e+000  7.7597302e+000
  6.6751695e+000  1.5583145e+000
  7.2161517e+000  6.5395448e+000
  7.0226987e+000  6.1905235e+000
  2.4411522e+000  9.9919687e-001
  3.3638020e+000  8.4917867e+000
  2.7466976e+000  2.5973331e+000
  2.7945627e+000  9.0734895e+000
  8.9201967e+000  2.7219522e+000
  7.9698453e+000  6.3095341e+000
  7.3495018e+000  7.5511372e+000
  1.8750921e+000  1.8932251e+000
  6.4415906e+000  6.4633962e+000
  7.1854280e-001  6.6766074e+000
  7.4326334e+000  6.3835236e+000
  5.2257513e+000  4.1197792e+000
  2.0849989e+000  3.3968159e+000
  6.8167425e+000  5.1921393e+000
  2.2824568e+000  8.9442293e+000
  3.9151823e+000  7.8362922e+000
  6.7556635e+000  6.5368743e+000
  2.3395198e+000  5.2329362e+000
  7.9412649e+000  7.0232356e+000
  7.5520027e+000  6.4947969e+000
  5.4803583e+000  1.6908703e+000
  6.7265181e+000  6.7501225e+000
  2.3811433e+000  8.1128052e+000
  1.3496156e+000  5.4022249e+000
  2.7656216e+000  7.8482908e-001
  2.8491827e+000  9.0718082e-001
  1.7735027e+000  3.9653757e+000
  3.6997470e+000  3.0776142e+000
  1.0332102e+000  4.7751720e+000
  7.2783775e+000  6.0630083e+000
  7.0498743e+000  6.9834018e+000
  2.5579753e+000  4.0662913e+000
  4.4980913e+000  6.7417394e+000
  6.7147818e+000  7.4593683e-001
  1.8533819e+000  2.6356808e+000
  1.6899945e+000  5.7983228e+000
  2.0654333e+000  5.2419710e+000
  7.3323471e+000  7.4343006e+000
  2.7723012e+000  2.2728249e+000
  7.5786822e+000  7.2495624e+000
  1.5367393e+000  5.5296060e+000
  5.9611876e+000  4.5655245e+000
  6.5537143e+000  9.3182476e-001
  7.1067541e+000  5.5974228e+000
  5.6175211e-001  7.3289573e+000
  9.0054784e+000  3.1540445e+000
  6.7463914e+000  5.3354387e+000
  3.1271326e-001  6.9314497e+000
  5.1322414e+000  3.5036593e+000
  5.5130682e+000  4.7778003e+000
  7.2125568e+000  6.6343624e+000
  2.8476580e+000  7.2446450e+000
  3.2621696e+000  2.5729180e+000
  1.7340208e+000  3.9038375e+000
  7.1015767e+000  7.1966874e+000
  8.6431025e+000  2.9745894e+000
  2.6208471e+000  4.6596553e+000
  1.5512520e+000  7.3694465e+000
  7.2305891e+000  7.0250348e+000
  1.7561368e+000  7.4370424e+000
  2.0756386e+000  7.4837768e+000
  8.0301733e+000  7.1713095e+000
  2.6576931e+000  2.4528270e+000
  7.0170348e+000  6.8243387e+000
  7.9066548e+000  7.0333968e+000
  8.5967515e+000  8.3875795e+000
  6.6767423e+000  5.8388087e+000
  3.4211270e+000  1.9136516e+000
  2.1907518e+000  7.3303501e+000
  6.7605901e+000  7.7062399e+000
  2.7950304e+000  5.1958438e+000
  5.9560311e+000  2.6395238e+000
  3.3259338e+000  2.2635506e+000
  5.4296232e+000  3.8806096e+000
  2.3713666e+000  2.6127375e+000
  1.1581429e+000  8.6845475e+000
  1.8805646e+000  1.0367433e+000
  7.1472654e+000  3.6278256e+000
  1.6734617e+000  6.7552620e+000
  7.5165592e+000  2.9844264e+000
  8.3292068e+000  4.6096859e+000
  7.5197302e+000  6.9083788e+000
  1.4583489e+000  8.5370892e+000
  4.2960659e+000  8.2325843e+000
  7.2028095e+000  6.6967714e+000
  2.8057051e+000  8.5989632e+000
  7.7782396e+000  3.1804920e+000
  2.6420459e+000  6.1601934e+000
  9.0425544e+000  2.2705353e+000
  7.3070278e+000  6.6889724e+000
  2.7503049e+000  2.9343314e+000
  8.5025843e+000  7.4296361e+000
  4.3974618e+000  3.7166528e+000
  2.4452376e+000  7.5490324e+000
  2.2445543e+000  7.9273862e+000
  5.8916189e+000  2.1269582e+000
  6.9078151e+000  6.2249905e+000
  8.7537958e+000  2.7867962e+000
  7.9269067e+000  3.1095381e+000
  2.5440923e+000  6.3931774e+000
  3.6244176e+000  1.2092705e+000
  6.9489860e+000  7.2987093e+000
  7.1986538e+000  6.5795965e+000
  4.8767245e-001  8.4351169e+000
  5.4597651e+000  2.1589785e+000
  7.2226182e+000  6.4028950e+000
  3.3773699e+000  8.0348105e+000
  2.5055279e+000  4.3323771e+000
  7.6779107e+000  1.5827487e+000
  7.3856268e+000  5.7583100e+000
  6.9706339e+000  6.4175486e+000
  7.4719957e+000  5.8873252e+000
  3.5894645e+000  9.1554491e+000
  7.2303501e+000  6.9008828e+000
  4.7443103e+000  3.6820378e+000
  7.0009762e+000  7.6842992e-001
  5.1332170e+000  4.2673391e+000
  7.2564194e+000  7.0290412e+000
  2.2415725e+000  7.8083621e+000
  6.5105990e+000  6.4826022e+000
  3.4860919e+000  9.6569526e+000
  3.4903261e+000  1.4189049e+000
  5.3306801e+000  4.2452478e+000
  7.3130423e+000  7.1736120e+000
  6.7893006e+000  6.2238620e+000
  3.7148861e+000  2.0520913e+000
  6.7293410e+000  6.4188862e+000
  8.1273273e+000  3.1675525e+000
  3.2859906e+000  9.0967877e+000
  1.3568218e+000  3.7500212e+000
  2.0510682e+000  7.5775438e+000
  2.0339168e+000  1.4531905e+000
  6.8081685e+000  5.2435495e+000
  3.1631668e+000  2.3048760e+000
  3.7945380e+000  3.3551877e+000
  8.4597232e+000  8.1877077e+000
  1.2151237e+000  4.0541077e+000
  6.8047493e+000  6.3372381e+000
  2.5433336e+000  3.7464891e+000
  6.8935269e+000  7.6360064e+000
  2.3034166e+000  8.9662203e+000
  1.5627361e+000  7.1397977e+000
  3.5814887e+000  3.5573690e+000
  3.3167639e+000  2.0296418e+000
  6.3556069e+000  6.6558142e+000
  2.2428315e+000  7.9430203e+000
  5.3821038e+000  1.6862140e+000
  1.7139655e+000  7.4463544e+000
  7.4339592e+000  7.1596245e+000
  2.7474378e+000  4.7880399e+000
  5.6252584e+000  3.8524945e+000
  2.5991360e+000  7.7786668e+000
  6.8633449e+000  2.2879294e+000
  8.7438160e+000  3.1516949e+000
  1.7016185e+000  7.5219607e+000
  5.7139064e+000  1.8967708e+000
  6.7632217e+000  6.9075042e+000
  6.7126983e-001  6.7585293e+000
  7.6304540e+000  2.4419691e+000
  8.8371969e+000  2.7444034e+000
  3.7856525e+000  2.4521606e+000
  6.8644695e+000  6.4361796e+000
  7.4439456e+000  5.0323169e+000
  7.9267357e+000  2.8696573e+000
  2.0631276e+000  5.9022299e+000
  7.1394927e+000  5.1562572e+000
  4.1565326e+000  2.7930753e+000
  2.0648222e+000  1.3871236e+000
  2.0163155e+000  5.3139628e+000
  5.4858451e+000  3.7776283e+000
  5.7814002e+000  1.9537601e+000
  5.3292912e+000  4.9588116e+000
  8.1311518e+000  8.4182126e+000
  7.3859181e+000  5.0338804e+000
  7.3253932e+000  7.7075538e+000
  6.4794761e+000  7.6106723e+000
  7.9080196e+000  6.7100883e+000
  7.0292428e+000  5.9723920e+000
  7.0026484e+000  6.7902136e+000
  6.7316453e+000  6.9315389e+000
  6.2107925e+000  7.4909611e+000
  5.1683852e+000  3.6379356e+000
  6.8558674e+000  5.9804927e+000
  2.7815674e+000  5.6860211e+000
  3.0508024e+000  8.2467137e+000
  3.3628141e+000  7.8394965e+000
  3.7406864e+000  1.2097994e+000
  6.8056951e+000  7.0048014e+000
  7.2734129e+000  5.5238965e+000
  2.4420205e+000  2.1574841e+000
  7.0907399e+000  8.2736584e+000
  1.6903511e+000  4.4835241e+000
  6.5729121e+000  8.5048867e+000
  5.9227633e+000  4.8444346e+000
  2.3450517e+000  6.7397863e+000
  9.1529301e+000  2.9672298e+000
  2.2698448e+000  4.9043122e+000
  3.3255713e+000  1.1668633e+000
  6.9996144e+000  6.1001186e+000
  2.5399737e+000  7.7767180e+000
  6.4373706e+000  7.5340548e+000
  8.8600371e+000  2.8082125e+000
  6.8446386e+000  6.9939737e+000
  6.6457923e+000  1.7920121e+000
  2.4348482e+000  2.2222659e+000
  6.5222324e+000  6.6419566e+000
  2.0291127e+000  7.3320156e+000
  8.6986399e+000  2.7804046e+000
  5.9649315e+000  1.9482330e+000
  7.0093803e+000  6.4883783e+000
  2.2158971e+000  5.9983837e+000
  6.4130583e+000  5.1306704e+000
  3.6283380e+000  7.7069528e+000
  3.1422474e+000  3.3596874e+000
  2.1467486e+000  2.6456329e+000
  1.8820538e+000  3.4689070e+000
  7.2751150e+000  6.8713076e+000
  3.8028958e+000  1.8176056e+000
  8.6720739e+000  8.4083295e+000
  1.9822607e+000  5.9277562e+000
  6.7536998e+000  5.1363036e+000
  6.3624121e+000  6.3876330e+000
  3.1014051e+000  8.3243136e+000
  7.2999784e+000  7.0242920e+000
  8.8114774e+000  3.2028897e+000
  6.6248177e+000  6.7661847e+000
  6.9120724e+000  2.3887954e+000
  2.5062566e+000  4.6649108e+000
  4.4828679e+000  7.8325416e+000
  7.5535417e+000  1.1596623e+000
  8.1435168e+000  5.1695765e+000
  2.9591345e+000  2.5696740e+000
  5.6326746e+000  2.3022868e+000
  8.0616441e+000  7.1561047e+000
  3.7551154e+000  8.2674423e+000
  6.9561376e+000  4.9454667e+000
  2.4202090e+000  2.3534920e+000
  6.2469658e+000  4.0953434e+000
  7.3677741e+000  6.6200178e+000
  3.1046681e+000  7.5276310e+000
  8.9058591e+000  3.3964877e+000
  3.3712715e+000  7.8213431e+000
  5.0078892e+000  4.6234966e+000
  3.4158965e+000  8.2990500e+000
  3.2738899e+000  2.0622304e+000
  1.7124558e+000  3.8692730e+000
  7.4998844e+000  7.3590921e+000
  7.6151508e+000  6.7783738e+000
  5.3789315e+000  2.0472471e+000
  3.0535553e+000  2.7629212e+000
  6.6917496e+000  6.7257845e+000
  3.1902498e+000  8.1873302e+000
  7.2052929e+000  2.0380429e+000
  4.6124780e+000  3.1937528e+000
  7.6500112e+000  5.9939316e+000
  1.8154823e+000  7.4458979e+000
  3.4186767e+000  2.1302907e+000
  5.0553091e+000  3.2675274e+000
  7.9889133e+000  2.7477704e+000
  5.0558643e+000  3.9786129e+000
  3.0979036e+000  2.1263514e+000
  2.0510225e+000  5.7814272e+000
  2.4893853e+000  4.3978770e+000
  6.8893765e+000  3.7432942e+000
  2.2987796e+000  8.0715957e+000
  7.1090990e+000  3.4455862e+000
  7.0403654e+000  3.0625462e+000
  1.6159578e+000  4.5098662e+000
  2.2804008e+000  4.4252624e+000
  5.5937281e+000  4.8491187e+000
  2.7315695e+000  2.1210162e+000
  7.3097344e+000  6.2888305e+000
  2.8890863e+000  5.1372811e-001
  4.7539210e+000  2.1515495e+000
  6.8688507e+000  6.7463211e+000
  3.6098197e+000  8.2483544e+000
  6.6831703e+000  7.4009050e+000
  5.6698667e+000  3.3760266e+000
  7.6401476e+000  6.7099417e+000
  2.6156855e+000  2.3989906e+000
  7.1174419e+000  7.1837645e+000
  6.8654035e+000  5.1963991e+000
  8.2027208e+000  6.7764414e+000
  2.5495058e+000  7.1514489e+000
  5.8288193e+000  3.7287658e+000
  2.0867223e+000  5.2535404e+000
  2.7126345e+000  7.5197338e+000
  6.5001120e+000  6.1303571e+000
  2.3104334e+000  7.4894948e+000
  3.5666611e+000  2.2216796e+000
  7.1077398e+000  6.9277134e+000
  4.9238671e+000  3.7439940e+000
  1.0588312e+000  5.0084630e+000
  8.3154807e-001  4.7384936e+000
  5.2318934e+000  3.8904294e+000
  7.9857532e+000  3.0579014e+000
  7.3783485e+000  3.9197882e+000
  7.1555402e+000  6.6566675e+000
  7.4788684e+000  6.6390243e+000
  9.2088531e+000  3.1908866e+000
  6.7004818e+000  6.2807087e+000
  5.8669677e+000  3.5997371e+000
  7.0043360e+000  5.1395428e+000
  2.7304630e+000  2.4298791e+000
  4.6063765e+000  5.6183740e+000
  2.3215970e+000  5.6246042e+000
  2.1507939e+000  4.3313434e+000
  5.2778794e+000  3.3314586e+000
  7.2347530e+000  1.2282399e+000
  2.0359887e+000  1.3291123e+000
  6.3833910e+000  7.8090397e+000
  7.1689053e+000  3.8195362e+000
  5.3938651e+000  2.1952997e+000
  7.8344441e+000  2.9928741e+000
  2.4092578e+000  2.5416489e+000
  7.1813634e+000  7.6251417e+000
  5.7656516e+000  3.8447375e+000
  7.0109187e+000  7.3908199e+000
  6.4871752e+000  6.3648511e+000
  2.2845877e+000  4.6590584e+000
  5.3996068e+000  3.7219211e+000
  5.5563482e+000  3.9458931e+000
  6.5119529e+000  6.4954304e+000
  8.8812346e+000  3.0516911e+000
  2.9851649e+000  4.6823569e+000
  4.8943103e+000  2.6648958e+000
  6.9363020e+000  6.8400601e+000
  4.6013958e+000  3.2825764e+000
  7.9141373e+000  4.8265950e+000
  6.4146302e+000  2.5785725e+000
  3.5340375e+000  2.1106208e+000
  1.2245686e+000  5.0339872e+000
  8.0228717e+000  5.5505932e+000
  2.2112277e+000  8.2756240e+000
  7.5580922e+000  2.4763648e+000
  7.0142303e+000  6.6170883e+000
  6.9748267e+000  6.7014851e+000
  5.4335720e+000  2.4280301e+000
  7.0552386e+000  6.8010855e+000
  2.7288862e+000  4.4398899e+000
  3.9734714e+000  8.9953709e+000
  7.8917493e+000  3.2631110e+000
  8.7213936e+000  8.1652245e+000
  6.7365200e+000  6.7424770e+000
  2.7260235e+000  2.2225241e+000
  9.8921559e-001  4.6925781e+000
  5.5603347e+000  2.0991425e+000
  7.4604064e+000  6.9685602e+000
  8.0083351e+000  4.9103984e+000
  7.9298415e+000  6.7984322e+000
  2.8436518e+000  2.5763149e+000
  1.6525202e+000  7.2711792e+000
  3.6387667e+000  8.4229735e+000
  2.3474009e+000  3.9009883e+000
  5.7047153e+000  4.5339548e+000
  2.7976065e+000  5.8989510e+000
  3.7239282e+000  7.8140697e+000
  2.6503613e+000  7.5764844e+000
  7.5249775e+000  2.6582621e+000
  7.5232690e+000  5.2633218e+000
  2.2263891e+000  7.3273036e+000
  7.5470453e+000  6.4693430e+000
  6.2950430e+000  2.2617639e+000
  2.8097926e+000  7.5744656e+000
  2.4175296e+000  6.1683057e+000
  7.6070817e+000  7.0281657e+000
  3.7881171e+000  9.7995348e+000
  3.0049894e+000  2.3609858e+000
  6.1064049e+000  4.8345512e+000
  7.7127815e+000  6.6333950e+000
  8.5379582e+000  7.6733163e+000
  4.1575757e+000  8.7228902e+000
  2.7214161e+000  2.4542479e+000
  1.6641627e+000  7.1663737e+000
  5.5251970e-001  6.9218957e+000
  3.3777046e+000  2.5739847e+000
  5.6423846e+000  4.0464423e+000
  2.8702496e+000  4.4731904e+000
  5.1920843e+000  3.8531489e+000
  7.0080697e+000  6.7361775e+000
  7.3727627e+000  6.7392553e+000
  5.5689737e+000  1.7602805e+000
  3.4767756e+000  1.9713591e+000
  4.0283056e+000  3.0181938e+000
  2.0793209e+000  7.3016293e+000
  9.1066229e+000  3.1189315e+000
  2.4984670e+000  7.1619600e+000
  2.2075622e+000  6.0933365e+000
  6.9559147e+000  6.5741679e+000
  9.2260118e-001  4.9000992e+000
  3.5356112e+000  8.2700628e+000
  5.6974025e+000  2.0246559e+000
  2.1973608e+000  6.8768161e+000
  2.5247000e+000  7.9636829e+000
  2.2306356e+000  6.0019769e+000
  7.4845028e+000  3.0570411e+000
  2.5552674e+000  2.5359652e+000
  5.7044066e+000  2.3077889e+000
  5.0519834e+000  2.0681554e+000
  3.4663751e+000  2.2903786e+000
  2.8566489e+000  7.4291547e+000
  2.2333210e+000  4.0842366e+000
  2.2650353e+000  5.1422939e+000
  4.8873665e+000  3.7693120e+000
  2.9889717e+000  3.4325801e+000
  1.9866432e+000  5.7251365e+000
  4.4283616e+000  6.0472599e+000
  4.9850871e+000  6.0051533e+000
  7.3743628e+000  6.8156212e+000
  5.4537127e+000  1.6053149e+000
  8.0912708e+000  5.9693868e+000
  7.0756886e+000  2.6627259e+000
  1.5479186e+000  3.7635599e+000
  6.8604034e+000  6.9453801e+000
  7.1531830e+000  1.8091748e+000
  5.4874765e+000  1.9138373e+000
  2.0133327e+000  7.5059901e+000
  3.3045528e+000  7.8639921e+000
  2.9261352e+000  7.9066366e+000
  7.2134489e+000  6.7117455e+000
  7.9378365e+000  2.9177040e+000
  3.4152874e+000  2.4077390e+000
  5.6249423e+000  2.3502582e+000
  5.5977348e+000  3.8802485e+000
  5.5373473e+000  4.9446190e+000
  7.5076629e+000  6.5411642e+000
  6.9259705e+000  6.6990208e+000
  2.8790904e+000  3.4581440e+000
  7.3491657e+000  7.2515530e+000
  2.2865363e+000  7.9887282e+000
  3.1703480e+000  7.1555821e+000
  7.6655755e+000  4.9435347e+000
  6.6885787e+000  7.4184898e+000
  5.8716363e+000  4.7989092e+000
  2.0424442e+000  7.8519027e+000
  7.1637372e+000  5.4972139e-001
  7.0645753e+000  6.7630594e+000
  7.6445958e+000  7.1758463e+000
  2.6701112e+000  4.8491728e+000
  2.1258364e+000  1.7938982e+000
  3.7078243e+000  8.1291874e+000
  5.2689119e+000  3.5733405e+000
  2.3229766e+000  6.3521919e+000
  5.5688646e+000  3.6876582e+000
  4.2722018e+000  8.0159155e+000
  7.5871869e+000  8.1344644e+000
  7.8142378e+000  3.5279599e+000
  4.9395707e+000  2.5311326e+000
  7.1556214e+000  8.6563352e-001
  7.2346719e+000  6.9408391e+000
  1.1162740e+000  3.5908646e+000
  5.6830737e+000  3.4318967e+000
  6.7978894e+000  7.2716345e+000
  6.0222353e+000  7.6178766e+000
  5.1884677e+000  2.8766816e+000
  6.5870492e+000  6.8103025e+000
  8.1058792e+000  1.9439842e+000
  7.7230447e+000  4.9121373e+000
  8.4254463e+000  1.9172734e+000
  6.5125227e+000  6.3606648e+000
  6.7893249e+000  6.3847312e+000
  5.8226814e+000  5.0095773e+000
  2.2355979e+000  2.6964101e+000
  6.0758193e+000  3.4396343e+000
  8.1391929e+000  2.5893247e+000
  2.2175112e+000  5.7285909e+000
  5.2814635e+000  4.3863881e+000
  6.7423180e+000  5.9555920e+000
  3.4214309e+000  7.7381710e+000
  4.5916158e+000  6.0842946e+000
  2.0366551e+000  5.7020314e+000
  6.7130053e+000  5.4937682e+000
  3.6122648e+000  2.0160946e+000
  8.1247909e+000  2.8166201e+000
  1.9437614e+000  8.7992479e+000
  2.8035857e+000  7.6429303e+000
  3.8773994e+000  2.4434209e+000
  2.2824180e+000  7.9200935e+000
  6.8619867e+000  6.4986585e+000
  2.2821282e+000  4.6324069e+000
  3.9648811e+000  7.2140539e+000
  2.3335828e+000  6.9290242e+000
  1.7036505e+000  1.9080363e+000
  6.9222140e+000  6.1068279e+000
  2.9984310e+000  7.8306987e+000
  5.2297754e+000  3.2769084e+000
  9.2381257e-001  5.9422938e+000
  4.5712060e+000  9.1879853e+000
  5.6768437e+000  3.5963717e+000
  5.9626951e+000  4.7283111e+000
  2.4034023e+000  3.7867952e+000
  1.9615558e+000  5.1341317e+000
  2.4088603e+000  7.5956665e+000
  3.5690082e+000  7.9581719e+000
  7.6671937e+000  3.0325798e+000
  5.5739819e+000  3.9891007e+000
  5.6202160e+000  7.4233377e+000
  8.5979484e+000  8.2414337e+000
  6.4489531e+000  6.3760826e+000
  8.8208047e+000  3.2686755e+000
  7.1304090e+000  5.3143847e+000
  2.4545862e+000  4.7523667e+000
  7.1776819e+000  4.0178086e-001
  2.8457658e+000  9.1191527e+000
  7.7470983e+000  6.9872899e+000
  6.5518739e+000  7.5110980e+000
  7.1347033e+000  6.5753048e+000
  2.3180921e+000  6.4026400e+000
  3.6783058e+000  1.4471011e+000
  1.8878961e+000  2.1517208e+000
  5.0373153e+000  4.1565270e+000
  6.7492251e+000  1.3052502e+000
  3.2269553e+000  1.9154715e+000
  3.1481444e+000  1.0050398e+000
  7.6104992e+000  6.6488212e+000
  4.8039016e+000  3.5642234e+000
  7.5482302e+000  6.3151282e+000
  1.0605724e-001  7.5705883e+000
  7.1106690e+000  7.1660385e+000
  2.9079809e+000  2.1001405e+000
  2.3921631e+000  7.7602044e+000
  6.8603780e+000  6.7010676e+000
  3.8941365e+000  8.3466713e+000
  6.6213368e+000  6.8064770e+000
  2.8137935e+000  4.7709651e+000
  8.4924834e+000  7.4628001e+000
  5.5467904e+000  2.9097875e+000
  1.7357432e+000  8.7983532e+000
  2.1089298e+000  8.8297700e+000
  3.0410435e+000  2.2892329e+000
  5.7304302e+000  3.9627333e+000
  6.9265555e+000  1.4383710e+000
  1.5961027e+000  7.1495112e+000
  7.4870631e+000  1.3861433e+000
  1.9606045e+000  8.6557860e-001
  7.2242585e+000  1.9695698e+000
  8.7153336e+000  7.8183908e+000
  5.6041303e+000  3.9682863e+000
  7.9215153e+000  6.8283872e+000
  5.1141151e+000  4.7737851e+000
  7.7317559e+000  2.8779697e+000
  7.5979640e+000  6.8895155e+000
  2.7159187e+000  7.2626046e+000
  2.8327606e+000  4.9790244e+000
  3.1113680e+000  2.3845848e+000
  7.9806276e+000  2.4347808e+000
  3.6500935e+000  7.8581050e+000
  3.1438906e+000  2.1437712e+000
  7.5418700e+000  6.7613089e+000
  6.8636857e+000  6.3355852e+000
  5.4915496e+000  3.4068716e+000
  6.7240027e+000  6.9443698e+000
  6.3591362e+000  5.2221527e+000
  2.0744608e+000  4.5968891e+000
  2.8389854e+000  2.4721264e+000
  6.8822075e+000  7.1729916e+000
  9.1164021e+000  3.1785069e+000
  8.9576435e+000  3.3722524e+000
  6.9355406e+000  6.5745571e+000
  6.9367120e+000  5.0798953e+000
  5.4480166e+000  3.6963304e+000
  1.9578315e+000  2.5863328e+000
  7.0320476e+000  7.4933267e+000
  3.5965075e+000  2.4537843e+000
  7.4759824e+000  7.1934565e+000
  9.6845591e-001  4.0466493e+000
  3.7923810e+000  2.6408788e+000
  6.7670145e+000  6.3060992e+000
  6.9758832e+000  6.3055963e+000
  5.4391978e+000  2.5672157e+000
  4.8979035e+000  2.6074653e+000
  2.1573024e+000  1.0556409e+000
  2.2299495e+000  4.5171450e+000
  6.9967832e+000  3.4586181e+000
  1.8863128e+000  3.5968108e+000
  6.9872987e+000  6.4048786e+000
  1.1076183e+000  5.4424988e+000
  3.3053861e+000  2.7544364e+000
  4.9093642e+000  4.3370003e+000
  6.8271964e+000  7.2691616e+000
  3.8544381e+000  2.9436801e+000
  2.5517717e+000  5.9199592e+000
  7.2681253e+000  5.7067012e+000
  3.4855365e+000  9.3214716e+000
  2.3057655e+000  7.0816053e+000
  8.1553466e+000  8.6713858e-001
  2.0524493e+000  7.3759520e+000
  7.6537248e+000  7.3069579e+000
  7.4552359e+000  7.0233408e+000
  2.5807875e+000  3.3362643e+000
  5.7003265e+000  2.2374235e+000
  7.3493248e+000  5.1039908e+000
  2.0764532e+000  7.3727810e+000
  7.0857389e+000  6.5072891e+000
  2.8510468e+000  7.9028393e+000
  1.9677061e+000  7.4420895e+000
  7.4971291e+000  7.8470571e+000
  7.5153721e+000  6.3484788e+000
  7.0401965e+000  2.2209453e+000
  7.6929029e+000  5.3684688e+000
  3.1798489e+000  5.0172675e+000
  7.0590860e+000  6.9295650e+000
  4.4499864e+000  5.9521435e+000
  6.5329448e+000  6.5606319e+000
  4.5305918e+000  3.6769611e+000
  8.8158275e+000  3.1139883e+000
  5.1907836e+000  2.3349715e+000
  7.9198956e-001  4.2468411e+000
  6.9264636e+000  2.0565148e+000
  4.3012543e+000  8.0330845e+000
  2.0402839e+000  7.2213030e+000
  4.7767206e+000  3.3584133e+000
  1.5070277e+000  7.4982498e+000
  2.1056232e+000  7.9848613e+000
  7.2160232e+000  2.9242127e+000
  1.5148870e+000  7.3724971e+000
  6.2544503e+000  3.9701263e+000
  7.0661255e+000  5.8568130e+000
  3.1827421e+000  2.0637278e+000
  2.8168437e+000  8.3399570e+000
  6.6969101e+000  5.4910864e+000
  3.2431637e+000  2.3463672e+000
  7.2250682e+000  5.5389270e+000
  2.8148942e+000  8.2822747e+000
  5.6643002e+000  4.0325150e+000
  6.7975878e+000  6.6031035e+000
  2.4970668e+000  2.8172288e+000
  6.7978539e+000  6.9825900e+000
  7.3294265e+000  2.4423768e+000
  2.4127243e+000  7.9194430e+000
  1.4249235e+000  8.2668976e+000
  7.0588282e+000  6.1447729e+000
  1.4122886e+000  6.4211257e+000
  2.7678575e+000  5.1592205e+000
  5.5011775e+000  4.3271204e+000
  6.7655335e+000  4.1177047e+000
  3.8118583e+000  2.6791100e+000
  6.6833960e+000  6.5583666e+000
  7.6956058e+000  6.8780846e+000
  6.7884306e+000  1.9649646e+000
  8.3514693e+000  6.9918311e+000
  2.6769811e+000  6.4191115e+000
  8.3909904e+000  2.9078720e+000
  2.7075541e+000  4.6301800e+000
  2.4220736e+000  2.1466872e+000
  4.8742946e+000  3.6483214e+000
  6.9017801e+000  7.3464366e+000
  3.3242238e+000  7.5556794e+000
  6.9932459e+000  6.4513942e+000
  5.3837161e+000  2.4504607e+000
  6.6213264e+000  5.9895831e+000
  2.1341073e+000  6.5528687e+000
  7.8632018e+000  2.6752265e+000
  2.9732904e+000  2.1010872e+000
  7.1420046e+000  6.6698917e+000
  1.8450219e+000  7.4789241e+000
  3.0435540e+000  2.5943445e+000
  6.0510102e+000  7.7671927e+000
  7.2699661e+000  1.3118672e+000
  1.7775866e+000  4.5529042e+000
  2.7373409e+000  2.4057124e+000
  8.1009188e+000  7.8409579e+000
  6.7277567e+000  2.0657906e+000
  1.1927071e+000  3.8195707e+000
  3.2312988e+000  3.2962711e+000
  2.3117270e+000  4.3147982e+000
  4.9630721e+000  6.6511128e+000
  8.1064381e-001  3.9686591e+000
  5.3530287e+000  3.3410912e+000
  7.1063418e+000  6.8990655e+000
  7.5153156e+000  7.1293599e+000
  3.1161280e+000  4.5617363e+000
  2.6702122e+000  4.7998491e+000
  7.5398801e+000  6.4720148e+000
  2.4083887e+000  2.3723848e+000
  9.0750075e+000  3.1074113e+000
  9.1085133e+000  3.6960581e+000
  7.2807347e+000  6.5439259e+000
  2.4128063e+000  4.7793517e+000
  2.5901670e+000  4.9736775e+000
  8.9379274e+000  3.5182558e+000
  6.5928451e+000  5.9421015e+000
  4.2354182e+000  8.2070337e+000
  3.3825209e+000  1.8304699e+000
  8.5389170e+000  7.6474936e+000
  7.0768459e+000  5.3612665e+000
  8.2042522e+000  2.2579931e+000
  3.4191154e+000  9.3426567e+000
  2.7566278e+000  2.3019718e+000
  3.4178983e+000  8.6239165e+000
  7.1128649e+000  6.7154182e+000
  5.7172578e+000  3.4196103e+000
  6.4876357e+000  7.5235608e+000
  2.5882595e+000  3.4372074e+000
  6.8399162e+000  5.3110159e+000
  3.2409044e+000  7.5865172e+000
  2.3855545e+000  1.1275018e+000
  5.6916411e+000  5.0719767e+000
  8.0055160e+000  6.5668172e+000
  7.6702134e-001  4.1264782e+000
  7.4576054e+000  7.1904535e+000
  7.7961711e+000  1.2538738e+000
  6.2536172e+000  6.3187054e+000
  1.4618811e+000  2.1916337e+000
  7.1756397e+000  6.2758231e+000
  5.3209492e+000  2.3833384e+000
  7.3752699e+000  1.2859425e+000
  1.9388118e+000  2.1317972e+000
  7.5227766e+000  6.9142259e+000
  7.0879631e+000  7.0686529e+000
  6.7366014e+000  6.0427662e+000
  3.5435579e+000  8.1278417e+000
  3.5000810e+000  8.0219728e+000
  7.2914536e+000  6.9787487e+000
  7.2693397e+000  1.6619924e+000
  3.2097293e+000  7.7787482e+000
  2.9432045e+000  3.6684108e+000
  7.3041999e+000  6.0506390e+000
  5.8344578e+000  2.1790133e+000
  6.9801536e+000  6.4395300e+000
  5.8642504e+000  7.6049229e+000
  1.8861328e+000  8.7612794e+000
  6.6886446e+000  6.9703270e+000
  2.3845985e+000  7.3849988e+000
  5.6058107e+000  1.9422674e+000
  1.6029350e+000  6.8533352e+000
  2.0893509e+000  3.2657140e+000
  8.4746924e+000  1.2599711e+000
  4.2803568e+000  6.0162537e+000
  6.6863056e+000  1.8318957e+000
  3.7892319e+000  2.5100232e+000
  7.3437980e+000  6.9932672e+000
  7.9049202e+000  3.9371297e+000
  7.4957194e+000  6.3857917e+000
  8.6178263e-001  4.8154543e+000
  3.4870480e+000  9.5480367e+000
  3.6689857e+000  2.6347186e+000
  1.8596381e+000  6.2392670e+000
  2.0495288e+000  7.4903011e+000
  2.6765783e+000  2.2271713e+000
  5.4133393e+000  3.8227318e+000
  6.9159403e+000  1.4160609e+000
  2.3143388e+000  7.7927817e+000
  7.5943240e+000  1.7808478e+000
  1.6409504e+000  5.6438447e+000
  2.8008453e+000  8.8981934e+000
  2.4955737e+000  6.2744765e+000
  7.1576894e+000  6.6742880e+000
  7.2007754e+000  5.6362007e+000
  8.0264985e+000  6.5476536e+000
  6.8929793e+000  5.2627769e+000
  6.9402973e+000  6.9737215e+000
  7.3447845e+000  2.4524427e+000
  5.6683705e+000  4.3235658e+000
  7.1865148e+000  7.5909866e+000
  3.3140661e+000  3.0988180e+000
  2.6210514e+000  6.0415690e+000
  2.6746824e+000  4.1609119e+000
  8.3918153e+000  2.9951829e+000
  1.5568196e+000  7.6379672e+000
  7.6553004e+000  6.7438026e+000
  3.3473273e+000  7.9614944e+000
  2.9482625e+000  3.8163024e+000
  6.5774239e+000  6.4658215e+000
  6.8178609e+000  8.9006502e-001
  5.6906081e+000  3.5699327e+000
  5.8285764e+000  1.8873591e+000
  2.7016791e+000  4.2423545e+000
  7.1023110e+000  6.6447062e+000
  7.4638664e+000  7.4137675e+000
  6.8999126e+000  6.5489989e+000
  7.0947480e+000  7.1369712e+000
  7.3700151e+000  4.8770774e+000
  3.3454821e+000  2.1417013e+000
  6.9229877e+000  6.4657732e+000
  2.3746192e+000  5.4979443e+000
  7.5341981e+000  7.0289087e+000
  2.7093416e+000  4.6817420e+000
  3.2928732e+000  7.6289358e+000
  5.7552714e+000  3.5906754e+000
  2.0081083e+000  2.5213788e+000
  3.6373950e+000  7.9572645e+000
  2.3573815e+000  4.9832411e+000
  3.9102326e+000  8.0288881e+000
  2.3124830e+000  4.7816054e+000
  2.3700325e+000  4.2580166e+000
  7.4736661e+000  7.4493818e-001
  7.2956326e+000  1.7745340e+000
  7.2145276e+000  6.7439406e+000
  7.0503364e+000  6.1817559e+000
  2.6325301e+000  2.1737102e+000
  4.1508526e+000  8.0010318e+000
  6.5047060e+000  1.6409609e+000
  5.1670914e+000  2.3759939e+000
  6.5091101e+000  2.7801290e+000
  7.3050268e+000  3.0859920e+000
  1.8639710e+000  6.7474933e+000
  5.4278304e+000  3.1466516e+000
  7.2416183e+000  1.2767513e+000
  4.1164322e+000  7.9047113e+000
  7.1690555e+000  7.2523767e+000
  6.9616454e+000  6.1016632e+000
  8.1640025e+000  2.4422464e+000
  3.0970660e+000  1.8551516e+000
  5.1442934e+000  1.9336693e+000
  2.9306535e+000  2.3160387e+000
  1.0545286e+000  8.0737890e+000
  2.4895506e+000  8.3137967e+000
  6.8934737e+000  6.3829459e+000
 -5.9254268e-002  7.9685613e+000
  8.7785870e+000  2.8388033e+000
  7.5209633e+000  5.6078328e+000
  3.6513335e+000  2.7885981e+000
  7.6357460e+000  6.5271647e+000
  4.5934815e+000  6.3854030e+000
  3.5447659e+000  3.4690473e+000
  2.3864873e+000  4.4261987e+000
  5.3844263e+000  3.6036833e+000
  2.8691054e+000  4.6497798e+000
  5.6102687e+000  3.2543620e+000
  2.2835927e+000  4.3405939e+000
  4.1174743e+000  8.2502017e+000
  6.0585618e+000  7.4458958e+000
  1.2413072e+000  3.8785891e+000
  2.6695484e+000  2.5081560e+000
  2.6180380e+000  3.1147065e+000
  9.2131983e+000  3.1810477e+000
  1.6940467e+000  7.1215423e+000
  8.3717708e+000  3.4733145e+000
  2.4625105e+000  4.2534837e+000
  5.3917538e+000  2.0065338e+000
  7.1371178e+000  6.6675590e+000
  8.3755782e+000  4.4377504e+000
  7.9289563e+000  3.1480243e+000
  8.5632472e+000  2.5651281e+000
  4.3539404e+000  8.1275500e+000
  6.7932558e+000  1.6522429e+000
  7.3005371e+000  6.7957474e+000
  4.0129469e+000  1.7052976e+000
  3.5430822e+000  8.4118336e+000
  5.7992081e+000  3.6401233e+000
  7.6524266e+000  7.6695562e+000
  3.0989822e+000  2.8353108e+000
  6.7825654e+000  6.2769298e+000
  9.0385489e-001  3.9997969e+000
  2.8136987e+000  4.7437637e+000
  8.5295313e+000  7.5489638e+000
  6.9267954e+000  2.6849387e+000
  3.0273832e+000  1.1685803e+000
  1.7935463e+000  5.8760440e+000
  1.8000836e+000  8.5236486e+000
  8.8642356e+000  2.0475494e+000
  5.5754590e+000  3.3620031e+000
  8.8579707e+000  2.6948368e+000
  6.9227811e+000  7.0609736e+000
  1.9070574e+000  3.3981808e+000
  7.0013203e+000  6.3210173e+000
  6.3669400e+000  6.0723924e+000
  5.5742869e+000  3.3238442e+000
  7.1961160e+000  6.2565726e+000
  7.2464987e+000  6.5676232e+000
  1.4109052e+000  6.2303694e+000
  7.4371431e+000  6.5881450e+000
  6.8059330e+000  7.1561548e+000
  3.6570982e+000  8.4345275e+000
  5.5394243e+000  3.8694270e+000
  2.1830666e+000  4.4479755e+000
  3.3286178e+000  4.6098909e+000
  6.3525546e+000  6.9078044e+000
  5.6860370e+000  3.1490275e+000
  4.6030909e+000  4.0733700e+000
  2.6394410e+000  9.0548583e+000
  6.6825991e+000  7.3324925e+000
  1.4103691e+000  2.5232374e+000
  5.6502270e+000  3.3899270e+000
  7.0139125e+000  1.1829766e+000
  5.3312278e+000  3.4510422e+000
  7.8638190e+000  3.1638749e+000
  7.6138676e+000  6.0776788e+000
  7.3701619e+000  6.4950956e+000
  7.3024633e+000  6.4668207e+000
  2.7449269e+000  5.5717204e-001
  8.7051382e-001  5.0565847e+000
  3.5570903e+000  1.4416966e+000
  2.5988400e+000  7.7955519e+000
  6.3928509e+000  4.4166549e+000
  4.3246792e+000  8.4090672e+000
  5.1015113e+000  3.2084228e+000
  1.6056432e+000  7.2736515e+000
  7.3109897e+000  1.7250354e+000
  9.0140841e+000  2.5149125e+000
  3.5001084e+000  9.4984210e+000
  2.7327991e+000  1.9962833e+000
  7.7738149e+000  7.9269669e+000
  2.2396624e+000  2.3485581e+000
  7.0550534e+000  3.1234604e+000
  7.3915336e+000  1.5133916e+000
  2.5128584e+000  4.3625040e+000
  6.7080067e+000  7.5925640e+000
  6.9699333e+000  2.9114681e+000
  2.5296389e+000  1.2031498e+000
  5.4917026e+000  4.5163038e+000
  4.1737154e+000  4.1553553e+000
  2.3593943e+000  7.8050522e+000
  7.2075813e+000  5.0498246e+000
  5.4922165e+000  1.9919041e+000
  1.4321725e+000  6.5395253e+000
  2.7374088e+000  8.0423189e+000
  7.7955522e+000  2.3843162e+000
  3.5599500e+000  7.4635470e+000
  7.0663106e+000  7.2663968e+000
  6.8953864e+000  6.1093297e+000
  3.6770403e+000  1.9274418e+000
  1.6684066e+000  7.3651284e+000
  6.7788948e+000  6.8671594e+000
  7.9808735e+000  7.0784041e+000
  2.0320943e+000  4.4923547e+000
  3.2450105e+000  2.2011095e+000
  1.1714005e+000  4.8721818e+000
  5.7679989e+000  3.5370816e+000
  5.9896412e+000  1.9639873e+000
  7.2608002e+000  7.8214997e+000
  7.2121254e+000  6.9622765e+000
  2.4160030e+000  7.7959914e+000
  7.3818816e+000  6.5495481e+000
  9.0267422e+000  5.3234843e+000
  7.0175903e+000  6.7446564e+000
  8.1618141e+000  3.0150451e+000
  6.8849513e+000  6.6189701e+000
  6.8765806e+000  6.7920144e+000
  2.4866485e+000  8.1575780e+000
  3.2523933e+000  8.2663667e+000
  7.1167206e+000  2.4178606e+000
  7.7053384e+000  6.6327340e+000
  7.1266297e+000  6.9209524e+000
  7.2400006e+000  6.4567810e+000
  7.6120477e+000  6.1770812e+000
  2.5358490e+000  2.4818873e+000
  6.7436929e+000  6.4350775e+000
  8.0766288e+000  7.2120620e+000
  6.4945672e+000  5.7076587e+000
  7.4302567e+000  2.7448993e+000
  2.3000719e+000  2.4509857e+000
  2.9695702e+000  2.7340464e+000
  6.2988917e+000  6.3576546e+000
  5.8575576e+000  1.7210875e+000
  7.1067409e+000  6.4972446e+000
  6.6320059e+000  7.2194904e+000
  8.2780894e+000  1.2897475e+000
  6.9676230e+000  6.1996490e+000
  4.8989142e+000  4.6660407e+000
  8.4604236e+000  2.7994984e+000
  5.5711853e+000  4.6437174e+000
  6.0181443e+000  3.3638476e+000
  6.3400414e+000  6.7571069e+000
  7.8631672e+000  2.4193131e+000
  2.0047331e+000  8.9799006e+000
  3.4636962e+000  8.2255656e+000
  5.1440930e+000  3.4591242e+000
  6.5459041e+000  1.2269589e+000
  6.7480749e+000  6.5768150e+000
  4.9761437e+000  3.5278740e+000
  3.0785831e+000  8.7251302e+000
  7.4078045e+000  7.8699823e+000
  3.0354006e+000  3.5036432e+000
  6.6403278e+000  1.8830613e+000
  7.4448612e+000  4.7181862e-001
  1.9172699e+000  7.6097217e+000
  4.5596844e+000  3.6325536e+000
  7.0807166e+000  6.4105620e+000
  5.6183696e+000  3.3091504e+000
  8.2320179e+000  3.4061225e+000
  5.8362106e+000  1.7989563e+000
  5.2238442e+000  3.3873067e+000
  9.1175232e+000  2.8951353e+000
  7.0382446e+000  5.6504994e+000
  1.7708129e+000  2.8033753e+000
  7.0049390e+000  6.5024310e+000
  7.9844266e+000  7.3575683e+000
  5.7013080e+000  2.1457001e+000
  2.9749836e+000  2.2695672e+000
  4.3840050e+000  8.3955470e+000
  1.7260438e+000  6.3374452e+000
  3.1813485e+000  2.1585504e+000
  2.5219734e+000  7.4702267e+000
  3.5408124e+000  2.2113230e+000
  2.4286063e+000  7.4413494e+000
  2.4028461e+000  4.7292497e+000
  7.3254984e+000  6.8834795e+000
  3.8604687e+000  8.0381735e+000
  6.8190893e+000  2.0077064e+000
  7.8586154e+000  6.7277799e+000
  8.0561074e-001  7.6718237e+000
  2.5433910e+000  2.3931263e+000
  2.1007317e+000  1.2675375e+000
  2.0124129e+000  2.4015786e+000
  7.1051670e+000  6.8122074e+000
  7.6308738e+000  6.8729923e+000
  2.2684725e+000  6.8812702e+000
  7.0498877e+000  6.9535982e+000
  6.4554974e+000  7.0477459e+000
  3.1835187e+000  5.7787453e-001
  2.5112139e+000  4.6666937e+000
  8.6795637e+000  2.9680840e+000
  5.3911268e+000  2.5165255e+000
  6.8741552e+000  6.5606268e+000
  2.8821866e+000  3.2140528e+000
  5.1114168e+000  3.1910930e+000
  2.5770835e+000  2.4165035e+000
  7.8313896e+000  9.1527468e-001
  5.8769109e+000  2.3134859e+000
  7.6786531e+000  4.8319623e+000
  2.1049983e+000  3.7261372e+000
  2.5103804e+000  4.1792573e+000
  8.7732412e+000  3.2606072e+000
  7.9192329e+000  6.7351856e+000
  2.5624512e+000  3.7896316e+000
  5.5987805e+000  1.8647805e+000
  8.9175173e-001  4.5009056e+000
  7.4281818e+000  6.5707872e+000
  2.6122035e+000  2.0731034e+000
  7.3344746e+000  6.7357956e+000
  2.3750095e+000  7.6820923e+000
  4.8604468e+000  4.2383089e+000
  7.7066185e+000  6.5153947e+000
  5.7045085e+000  3.3153749e+000
  8.1575461e+000  4.8388328e+000
  5.0282193e+000  2.4247316e+000
  7.2806023e+000  7.1235068e+000
  6.9680811e+000  7.1571074e+000
  3.4749144e+000  2.1001530e+000
  3.0968779e+000  7.9349288e+000
  7.0629076e+000  6.3247497e+000
  5.2107319e+000  3.0562585e+000
  2.2148488e+000  6.6418654e+000
  7.9792586e+000  6.7259401e+000
  7.9686789e+000  2.8596951e+000
  6.9317155e+000  6.5331696e+000
  2.4139184e+000  7.7104419e+000
  5.5353117e+000  4.4191929e+000
  3.3544878e+000  7.9183985e+000
  8.8533547e+000  3.2908018e+000
  4.6614156e+000  7.4422451e+000
  8.1784561e+000  3.3345950e+000
  6.6877809e+000  6.6466059e+000
  6.6339388e+000  7.2724025e+000
  5.5881980e+000  1.7085028e+000
  3.1600716e+000  8.6726791e-001
  8.6398943e+000  8.3234560e+000
  7.7690646e+000  1.4772278e+000
  8.3445232e+000  2.6102690e+000
  3.6625912e+000  2.7102906e+000
  6.7239121e+000  7.3702956e+000
  7.6137591e+000  7.3957953e+000
  5.5222800e+000  1.7669352e+000
  2.4740729e+000  3.1806577e+000
  7.0288590e+000  8.0609578e+000
  3.4609858e+000  3.7741850e+000
  1.8918708e+000  4.4811135e+000
  7.5617979e+000  2.9887222e+000
  6.6487329e+000  6.8097099e+000
  8.1389002e+000  5.5967960e+000
  7.3329516e+000  6.9803062e+000
  2.3062419e+000  6.5224770e+000
  7.1386471e+000  6.4198641e+000
  4.4042891e+000  8.3445461e+000
  7.1041139e+000  6.4900873e+000
  7.1933449e+000  5.3539820e+000
  7.9411768e+000  5.8226002e+000
  6.4272615e+000  7.4497452e+000
  5.6179224e+000  3.2826769e+000
  6.8909000e+000  6.0092096e+000
  4.9428015e+000  3.4062997e+000
  7.1101843e+000  6.2806181e+000
  2.3147499e+000  6.4961637e+000
  2.4160539e+000  2.7005126e+000
  1.7019175e+000  7.6423235e+000
  5.1803460e+000  3.4523965e+000
  6.4011382e+000  6.5051962e+000
  7.3922197e+000  6.5934573e+000
  1.6479474e+000  7.3101075e+000
  4.9271524e+000  2.1366515e+000
  2.3458126e+000  6.3376103e+000
  7.1650968e+000  4.9937476e+000
  5.7455736e+000  3.4612986e+000
  2.7789578e+000  2.6648327e+000
  7.1981748e+000  6.9122324e+000
  2.2266390e+000  4.6463425e+000
  1.8881598e+000  7.5908137e+000
  7.8554178e+000  6.7745069e+000
  3.0608869e+000  4.6538903e+000
  6.8128251e+000  7.1734284e+000
  2.7199108e+000  7.7287039e+000
  7.2490706e+000  4.9339477e+000
  7.2254074e+000  5.6087464e+000
  2.1862023e+000  7.8225907e+000
  8.3485510e-001  4.6746405e+000
  7.5261821e+000  7.1901865e+000
  2.7511530e+000  8.3438748e+000
  6.0621484e+000  1.7087260e+000
  2.9680478e+000  4.8238711e+000
  6.1946964e+000  4.3390651e+000
  8.3048308e+000  6.4038277e+000
  1.4704944e+000  7.7788371e+000
  8.4064005e+000  8.0936476e+000
  3.3128582e+000  7.5734827e+000
  4.9727945e+000  3.6047826e+000
  3.7087166e+000  8.0906537e+000
  6.6918621e+000  6.5124318e+000
  7.0264912e+000  1.8478193e+000
  7.3919919e+000  6.4325694e+000
  1.6021492e+000  8.2371580e+000
  7.0565296e+000  6.4471060e+000
  6.8726425e+000  5.6478309e+000
  6.3494517e+000  6.8143117e+000
  7.1594615e+000  6.9062696e+000
  5.9082813e+000  4.1866330e+000
  7.3046039e+000  6.1957393e+000
  7.5251678e+000  2.2418255e+000
  7.6994832e+000  6.8362938e+000
  6.8198817e+000  6.3918487e+000
  3.4435316e+000  2.4746855e+000
  8.2541413e+000  3.4343727e+000
  6.8265136e+000  2.1580881e+000
  7.4984262e+000  7.1037622e+000
  4.9191539e+000  3.6370657e+000
  1.7643104e+000  3.5805767e+000
  1.6037862e+000  8.8120861e+000
  3.8495261e+000  6.7173509e+000
  7.0814670e+000  6.9874333e+000
  5.6726162e+000  3.3714565e+000
  3.8114956e+000  1.3312465e+000
  7.4085172e+000  2.2411547e+000
  6.4308419e+000  6.5762115e+000
  5.4616935e+000  1.8620046e+000
  2.9676458e+000  2.3721667e+000
  7.1812883e+000  6.5719310e+000
  7.2967704e+000  6.3889617e+000
  9.0654072e-001  7.7173508e+000
  2.8855204e+000  2.5378614e+000
  8.0712618e+000  5.8252354e+000
  7.4852888e+000  6.8876222e+000
  2.1673192e+000  5.7204450e+000
  7.5442742e+000  2.3438259e+000
  6.8238061e+000  6.7209239e+000
  6.5153030e+000  7.0739038e+000
  7.8886288e+000  7.0796031e+000
  4.5792877e+000  5.7398308e+000
  1.3374487e+000  2.6588886e+000
  1.8604242e+000  8.7658235e+000
  1.6222881e+000  7.0908517e+000
  7.4490614e+000  2.7310493e+000
  5.7349763e+000  2.0094917e+000
  5.7245668e+000  3.5543821e+000
  7.6397602e+000  5.5609882e+000
  5.0135782e+000  3.1179524e+000
  1.9810316e+000  2.4231336e+000
  2.2152798e+000  5.4580131e+000
  2.8538023e+000  2.5695523e+000
  1.1035999e+000  4.4472487e+000
  2.5961859e+000  8.4341517e+000
  7.2388891e+000  7.1429397e+000
  1.5043833e+000  5.4805030e+000
  3.1035150e+000  8.9685979e+000
  5.6049953e+000  2.1504386e+000
  3.6557722e+000  2.5132056e+000
  2.5857405e+000  5.7336047e+000
  8.0817947e+000  2.5283751e+000
  7.1903412e+000  6.4466131e+000
  5.1233052e+000  2.2016041e+000
  2.2424910e+000  7.6596601e+000
  1.2899571e+000  7.3386105e+000
  1.3508031e+000  4.1997644e+000
  7.6130946e+000  6.7220880e+000
  2.7252563e+000  9.0481768e-001
  7.0542822e+000  7.1424935e-001
  3.4605378e+000  8.3363780e+000
  7.6547914e+000  2.1357569e+000
  1.8886245e+000  1.8240900e+000
  2.2267581e+000  4.4931558e+000
  3.2858028e+000  7.8028482e+000
  7.7307576e+000  8.0438899e+000
  2.4439919e+000  4.0580401e+000
  1.8369139e+000  1.9593769e+000
  2.4848459e+000  5.5889801e+000
  5.3395615e+000  3.9377954e+000
  1.7338338e+000  4.5111705e+000
  7.9605347e+000  8.3906916e-001
  2.1514156e+000  8.2180139e+000
  7.0680288e+000  6.3071334e+000
  1.3811557e+000  5.5802310e+000
  2.4509779e+000  5.6675119e+000
  6.8018811e+000  7.4725581e+000
  1.7116926e+000  4.1682490e+000
  3.9729203e+000  2.4546097e+000
  9.2648482e-001  7.7331105e+000
  7.0594621e+000  7.3588194e+000
  5.5884866e+000  3.9219170e+000
  2.4516035e+000  2.3360571e+000
  2.4018187e+000  6.9636453e+000
  2.1054313e+000  7.5353897e+000
  4.8774517e+000  3.4011271e+000
  2.7355759e+000  3.2166772e+000
  8.2037171e+000  7.1420501e+000
  6.4759645e+000  2.1919418e+000
  3.5764178e+000  4.9323956e+000
  5.7384458e+000  3.4127856e+000
  3.8831989e+000  2.6256426e+000
  5.8807337e+000  6.2196154e+000
  7.1023257e+000  6.5789040e+000
  7.3246564e+000  6.3988737e+000
  5.3623755e+000  3.3342174e+000
  4.8292139e+000  3.6399458e+000
  1.4047755e+000  2.5037621e+000
  2.8465643e+000  5.1179520e+000
  5.7692325e+000  2.5629739e+000
  7.7987777e+000  6.9224593e+000
  7.4493795e+000  7.2448449e+000
  3.4687689e+000  2.0056166e+000
  3.6303857e+000  1.8264376e+000
  6.9089943e+000  6.4852094e+000
  6.9976205e+000  6.5489691e+000
  1.7396798e+000  5.3836076e+000
  2.1499748e+000  6.0364737e+000
  4.7381154e+000  4.0722360e+000
  6.5440137e+000  7.3456713e+000
  4.1002617e+000  1.5451378e+000
  7.0717448e+000  1.8739432e+000
  2.7603650e+000  9.1021280e-001
  7.0373914e+000  5.5497773e-001
  2.1153750e+000  6.1019595e+000
  1.5742044e+000  8.3633540e+000
  1.2293325e+000  3.3866000e+000
  7.8823155e+000  4.8189046e+000
  3.1830121e+000  2.2076902e+000
  7.7769888e+000  2.4816242e+000
  5.5093660e+000  5.2076022e+000
  2.4272204e+000  6.0992711e+000
  3.0217277e+000  2.9965105e+000
  2.2126046e+000  2.4082686e+000
  3.6665227e+000  7.6562115e+000
  7.1214108e+000  5.0800720e+000
  7.3444260e+000  4.0264168e-001
  3.3985021e+000  7.8348442e+000
  7.4972721e+000  6.8682474e+000
  5.2313884e+000  4.3977560e+000
  2.9040386e+000  2.7754845e+000
  5.6870808e+000  3.6214568e+000
  2.4277927e+000  4.5457488e+000
  5.7292458e+000  3.6698111e+000
  8.2944638e+000  6.3566468e+000
  7.2551173e+000  1.9777395e+000
  6.8934675e+000  2.3486375e+000
  7.3634600e+000  6.5626015e+000
  7.6644965e+000  7.9682176e+000
  8.8979271e+000  2.7224392e+000
  1.5432367e+000  7.3863550e+000
  2.0043852e+000  6.5819099e+000
  5.3280602e+000  5.0983763e+000
  8.9848297e+000  2.7204665e+000
  5.4790413e+000  3.7174863e+000
  5.7877685e+000  2.5689956e+000
  5.3691697e+000  3.3990578e+000
  2.0670155e+000  6.0052089e+000
  2.6253671e+000  5.4068558e+000
  5.2691812e+000  3.5937332e+000
  7.8578885e+000  1.7491422e+000
  5.2019451e+000  4.6515855e+000
  1.6633401e+000  7.1874380e+000
  7.8338494e+000  7.6873177e+000
  3.0244088e+000  8.0963206e+000
  2.7388529e+000  2.5180134e+000
  7.1787848e+000  6.5662772e+000
  7.0183091e+000  6.3468777e+000
  6.4772464e+000  6.2638851e+000
  6.4326227e+000  7.5185885e+000
  4.7898315e+000  3.4963148e+000
  7.9716478e+000  6.4423268e+000
  6.5583194e+000  5.1184716e+000
  1.8075182e+000  8.6277555e+000
  5.9731995e+000  2.2092804e+000
  7.4880087e+000  6.9571673e+000
  7.2493596e+000  8.2740014e+000
  7.5895253e+000  3.5909836e+000
  6.8371839e+000  6.5929345e+000
  1.7963692e+000  8.7337741e+000
  4.9959037e+000  3.1449573e+000
  7.3964068e+000  6.7630023e+000
  7.6484289e+000  2.5924237e+000
  7.2390149e+000  2.5924282e+000
  1.9748523e+000  7.4703107e+000
  2.6849528e+000  7.5404709e+000
  4.2046834e+000  8.0808776e+000
  2.2588616e+000  1.9492940e+000
  2.1331096e+000  6.8672341e+000
  7.4577929e+000  6.4370108e+000
  5.4893443e+000  2.9918222e+000
  2.6761212e+000  2.1342537e+000
  3.1124511e+000  7.4343754e+000
  5.2523550e+000  3.0884627e+000
  3.2581066e+000  5.0158605e+000
  2.9523889e+000  2.5038744e+000
  7.5165122e+000  7.0979170e+000
  5.2555788e+000  2.2923528e+000
  5.6875738e+000  2.0848907e+000
  3.2232606e+000  7.9457710e+000
  7.0511380e+000  5.2745377e+000
  5.1191002e+000  4.2079798e+000
  5.0715068e+000  7.5093404e+000
  6.6410201e+000  5.9377647e+000
  2.9616769e+000  2.3484500e+000
  3.2569251e+000  2.3410205e+000
  2.3716923e+000  4.0166796e+000
  2.2499122e+000  4.5295852e+000
  7.2084904e+000  6.3847047e+000
  7.9216840e+000  7.3210040e+000
  3.2911265e+000  2.0239029e+000
  6.5605107e+000  7.7715485e+000
  3.1692445e+000  3.3809879e+000
  4.8950814e+000  3.6532935e+000
  3.8820671e+000  7.8925353e+000
  5.1636131e+000  3.1645891e+000
  7.5923164e+000  6.1301864e+000
  8.1401083e+000  2.5649738e+000
  2.0962001e+000  7.9077234e+000
  7.7226341e+000  6.8984835e+000
  7.6323277e+000  2.1308503e+000
  1.4349843e+000  5.9228367e+000
  5.6798020e+000  4.9111067e+000
  7.0905780e+000  6.7348396e+000
  6.6392020e+000  6.1569491e+000
  7.3844876e+000  1.1143446e+000
  7.4263082e+000  6.5752049e+000
  6.4262412e+000  6.8248594e+000
  2.7280623e+000  7.2400707e+000
  5.9600495e+000  2.0187896e+000
  4.0257460e+000  2.6278190e+000
  3.2721514e+000  8.0998907e+000
  5.3365799e+000  3.2955287e+000
  7.3482629e+000  7.2638642e+000
  2.5129860e+000  2.1519670e+000
  1.9552327e+000  4.2828734e+000
  5.8120454e+000  3.7387279e+000
  4.4057562e+000  6.4184946e+000
  1.2600464e+000  4.5321957e+000
  5.0878690e+000  4.3800755e+000
  7.5434977e+000  6.3194355e+000
  8.0744354e+000  7.7538026e+000
  1.5833432e+000  3.4530675e+000
  6.9506737e+000  7.7546057e+000
  4.9621108e+000  3.1664065e+000
  6.7889401e+000  6.5431827e+000
  5.4143746e+000  3.1569221e+000
  3.3833913e+000  2.5955152e+000
  7.0942020e+000  5.5969023e-001
  8.2248237e-002  8.0979291e+000
  2.6151764e+000  3.0021592e+000
  3.3369566e+000  2.0276279e+000
  8.0835140e+000  3.2595464e+000
  2.0528611e+000  6.2640481e+000
  3.9988199e+000  8.3798588e+000
  1.2861965e+000  3.6564701e+000
  5.3101130e+000  3.6582796e+000
  7.2213685e+000  6.3542727e+000
  7.0620725e+000  2.2657988e+000
  5.3313265e+000  2.7016288e+000
  5.4832064e+000  3.4379646e+000
  4.5013453e+000  2.7946628e+000
  2.1900007e+000  8.6669994e+000
  7.9939273e+000  7.2909353e+000
  3.4884317e+000  1.1794150e+000
  7.2760980e+000  1.7942286e+000
  7.0353689e+000  6.7813190e+000
  7.7979107e+000  4.9913950e+000
  6.9602902e+000  6.2803307e+000
  1.8756593e+000  5.8897742e+000
  7.9760130e+000  7.5719671e+000
  3.1785735e+000  2.5030646e+000
  1.6372565e+000  7.5637248e+000
  2.1608894e+000  7.5631108e+000
  3.7264640e+000  8.0302899e+000
  8.2890321e+000  3.1169763e+000
  7.7988271e+000  6.7606650e+000
  5.6972981e+000  3.2191889e+000
  2.0696641e+000  7.8862470e+000
  2.4403033e+000  2.2918703e+000
  6.5125373e+000  6.0345814e+000
  6.6981080e+000  6.5530355e+000
  5.0707356e-001  6.5507015e+000
  7.1650776e+000  6.7845223e+000
  7.4933297e+000  2.8234966e+000
  2.2167083e+000  7.5107092e+000
  5.6435841e+000  1.7998890e+000
  7.3514464e+000  7.0260091e+000
  3.2892058e+000  8.1197203e+000
  1.8654483e+000  7.3020965e+000
  4.7921561e+000  3.3868656e+000
  5.4212237e+000  4.2236662e+000
  1.5762700e+000  2.2898924e+000
  5.3552617e+000  3.2528762e+000
  2.4301099e+000  5.5606803e+000
  3.3716576e+000  8.2442902e+000
  6.7056297e+000  6.9279973e+000
  8.5787862e+000  8.3203631e+000
  2.3918654e+000  5.8453508e+000
  5.5096920e+000  3.6470030e+000
  4.6367095e+000  3.1834999e+000
  2.4586509e+000  7.9941287e+000
  3.5849552e+000  8.1161546e+000
  3.3603019e+000  4.4905950e+000
  7.7516164e+000  6.8770991e+000
  8.3656867e+000  7.2954131e+000
  6.1813880e+000  1.4940754e+000
  2.1294107e+000  2.3877469e+000
  8.0871656e+000  7.7546874e+000
  7.3500364e+000  1.5441809e+000
  2.0704688e+000  7.4131831e+000
  2.2206558e+000  7.7421462e+000
  1.6975188e+000  7.3019920e+000
  7.8186264e+000  2.0141763e+000
  7.1222764e+000  6.3573153e+000
  6.3750780e+000  6.1597848e+000
  2.8451824e+000  5.3977552e+000
  6.5207727e+000  2.1511161e+000
  6.9055021e+000  6.8719632e+000
  7.0406849e+000  6.3550630e+000
  8.2864121e+000  3.6177353e+000
  7.4323790e+000  6.6044278e+000
  6.6343165e+000  1.8645280e+000
  7.1849662e+000  6.6197183e+000
  3.5909753e+000  8.1587800e+000
  5.5482068e+000  3.6051395e+000
  2.0206717e+000  7.4690520e+000
  7.2068192e+000  6.2460490e+000
  6.4496464e+000  6.6889404e+000
  8.1691824e+000  6.4696501e+000
  3.7427081e+000  5.5174346e+000
  1.5273118e+000  6.0072623e+000
  2.7085407e+000  3.1864361e+000
  7.4082463e+000  6.4024217e+000
  3.3687182e+000  7.5937270e+000
  7.6244668e+000  6.4002409e+000
  1.8626771e+000  7.2174384e+000
  3.1510795e+000  1.7755927e+000
  3.8646627e+000  5.5646295e+000
  3.8338719e+000  1.5020394e+000
  1.2691057e+000  3.5891030e+000
  1.8419401e+000  2.4084175e+000
  2.1003282e+000  3.5664036e+000
  8.0085931e+000  3.5453111e+000
  4.8673602e+000  3.8260165e+000
  2.3230885e+000  4.3468866e+000
  1.9742205e+000  3.3390753e+000
  4.7130543e+000  5.7596899e+000
  8.0862222e+000  5.3708290e+000
  7.3346614e+000  1.6061019e+000
  7.5267130e+000  6.7740146e+000
  3.0921010e+000  2.2582099e+000
  5.7160627e+000  3.3758489e+000
  5.4423783e+000  4.7977181e+000
  1.9617222e+000  5.0351310e+000
  3.2199191e+000  3.1442488e+000
  6.7807775e+000  5.5420493e+000
  5.6293169e+000  3.0988177e+000
  4.6291341e+000  3.3955138e+000
  2.1578179e+000  8.0659875e+000
  6.5349855e+000  1.7138738e+000
